           lon        lat         inc      D1AU     delta  launch radius  launch speed    t factor      B1AU     gamma         vsw
0   -60.004112  22.396002  338.788605  0.295934  5.118073       7.327724   1123.855347  -60.501183  6.192227  0.621955  570.761841
1   -64.741974  10.036388  342.267120  0.330518  4.391274       9.535643   1291.671875  -24.899542  5.185506  1.789244  753.116699
2   -58.492088  22.340490  345.784058  0.299984  3.264446       7.990410   1104.669678  133.266846  6.527345  1.473830  654.776978
3   -46.170414  18.494257  329.416962  0.336781  3.700370       6.014072    875.814941  -15.039013  6.553385  1.868986  369.381989
4   -66.269432  -0.455491  358.019257  0.316352  4.576409       8.550202   1231.351562 -233.340668  5.200239  0.269665  605.257446
5   -47.021709  36.827709  332.145264  0.265832  4.974059       8.539104   1095.606079  -45.274693  5.987381  0.720508  208.621384
6   -53.726364  38.218296  333.812836  0.340346  5.566382       6.784371   1397.910645  130.591324  5.893747  0.881764  407.369537
7   -54.592510  24.587811  357.838013  0.318399  4.323555       8.526552    820.741211 -161.112717  6.378926  0.394719  705.220459
8   -56.660107  21.478567  340.344299  0.237748  4.873970       6.500054   1282.455566   95.254631  5.791146  1.723232  538.737305
9   -63.299973   8.161341  355.385712  0.327071  3.967207       9.007553   1079.578613  -57.027733  5.854272  0.210456  680.796814
10  -56.596413  32.432457  333.724091  0.315080  4.388535       9.578101   1008.049255 -156.033600  6.471426  0.346519  372.074738
11  -50.171539  21.720310  341.590912  0.247525  5.204474       8.473933    810.575256 -240.783386  7.891442  0.861605  380.432068
12  -62.633141  14.816204  353.205963  0.326711  3.924657       8.872906   1194.922241    9.928390  5.791572  1.930463  708.093750
13  -50.249447  39.293976  327.023804  0.310149  2.206332       7.474476    990.533447 -220.855408  5.413662  1.508144  737.143494
14  -56.740685   3.859979  347.007050  0.296312  4.777050       6.758047   1174.909790   13.770000  6.048263  1.253941  386.611389
15  -47.400581  41.282146  338.774963  0.279010  5.457619       7.490158    993.448181 -221.585632  6.525019  1.760799  661.886841
16  -61.828972  17.825821  354.817169  0.244101  5.945406       9.491248   1078.975220   37.015236  6.387351  0.532378  611.441223
17  -65.174896  23.158764  340.372162  0.271123  5.770567       7.371582   1485.481812 -117.115883  5.212439  0.371010  578.024475
18  -48.054279  47.984875  336.288513  0.329718  4.286369       9.001840   1202.863770 -109.858582  5.098479  1.480762  605.861206
19  -53.353008  29.095591  336.598419  0.327400  5.907704       8.085008    841.881042  -53.488346  6.373955  0.253385  596.623596
20  -56.279297  32.597164  340.582397  0.236643  1.932963       7.661370   1353.550415 -248.923660  6.133698  1.071929  480.617523
21  -50.447334  39.972420  339.772949  0.324573  5.440517       5.906414   1098.089722   12.672094  5.462929  1.605594  777.915466
22  -59.978973  20.451227  340.881378  0.331859  3.048400       9.520894   1440.787231 -112.689148  5.842531  1.274940  360.763092
23  -58.999855  11.016837  350.873047  0.283478  4.963544       6.111370   1115.102417 -141.473816  6.685244  1.476154  671.981140
24  -55.636818   8.207875  341.916290  0.275215  4.252717       8.305179    841.684326 -243.926422  5.622528  0.914247  436.137512
25  -60.670383   1.749649  354.058594  0.298037  4.628819       8.843325    971.865479   88.553329  5.484777  1.241296  568.099365
26  -53.396343  35.932392  338.354187  0.255569  5.168673       9.885809    870.518372  222.035004  6.000290  0.322965  648.025452
27  -48.839378  51.280029  336.046356  0.315326  5.137300       9.137879   1146.556152 -213.395386  5.960484  1.026927  779.498657
28  -55.039257  28.018450  340.688385  0.307205  4.688879       8.008432   1204.259033  -98.985977  5.262302  0.410902  102.598999
29  -56.540009  27.811897  353.976349  0.258502  4.970143       9.045693   1117.581909 -113.053917  5.840859  0.624729  297.708557
30  -52.457012  25.943792  335.959869  0.311570  3.562625       9.487683    780.856628 -135.878891  6.796925  1.366453  578.861877
31  -49.402927  25.893007  340.837250  0.308101  3.597850       9.491953    725.727966 -111.701035  6.429556  0.254923  308.546143
32  -50.777927  28.711615  354.133148  0.349739  4.900042       5.182742   1422.371460  -86.852966  6.186184  1.112664  277.045746
33  -64.736961   3.599518  346.718719  0.312111  4.477715       8.381127   1291.850464 -191.679474  5.364213  0.838558  653.868713
34  -54.676285  38.127003  342.207062  0.316050  4.221875       7.096000   1130.557861   49.016521  7.873795  1.031044  730.271362
35  -55.618988  24.113888  351.779846  0.293869  5.877391       9.534331    931.421326  -61.397728  7.018562  0.690958  396.675049
36  -52.977394  28.545860  340.684113  0.312313  2.368395       7.101844   1155.081543  118.055077  7.120596  1.828947  512.010071
37  -57.687435   7.170766  341.402283  0.303050  4.363063       5.672125   1053.050049 -227.406021  7.176929  0.852143  482.940125
38  -64.588326  11.932406  351.763611  0.278676  3.617508       7.172603   1425.836426  172.060730  5.063879  1.051591  694.327454
39  -44.982361  26.863937  334.012421  0.308893  3.385878       9.560010    599.097839 -137.242386  6.973274  0.336729  272.749695
40  -53.201054  15.811971  342.292664  0.233178  5.533663       9.338976    880.616150   10.960883  6.798736  1.812255  426.586548
41  -55.054771  12.388152  337.859436  0.343112  3.914577       8.923993   1021.530029 -117.276817  7.734232  1.684881  336.801544
42  -63.116398  20.993599  345.899353  0.310620  3.830302       9.595841   1175.400269   25.906963  7.013189  0.842313  734.332581
43  -43.500259  24.222641  350.731659  0.348934  5.299272       7.715292    697.712036  114.716194  5.480799  1.675206  326.490723
44  -53.168705  27.630455  338.748657  0.276135  3.126455       9.449971    809.464600 -194.564331  6.984465  0.792459  566.522827
45  -58.004246  15.795086  357.583191  0.289891  5.258931       5.077616   1431.003906 -117.176003  5.404811  1.453050  539.520691
46  -46.466602  23.695879  328.800842  0.295784  4.368444       5.683405    727.432556 -229.515686  5.427687  1.333541  737.949585
47  -60.540249  22.645866  353.857880  0.301645  3.977502       5.411150   1356.043701 -219.325729  6.028376  0.946384  634.948608
48  -58.549816  32.521507  334.799713  0.287994  4.741642       8.842654   1362.750122  149.561691  6.487103  1.118656  567.576965
49  -56.152660  35.507011  341.544464  0.236605  5.045060       7.869306   1189.979614 -226.606888  5.575029  0.928755  609.804504
50  -61.336143   7.538384  355.310822  0.340882  1.866623       9.680570   1197.107666  -10.143578  5.722421  0.852474  379.472809
51  -51.593613  41.091400  338.902191  0.335600  3.373893       9.812129   1499.127930   13.537663  7.189996  1.943240  430.429779
52  -56.298405   9.357730  340.068970  0.302688  5.200287       6.601691   1401.484009   23.204132  6.597117  1.925526  375.630005
53  -45.133141  24.827890  332.842194  0.270878  5.032595       5.452710    931.066406 -191.184906  6.165712  0.956629  350.103546
54  -53.817417  26.863701  343.621368  0.315597  3.983391       8.108394   1367.557373  -38.948029  5.740591  1.286450  254.710831
55  -34.728241  42.402481  321.095551  0.339551  5.284744       7.177299   1345.306396    6.066202  6.215904  1.757415  241.617081
56  -25.593098  46.291466  301.688080  0.275303  2.373587       7.628769    690.067078 -120.920914  6.598439  0.667798  546.113770
57  -51.734913  31.279770  339.960846  0.289545  2.631976       8.282968    881.280151 -102.611664  5.821056  0.670739  715.718079
58  -47.479149  21.800722  321.318237  0.331264  4.609420       7.092541    655.293152 -139.104095  5.314882  0.737252  679.814819
59  -64.118263  20.234003  351.329803  0.311548  3.330415       6.844736   1398.295532 -115.306458  6.175323  0.764323  718.443970
60  -49.995392  28.326345  343.121307  0.274758  5.412233       6.640275    877.259033 -165.259216  6.426272  1.129220  578.488892
61  -61.536705  29.739634  353.019226  0.223219  5.745357       8.731537   1370.300415  211.080276  6.268257  0.369830  312.103058
62  -43.015194  17.433796  334.815186  0.343661  2.605859       6.844801    981.734680 -196.739487  5.593973  1.188376  117.264771
63  -51.665619   0.278186  346.125946  0.304749  3.946669       6.219531    811.523438 -105.080215  7.164269  1.284174  442.357788
64  -59.106293  16.016582  349.682404  0.277364  5.364761       9.780148   1277.735229  -97.384407  7.474353  1.171242  344.026276
65  -36.032993  44.166344  330.604401  0.308470  4.861087       8.280280   1055.618896  173.134995  5.967332  1.592564  259.613892
66  -58.259304  -3.370404  355.824768  0.282657  5.722783       7.357830    886.378296   75.409676  5.635812  0.531110  533.021362
67  -43.864532  45.308113  343.618835  0.309521  5.958428       8.007877    993.100769 -150.103043  5.174752  0.947439  370.796570
68  -55.897430  30.688320  335.957367  0.270342  3.339568       8.219324   1133.107178    0.462024  6.647406  0.418923  335.858673
69  -55.801491  18.391291  341.520599  0.292547  3.164187       7.055364    910.099243  203.097778  7.708295  0.441206  500.064148
70  -56.670654  18.745583  332.323059  0.309760  5.230044       9.047087    959.557922   48.927055  6.399702  0.854015  361.259003
71  -44.648911  47.276039  325.446045  0.272632  3.799876       5.658596   1090.665283  -42.098431  6.874724  0.794483  782.103882
72  -45.025791  46.706524  337.270416  0.296187  5.036397       7.714422   1073.236938 -147.737213  6.127295  0.651514  506.565308
73  -46.111897  45.053772  325.260010  0.331648  4.006721       8.348524    907.233398 -174.615494  6.682942  0.947161  715.140991
74  -49.686775  20.972292  340.531311  0.306562  3.612053       8.790395    753.490540 -208.015091  5.614733  0.348418  232.218948
75  -33.624466  47.746479  309.885864  0.347578  3.350065       6.986432    966.363098 -177.996414  6.409044  1.788728  554.333435
76  -58.394089  23.300291  348.431885  0.236574  5.948315       8.846659   1047.689697   50.122097  7.074828  0.318529  301.488190
77  -54.756668  17.901484  340.305664  0.255257  2.677738       9.009202   1179.109741 -138.334778  6.955595  0.998054  214.983093
78  -54.420788   7.642715  348.354675  0.276055  1.869393       6.354690   1227.167114 -139.473038  5.989484  0.968423  259.810883
79  -54.816269  44.051739  339.769470  0.228955  5.410349       9.133642   1278.026855  -21.402420  5.580757  1.193301  714.545898
80  -60.071896  20.130407  344.726990  0.315889  4.397006       9.400980   1147.135498  -47.826389  5.656115  1.319301  565.216919
81  -55.962524  20.953550  344.623383  0.301532  2.978793       8.817804    817.546875  112.977074  6.164861  0.500450  547.182068
82  -45.413097  24.192505  334.390411  0.272137  2.003982       5.393852   1210.684082  -50.989716  6.798577  1.865125  325.333984
83  -57.485462   7.389659  336.694031  0.317058  4.924174       7.725377    807.690796   54.555664  5.301817  0.812696  570.627563
84  -64.982399  23.071518  356.717926  0.299876  3.683699       9.423909   1458.797852  150.927261  5.437733  1.051787  675.185974
85  -50.878639  45.056618  337.096252  0.335396  2.237047       8.482859   1104.062866 -208.901733  5.573305  0.502156  667.181946
86  -59.635578  24.176292  341.004700  0.345951  3.345056       6.546792   1277.052856  180.250626  5.493685  0.394628  368.278229
87  -57.596310  10.595344  349.436493  0.348718  3.254810       9.602764   1184.815796  -41.259010  6.738990  1.133398  272.654144
88  -55.059124  -1.980464  354.192139  0.319886  5.256999       9.940949    746.520996 -148.939911  6.740277  0.505629  293.860962
89  -63.674313  19.013948  347.687897  0.314478  4.528913       9.629891   1410.706543  -68.078667  5.435894  1.975702  691.182495
90  -54.093853  37.341736  334.408539  0.292319  2.956049       5.830609   1352.087891  224.142929  6.740506  1.011519  624.890015
91  -41.057667  35.140682  333.473022  0.333586  2.153001       9.772923    757.086792   53.816738  6.902616  0.796982  234.253342
92  -42.319748  28.996319  327.073212  0.317366  3.292798       9.871465    599.441223 -197.869431  5.750832  0.791179  236.803757
93  -52.932556  37.632397  321.459045  0.282049  5.275004       9.720261   1030.895386    2.243747  6.122724  1.100047  541.960266
94  -58.743587  12.809646  335.798065  0.344611  4.487760       9.199622    991.250427  -70.182785  5.711739  1.350506  481.370972
95  -62.111492  18.556458  351.401306  0.275348  4.780792       7.469391   1332.517700 -201.618469  6.590149  1.414902  661.599426
96  -58.113506  32.542202  345.350433  0.342811  1.297395       8.816487   1102.727173  -56.051208  5.374264  0.683102  676.662781
97  -54.654297  43.612995  327.124817  0.337829  5.108896       8.059074   1289.609253  202.783051  5.342510  0.721141  697.740845
98  -67.505226  -1.967717  352.357941  0.314231  4.299776       9.934634   1375.277588 -171.855209  6.132399  0.376602  449.582794
99  -55.804531  32.515297  338.272949  0.345099  2.187864       5.697601   1141.628662  -55.223724  6.025496  0.654015  735.297729
100 -49.284451  35.502983  334.764130  0.313316  1.332068       5.306316   1061.597534   14.764999  5.484648  0.738079  562.232788
101 -57.506668  22.149420  347.160858  0.313122  4.561229       8.842910    928.864075 -137.467117  6.221455  0.934832  725.715820
102 -49.124302  18.786049  344.604034  0.252432  5.616871       6.916717    852.003906 -105.455193  6.928629  0.619362  253.869980
103 -46.037807  42.673950  325.796997  0.266646  5.384317       7.040162   1445.917969 -239.273941  7.524850  1.534544  444.972473
104 -51.756611  14.313975  346.308014  0.323449  5.192863       8.350867    829.573792 -166.389496  5.866055  1.039163  365.457336
105 -36.681084  49.013699  317.954773  0.298912  3.665918       8.199636    986.805420 -209.124008  5.558306  1.795071  573.047668
106 -41.908924  40.792980  330.671814  0.331693  3.183401       6.205619    891.568054 -207.524170  7.109676  0.295111  389.746155
107 -45.926426  39.268936  341.618134  0.260522  5.366253       6.427009   1205.343628   61.117794  5.722552  1.172942  365.886505
108 -55.662621  25.360439  331.960938  0.322277  3.330864       7.235049   1364.631958 -171.812927  5.968833  1.662222  458.966461
109 -42.928238  48.869209  329.549622  0.337724  3.532215       5.419303   1251.093262 -237.793594  7.325498  1.119282  698.264526
110 -51.528915  17.954866  343.663971  0.229534  4.466752       6.024093    802.512512 -147.423126  5.430094  1.184019  601.850464
111 -57.285358   6.916014  355.150269  0.221670  2.598091       7.505811   1376.196655   51.720943  5.296554  1.179407  231.591583
112 -60.983215   5.885515  346.742889  0.295322  5.505388       8.565262   1215.056641 -232.199722  6.992647  0.458811  169.199783
113 -60.918945 -11.755372  352.805664  0.331568  5.082152       5.115008   1213.893921   22.752974  7.136831  1.497174  724.860962
114 -56.460804  -8.967209  352.010284  0.316790  5.792239       5.762369    969.731140  129.203751  5.767799  0.878705  457.609558
115 -46.699455  36.329243  334.999390  0.269968  2.796349       6.721275   1050.399658   53.312473  7.423571  1.709400  571.260681
116 -50.709156  37.009369  348.790283  0.346220  3.781431       5.416553   1095.768433 -178.923172  5.064274  0.712442  553.919312
117 -60.878716  14.901694  353.832001  0.272181  5.131483       9.840587   1344.631348 -214.868973  5.153863  1.413539  391.497070
118 -50.601528  31.395069  336.126282  0.254211  4.460393       9.011307    739.840759  -28.297249  7.538385  0.805269  783.230957
119 -60.124355  28.719810  342.459351  0.277461  4.284101       9.878013   1355.162476 -137.154358  6.486459  0.770702  354.292480
120 -56.791206  24.962225  349.742065  0.306754  2.266931       8.958591    986.468994  205.173965  6.309148  0.398686  464.138855
121 -45.805676  29.040951  353.649078  0.291973  5.698467       5.317625    961.205994    6.355792  7.156911  1.799481  456.323517
122 -63.324734  11.016294  345.512268  0.262725  4.138635       9.653349   1160.335449 -131.080429  5.217374  1.507238  672.794250
123 -55.777546  26.857477  342.960358  0.289616  2.625262       6.255884   1471.271362  -59.622845  5.947773  1.230471  389.552948
124 -54.813885  23.489634  344.934235  0.226985  5.022928       8.915693    983.930115 -106.103752  5.818973  1.214077  496.693298
125 -51.395142  34.432167  345.975830  0.235076  5.464975       7.586936   1086.319092 -177.864273  6.259766  0.919146  377.572205
126 -57.172108  30.986641  339.052856  0.272130  2.935195       8.216618   1419.267578   69.603195  6.255625  1.032179  452.941345
127 -55.043987 -18.599083  353.886719  0.343600  4.490784       6.795834   1033.460205  -47.391144  5.307521  0.745929  291.484161
128 -44.140953  41.579441  326.961670  0.306235  2.617900       5.913384   1395.836304 -204.685303  6.581460  0.718537  127.608368
129 -54.363605   5.116492  338.225006  0.315811  4.274436       9.113802    752.739197 -151.167007  6.462205  1.566329  398.770355
130 -48.178783   1.390623  332.590240  0.337348  3.905384       9.387757    765.381409 -202.075668  7.167068  1.738183  173.957016
131 -65.782089   8.529174  353.239075  0.331246  4.752817       8.345629   1237.597534   63.121555  6.128384  0.422800  660.379150
132 -55.354828  44.509411  339.456726  0.311396  5.157694       9.897143   1248.842041 -229.847504  6.795006  0.308247  466.066498
133 -42.246326  40.237446  338.831146  0.305535  3.619681       8.241787    844.871460  -89.800697  6.742329  0.460187  288.151520
134 -45.700600  31.403900  335.917480  0.320215  1.854219       8.808553    692.646484  -32.119823  6.798299  0.991699  773.216980
135 -51.530296  27.303596  340.851624  0.313166  4.715730       6.102516   1327.054565 -209.426147  6.214147  0.877901  187.490509
136 -47.285549  30.322205  332.006439  0.260808  4.888018       7.607581    962.140259 -166.693253  6.642800  1.209715  358.105286
137 -59.872055  -3.145606  350.990875  0.295201  3.294779       8.682815   1037.105591 -240.214844  5.146480  0.991796  476.747040
138 -58.876823  27.012354  336.730804  0.312628  5.761019       9.420271   1179.729980  -58.547157  6.501823  1.570948  596.766724
139 -45.388279   8.679027  347.510468  0.319227  1.073789       6.571997    842.990234 -205.621399  7.012262  1.670900  318.341003
140 -52.112755  37.578377  341.701447  0.239522  4.050691       9.570420   1156.832275   80.960213  6.873579  0.648029  316.414246
141 -59.679066  16.359886  348.547913  0.253656  3.199054       7.019439   1131.739624    7.094900  6.656488  1.428528  664.436401
142 -61.536892   7.902428  352.130280  0.271928  5.891841       9.881217   1061.553101 -118.872566  6.402408  0.971762  572.818604
143 -50.299206  42.998695  334.981171  0.280213  4.076568       5.279002   1287.631226 -193.840103  5.283247  0.271939  157.966827
144 -59.635231  27.246647  347.559967  0.300109  5.646362       8.368640   1362.518311  -69.095238  6.119531  1.455082  618.342529
145 -61.470848  19.306971  359.341827  0.306918  4.145639       6.137609   1250.850586 -194.889313  5.320463  1.154293  705.571289
146 -51.781494  25.777569  339.824707  0.223398  2.084078       8.270044    933.139771   87.858040  6.285504  0.554673  263.657837
147 -39.212040  42.705864  332.471863  0.348729  5.322696       7.080196    909.435791  -44.243847  5.063371  1.048216  360.279510
148 -52.896599  35.874931  330.911133  0.341688  4.488117       7.168779   1117.192017 -141.458298  7.609074  0.284330  263.184113
149 -48.559692  39.835342  338.372955  0.235403  5.113754       9.984372    957.278870  -97.385384  7.678191  0.365938  226.772522
150 -57.743916  11.871445  355.041809  0.298291  5.663537       7.860432    948.879578 -212.891068  5.707421  1.140406  617.320618
151 -58.502178  10.883172  350.452087  0.303314  2.181416       5.198125   1293.664429  -65.763611  6.369575  1.514191  548.517761
152 -57.535683  27.201937  333.252319  0.325765  5.131724       9.405078   1096.580566 -118.602875  7.254784  0.401846  112.907524
153 -53.809338   9.715193  348.162964  0.311831  2.825622       6.898931    835.306152 -100.506660  6.101224  1.174870  603.268066
154 -56.559448  13.511244  341.352966  0.253945  5.195218       7.306779    929.463745 -152.111191  6.753124  1.384803  579.026794
155 -54.820911  38.689705  342.921936  0.346904  3.326518       5.108473   1387.696777  216.724045  6.808521  0.858068  634.417419
156 -54.860817  -1.213254  359.148895  0.236254  5.075440       8.174839   1073.606934 -142.026062  6.829169  1.895232  342.471954
157 -51.080349  33.656536  332.925751  0.345409  4.958304       9.998547    852.632263   -6.545862  5.812588  1.318587  576.867126
158 -56.770153  26.997662  345.251495  0.230837  2.605906       5.101361   1469.059814 -113.688660  5.904741  0.747712  358.271027
159 -49.479218  26.543640  337.064026  0.348218  1.990027       5.139783    881.269165  -23.946548  5.881267  0.685877  657.827454
160 -58.467033  10.259828  348.952484  0.234199  4.426122       7.430726    971.945984 -214.808228  7.132074  1.150824  599.779419
161 -59.158672  28.822277  353.220428  0.345419  4.403482       8.045754   1333.377197  226.994644  5.359049  1.689453  602.568848
162 -50.655293  17.024282  334.622620  0.250201  5.590032       7.422748    995.435669 -126.629189  6.540106  1.453375  326.447235
163 -64.500275   9.329155  350.710724  0.243721  5.684785       9.792390   1194.977539 -101.431511  5.440473  0.754149  590.880859
164 -58.743675  34.969303  335.838867  0.304772  4.428932       9.184872   1404.996582  111.397461  5.893528  1.771106  733.378723
165 -66.958755  16.452000  349.097351  0.246813  5.990230       9.328345   1407.837524 -207.790527  5.370607  0.407090  601.965088
166 -63.993183   7.778480  352.368134  0.265552  3.315981       9.193443   1268.008179   69.637627  6.173670  0.848253  565.659424
167 -48.634983  28.779379  335.138306  0.329498  4.170761       9.305149    798.778931 -182.477829  7.259906  0.742676  337.534241
168 -57.663673  13.591783  348.437897  0.283003  3.812336       5.735118   1409.701294 -226.292114  6.934248  0.918466  310.597473
169 -58.316429  -6.245809  342.876892  0.302881  5.753028       9.234365   1313.875366 -170.109192  5.823697  1.454276  225.596985
170 -55.858242  14.228348  346.012360  0.235424  3.440262       7.878296   1344.954834   21.777819  6.100967  1.208787  235.521301
171 -40.137936  34.467854  335.502441  0.312665  2.763356       8.716146    596.562927 -144.715393  6.661010  1.954790  740.425171
172 -46.460217  41.660538  325.853424  0.292810  4.476873       9.529770    967.527100 -148.489807  6.582347  0.332633  124.789909
173 -53.401970  20.426390  339.089050  0.304590  2.945669       6.065782   1363.460205 -146.105164  6.748795  1.171889  300.197296
174 -60.228725   9.056795  352.369751  0.275640  5.609692       8.729461   1054.815063  -41.271984  7.782203  0.878901  507.865936
175 -60.044174  17.988562  340.284058  0.346775  5.419557       7.996235   1227.108521 -165.803818  6.538443  0.597097  298.401825
176 -54.496628  10.954072  347.056152  0.294772  5.327699       9.923107    773.003357 -118.558716  7.243553  1.434391  383.025848
177 -46.852207  39.460510  330.991028  0.304905  3.886027       9.316978    942.960449  -99.505753  6.140020  0.460887  222.201874
178 -63.548023  17.835741  345.824066  0.286734  4.436506       7.327663   1277.171021 -201.689178  6.535105  0.246502  464.762268
179 -58.934628  18.608171  341.799927  0.314769  3.061689       8.867634   1020.876404 -219.628845  7.124671  1.089811  609.221313
180 -52.605633  18.136541  340.541321  0.305433  3.728769       9.500152    676.827576 -206.586349  6.031205  0.715114  763.434814
181 -59.550571  22.953856  350.281281  0.339289  5.837615       8.581280   1162.053101 -245.704941  6.403834  1.082933  521.836487
182 -59.838345   4.079689  339.185944  0.305011  5.245430       7.549798   1423.846191 -155.876495  5.874922  1.146200  275.488922
183 -41.908218  35.439632  326.711212  0.278155  3.147202       7.993840    744.764160    4.164184  6.548666  0.659706  484.097931
184 -48.979214  55.958408  325.284027  0.316077  5.458170       8.854314   1431.761230   44.392609  5.435752  0.297596  578.713135
185 -52.535271  35.238480  334.041138  0.247096  3.068328       6.528158   1201.381592  121.442970  6.264231  0.992857  517.263367
186 -60.151310   8.814110    0.764892  0.290962  5.690203       9.300698   1364.547729   87.948784  5.457092  1.252156  280.884186
187 -61.277943  26.262754  343.033051  0.267030  2.707434       6.947478   1481.804932  197.924469  6.562902  1.823360  795.381042
188 -61.840637   2.011724  359.691559  0.281071  3.150083       5.700148   1271.757324 -131.843246  5.791177  0.275136  319.646973
189 -58.514355  29.466850  345.074219  0.348786  3.916331       8.337363   1007.463196 -133.185516  6.771245  0.417848  635.745789
190 -52.195499  34.659847  340.951538  0.276719  4.499881       8.541025   1160.281616 -172.191132  7.602460  0.834376  325.956482
191 -59.672424  19.747305  349.634644  0.223505  5.718203       7.982129   1257.562012 -222.994415  5.757628  0.711386  345.833008
192 -46.095676  27.110134  331.473450  0.316808  1.577790       8.541861    776.441650   23.512592  5.932157  1.399560  446.669464
193 -54.040810  31.265163  339.080719  0.254999  4.579557       8.266665   1035.055908  236.742264  6.463899  0.458495  253.261124
194 -50.442223  32.911869  324.937927  0.298096  4.734879       7.120377   1404.242798 -232.748840  6.162944  1.661634  402.750519
195 -58.254402  10.239638  347.426971  0.305611  5.729165       6.401096   1295.923096   -7.150353  5.830002  1.712753  552.296509
196 -48.529804  38.373245  335.225708  0.239491  5.915843       8.958787   1157.478271 -136.789246  6.576144  0.879160  241.126373
197 -49.799084  34.396057  340.646912  0.344345  4.710763       5.455673    916.527832  179.776978  5.907282  0.689071  799.199524
198 -55.018040  21.216408  336.112915  0.263251  3.800255       8.893348    980.662170  -11.638735  6.288221  0.499122  183.367538
199 -63.839272   8.916288  354.916382  0.340828  5.292537       7.396868   1365.870728  226.186279  5.627212  1.571965  727.725952
200 -51.836914  28.481888  344.996460  0.330482  4.230659       8.223652    864.353455 -216.144058  8.418905  0.353806  427.295166
201 -58.694019  30.832102  344.046204  0.277449  1.920545       8.348497   1117.362183  -67.708633  5.546556  0.761687  655.298279
202 -55.774849  29.321655  346.274719  0.282308  5.618767       7.837703   1160.139648  139.137222  5.960151  0.658091  382.115967
203 -54.740086   5.479315  343.226868  0.348853  3.660838       9.864828    647.440186 -188.262894  7.842366  0.995645  538.509399
204 -51.150715  36.467960  337.582153  0.280725  5.753478       9.003594    977.247375 -176.685486  5.599589  0.526423  380.726013
205 -61.579983  17.102507  344.295776  0.325898  4.864048       9.803142   1302.016602    1.845524  5.344150  0.935836  428.668488
206 -49.011135  37.698212  327.390717  0.329003  4.448540       8.375813   1117.466553  230.040482  6.972773  0.901668  357.061798
207 -59.948624   9.171085  345.785583  0.316132  4.339027       8.703306    940.680481  -51.493332  6.432247  1.783176  666.495361
208 -50.428463  35.013840  341.149384  0.288069  4.333428       8.670280    972.824402   56.900486  5.710676  0.843185  420.750763
209 -37.979649  40.382267  332.028717  0.340941  2.687269       9.148492    684.818237  -98.210854  7.347119  0.723245  523.898621
210 -52.221554   4.991296  353.549957  0.282928  5.783205       8.590035    724.092773 -135.834122  6.177358  0.586635  439.333130
211 -62.005203  25.241121  356.645508  0.311709  3.960258       8.259951   1409.743164  -72.006088  5.512633  1.618397  677.202209
212 -59.605793 -23.523920    5.261670  0.348932  5.806143       9.917804    910.949890  105.568169  5.885684  0.666853  792.996216
213 -54.091827  27.057098  343.909546  0.270738  3.215086       7.696122   1385.482910 -107.668571  5.758810  1.370471  368.113556
214 -55.981007  -0.430558    0.058160  0.283621  5.857450       8.730866    812.264160   -8.039449  6.070048  1.336285  605.120483
215 -60.170296  22.076704  351.327820  0.253256  5.301560       8.193995   1183.691040  -37.735893  6.042522  0.494284  438.503784
216 -46.467052  27.830952  337.443420  0.257691  4.536757       8.595817    701.552551 -225.434692  6.902608  0.611859  470.162994
217 -58.539021  39.109913  345.329620  0.327618  3.316142       7.719027   1296.842407  -92.797623  6.234050  0.292677  595.189697
218 -65.323700 -12.306366  353.020813  0.327290  5.531730       6.130688   1492.542847  -20.890490  5.959336  0.436402  474.458221
219 -57.460541  33.084007  340.190002  0.262517  5.853272       9.659328   1303.361816  -40.481766  5.959063  1.287426  477.980255
220 -42.964787  40.465374  333.742493  0.273837  4.364016       9.381887    918.182251 -122.987679  6.391821  1.143225  333.661713
221 -46.032612  29.956955  343.013428  0.316441  4.128841       6.164562   1099.898926 -100.265869  5.169730  1.013744  283.067200
222 -56.366493  23.421873  341.919281  0.335155  3.498078       9.492302   1185.432739  -41.752537  5.314139  1.620977  436.495880
223 -50.451862  23.483192  334.462830  0.298144  2.998755       9.473948    792.739502 -182.753189  6.515209  0.492824  153.606003
224 -52.596306   8.211345  343.952087  0.263235  4.656883       9.098788    855.974670   36.685783  6.512029  1.591997  340.946167
225 -60.440083   5.095959  342.670471  0.335103  3.716566       8.035777   1084.351562   71.130905  6.322008  1.336831  577.167725
226 -51.824497  37.154510  337.730164  0.317949  5.838158       7.008490   1262.008301 -152.973419  6.959612  1.015949  458.621582
227 -51.577816  35.537216  340.259308  0.328568  4.842771       7.469056   1307.079468 -112.785866  6.380687  0.811658  277.236450
228 -51.614769  38.646629  345.078430  0.303348  3.925025       7.130455   1013.473999   32.459835  7.212042  1.136770  760.295227
229 -60.475098  23.558121  334.931091  0.333355  4.422630       5.837921   1417.272949  133.852036  5.526321  1.121393  659.625183
230 -47.877659  39.817287  332.723267  0.342786  5.006793       8.045503    891.151428  -90.090706  7.594033  0.464331  538.454407
231 -43.140411  46.671734  333.582550  0.327876  4.620846       8.438830    995.664124  -16.866545  6.821825  1.554022  562.705688
232 -45.713352  23.503445  342.086700  0.274736  3.358781       6.512328    779.121826  -64.012337  5.216228  0.563908  350.658966
233 -57.286163  14.977919  345.711395  0.277918  4.922022       8.041829   1185.179565 -180.434204  5.999784  0.651927  213.443253
234 -61.645763  35.242287  339.907928  0.333106  5.615375       7.083488   1469.551270 -165.401993  5.042743  0.205166  311.838989
235 -51.358162  48.220451  337.998413  0.287481  5.748706       8.786270   1220.036743  153.885345  5.586168  0.442021  624.017700
236 -53.591789  18.689020  351.694214  0.252169  4.554254       7.171455    788.609924 -131.957932  5.509070  1.821657  784.806458
237 -48.859016  48.034100  335.486511  0.326298  5.371460       9.221372   1019.665527  -76.412575  5.126925  1.009793  746.025269
238 -49.686577  21.912548  339.711060  0.234858  2.517162       9.900180    637.318970 -133.079544  7.103310  0.396983  363.700531
239 -35.203785  44.771301  329.480408  0.284962  5.568972       8.409698    924.276672  -85.976097  5.167372  0.891486  243.263138
240 -43.461426  47.038502  322.483429  0.259355  5.539474       7.795807    954.131226 -247.959534  5.729002  1.119713  671.419556
241 -60.658485  13.311789  349.089142  0.300774  3.187563       7.427313   1148.446899  -64.499992  6.664571  0.389164  254.038437
242 -51.084755  34.731529  346.475708  0.256486  5.782793       7.868129   1179.070190   39.485001  5.733155  1.878361  470.890625
243 -52.819172 -13.212688    4.027118  0.299684  1.393389       6.898698   1376.781494  -84.222122  5.102946  1.379179  274.863098
244 -58.445999  13.540827  351.597778  0.268157  4.991904       8.582646   1037.991699  -51.846054  5.214887  1.272642  503.580139
245 -53.232216  47.342236  335.882324  0.262999  4.777155       9.106035   1354.632935  -68.546585  5.016341  0.929057  642.494873
246 -52.768921  15.827674  342.303070  0.255936  3.675623       7.898032    961.022827  -48.638103  7.798756  0.709558  207.685944
247 -56.475300  19.527096  336.632294  0.328628  3.791735       5.004108   1255.895752  -20.981585  5.326581  1.015012  466.851166
248 -58.616642  33.211369  342.160187  0.293214  5.724627       5.219421   1325.631470 -207.292755  6.193363  0.415918  784.830750
249 -65.336090  26.979403  352.287720  0.317545  3.736684       8.854858   1389.291260   54.028481  5.539536  0.217323  391.202850
250 -56.832943  17.396595  329.162170  0.314732  5.307883       9.314825   1261.162476 -182.946060  5.991466  1.955467  351.148132
251 -40.384476  29.814703  338.579224  0.329925  5.059003       6.964056    637.377014  106.716492  7.051889  0.951842  506.240295
252 -58.868431  34.665401  344.526886  0.341111  5.551347       9.691534   1125.654053 -242.822067  5.729850  0.287801  448.809113
253 -47.958332  32.616699  325.435913  0.293341  4.521615       9.228711    931.024109  -14.239284  6.580109  1.382252  331.343384
254 -57.178211  31.354887  340.845886  0.262339  5.986409       9.352619   1023.950378   33.653194  6.166964  0.217107  467.838165
255 -48.383007   7.585721  340.996033  0.346402  5.153486       8.112037    598.203857  100.141136  6.646215  1.471380  465.502472
256 -49.028164  31.364614  331.253113  0.246166  4.143723       9.018410    841.359924 -217.311096  7.622191  0.400807  166.295364
257 -34.293629  58.392300  311.079651  0.256785  5.976836       7.490717   1360.171875  149.931000  5.850270  1.515763  752.254028
258 -50.433949  33.794216  347.260345  0.319512  5.186740       7.629757    816.699890  -65.873772  5.349118  0.928013  685.257629
259 -44.554882  16.760933  320.668182  0.314738  5.465313       6.980161    580.759521 -230.523239  5.962566  0.945712  397.220093
260 -62.683475  23.249701  349.869385  0.327365  1.420829       7.590575   1208.120605 -180.436157  5.055419  0.358016  620.339600
261 -62.303024  10.354318  351.278442  0.316088  2.363037       8.776854   1474.272583 -248.171066  5.086921  1.977812  571.890320
262 -46.937077  20.700621  342.867706  0.255297  3.485752       7.169428    680.770142   22.968315  5.427263  0.219749  298.558167
263 -52.994873  20.768951  332.584076  0.315112  3.382156       8.376363    829.705078 -120.105507  6.849169  1.109772  495.197418
264 -58.580093  22.278978  346.880005  0.288892  2.967226       5.454826   1373.519165  239.143784  6.123434  1.849050  672.606323
265 -58.840210   9.125232  350.654022  0.330353  4.200059       8.537740    920.412903  209.012466  5.816372  1.110019  531.584717
266 -63.386749  23.766113  347.026703  0.247150  4.237150       9.862719   1408.443726 -178.994476  6.097987  1.698819  777.529663
267 -52.357174  24.287930  352.447266  0.284868  5.255630       8.855019    838.954895  -66.247871  6.835167  1.367172  512.713379
268 -53.299900  11.002318  335.865601  0.318963  5.747861       6.484991    831.468018 -168.620468  6.170199  1.326213  541.930176
269 -55.339294  20.115999  331.817352  0.315087  5.443597       9.235392    800.324951 -190.904892  6.787230  0.448677  318.265747
270 -55.407650  43.634735  335.504974  0.344913  5.946100       7.613332   1251.108765  200.186813  6.013455  0.859830  765.914551
271 -38.794018  34.861629  333.477966  0.321611  4.908253       6.885643   1005.045776  -86.479286  7.872742  1.224092  230.896210
272 -50.838097  28.052959  327.757660  0.344626  5.428539       6.884055   1151.661255  -80.537796  5.839414  1.435746  408.105804
273 -55.120060   7.478664  340.856476  0.286775  4.438643       7.330934    761.130127  -15.229605  6.496364  0.348609  644.897278
274 -46.653244  13.810504  348.980652  0.248744  2.944547       5.128033    845.849609 -143.324524  5.409068  1.809353  458.094482
275 -49.062916  42.875900  322.552399  0.233325  5.488677       7.746541   1127.826904  -15.012363  5.955022  0.763523  514.825623
276 -56.557774   5.124635  357.151459  0.249061  2.385790       8.271135    788.823730 -240.806366  6.141703  1.430417  765.232727
277 -60.130241  30.028790  343.673798  0.303725  5.749698       8.050676   1184.113647  -19.099880  5.422449  0.977048  707.279846
278 -45.219585  41.557961  332.283295  0.306863  4.516413       7.227666    979.828430  -14.572678  5.934118  1.094750  564.620605
279 -52.440887  38.557739  344.885101  0.288208  4.945477       8.026379    994.213196 -198.702103  6.078507  0.961645  751.678955
280 -67.067070  12.054703  345.191956  0.345317  4.292643       8.626143   1273.446533 -197.852203  6.321695  0.237223  656.266113
281 -58.249027   3.456811  359.490356  0.214180  4.274715       5.683136   1117.468872 -173.135010  6.703966  1.279161  566.126099
282 -47.264328  22.568771  337.521698  0.330603  3.054071       7.888897    712.395142  -32.264507  6.567171  0.494844  388.895874
283 -55.799248  42.771431  345.267181  0.321314  3.990231       9.031898   1173.550049 -226.969482  6.085659  0.252409  693.753174
284 -61.753933  12.671515  342.222809  0.308175  4.715874       8.876526   1234.677734 -149.267288  5.667124  0.563777  343.696533
285 -61.790203   6.354552  354.145020  0.306234  5.830040       7.048461   1051.982422 -154.809158  6.413298  0.345138  799.917725
286 -54.037708  30.145414  350.797577  0.338878  5.434753       6.100571   1349.790894  212.267944  6.875957  0.694992  192.459106
287 -49.184719  40.107586  329.062683  0.325174  1.384343       6.466940   1051.625488  -33.055519  5.804635  0.672048  521.113586
288 -58.233551  20.979681  343.560760  0.325237  3.523757       6.692127    996.644409   57.473175  6.307152  0.402719  537.133850
289 -59.328274  21.063629  350.149811  0.256062  5.186714       7.484411   1099.843994 -111.839508  5.928671  0.616911  478.073120
290 -53.010220  29.196268  334.118988  0.329629  4.221220       7.124929   1003.107483 -104.851791  6.339517  0.924331  477.735291
291 -56.016621  15.706255  347.809937  0.297491  5.665658       9.328854    790.444275 -103.397789  7.845325  1.177567  619.286743
292 -64.349792  13.502857  343.696686  0.273298  5.098136       9.488024   1137.637573 -138.884613  6.331897  0.711051  768.091614
293 -47.525444  37.872700  330.451050  0.260034  3.384552       9.897050    770.194153 -115.201233  6.718635  0.463502  597.804932
294 -49.238121  -5.959239  335.857666  0.332371  5.919620       7.904262    501.986389 -230.076340  6.127005  1.447448  585.127441
295 -60.370979   1.932229  349.670380  0.272658  3.632425       7.319602   1409.875000 -141.254410  5.754689  1.975456  544.550232
296 -57.184917  16.965794  342.996643  0.345345  4.495156       7.184874   1137.669556   40.787788  5.611693  1.450490  557.981018
297 -52.971382  31.377399  337.773468  0.221042  3.581907       5.358919   1304.244629   17.031700  6.820592  1.112413  456.160706
298 -55.725304  -1.114480  353.136871  0.289114  2.796994       8.880799    860.431824 -249.929169  5.737955  1.222073  508.121613
299 -50.986984  31.311596  329.830353  0.305884  3.729896       7.612249    938.438843 -131.413284  6.111482  0.322614  163.541718
300 -55.735573  35.946678  334.864990  0.313481  5.133294       9.916765   1064.022339  163.006195  7.030937  1.262181  651.390015
301 -62.590679   3.796076  350.695312  0.317641  5.303112       8.191757    994.240845  -61.426090  5.515897  0.418239  711.674377
302 -56.498108  33.027401  342.143158  0.321389  4.401963       8.201345   1055.174561  -67.082710  6.101578  0.415457  513.987671
303 -49.852676  40.452583  336.311249  0.302265  3.309262       8.679632    873.885315  -42.302887  6.787980  0.889533  755.687073
304 -57.978546   4.024620  351.410217  0.322711  3.699660       9.162859   1002.951660 -144.786285  5.531338  1.287065  368.357635
305 -62.645428  27.964849  346.463226  0.290550  4.177790       9.990929   1325.797485 -166.875427  6.015432  1.146796  726.652222
306 -63.164284  27.035809  347.996246  0.268524  3.465808       6.859208   1371.270020  -13.242571  5.277335  0.201317  513.727539
307 -58.184464  17.809046  336.395386  0.286892  5.551053       8.061043   1056.099487 -180.552200  6.298098  0.881543  385.547607
308 -50.874062  27.154125  325.936554  0.307351  5.458237       7.466086    851.921997  -75.938744  6.959291  1.677299  568.399841
309 -59.252373  30.195997  339.000763  0.316709  5.746424       7.309160   1434.611328   13.449084  6.332924  0.395513  165.070984
310 -59.531116  21.286697  347.565918  0.278860  5.251789       6.450787   1326.626099   20.854612  5.356110  1.298702  622.402466
311 -45.509693  24.863672  344.386688  0.247759  5.573886       6.520690    774.074341 -101.745819  8.105311  0.777897  403.784729
312 -52.198597  34.085613  330.607208  0.280159  5.706394       9.425321   1119.718140  -21.245937  5.113730  1.318940  412.930634
313 -64.268997   8.236413  358.527344  0.335431  3.418636       9.046100   1321.350708  183.866455  5.892541  1.305077  707.792053
314 -63.958656  10.401320    4.012663  0.304427  5.930339       8.629322   1346.272949  131.952881  5.550795  0.862188  498.792969
315 -41.069870  44.953888  332.134399  0.285537  4.300019       9.259578    772.491577 -130.868805  6.762443  0.392136  748.437561
316 -61.050426  24.041815  346.063507  0.324412  5.332955       8.783963   1176.304077  -53.675579  6.319388  1.249472  660.786560
317 -61.010887  20.900425  335.905212  0.271020  5.097366       9.053025   1087.645630 -207.870255  5.249033  0.731917  527.599915
318 -61.426373  19.840998  347.345337  0.343981  3.996631       5.837391   1282.355957 -164.506088  5.201578  1.089169  687.181274
319 -54.654049  23.115028  341.180939  0.318343  5.201863       6.796671    999.335205   81.971344  6.182012  1.455519  563.161072
320 -47.218483  47.939560  341.950409  0.339802  4.825715       8.656632   1176.407349  -86.966614  6.172375  1.387949  583.823059
321 -57.853668  23.658817  338.979126  0.342772  5.072687       8.125005    937.881470   46.403400  7.149009  0.625496  587.399902
322 -63.700333  14.699063  346.955872  0.295291  3.271310       8.633642   1265.653320  107.389519  5.864346  0.995852  705.938171
323 -56.523544  22.236872  328.779327  0.308949  5.702797       9.463162    856.110168 -149.871902  5.336939  0.634411  465.707001
324 -65.749542  -1.486186  354.150269  0.325566  3.520541       8.542456   1318.972656   32.232105  5.092948  0.736699  704.400146
325 -56.944431   5.278059  350.044647  0.262292  4.299706       9.093690   1027.170288 -158.041824  5.024406  1.124797  314.005280
326 -53.080429  34.517986  347.921661  0.287398  4.701079       9.041027   1120.668579 -205.821640  6.964594  0.636280  233.525208
327 -47.652164  13.079687  336.354248  0.314354  4.637387       5.931349   1315.087402  -82.531693  6.387671  1.603898  150.256409
328 -56.688347  21.996380  339.760406  0.191459  5.658759       7.729435   1087.044678  173.659790  6.111731  0.594961  292.358612
329 -55.600464  14.451782  347.654816  0.257227  5.901366       9.692207   1207.687134   73.646957  5.383052  1.124159  145.215576
330 -52.992012   5.914188  354.328278  0.228071  5.495589       8.434146    824.713501 -104.932632  6.739591  1.273563  392.819458
331 -54.691620  19.142740  338.675751  0.269092  2.816322       8.809954   1342.290039  -44.681427  5.877384  1.502319  291.143127
332 -58.079159  35.915237  346.369537  0.268890  5.248508       9.903178   1144.532349  235.718964  5.783026  0.600021  628.568115
333 -46.836243  25.831509  323.420898  0.287733  4.171027       9.332347    701.485596 -175.502930  7.896013  0.932808  298.466034
334 -56.627781  36.085003  334.005066  0.331536  5.498440       6.537314   1312.110229  -55.096371  5.475795  0.305341  380.049500
335 -59.721214  29.947084  339.618378  0.303808  4.100296       8.188824   1441.492432  -33.455696  6.763502  1.984751  738.550232
336 -58.097431  37.642906  343.070831  0.316977  2.329509       6.484118   1427.093018  -75.705452  5.879869  1.095746  770.418823
337 -50.970234  20.841537  340.237427  0.202044  4.669189       8.378046   1254.792847   46.251667  5.632276  1.340995  165.951050
338 -50.999939  -7.743150    4.214245  0.338631  4.457918       6.401072   1170.890625  -78.541046  5.517335  1.506550  290.186768
339 -44.186810  35.506180  336.239899  0.263238  5.400625       9.092242    733.468140   27.835505  6.557970  1.303451  455.367035
340 -48.983025  37.830467  335.530853  0.238768  5.596342       7.539364    920.662354   62.078766  6.804561  0.235349  366.622345
341 -54.380005  32.208401  344.257721  0.292676  2.934386       7.157827   1076.773071   45.216328  5.341682  0.885901  528.519592
342 -58.359028  36.168774  345.175323  0.265712  4.607991       9.809280   1144.454834 -134.047012  7.034880  0.409970  520.646790
343 -44.591862  45.217365  333.557739  0.265890  4.280043       9.274213   1196.464478 -151.669937  6.551022  1.236984  347.991089
344 -57.026943  29.290253  345.711731  0.203150  3.205186       8.888063   1243.702148 -138.917603  5.327514  0.888753  395.420685
345 -50.913498  35.402611  330.268372  0.349919  3.217849       8.833917    919.343506 -141.658905  7.483563  1.080235  561.967896
346 -55.784008  33.526730  342.836029  0.234469  4.827950       7.637860   1334.420166 -202.829971  6.740120  1.030631  493.331818
347 -57.726147  31.702862  345.318207  0.288761  2.376675       9.435494   1245.630859 -116.481392  5.847679  0.855597  475.813385
348 -64.306473  29.629478  347.923706  0.314608  3.853591       7.656227   1371.749146  -71.206146  6.828693  0.308774  705.317322
349 -54.214714  32.201141  340.897766  0.262435  2.852428       6.785285   1039.602539 -164.999008  5.272525  0.250823  483.846130
350 -53.877151  30.648708  333.178406  0.278788  5.775987       9.873187   1241.659790 -231.827866  7.551455  0.913234  149.367401
351 -52.117275  37.841759  340.924591  0.321674  5.315424       6.177324   1295.106934 -153.796402  5.374440  0.685268  337.781616
352 -54.206039  35.360157  342.125427  0.260319  2.629020       7.306739   1086.622192  -74.908081  5.920256  0.656022  615.829651
353 -63.063484  18.293343  355.354431  0.306504  4.257449       7.857194   1124.351685  -86.721268  5.536323  0.201053  563.974609
354 -55.681702  35.114136  345.346649  0.339948  3.006860       6.577336   1242.326782  -98.522362  6.839060  0.260023  377.622528
355 -56.775036  30.472736  349.171936  0.300930  5.875546       7.573468   1114.936035   53.363708  5.273199  1.291387  622.629761
356 -56.355381  35.174789  340.940491  0.311417  4.746610       7.015220   1135.713745  234.479324  5.977361  0.980696  753.553223
357 -60.727097  29.460392  343.703827  0.255998  4.433611       7.595407   1303.461792 -139.978531  6.950982  0.333402  400.586304
358 -57.431152  29.604420  350.481781  0.313992  3.704458       9.541176   1023.893738   86.231361  6.004560  0.937741  655.577881
359 -54.043758  15.188237  345.681732  0.346968  5.999903       7.873245    790.534241 -140.340485  7.398481  1.207278  650.226990
360 -51.786427  32.328209  339.506378  0.348485  3.766727       5.181165   1186.564087 -127.272682  5.688807  0.883760  437.221222
361 -45.069221  38.220074  334.389496  0.307447  4.024849       7.558584   1126.233643 -212.791519  6.829164  0.802137  158.464005
362 -50.415325  26.728922  344.874481  0.345530  4.498834       5.459627   1200.832764 -140.548004  5.697897  1.088603  379.030640
363 -50.164062  33.353550  331.050476  0.263734  4.944878       7.515652    981.605957  -36.159168  6.628584  0.659460  358.852448
364 -57.737179   8.470387  355.082703  0.248456  3.307180       5.457601   1285.945801 -178.812820  5.865624  0.914056  383.112579
365 -49.373024  27.681381  342.998474  0.254380  4.212546       6.153707    862.599426    5.075993  6.648272  1.112880  592.666077
366 -56.572815  10.492889  342.351135  0.319990  3.333080       7.004998    992.205261 -121.961266  5.588069  1.826333  586.198486
367 -62.577988  11.870703  353.581360  0.298483  1.961703       9.030040   1190.603638  -81.438934  5.745330  1.545458  740.185974
368 -44.937122  39.284241  339.294830  0.289963  5.661333       9.254560    914.133484   17.889423  6.135163  0.844997  333.535980
369 -47.600060  29.732231  337.518677  0.311586  4.664375       7.591977    936.870789  203.235840  6.850377  0.887746  267.415527
370 -44.867592  45.877625  324.831970  0.247385  1.207179       9.562054    980.105469 -171.443893  5.371676  1.018102  592.009583
371 -46.992664  37.959278  340.891815  0.341109  4.969877       8.848076    931.333008 -100.509186  7.037921  1.930710  449.877075
372 -51.273445  25.394819  358.890686  0.315799  5.432100       9.874716    701.240662  229.226410  5.291613  0.401541  214.757629
373 -45.473732  41.350159  338.898438  0.254809  5.223679       7.998493   1217.059937  176.116852  5.598050  0.872396  235.143814
374 -63.095718  14.826926    6.716663  0.308609  5.241722       9.187091   1337.592651  -88.517189  5.741889  0.852154  426.292877
375 -45.634350  44.992100  322.692657  0.265257  2.193274       7.674017   1278.565918  -89.379852  5.376273  1.637329  573.636719
376 -41.575058  41.824924  336.865509  0.340052  5.279150       7.672395   1120.257812  -74.362846  5.737800  1.570802  351.058899
377 -47.544682  34.244976  334.732361  0.248307  3.522213       9.311570    931.291321  -95.771278  5.790077  1.680045  398.810364
378 -59.953163  31.383181  347.975128  0.303773  3.254797       7.519173   1451.676758 -124.314880  6.176926  0.471346  423.824677
379 -60.998009  14.764931  349.751465  0.310373  2.291956       9.288218   1018.740479 -233.235962  5.995874  0.836158  575.872437
380 -59.585056  29.809446  342.148712  0.334327  2.733006       6.655657   1257.233887 -149.213318  5.772437  1.241842  748.302429
381 -59.917610   2.307510  347.845673  0.306104  3.495852       6.238528   1015.593140   97.776077  5.724058  1.006338  691.810791
382 -62.555645  13.239106  356.787537  0.249403  3.966066       8.394945   1235.713501  145.517029  6.479247  0.267324  193.066833
383 -46.471329  42.792477  326.144867  0.290031  3.266598       5.375191   1047.846191 -238.350662  5.910846  1.059028  759.747681
384 -37.350784  54.792850  311.741730  0.319458  4.667307       8.695975   1135.657227 -151.699005  5.040930  1.669458  678.338745
385 -56.987083  13.683427  344.174377  0.243897  4.586528       7.931450   1362.202515  -46.435955  6.388956  1.820336  373.644501
386 -46.285858  40.952599  332.145721  0.207063  3.968104       8.001592   1339.148438   32.071602  6.231102  1.836190  418.359619
387 -64.932045  20.277575    5.172044  0.306848  5.918578       8.938575   1312.637329   18.915787  5.006830  0.694137  594.907593
388 -64.422539 -14.451155    1.418926  0.342687  5.805496       8.895123   1161.769775  -56.058048  5.381839  0.834035  719.979065
389 -47.115181  42.058727  319.962067  0.307185  5.856211       7.164428   1079.946899 -106.496872  5.169077  1.763275  610.891357
390 -62.144062  10.140932  347.217346  0.257436  5.197336       6.048368   1459.974487 -121.140442  6.019104  1.637919  671.419983
391 -51.384834  23.745949  329.101868  0.326977  3.995765       9.892064    651.716003 -129.597733  5.695254  0.751954  641.429382
392 -61.476429   9.363605  355.232666  0.243253  2.344631       8.610517   1373.664673  -88.464561  5.953974  1.127782  381.407227
393 -64.413528  22.655807  348.791260  0.346763  5.697267       8.802157   1366.453491 -166.564667  5.102550  1.006549  683.410583
394 -48.087841  16.292501  343.725098  0.302957  4.082424       8.974215    645.659180   21.890387  6.393359  0.401167  370.606903
395 -53.018383  14.757277  327.964783  0.314716  4.989270       5.258183    840.524231 -175.346832  5.209996  1.871085  576.884644
396 -54.727615  35.962883  342.319183  0.326787  2.129492       8.856029   1284.210815  -39.104214  7.275938  1.076102  480.297607
397 -61.593590  34.449627  343.693756  0.295445  5.809997       8.678838   1428.050049  119.997971  5.257634  0.272597  378.650757
398 -59.356964  28.308577  350.743103  0.287481  5.185704       6.686696   1337.049316   24.300766  6.287170  0.695556  583.109253
399 -54.370720  17.568922  326.714752  0.308686  5.978785       9.014917    872.439819 -103.995476  7.003900  1.068001  254.790543
400 -59.700294  12.779765  341.783997  0.303452  4.635247       8.676246   1192.050415   93.593933  5.207772  1.453755  531.936157
401 -58.597893 -16.808130    3.271580  0.316999  5.434728       8.537358   1071.140869 -240.160004  5.985973  0.754506  462.692902
402 -48.331615  16.683268  342.912262  0.215104  5.282279       8.354697    719.138123   40.219208  6.690717  0.571449  273.054535
403 -39.657291  32.571976  333.063507  0.302788  5.229187       7.957407    639.104736  -73.727821  6.207347  1.779284  680.834167
404 -59.722626  10.905772  349.732391  0.302978  1.501328       8.878220   1026.255005 -168.988068  6.732237  0.721911  461.459412
405 -52.733734  18.696541  339.467560  0.341231  3.372992       6.875883    903.563171   70.291954  6.119622  1.838318  500.264679
406 -57.955727  16.339989  336.783447  0.303821  4.070940       9.048022    948.510132   15.271379  5.937042  0.969897  485.408600
407 -45.361656  38.092205  327.804260  0.294573  1.517826       6.033857   1014.150696 -157.369202  6.827683  0.867946  488.518829
408 -48.185345  49.725605  326.701904  0.332346  5.114380       7.365491   1380.482666 -100.342049  5.220129  1.240459  660.732239
409 -59.461590  17.604916  350.032440  0.345710  2.805485       9.891088    984.752075   79.856133  5.398472  0.996722  457.078583
410 -53.526051  19.539429  346.653748  0.318271  2.341034       7.137787    964.752380  -66.246078  6.289892  0.696610  387.503723
411 -59.548298  12.804399  342.749634  0.285885  5.603718       9.080183   1313.348022 -108.440369  7.130041  1.019328  239.862381
412 -53.180550  18.317846  341.232605  0.265633  4.559507       6.703488    997.030212  173.077179  6.152270  1.123617  411.292877
413 -61.198021  16.410379  350.398438  0.309403  2.963247       5.590448   1189.558838    3.776497  6.761959  0.943059  706.459045
414 -59.647945  28.267752  334.007904  0.324645  4.798792       7.458376   1200.459473 -243.930725  7.108643  0.782028  566.462830
415 -61.591022  16.528755  339.374878  0.320580  4.100199       8.277431   1380.947510  -42.622509  5.862389  1.601585  627.048340
416 -53.552032  19.747112  346.579895  0.293186  3.979777       7.046654    873.295776  -57.691711  5.687203  0.540659  405.250519
417 -58.147858  25.572258  350.812836  0.258451  3.984063       7.668062   1278.486694 -156.153717  7.394590  1.056237  469.967316
418 -62.308037  28.383608  341.478668  0.298306  5.006836       8.472716   1390.483398 -242.582596  5.630609  0.398416  317.451996
419 -52.772224  28.634722  330.309753  0.303067  4.165408       8.134559   1077.852539  -69.037590  6.030652  0.565494  117.438255
420 -58.417294  21.143648  349.334015  0.243191  1.863935       9.524123   1380.897095  141.871414  5.350318  1.038398  244.574539
421 -52.276985  27.635263  332.858978  0.306474  3.889082       5.581838   1441.783325 -229.263901  5.739309  1.071510  289.967773
422 -56.714542  31.820890  350.207794  0.265623  4.647012       8.719069   1111.700684 -241.858368  6.014534  1.867295  645.278259
423 -61.388470  11.458849  354.298218  0.326524  4.450332       7.894568   1295.901733   37.927071  6.590391  0.800917  350.447571
424 -52.373360  43.797646  332.245117  0.343725  5.227497       8.360887   1213.619995 -211.233017  5.991165  1.951604  758.596130
425 -55.632931  19.013548  341.890686  0.301542  4.205270       9.746156    902.533752 -187.543396  6.367439  0.463160  258.340302
426 -57.183735   7.853581  355.878204  0.293838  2.205001       8.429791   1110.840454   28.734631  6.925699  1.171324  321.487457
427 -48.084026  47.952278  333.038879  0.270594  3.149500       7.179787   1499.571045 -179.340637  6.209024  0.517513  257.462769
428 -52.884384   8.403703  344.156006  0.251850  3.802617       6.123149    906.018066  -12.307240  6.481639  0.383976  175.455582
429 -57.882397  19.153460  346.757782  0.326262  3.769766       6.898776   1301.209839 -149.887039  6.266868  0.663376  296.366425
430 -47.263073  51.781075  336.250549  0.340588  4.125621       7.418061   1398.366455 -128.726425  5.875724  1.386337  709.599121
431 -52.849316   8.199917  348.242889  0.296090  3.284312       9.221987    725.597107 -149.726288  6.177963  1.561461  512.557251
432 -59.052502  25.964966  346.628906  0.348749  3.490034       6.292788   1209.961792  136.491806  7.136698  1.105865  776.496094
433 -49.214195  47.953560  330.653809  0.323394  4.410573       6.874743   1276.198364  111.103142  5.081446  0.377245  388.572723
434 -41.447601  52.492718  320.140076  0.272861  5.110591       6.728872   1395.298584 -183.975754  5.259464  1.568496  620.434998
435 -55.402397  13.411838  337.264252  0.290410  5.547545       7.007359   1246.744019 -175.619415  6.517914  1.582198  367.020416
436 -48.459423  17.117910  339.250275  0.268260  5.197198       6.180542    972.013062  139.918518  6.152264  1.614204  343.152252
437 -56.704407  28.995621  329.526337  0.287816  5.385796       8.076059   1296.622437  -28.235270  5.217072  1.065101  422.540802
438 -46.527477  39.862160  327.805389  0.229058  4.124398       9.798781    769.583801    5.329885  5.500268  1.294724  734.761780
439 -56.555740  19.310621  349.098663  0.330239  5.235084       7.755448   1410.380493 -193.547348  6.172888  1.182288  288.465332
440 -51.864532  40.088665  338.085876  0.336897  4.856750       7.716995   1014.335876 -240.696320  5.439689  1.916942  790.470581
441 -66.652451   6.342365  348.389160  0.299651  5.983994       9.008654   1379.604004   -6.567950  5.596056  0.232961  156.199493
442 -26.167032  47.396194  318.956665  0.338329  5.214368       9.430297    627.084106 -121.643417  5.720879  0.253022  344.179443
443 -50.830463  26.536190  347.532135  0.276128  5.146126       8.096350    963.308716  -80.020050  5.463299  1.170437  320.740967
444 -58.084251  35.664688  338.882721  0.298446  4.227043       7.703370   1178.742554 -141.744400  5.751865  0.217980  662.589844
445 -63.802193   8.923841  346.481903  0.320102  4.426479       6.443990   1375.698242 -227.954315  5.153391  0.739404  561.677429
446 -58.257946  37.066673  338.829437  0.267857  2.782523       9.938884   1241.427612  122.518188  5.920581  0.502122  446.436279
447 -56.188828  23.713921  350.391846  0.324561  4.065831       5.408743   1186.341553 -221.070419  5.741818  0.414123  367.364899
448 -48.055828  29.225742  320.226868  0.336338  4.096052       8.490431    719.888367   81.521927  5.478604  1.855064  551.839905
449 -51.402618  44.651108  337.226379  0.294535  5.909389       6.106856   1499.548950   51.394741  5.996874  0.511957  290.500427
450 -57.645683   6.041256  342.281219  0.305965  4.496054       6.175370   1096.454590  -41.444313  6.538169  1.382624  537.477600
451 -55.896328  38.739246  347.443909  0.340543  5.405072       8.687317   1351.985229 -111.791344  5.700010  1.476908  656.635376
452 -43.484913  31.914162  323.698578  0.300272  4.271953       7.472740    698.889648 -209.712570  6.753881  0.232210  444.861969
453 -61.965515  27.542398  331.613068  0.344560  5.929821       8.171668   1255.547241  222.418335  5.476276  0.982229  748.443237
454 -49.001945  42.787720  322.556122  0.283422  5.191387       7.006473   1033.164307   18.112204  7.189641  0.664590  762.188599
455 -62.064400  29.435156  337.435333  0.273996  4.641814       9.472714   1280.028442 -154.654602  7.002823  0.272228  357.332458
456 -54.269123  39.568382  326.762054  0.291745  5.352227       8.482666   1497.827148  -41.249435  5.416425  1.004492  389.441864
457 -55.852547  31.758577  345.230316  0.267892  5.214114       6.195467   1361.403931  199.155731  5.641569  0.432816  284.104156
458 -57.384087  18.766674  340.676971  0.248920  5.323847       9.448277    947.413696 -107.434471  6.310514  1.839528  539.585938
459 -59.265137   5.036508  353.568085  0.293003  2.630366       6.275662   1092.002441 -212.862732  6.284917  1.650570  736.672607
460 -49.994423  13.589931  343.690186  0.258926  1.829534       9.431534    858.361938 -104.635437  7.441895  1.304568  246.312988
461 -46.162453  -0.618949  343.722656  0.298482  4.421474       7.337638    863.899658 -213.151779  7.711084  1.088564  121.797417
462 -63.400513  -8.361219  344.315735  0.349410  5.535484       6.233996   1226.918945 -125.999336  5.240169  0.720958  545.906494
463 -58.207272   9.112321  347.929932  0.340386  2.327831       8.514104    950.716980 -205.063293  7.042267  1.628397  662.841187
464 -62.950645  23.932657  350.937225  0.327591  5.027846       9.505674   1291.728516 -113.593315  6.228657  0.884756  569.036987
465 -58.404510  24.610838  338.829956  0.315197  2.195668       9.752465   1068.104858  -79.134888  5.871820  1.367964  618.146729
466 -38.811893  45.948734  332.596771  0.309048  4.380357       9.652521    786.366394 -150.144928  5.803961  1.207728  551.118896
467 -57.439545   1.388907  344.174591  0.303941  3.999494       9.892699    860.158020   -2.203346  5.789920  0.610318  233.371170
468 -54.320351  36.857407  349.392273  0.333728  4.001717       8.686496   1101.637573 -113.737427  5.995911  0.457432  453.713318
469 -44.773018  38.860424  340.576508  0.335561  3.065717       6.376012   1069.906128   76.587280  5.542467  0.360474  140.626968
470 -54.631435  28.597385  333.103607  0.334875  5.504473       8.471216    984.122314   85.106293  6.615539  1.204384  491.308380
471 -56.846699  42.714577  337.082855  0.242294  3.422870       9.885463   1400.894165  182.026291  6.237620  1.423928  743.484009
472 -56.874462  18.395679  357.030365  0.340129  5.901538       7.698518    970.814453  153.992538  7.212708  1.825027  643.213928
473 -54.008945  13.502186  344.786865  0.292721  4.383143       7.514189   1011.512695   97.065811  7.911047  1.659392  436.505554
474 -59.737434  34.347973  346.332489  0.299817  5.358859       7.767141   1327.082886   95.041893  6.038498  0.321301  319.183472
475 -43.140377  30.227474  319.148834  0.340567  5.935797       8.176828    751.474121  -66.440002  7.192381  0.889107  228.727142
476 -62.079838  32.779980  333.154236  0.295086  5.160130       7.959539   1415.988892   41.809101  6.070448  0.952335  748.211609
477 -34.829605  50.665588  322.679260  0.344490  5.812495       6.954319   1437.369507 -161.790558  5.181590  1.331750  340.342957
478 -51.538876  31.345963  336.326111  0.265938  4.789481       8.782142    852.364807  -98.278122  6.945270  0.652095  508.599640
479 -39.074036  47.803982  323.108124  0.321982  5.456977       5.842456   1313.260010   41.971081  5.775484  1.584111  476.596588
480 -56.462257  33.232933  351.186951  0.292277  5.973950       6.229438   1142.508179   13.836720  5.381125  0.858564  637.920837
481 -61.439640  15.269256  343.976898  0.245701  5.953575       9.060363   1001.908813 -120.646317  6.497789  1.803605  717.962891
482 -39.207943  39.038685  334.550446  0.225762  3.849833       7.828264   1426.458252  192.798553  5.832578  1.520937  142.241165
483 -64.395470  17.310913  349.078674  0.282903  2.067562       9.731955   1167.485352  -11.836525  5.502344  0.845721  746.324463
484 -53.910332  30.271748  346.936920  0.324654  3.242356       9.097503   1069.557861  -86.629601  5.729800  1.424935  441.349304
485 -51.299923  29.147552  338.292816  0.312680  5.352310       7.904406    880.415833 -153.507446  5.700949  1.286062  629.370117
486 -45.788883  48.177700  329.741241  0.308724  2.323227       6.618525   1152.362671 -188.163162  5.915385  0.638766  688.566895
487 -54.505516  15.380041  343.147858  0.328836  3.632946       8.343701    850.272888  123.034821  7.012425  0.281448  290.075378
488 -55.165890   9.160092  352.605316  0.306226  3.037126       5.890273    961.237610  -70.583038  6.339796  1.621158  546.644104
489 -60.347969   2.678545  354.418060  0.346384  2.210258       7.424880   1192.644043 -212.647720  5.076774  1.044961  553.336792
490 -54.274998  12.103062  337.924683  0.317940  3.515277       6.197650   1061.220825   63.776012  6.856251  1.855240  465.461334
491 -45.402782  47.931316  324.114899  0.318754  1.831737       6.415277   1294.054199  -70.636658  5.796996  0.711389  477.432770
492 -54.564075  30.170139  344.992523  0.282185  3.871138       7.582013   1465.009277   -7.492422  6.932512  1.698625  447.212219
493 -46.816452  23.653934  329.721832  0.272671  3.264200       6.058354    978.181946  -98.839668  5.655704  0.706106  202.916656
494 -43.397762  54.202991  323.418701  0.285079  5.605476       7.799698   1244.516479  -78.517296  5.383423  0.397630  496.771332
495 -62.162704  14.080975  352.177124  0.302403  5.688741       9.542326   1183.939331 -118.549171  6.620434  0.513986  258.109741
496 -50.768631  23.493893  349.128326  0.293703  4.184772       5.030969    933.187927  -40.001549  5.425671  0.945203  509.701447
497 -46.678623  37.202492  343.873749  0.303212  4.840160       5.758639   1049.760864 -132.994110  5.964391  1.780310  595.328247
498 -53.961987  40.441410  348.220123  0.269871  5.884317       9.077871   1304.073730   42.881035  6.009902  0.898670  459.015564
499 -54.325649  -3.115338  349.223450  0.291712  4.693314       8.425405    976.250854  -10.560384  5.963659  1.739298  339.443176
500 -39.041126  39.665947  338.444824  0.305302  4.292359       8.127298    673.729431 -210.978317  6.391811  0.926486  597.118408
501 -27.549166  56.895874  313.895508  0.297791  4.315006       9.315907   1068.681519 -152.665009  5.501698  1.304216  587.361023
502 -48.471386  47.007298  328.467926  0.251735  4.338088       9.636010   1206.682495   35.104530  6.170372  1.202955  600.595764
503 -56.222641  30.797398  356.448364  0.319759  5.635531       9.115273   1314.014282  231.675568  6.478259  0.690944  195.666779
504 -49.952045  17.586031  341.731293  0.312361  3.058100       6.652054    827.752258 -206.317398  5.983871  1.923715  570.333252
505 -53.657967  40.605316  329.072632  0.313427  3.462468       9.865800   1121.593628  -15.368608  6.577985  0.561734  461.363342
506 -55.261959  24.539906  341.692474  0.312974  3.816801       7.755618    906.923096  101.610802  5.482614  0.450173  584.019592
507 -46.252903  43.303444  338.810913  0.319081  4.932362       6.478680   1155.996826 -138.236099  6.460751  0.884184  500.692719
508 -62.109592  10.817176  358.040741  0.213532  5.801506       9.948581   1078.706055   -0.490832  5.854149  0.295573  169.414368
509 -51.834591  26.649851  336.047821  0.236097  5.366107       8.804270    740.054504  -20.897373  6.267761  0.932263  683.062073
510 -58.141228  36.676666  339.409882  0.342107  4.412779       8.238420   1451.149170   35.085991  5.886279  0.759713  516.950684
511 -59.052944   2.498039  348.014557  0.313230  5.735322       8.574666    848.772522 -101.123726  6.310335  0.401664  799.093933