           lon        lat        inc      D1AU     delta  launch radius  launch speed    t factor       B1AU     gamma         vsw
0   -32.833065  22.292166  69.770538  0.329971  3.211272       5.746654    862.766235  114.669083   7.925855  3.744423  102.826736
1   -27.492832  23.713840  83.612709  0.304540  2.401907       6.810993    943.813171  136.502106   8.706818  3.751729  125.595177
2   -15.413909  34.069626  64.928833  0.302019  2.996626       6.385158    931.382019  100.555466   6.257958  2.657599   63.942341
3    -1.928338  37.626392  56.007198  0.316241  2.211453      10.403607    764.160889  180.940216   7.434875  3.911185   83.710930
4   -14.705626  21.294071  63.417728  0.275193  3.018836       8.730721    721.583496  196.477356   5.792457  3.455091   55.179935
5   -17.149414  32.728653  72.571381  0.317068  3.333366       8.523820    895.653503   45.356953   7.473978  2.660285  116.219650
6    -1.813500   5.478067  57.284622  0.340712  3.715090       6.391593    909.306396  249.993484   6.660691  3.530960   76.031219
7   -27.810909  25.351929  82.623993  0.309943  2.335943       8.163260   1039.891479   99.478333   8.446298  3.001876   71.437935
8   -18.996536  12.786816  49.367901  0.328565  3.505968       6.563922   1192.560181   82.851913   6.183521  3.171103   93.292168
9    -4.906284  -5.419431  66.760513  0.342133  3.844133       6.985721    916.053162   71.201225   6.458788  2.560880   94.794525
10  -34.045914  35.415611  97.615746  0.349315  2.025096       7.199119   1523.706421  160.052704   6.746130  3.031979  123.315575
11  -23.369320  26.905828  73.112343  0.306356  2.473497       7.510688   1524.400024   68.361816   5.230550  3.582635   95.595665
12  -15.500405  29.169174  70.096619  0.332185  2.402023       6.952006    765.484314  154.232758   9.846842  3.730247  133.814560
13   -2.631212  34.266075  50.986790  0.345331  2.393607       6.397870   1196.045166  126.785942  10.238605  3.874312  162.414886
14   -5.019726  11.853104  63.588741  0.293872  3.876042       8.420723    779.234863   61.543449   7.300683  3.644920  126.053703
15  -12.518450  13.246615  77.371246  0.293540  3.862041       8.697371    739.286682  106.547768   8.882744  3.285320   78.908699
16   -1.602246  32.940296  65.269928  0.345118  1.876725       8.593860    853.392517   37.815178   6.842794  2.339546  183.547501
17   -0.837964   0.083101  36.851444  0.256028  4.315604       7.071334   1184.847778  228.310211   9.354694  2.558737   71.513161
18  -13.758744  37.694645  69.885658  0.269044  2.859864       5.897706   1507.864258  111.684975   7.036618  3.319321  116.594284
19   -8.729514  28.158100  72.231705  0.314605  3.213347       5.133755   1701.133301  194.189987   5.549628  2.723789  131.155121
20  -18.090071  17.172312  75.175972  0.338672  4.522626       5.358708    891.745544  -33.841721   5.039690  3.196174  134.962631
21  -10.596477  33.713837  67.802727  0.309609  2.815298       7.564517    906.050537  166.688812   5.846259  3.397073  183.761139
22  -10.133754   2.385996  35.789352  0.338093  4.336663       7.018090    725.591309   96.756477   5.081442  1.662629  125.652084
23  -20.903427  24.628096  47.000263  0.286257  4.268037       5.569842    937.147278  162.107346   7.844525  3.375709   88.417404
24  -11.377844  31.037582  58.494789  0.301637  3.444613       5.513130    820.659180   73.054459   5.596442  2.304269  145.739075
25  -10.538127   4.440292  55.719830  0.321983  3.559394       6.094526   1102.258057   50.768269   6.299215  2.847900  187.190125
26   -9.335194  12.638188  60.260815  0.292466  4.886719       7.135661   1204.824951  169.969223   5.670211  3.382124   74.056450
27   -4.532898  27.892237  32.064041  0.305255  3.274735       5.475680   1608.518311  165.239670   6.759371  3.398123   87.724907
28   -2.118352  13.914511  48.364395  0.295333  4.649411       6.098712   1293.423218  103.452499   7.214143  3.569185  159.990540
29   -0.032418  11.434183  60.180954  0.265065  2.166816       5.316282   1309.519409   38.900318   6.186596  3.721197  204.917252
30  -19.120628  18.595495  66.065201  0.311878  3.837131       5.964849   1329.243652  110.816856   5.251987  3.886975  140.422455
31   -4.454580  15.319773  55.433758  0.258081  4.282497       8.514946    889.940125  163.014954   7.739868  3.527024  110.634987
32  -13.245341  16.554859  43.510139  0.276537  3.438280       6.651734   1101.205933  160.135849   7.321835  2.890274   60.525059
33   -7.040702  21.204132  62.752399  0.241632  1.894037       6.635224    948.593140  116.979759   8.591554  2.314018   50.007427
34   -4.853556  27.685005  49.685177  0.325467  2.995677       5.418299   1027.704834  148.243179   5.951209  3.171062   90.159538
35  -13.728843  29.129555  69.364655  0.290657  3.150052       5.333951   1290.376221  224.446274   7.152737  3.488170   89.771324
36   -0.964576  41.977711  49.188496  0.323657  3.733274       6.780365   1401.707275  131.205261   5.935777  2.990355   98.237350
37  -12.381594  26.425293  65.398018  0.305698  3.666843       8.100337    854.512451  120.138306   5.764301  3.702120  191.315826
38  -18.127905  10.790440  44.273407  0.323984  3.525005       7.260773   1175.202759   20.133102   7.521857  2.838020  103.742058
39   -0.525505  -5.651130  37.047935  0.346864  4.970342       8.401725    904.715637  169.085434   7.515112  2.731416  133.882111
40  -27.574362  37.112576  68.237709  0.298299  3.242237       6.652151    867.961487  137.995987   6.241390  3.043024   51.400188
41   -6.594501  35.033989  72.599449  0.319541  2.050950       6.832531    753.076660   79.620415   6.996016  1.539831  252.883667
42   -4.490697  20.230801  43.791992  0.297310  4.008051       7.784250    969.223267  195.180237   5.197612  3.592818  171.442917
43  -17.893354  42.222065  89.830864  0.308798  1.990636       8.091617    978.418335  236.400604   5.811349  1.642112   83.330017
44  -22.297440  18.985289  84.633324  0.290024  2.637839       5.528178    795.255554   49.513893   6.937072  2.583985  154.571060
45   -9.686567  25.310831  48.217583  0.317320  4.171210       5.091876   1257.762573  168.548798   6.399395  3.442006  143.666550
46   -1.300571   3.783083  22.290058  0.314277  3.516966       6.017534   1727.827148  210.458481   7.340427  3.306762  130.358871
47  -14.652979   8.947193  51.672749  0.261100  3.947842       6.057257    731.786438  104.241302   6.202360  3.222461  132.104324
48  -10.760073  -0.203497  60.682285  0.262407  3.833336       6.939188    926.336670  170.675888   5.115464  3.012411   53.658661
49  -16.455194  23.293900  79.765167  0.301019  4.070972       6.826715   1135.155273  199.186569   8.955227  2.887927  113.371513
50  -32.913651  39.071011  83.618492  0.291614  3.822299       5.078030   1901.618774  233.662613   7.177927  3.015172   52.526970
51  -22.103321   5.975343  59.985622  0.257562  3.388309       5.603231    802.259521   97.886574   7.922799  2.653538  124.256294
52   -9.440669  19.113850  46.876133  0.335923  4.739290       5.585955   1417.051636   92.960136   6.934460  3.872468   56.429363
53   -6.153334   8.374319  45.119564  0.232030  4.983944       5.683214    893.022095  185.558701   6.364196  2.155639   57.070988
54  -13.685000   6.952385  52.851429  0.327750  3.994422       5.238991   1455.322510  122.658424   6.376527  3.693934  129.978256
55   -6.330645 -10.624860  36.966164  0.293995  4.827591       6.731878   1395.962646   37.517426   6.105124  2.977208   55.958981
56  -12.669600  32.024105  61.646976  0.322434  2.434022       5.240688    838.010010   86.727654   6.986797  3.589863  198.144958
57  -27.344379  28.436514  73.788719  0.276842  3.584396       5.994121    918.799927  149.584305   7.090240  3.304039   79.901390
58  -24.012888  11.692416  80.054779  0.336261  2.961723       6.181175    914.797791  144.594467   7.395340  3.619227  145.884567
59   -5.379150  -0.005365  28.120405  0.328309  3.679594       5.540844   1383.742554  117.778358   7.820786  3.685700  167.403107
60   -9.170441  26.779636  49.456532  0.249484  3.570220       5.667695   1686.713989   53.363869   6.020663  3.983815   76.461159
61   -7.533954  22.619144  44.342484  0.344129  3.818926       5.214913    983.541016   79.039742   7.096653  3.341808  213.190475
62   -2.358470  28.445860  53.346233  0.335539  4.780843       5.321839   1241.859985  180.972748   6.876238  2.634557  139.718384
63   -4.915766  45.690819  58.039448  0.330151  2.808148       7.228475   1667.981079  158.238998   5.390041  3.630812  175.446213
64  -13.891630  38.524384  60.258526  0.278182  4.627723       6.669134   1419.717285  123.731728   5.811824  3.570107   80.930870
65   -1.999840  23.673641  45.990917  0.338059  3.414382       8.398957    785.621765   64.411911   7.666529  3.351387  154.640152
66  -20.048546   5.718574  69.109787  0.279907  3.243122       5.501661   1495.433472  -26.087997   5.359238  3.239230  102.983376
67  -10.532415  12.277704  83.714363  0.277429  4.994009       7.215218   1378.091797   13.841997   6.665109  3.357091  137.476395
68  -19.904371  14.899672  54.691303  0.335958  3.577589       7.293018    976.528015  -16.073509   5.053482  3.187406  134.191437
69   -4.367799   7.918997  59.366875  0.322487  3.315231       6.241120    973.670105  -43.057030   7.573831  3.494853  225.259033
70  -31.938843  29.659832  76.046700  0.347873  3.226982       6.497010   1323.733643   51.202908   7.222322  2.958480   71.675911
71  -11.469419  24.812742  62.409363  0.299623  2.446737       8.873404    723.514893   52.171398   5.870181  2.805505   70.016411
72  -20.287579  15.412796  70.744347  0.296701  4.946038       6.173374    884.977783   53.206001   5.634127  2.693525   89.709351
73   -4.919404  19.746307  54.070412  0.335327  2.885284       5.259771   1537.842285   36.118694   7.051004  2.738951  152.352982
74   -6.377539  44.493748  62.433060  0.320241  3.458872       8.749220   1340.364258  243.590515   5.536874  3.778023  174.404007
75   -4.941557  -6.390879  51.076603  0.349447  3.392779       6.358563    755.873657  144.465347   7.939940  3.417290  262.435699
76  -14.905523  34.278385  52.682316  0.334745  2.833104       6.996745    720.606750  154.169571   6.887394  1.487289   58.062351
77   -9.068795  17.596004  42.129101  0.321916  4.589092       6.805388    846.975037  245.562775   8.185488  2.447642  179.728683
78  -10.396852  24.224022  54.387955  0.261017  4.511105       6.928521   1005.418579  124.777481   7.310369  3.690030   65.433372
79   -8.885888   3.165890  33.873459  0.283787  3.408647       5.627441   1266.193604  -22.425261   5.413526  3.077398  147.761292
80  -11.515430  27.887743  67.036484  0.302591  4.401022       6.907652    781.581787  201.835495   7.486451  3.150136  162.754593
81   -6.472690 -18.968290  66.426567  0.245796  2.803173       6.008587    840.614868  227.792953   6.382603  3.574118  177.879715
82   -4.030667  -7.045938  45.568733  0.270997  4.726496       6.416873    705.777100  167.349075   5.887730  2.527617  105.422180
83  -19.936787   9.547459  50.801781  0.329168  4.614990       7.282137   1211.970337   14.413365   7.158641  3.498088  130.495758
84   -2.851846  11.181721  44.372101  0.295685  3.643654       5.145045   1521.228760  145.702835   7.181762  3.937361  179.730118
85  -13.462826  19.709341  62.484032  0.276375  4.962995       7.919857   1310.051392   20.144007   6.317911  3.998647   94.243454
86  -10.397280  24.123598  69.190163  0.222558  4.054862       7.760013    747.940552  190.462921   6.760242  3.383799   74.386047
87  -21.112461  23.628908  54.629875  0.303472  3.212760       6.065035    755.413574   81.784172   6.430303  2.650642   69.015450
88  -16.624941  23.565914  40.640724  0.304029  3.674401       5.838818   1028.784912  -21.145859   6.528019  2.814383  101.017548
89   -8.377159  33.398853  71.513062  0.288982  1.585285       9.129309    982.180908  144.435867   5.230751  2.095836   51.270061
90   -8.195406  24.065821  56.831757  0.299547  4.804136       5.524532   1394.859985  206.352585   7.583045  3.785758  190.148163
91  -29.825367  31.409311  73.491356  0.313203  3.878181       7.412858   1043.415771  133.620621   6.868394  3.576776   82.258392
92   -5.905148  21.108868  62.314587  0.237447  3.279347       6.643074   1043.258423   87.145126   7.499943  3.879352   97.064232
93  -15.758971  17.945238  74.076752  0.313976  2.323793       7.738865    793.382812   63.843231   8.348361  3.307762  163.541870
94   -2.391219  24.352110  69.939087  0.268014  4.547431       6.001592   1950.948486   51.589230   6.379961  2.404673   72.546814
95   -1.514224  16.322664  36.620335  0.320160  4.147196       6.586267   1386.388550  178.908417   5.054578  2.888832   53.461269
96   -4.464805  -7.535785  51.852131  0.314306  1.518021       6.889390    776.182861   67.353973   6.225926  1.094933   52.005104
97  -26.090618  27.491768  56.549530  0.270091  3.270381       5.897079    735.111450  125.398903   7.378556  2.283134   87.046608
98  -17.677841   7.639457  41.508598  0.244898  4.936127       7.855976    874.436829  104.560982   7.793126  3.521711   51.217102
99   -2.728481  29.636219  55.337925  0.264285  4.221811       6.224532   1299.596313  146.387985   8.107432  3.571228   82.295387
100 -17.109154   7.254533  83.342918  0.260316  4.392232       6.351561    944.972778   38.362492   6.633467  3.199660  158.086548
101  -9.494368  38.603413  37.303146  0.313002  3.704234       6.061681   1055.161499  102.028534   6.257413  3.318773   90.603775
102  -5.515298  30.088501  28.794659  0.347844  4.172475       7.003743    770.410400   82.115700   5.449183  3.231054  128.811218
103  -6.134666  23.763666  58.313782  0.257818  4.643910       5.461570    926.537476  181.071762   6.448606  2.852151  155.557388
104  -1.748598  11.641102  61.694214  0.334387  3.818835       8.858579    771.595703   29.345922   6.156016  2.613096  182.034973
105  -9.316150  -6.989545  34.752876  0.312325  3.200029       6.850552    944.588196   76.100967   5.648033  2.018348  166.080078
106 -15.772027  14.619821  64.966942  0.342155  3.607243       5.523346    848.789001  190.338135   7.538101  3.299231  197.452530
107 -27.376425  21.752659  89.223183  0.298182  3.781304       6.798765    712.471863  163.674576   6.798224  3.443101  143.988724
108 -19.155895  26.222466  49.580601  0.302210  4.716684       5.603766    929.973572  199.323288   8.716770  3.530420  119.546188
109 -18.650949  35.004509  75.264191  0.271874  4.480992       8.772249   1128.628906  113.387589   6.981071  3.922348  146.293900
110  -3.132535   3.972033  43.611023  0.201936  4.710521       5.025904   1197.547363  193.172211   8.879157  2.742368   51.629608
111  -0.877156  32.174877  54.695660  0.325077  3.698845       7.000604   1262.564575  180.370529   7.285940  3.872540  118.112793
112  -9.960570  35.308498  55.874767  0.298712  2.652596       8.350232   1260.813354   72.516945   6.436831  3.540255   79.091927
113 -16.056911 -14.947764  41.763000  0.289802  3.523071       7.740362   1026.615845   -1.065347   6.403674  3.429911  132.218124
114 -11.803492  27.822247  66.233772  0.342063  3.485514       5.267235    833.285828  116.432220   5.954634  2.725870  128.199600
115 -11.590528  20.631653  50.836483  0.329623  1.437425       5.078937    944.034729   32.115173   7.921839  3.050645  218.829300
116  -0.425846  41.054470  49.927982  0.282362  2.935102       8.395935   1269.519653  108.366554   6.166453  3.832556  146.924911
117 -17.777636  24.375271  65.358414  0.286201  4.376507       5.438018   1122.461060  131.055527   5.029783  3.718980  117.719040
118 -15.003153  29.618525  50.808094  0.242481  3.883283       7.377533   1283.612549  144.621353   5.868396  3.745082   55.403881
119  -4.054072  30.114956  46.033791  0.335469  2.528877       5.815414   1070.890259   34.371319   6.716847  3.052549  215.444687
120  -9.157180  -2.889293  47.915932  0.248393  3.122646       8.334898    829.450562  189.528229   5.602883  3.384541   99.059288
121 -15.644608  40.724339  61.667057  0.273229  2.753320       7.638430    900.432434  208.754242   7.842763  3.632805  110.433952
122  -3.438904  10.525767  60.947651  0.303932  3.935359       5.186000   1201.462158  -53.217175   5.773284  1.762620  181.847366
123 -39.141167  33.839970  81.598206  0.294830  3.039235       6.112105   1278.625366   76.419304   6.844993  3.715696   57.106239
124  -4.681113  35.311935  79.254562  0.333552  3.296933       5.803612    722.436035   78.299728   7.392140  2.016008  269.669495
125  -3.483990  17.383396  45.934624  0.330993  3.313300       5.765136   1134.471680  167.224289   7.119657  3.092669  139.438156
126 -17.004925  21.193319  72.750374  0.219119  2.761586       7.015078    856.036926  158.237457   7.180662  3.602155   58.574001
127  -1.700536  12.553974  74.349220  0.287369  4.030616       8.543414   1082.252686   -9.892403   6.689545  3.465269   62.871567
128 -35.508991  35.861912  94.716064  0.299510  4.453613       6.291947   1429.732422  242.419968   6.294602  3.698509   91.179123
129  -2.142922  25.745987  37.075832  0.344415  4.975299       7.446912    862.642212  194.040756   7.654200  2.036775   89.931252
130  -8.108892  12.114074  81.173347  0.328531  3.347053       8.227073    893.674072  -92.281326   5.444236  3.678945   72.896835
131  -3.995444  19.105314  56.954403  0.278570  4.304605       6.567934    833.116211  177.823135   5.795441  3.286516  129.937027
132 -10.526699  13.146405  69.711014  0.279931  4.205436       5.749645    974.949524  152.403198   7.980829  3.478969  136.172729
133 -25.680393  44.063202  76.433327  0.343330  3.028974       7.865313   1085.902222  211.816391   8.383196  2.613472  112.850250
134 -11.871429  13.182467  32.630741  0.275187  4.457575       5.818013   1018.041199  244.590500   5.756681  3.549087  117.888626
135 -12.535544 -11.408891  42.943130  0.301141  2.348718       5.327472   1060.150513  117.951172   7.352769  2.398930  188.367813
136  -7.091343  -2.271470  27.676241  0.294395  1.745381       9.093725    700.453308    1.910452   6.937040  1.674011   53.492466
137 -13.215957  20.778858  41.572121  0.260348  3.553689       6.658669    999.948364   62.203274   5.137388  3.319996  133.513306
138  -4.215901  18.418131  37.264294  0.238452  4.933314       5.649641   1111.731934   75.115746   7.944812  3.362120   93.243889
139 -24.471441  48.575050  76.713135  0.327499  2.925015       5.749935   1607.898560  225.061584   6.844244  2.385156  142.942474
140 -12.763658  26.676546  63.709953  0.349291  4.435201       5.549409    994.470459  197.228745   6.606796  3.797274  171.712769
141  -3.784009  34.337963  64.616730  0.307196  4.539999       7.239962   1401.452026  170.644089   6.996951  3.225353  135.154434
142 -13.355357   1.415655  63.710926  0.331962  3.359145       5.330840    941.096558   50.288357   5.351308  2.520497  104.548355
143 -13.144266  27.536356  54.816826  0.265485  2.687097       7.293135   1133.136963   41.076172   6.107762  3.476320   81.071861
144 -20.234623  18.815111  76.277374  0.203845  3.415763       5.007837   1057.558472  208.415573   5.339612  3.140701   72.416100
145  -1.219941  27.552382  53.062126  0.336987  3.973711       8.491543    824.200806  114.574020   8.069613  2.382016  124.866058
146 -11.330877   8.214532  52.213337  0.305995  4.581169       6.097029   1162.649170   98.787498   7.232696  2.038414   83.803833
147  -3.987023  14.971249  42.699253  0.229620  1.262375       5.521321   1211.531006   29.039715   8.115252  2.728012   58.786053
148  -9.020383  23.039886  62.629429  0.240635  3.257034       5.623506   1158.440308  129.501419   6.079544  3.270129  110.701393
149 -16.652071  42.553165  80.141647  0.335262  1.671965      10.991944    730.950256  194.773834   8.464349  1.992569   98.281128
150 -20.691761  35.894527  60.308598  0.312193  4.577303       6.596492   1240.715088  186.889618   7.300292  3.910826  100.824051
151 -29.280825  20.547398  82.024651  0.285296  3.703890       6.622154    969.215515  111.872414   5.362862  3.639452   92.868965
152  -7.973442  36.197678  59.740543  0.264219  4.424633       9.505652    893.346497  211.707291   8.441193  3.650742   54.313324
153 -20.263651  24.016888  69.877388  0.328700  3.262167       7.373260    708.596191  169.032486   7.363645  3.027952  127.464920
154  -8.744177  30.578341  52.527500  0.337494  4.311484       6.212169    836.668335  164.675613   7.931268  2.209511  121.526337
155  -2.493742  30.856974  61.859711  0.334809  3.283186       5.286121   1210.440063  189.653687   7.298779  2.659126  161.357376
156 -17.499872  12.417459  67.320282  0.260201  3.566134       5.760716    971.790710   18.277636   5.838055  3.756389   93.909714
157  -7.779794  15.104581  44.395512  0.294868  4.307924       6.975741    992.082825   15.601315   8.671891  2.949807  103.178116
158 -19.550400  28.417858  63.783104  0.339922  3.480700       6.741222    810.997253   80.061424   5.942383  3.472535   99.470299
159 -10.223260  -4.980061  46.448593  0.346465  1.712982       5.181037   1499.459229  121.284683   8.148111  2.596795  185.689987
160  -7.430731  28.990793  50.327950  0.242686  4.743134       5.310335   1360.153564  113.424446   6.269257  3.807800  112.410393
161 -30.314491  -1.222029  95.367599  0.295638  2.381935       5.050925    846.645996   99.567780   6.024765  3.602291  137.016953
162  -7.113355  -8.973969  46.047054  0.302998  4.539348       5.216146   1766.625610  233.251083   7.791873  3.934795  134.596954
163  -8.637403  19.563717  38.048069  0.288849  4.313567       5.491791    723.405701  208.026688   6.787946  3.446078  199.080093
164  -2.954362  31.830397  64.714012  0.240477  3.616633       8.193062   1086.134277  161.354034   6.185642  3.032762   73.829170
165 -21.004044  35.375195  60.019207  0.343533  4.787118       7.110538    972.957092  156.373337   5.924634  3.996293  106.551704
166  -8.430935  12.010548  78.934311  0.336498  3.569583       6.741223   1229.553833   81.134529   5.988726  2.763538  124.744263
167  -0.842233   7.213645  41.132530  0.309754  2.222397       5.402670   1437.901733   29.965601   7.331347  2.015653   99.876839
168  -8.147940  30.458138  43.866184  0.329827  2.668085       6.599064    919.322693  137.057556   5.893119  2.358520  124.700882
169  -9.897950  23.682634  61.084641  0.282075  4.285162       6.698785    769.776978  205.037033   9.485710  3.577105  227.778625
170 -22.228626  -9.106615  50.736828  0.283089  4.041733       6.933633   1523.147095  -41.750011   5.164287  2.865388  109.905975
171 -21.925531  38.969135  61.933868  0.299240  4.611664       5.932567   1334.315186  213.703247   5.327148  3.686371  126.343575
172 -40.009048  40.184700  83.029900  0.324973  3.714387       6.147647   1041.488037  151.945724   5.872889  3.509980   92.768578
173 -17.540236  18.816668  68.825203  0.306401  1.849182       6.293891   1710.502441   35.218929   6.774499  3.652771   62.693092
174  -0.502769  31.450027  54.374393  0.345619  3.448764       6.545356   1452.975342   62.404499   5.924454  2.446181  130.319672
175  -5.786666  30.195011  59.529480  0.301349  2.906923       8.381288   1173.088013  129.907684   7.999488  3.465188  107.226349
176 -23.745762  17.061563  70.543518  0.315843  4.868608       6.002705   1038.942749   56.481400   6.207386  3.451337   67.121841
177 -21.696445   0.762106  95.465981  0.257386  4.757135       5.728029   1106.747314  205.584000   7.048125  3.813464  103.337967
178 -19.542051  17.092192  63.280880  0.291172  4.814792       5.263534    839.327942  171.054260   7.867318  2.156694   65.461784
179 -25.138872  35.429348  70.830956  0.283631  4.059813       6.091162   1382.209595  180.581619   9.608768  3.109527   67.302094
180 -21.029846  45.382587  80.835403  0.333617  2.732510       6.718344   1760.263672   96.342522   5.265028  2.794985  106.062675
181  -8.591816  27.984577  67.351494  0.283240  3.717298       7.626560   1080.296143  149.799179   6.279913  2.925888   65.383362
182 -14.153440  30.043369  74.760712  0.316011  2.094079       6.568329   1080.780396  104.464119   7.219903  3.495169  188.685974
183  -4.369791  27.718113  49.708782  0.326751  3.419518       8.131663   1018.276489  120.780800   7.492734  3.363490   93.259567
184 -14.288664  27.394444  75.782463  0.279280  2.989618       5.362328    936.539185   67.545700   5.855103  1.858124   51.825092
185  -4.539151   5.964514  32.658806  0.341256  4.252297       7.036217   1276.271729   27.845213   5.855455  3.868614  199.240921
186 -10.209921  24.961336  56.222904  0.287036  4.826786       7.514147    828.470642  204.292496   6.585538  3.910145  135.772263
187 -15.745591  16.771294  53.894436  0.260412  3.857670       5.357987   1442.629395   91.864120   6.114266  3.850846   58.938122
188 -15.940023  20.955292  78.537369  0.281186  2.284624       5.993854   1125.777588   24.910330   5.035572  3.590902  125.117310
189 -26.653366  11.528327  72.853813  0.266558  3.331427       6.357383   1394.650513  162.772751   6.229554  3.702532   61.923481
190 -14.911211 -17.903975  44.317860  0.318351  3.893125       5.632012   1198.043823 -108.034416   5.133689  3.444486  123.087219
191  -5.437224  24.575304  54.406910  0.314079  2.464796       6.694114    873.724854   90.733841   6.089825  3.659144  184.188919
192 -11.322428  29.568621  61.704239  0.315703  3.253031       8.176532   1065.821289  222.184082   9.132164  3.769147   79.756638
193  -6.317116  31.796103  57.185619  0.348687  2.378183       6.697498    983.034851   99.341660   7.648727  2.723824  157.356506
194  -4.001997  30.822311  48.115437  0.318088  3.050926       5.125330   1290.472412  100.949066   6.824600  3.498169  136.434738
195  -8.285446  22.331207  74.349205  0.236567  4.060172       5.866569    737.629639  197.601837   6.637566  3.515080  197.380661
196  -2.150257  42.126854  39.792023  0.306704  2.737967       8.475171    924.031372  115.177948   7.977264  2.880115   85.025467
197  -7.891354  25.386595  63.938770  0.283788  3.938616       7.091568   1148.629883  176.120850   5.846179  3.396437   58.545673
198 -41.350639  30.359392  91.392616  0.327309  2.946242       5.825514   1027.385986  246.141861   6.493832  3.048258   87.385307
199  -8.431099  34.755585  79.578773  0.247772  3.142417       6.663376   1725.284790  -62.192036   7.300194  3.434947   94.992012
200 -11.463654  32.018677  73.619637  0.347053  2.703936       5.194809   1819.385132  139.416351  10.464467  3.395927  167.639252
201  -7.165013  41.661453  78.674423  0.321024  2.790734       7.489186   1000.200500  185.949905   7.257848  2.185144  114.609512
202 -11.229242  23.899635  62.899418  0.344851  4.035861       5.102500    730.798523   66.799911   5.686878  3.453862  186.289337
203 -25.644983  10.585655  63.542442  0.278001  3.648871       6.802019    907.515137   16.558908   5.991031  3.403410   76.945122
204 -23.488600  40.639343  62.815777  0.344206  3.550045       5.080985    789.486206  141.572784   7.561484  1.495807   82.719414
205 -17.525908  22.676395  67.615204  0.322714  3.702918       6.065084    858.646790  147.588120   6.340756  3.020106  109.853836
206 -10.032845  15.237902  72.418312  0.282799  4.860340       6.692719   1788.341187   46.394859   5.377567  3.583323   92.436707
207 -27.104441  30.049347  84.754272  0.280937  2.495409       5.555987   1571.154053  139.561829   8.708026  3.273252   81.837654
208 -10.708714  18.468340  69.855194  0.335895  4.267307       5.018497    718.604980  153.034866   6.917043  3.376555  287.217773
209 -31.627474  49.458057  64.900864  0.349598  3.708179       5.337429   1441.107666  136.103394   5.310770  3.087405   68.668800
210 -28.456146  28.357374  81.405617  0.337871  4.535045       6.278190   1248.375244  195.585144   6.352902  3.263425  119.622269
211  -1.357250  31.217602  38.541412  0.332475  1.416386       5.116338   1985.593994   53.952072   5.959072  2.921957   73.601364
212 -28.703581  32.843132  77.748474  0.285328  4.267337       5.858832    805.318237  172.001694   5.361274  3.051368  150.751785
213  -2.409734  42.912430  56.216019  0.341917  2.336038       7.281564   1629.965332  240.145325   8.159097  2.693277   85.732010
214 -16.432178  -0.757791  55.412502  0.298921  1.673717       5.241107   1022.424255   20.999498   5.969010  2.733060  128.916168
215  -5.377892  31.530041  41.862656  0.337938  4.024666       5.301953   1051.879761   76.444405   5.281304  2.514842  130.518524
216  -0.094763  -3.032762  44.568237  0.255491  1.767025       5.167488    741.611267   11.403322   5.386426  1.679403   60.503754
217 -14.199683  39.326111  48.313686  0.298291  3.424051       8.401484    809.031677   57.754002   6.061948  3.308805  115.169884
218  -2.595973  25.893007  65.797981  0.336804  2.804205       5.040975   1229.405151  141.327942   5.898201  2.385875   87.742012
219 -22.290260  36.388680  73.623131  0.289515  2.970171       6.844908   1167.972168  200.817657   8.159788  3.264476   65.333755
220 -15.635518  25.418797  55.360344  0.207240  3.865623       6.152515    913.785950  152.871262   8.413322  3.298209   56.199688
221 -11.159897  20.565037  56.383671  0.311132  3.413789       5.439990    891.956421  110.909515   7.919265  3.959533  165.853806
222  -3.716358   6.852419  51.695232  0.269921  1.956104       6.285813    725.362549  240.560684   7.211813  2.651474  103.909676
223 -11.605177  29.676376  74.992805  0.325323  3.406921       7.252930   1003.423889  180.383865   7.536145  3.982256  124.960243
224  -4.618132  18.340300  65.828278  0.328791  3.481730       7.563487   1189.260620    9.391318   8.822267  2.716369   52.315712
225  -3.422918  14.183298  31.203472  0.262684  2.365138       5.653552   1376.062134  178.330673   5.492202  2.616903  113.996216
226  -5.312274  22.200565  43.621567  0.304830  2.506875       5.785071    996.201782   92.045128   8.342819  2.258911  161.618042
227  -3.474775  37.446102  69.529243  0.272811  1.729184       8.831029    773.770386   99.967972   7.098789  1.889950   66.066963
228  -7.736876  24.022554  53.671612  0.321313  1.434397       5.507315   1603.953735   32.574821   6.092203  3.474049  117.769615
229  -8.893271  32.807777  68.243874  0.309875  3.174279       7.846362    897.438538  162.684799   7.988317  3.442685   81.829826
230 -31.463165   4.096356  84.149513  0.323463  4.304491       6.553163    782.313904  186.038757   6.897534  3.851762  115.438034
231  -1.966812  35.125816  35.027985  0.289177  4.543534       5.709986    822.439453  172.390106   5.328454  2.766278   70.417053
232 -12.036933  40.903366  72.123779  0.284039  2.200325       6.723155   1800.423828   97.651100   7.030832  3.242318  104.894608
233  -9.069751  22.025614  36.128242  0.277154  3.528318       5.005594   1874.925049  129.935501   8.393704  2.964523   71.724686
234  -6.102272  -0.010327  64.214478  0.298943  4.643884       5.845839    754.984436  163.206772   6.595715  2.612872   95.771873
235  -0.093713  23.507729  43.231308  0.247206  4.385602       5.054695   1452.311157   96.456215   5.402805  3.361947  116.266853
236 -11.710877  28.039129  58.978207  0.251813  4.686043       5.524635   1083.664551  158.576370   5.246956  3.988582  138.695541
237  -0.144405  11.116676  34.197403  0.256085  4.350277       5.214927    999.270935  -58.467010   7.910192  3.700798  150.667084
238  -4.009829  25.558910  64.919250  0.322340  2.248228       7.431555   1367.337646  159.595718   5.910687  3.799896  170.726685
239 -16.409315  18.897326  65.366386  0.312914  3.015132       6.332633   1073.813843   85.373909   5.796948  3.191464  135.858002
240 -10.582991  -3.659540  52.030872  0.221455  3.269067       6.617452    816.623962  -94.702454   7.208127  3.124012  130.082870
241  -7.699874  20.777405  52.258247  0.291667  4.540088       6.979090    823.834900  173.486389   7.232330  3.644441  140.054306
242  -8.811947  18.106510  35.654507  0.260969  4.234509       6.427984   1138.715942  183.675735   7.382814  3.614431   74.140579
243  -7.120896  28.068964  43.348511  0.347016  4.184402       5.811139   1603.752563  243.078445   5.835346  3.996457  174.186676
244 -15.069048   9.187507  52.056274  0.251847  3.695843       5.229640   1118.079346  231.357819   7.392806  3.288415   61.672256
245  -2.296962  24.929411  50.265198  0.293086  2.674396       6.735032   1141.641479   33.368706   5.669030  3.258188  128.717911
246  -6.742384  42.823067  58.573578  0.347778  3.139445       8.389294   1926.785645   68.737373   5.283436  3.960804  154.353912
247  -6.676809  24.309420  47.999088  0.328477  1.104517      10.459412    906.356689   -5.472859   5.104820  3.957370  140.602432
248  -6.768782  20.205376  57.885246  0.306205  4.106426       6.451294    784.757690  161.474838   5.963206  2.722327  195.723694
249 -15.195235  25.434204  69.799385  0.311113  4.299294       5.014857   1656.882690  180.266663   6.722342  3.332932   86.703239
250 -20.072788  18.444740  60.461437  0.325160  4.160597       7.825321    852.919922   36.613480   6.882760  2.951308   98.285851
251 -17.343851  27.057928  56.797451  0.280503  3.540161       6.190934   1130.619141  140.529419   6.953922  3.807045   84.860962
252 -11.294611  27.190199  62.025082  0.289322  4.268562       7.419828   1365.528320  226.680374   7.666504  3.508971   64.041328
253 -29.004124  28.035982  91.564552  0.311469  3.227803       7.577859   1065.233643   45.417789   5.522910  2.498663  126.670937
254 -14.267661   2.853734  47.099812  0.327911  3.230772       6.565155    824.957520   39.256691   5.889481  2.936963  102.304779
255 -18.155132  42.600204  78.822800  0.334372  2.591661      11.045141    736.335083  198.895660   6.634339  3.139879  126.699837
256 -10.520154  31.277660  68.181892  0.301362  1.970481       7.027248    806.730042  154.307541   7.702477  3.795606  180.182419
257 -10.317190   5.359253  79.008026  0.226645  4.366531       6.481603    806.329956  -51.239525   7.053073  2.567040   93.416679
258 -26.093548  28.267536  67.903999  0.303203  4.368234       5.534586    787.548096  129.314972   6.019761  3.272922  124.828262
259  -5.911774   9.927863  56.472290  0.303249  4.001022       5.596411   1279.524292   13.838328   5.952893  2.930798  141.315750
260  -0.184086  17.130892  59.370106  0.258468  2.694832       7.066279    818.104614   79.354614   6.392975  2.370880   54.963123
261 -24.416010  41.009529  77.093117  0.293032  3.686094       8.504431    982.325562  223.026413   5.535479  3.974715  130.896698
262  -1.413026  11.121879  66.889503  0.284467  3.408274       5.848025    766.397217  -67.720085   5.474632  3.023913  175.467590
263  -3.040912   0.214083  40.021633  0.298281  3.858009       6.497009   1762.094849  162.686798   6.975860  3.086096   63.536030
264 -11.217392  36.754513  53.317955  0.305308  2.245284       7.099872   1249.716064  151.382538   6.477098  3.559134   86.219261
265 -13.123653  49.290478  53.925362  0.320627  3.985407       6.172568    952.410217  204.713623   6.568489  2.090010   78.196777
266 -28.212637  25.242193  68.987526  0.324224  3.292748       5.958248    826.959167  121.141037   8.964797  3.502774   90.796097
267  -9.451379  -5.287450  41.897141  0.278948  3.083236       5.598520    963.804565   69.280563   5.868897  2.312874   52.822914
268  -4.689727   5.151217  52.327011  0.340027  4.059277       5.577956    847.187866   93.188362   8.028508  2.371051  122.883934
269  -1.611034  29.146387  33.605343  0.301164  2.209481       5.819892    718.717773   19.446981   6.407858  1.952433  102.810608
270 -10.506501  22.582546  66.634277  0.342272  4.953058       5.465474   1720.973145  129.457352   6.850446  3.650054  156.309616
271  -7.223882  19.998974  56.084522  0.332874  1.882534       5.543396    764.746033   38.209492   6.435222  1.705530  196.075577
272  -3.988388  27.894749  45.708473  0.322975  3.484166       7.527025    705.566345  151.032913   7.411932  2.435403   94.099632
273  -8.726164 -10.779771  45.225330  0.331855  1.766188       7.838663    789.016479   35.530693   8.090958  1.615097  106.583824
274  -1.816992   6.216430  50.389515  0.327137  3.120999       5.775707    938.226868  157.541489   5.726793  3.558368  153.132278
275 -12.331968  13.196681  50.508003  0.310340  3.151062       5.321240   1415.669556   57.476822   7.297067  3.772712  184.763443
276 -12.304617   2.272857  48.690090  0.278363  4.517893       5.012528   1822.050659  -33.806355   6.364706  2.797781   67.770393
277 -15.952437  18.882338  42.355145  0.304815  4.565135       6.326097   1040.030029  133.297928   7.530064  3.905035   60.153835
278 -15.772098  39.537521  68.010475  0.280205  2.907186       6.788493   1639.813965   72.884094   5.796072  3.828962  109.427490
279  -1.646332  25.156651  47.341637  0.344468  4.538990       7.193368   1016.228027  112.788445   5.782973  3.634145   97.909660
280  -8.662882  14.504480  51.262852  0.274818  2.879456       6.245355   1271.237183   77.673386   5.627416  3.142132   90.253975
281  -0.733522  -8.079126  48.219856  0.291574  1.553673       5.589494   1197.020386  140.363907   7.516219  3.554788  103.310455
282  -8.319566  43.916313  64.369499  0.333881  2.527411       7.404715   1462.746826  140.491318   7.133403  3.283427  119.956406
283  -0.202194  28.737568  44.830746  0.219480  4.555411       5.971319   1318.911011  221.144409   6.627359  3.295318   81.405396
284  -4.113672  25.018301  56.547955  0.251847  3.190558       5.409040   1806.923218  128.296844   6.141602  3.342159   92.025703
285 -12.043839   5.224392  55.183777  0.329191  2.678120       6.814750   1097.206421  154.448380   8.574692  3.510939   92.126129
286  -7.412232  -8.151110  31.198093  0.339288  2.476265       6.984608   1768.935425   39.044628   8.420775  3.538872   62.633957
287  -7.607636  38.411976  53.894642  0.312789  3.464856       6.938660   1558.222290  203.123123   5.097239  3.075361   58.097446
288 -24.539658  18.265829  70.837021  0.321396  3.964736       5.132659    993.883667  121.380516   5.928464  3.314095  235.396713
289 -24.261839  25.068481  66.776382  0.221666  4.296278       5.253118   1281.316772  160.304138   8.111214  3.559008   60.366165
290 -13.166610  15.670009  48.983212  0.274110  4.990913       6.108363   1009.133240  176.991058   8.516409  3.872879   66.844246
291 -24.139029   8.385460  44.558132  0.333390  2.851698       6.081614    879.367432   68.922432   6.097492  3.427875  113.517654
292 -18.709410  26.956915  43.538620  0.285608  4.279191       5.877493   1698.453003   98.165993   6.297195  3.816316   71.224442
293 -18.345888  19.078468  31.038486  0.305031  4.538358       6.396665    742.038635  155.477707   6.451476  2.901756  117.492035
294 -13.344164  42.539021  52.352718  0.342469  4.522471       5.263483    953.270569   97.674812   9.376149  2.800711  210.979675
295 -10.871549  18.040340  78.963158  0.283695  3.977091       6.780119    751.484680  202.408600   7.216845  2.587065   58.199131
296 -18.553833  24.073904  61.574738  0.334289  4.752831       6.548758   1212.827515  126.986496   7.313980  3.319613  167.809570
297 -13.590876   0.849754  54.801739  0.325768  3.202207       6.130371   1349.242310   49.755054   5.795097  2.784218   63.944901
298  -7.110196  21.816364  57.402634  0.321433  3.523949       6.199086   1313.765137  143.561966   5.379023  3.581313   77.190002
299 -28.864737  27.208956  87.013336  0.273680  3.166133       6.622759   1092.772705  209.765854   7.200294  3.797620  113.694656
300 -16.094145   8.232895  72.160698  0.291949  4.238859       6.797924   1058.274780  115.368050   7.352667  3.318162   66.569038
301 -17.599169  32.357674  74.769714  0.331687  3.730145       6.743911   1116.988647   82.038177   5.813495  2.840346   61.341103
302 -16.327948  16.686123  58.470104  0.337339  2.721155       6.018913   1233.835571   -0.625184   5.609799  3.333939  197.553345
303  -1.063701  28.229969  58.305702  0.347261  4.083080       6.142899   1895.116943  110.407341   6.362248  3.509320  129.353470
304 -10.445675  16.188272  61.343243  0.322387  3.586461       6.637311    807.165771  -33.691784   7.193475  2.060128  196.561935
305 -18.159218   5.247624  50.678146  0.217083  3.157377       6.118074    965.170471  189.539993   7.668576  3.444761   99.413620
306 -13.517202  13.287309  66.192390  0.338760  3.739178       7.561258    840.490723  154.112961   7.738788  3.328484   99.642136
307  -2.304501  16.706888  49.662262  0.326497  4.164858       6.546260   1144.427490  123.097054   7.604837  3.647449  160.942551
308  -2.608258  20.077057  51.952072  0.281554  2.595229       8.394678    765.406128  219.960495   6.297593  2.989658   69.610931
309  -3.680523  24.553413  30.987125  0.333817  3.379291       5.092887   1602.932861   57.731052   5.986716  3.072053  190.656906
310  -2.781086   4.496173  47.380089  0.251260  4.816397       6.938102    858.132874  190.167725   6.308335  3.083354   88.044998
311  -7.243922  28.212126  57.333618  0.298397  2.488624       7.756909    754.454407  115.393524   7.916350  3.292113  123.591911
312  -6.465275  17.025917  76.067688  0.232813  3.166065       6.585525    729.859314  237.711151   6.018622  3.252271  108.641632
313  -6.562492  42.672085  78.357872  0.291750  2.869292      12.049531   1280.151978   82.377312   5.321688  3.794527  131.408539
314 -23.450796   6.346783  54.417583  0.335539  2.698980       6.028629   1437.645142   92.559227   5.410965  2.546607  137.990952
315 -30.619564  36.197685  84.463280  0.293894  2.482769       5.739867   1625.163696  169.209610   8.156573  3.104665  110.202972
316 -10.566155  16.221561  70.302902  0.341153  4.417020       5.863451   1285.613892  135.425644   8.402912  3.176769  117.547577
317 -15.121469 -12.727529  35.103462  0.248867  4.695616       5.726419   1152.906982  190.178101   6.322617  2.187210  105.923538
318  -7.640913  24.945976  58.447670  0.261657  2.394032       5.964540   1805.752441   52.098705   6.697371  3.632390   89.066231
319 -15.014627  28.962629  77.011414  0.269629  2.863065       5.904828   1565.471802  136.021027   5.328785  3.826371  105.075607
320 -16.708780  30.082186  82.599632  0.266133  4.189932       5.118626   1170.543335   84.625557   7.415264  1.977150   53.271431
321  -9.174664  40.845055  43.255474  0.349700  4.876557       5.672198   1977.890137  154.422089   5.072169  3.833365   75.597260
322 -15.991219  41.193394  61.698479  0.330264  3.383245       5.583628   1043.643921  175.062073   5.788661  2.697110  138.711014
323 -18.891300  41.843910  60.677570  0.342265  3.203080       7.750075   1225.711182  115.038437   6.223983  3.816499   89.806694
324 -13.316741   4.709640  58.503139  0.346884  3.754829       8.282430    892.614136 -134.101151   6.092739  3.316871   76.509399
325 -11.895012   4.323767  66.598518  0.296659  3.306569       6.368804   1101.203125  -26.269585   7.004299  3.412907  150.504761
326 -18.932047 -10.897126  58.388451  0.316546  3.405801       5.118014   1046.644653   46.303780   5.940149  3.965508  207.862106
327  -7.500714  30.842752  41.122330  0.341002  3.791044       5.387300   1296.495850  142.668350   6.410747  3.082429   69.158279
328 -15.102603  31.587162  75.240723  0.306262  3.970115       8.031562   1057.042969  171.255264   5.692060  3.007020  105.054756
329  -4.353075  32.607300  68.586288  0.276683  2.325380       5.189559   1864.351562  109.206764   7.436886  2.672756   92.335548
330 -19.228298  16.457499  75.170265  0.265252  4.835639       6.487734    791.134277   -8.976178   6.488896  2.136431   97.544167
331 -15.647351   4.120302  58.580162  0.268005  4.822589       5.550387    944.155396   10.511690   6.229902  2.833920  109.257690
332 -15.888391  34.927017  72.488617  0.204189  3.751544       6.984261   1194.598511  221.761810   8.132851  3.186180   53.535301
333 -31.120930  44.268948  75.143082  0.306848  3.830530       5.347994   1262.617920  245.646912   7.415461  2.254964   70.318855
334  -4.821597  34.518353  53.589272  0.341412  2.181624       5.580900    736.493958   90.281181   7.986542  2.118447  255.706802
335  -8.596636  23.903730  75.525864  0.221902  2.528984       7.579215   1021.033264   80.851013   5.285622  3.082916   52.868729
336  -2.501362  33.618145  32.410732  0.312397  3.586932       5.664945    811.283264  178.683044   6.393647  2.558640  163.421219
337 -17.190363  35.995716  69.818878  0.336752  2.697711       5.455353    982.404297   87.847313   6.930982  1.933177   91.583115
338  -6.144336  33.741344  42.857243  0.334125  4.563724       6.155815    917.946045  183.235031   6.166243  2.778051   69.803490
339  -4.085018  48.452747  53.791931  0.275420  3.383591       6.002803   1996.611694  185.280655   6.681048  3.680130  108.037453
340  -9.235477  33.354527  47.506721  0.309461  3.687515       5.460147   1461.755249  212.641510   8.883000  3.426865   81.259811
341  -9.908020  29.336069  45.452709  0.311563  4.577304       6.411854   1221.848633  135.937469   7.024300  3.105945   90.828270
342 -23.894768  34.221436  79.945488  0.333940  3.071586       7.560089   1197.605591   83.963387   7.210046  3.215210   82.512375
343 -13.185098  27.853148  80.577461  0.349715  4.525267       6.858265    817.028320  179.837341   5.049551  3.725688  167.159821
344  -5.170362  12.431489  52.855064  0.324949  3.228914       7.184391   1667.394043   81.444351   7.129764  3.655002   90.949394
345  -7.493380  -5.935767  41.205723  0.289250  3.598883       8.432160   1309.600708  149.185913   8.086171  3.825496   89.866806
346  -0.785961  35.525127  51.974297  0.345175  3.668324       5.615851   1508.162476   52.609032   5.237961  3.768408  253.690826
347 -16.711498  -7.942623  53.930580  0.341631  4.372035       6.763562    758.276550  240.904633   6.233083  2.168839   55.307095
348  -0.826939   6.470257  69.339012  0.292488  2.634328       7.506306    800.418396  -34.719105   7.593397  3.639338  234.484039
349 -32.500805  27.708321  83.496620  0.270815  3.254033       5.972140    972.156433  123.817558   8.195063  3.034273   74.518967
350  -3.955240  21.840664  54.252789  0.287400  4.020030       6.858832    743.671753   68.021629   7.267205  3.536871  217.189041
351  -1.426798  20.077080  55.733128  0.328101  1.980597       7.324310   1323.378784  102.491966   6.767556  3.718499   88.685989
352 -19.719601  37.499630  73.464699  0.345123  2.746934       5.277107   1881.679077  139.721527   7.523480  3.723698  170.228027
353 -16.224083  28.434193  60.199989  0.250496  4.831377       6.597230    822.552612  101.977844   6.567144  3.264818  142.215179
354 -20.147583  34.241055  64.413162  0.340101  3.836920       6.064106    942.448181  106.222061   6.927202  1.926570   85.784538
355 -15.087987  34.375259  71.888260  0.272927  3.445209       6.798440    914.941284  174.815689   5.646651  1.964276   74.473999
356  -8.175091  42.170883  58.789429  0.337930  3.934687       5.318436   1172.971069  189.178741   5.725576  2.335330  126.885506
357 -12.302860  46.743999  53.052063  0.339976  3.363022       7.255941   1261.785034  239.252197   5.495467  2.493768  105.181755
358 -15.888817  27.894075  65.610474  0.296889  3.075134       5.110257   1213.261353  226.303619   6.586133  3.596488  176.488220
359 -25.116148  29.568613  77.401360  0.322908  4.206755       5.370598   1587.931274  224.141693   8.173592  3.572991  158.292908
360  -8.132955  20.302156  70.225609  0.335662  1.920040       6.211619    938.296448  134.040222   5.655786  3.188372  184.689423
361  -1.462370  33.751087  56.649670  0.317808  4.154060       7.205965   1177.800415  141.430588   7.366388  2.618171  101.781822
362 -10.814383  31.514122  54.497650  0.317673  3.221204       6.297559   1060.542236   80.447197   8.790708  2.790306  137.051666
363  -7.752734  21.349091  52.108929  0.345020  2.794201       6.416613   1521.828613  100.501282   6.123179  3.740660  239.325516
364 -16.400978  34.237831  78.167801  0.309817  3.568090      10.094754    766.233826  213.315948   5.783431  3.916715   61.957970
365  -5.200040  12.935435  55.396263  0.257786  3.637122       8.831254    882.525452   37.932350   6.562717  3.514988   66.723854
366  -6.281279   1.094762  43.630569  0.290000  4.152978       5.969430    802.718384   69.961922   5.213045  3.419815  148.710205
367  -8.905953  20.707678  64.345352  0.249440  3.614110       6.556651   1055.882080   73.278175   6.937331  3.556380  107.507011
368  -2.606414  17.963135  60.051060  0.272157  2.005452       5.898985   1346.007446  140.714478  10.852218  2.938746  134.908096
369  -9.345464   8.060991  56.997864  0.341518  2.211749       6.995614    714.847717  194.316162   6.299509  3.989957  134.255753
370  -3.845500   5.762509  45.626774  0.328175  2.578741       6.050308   1164.780396  -11.842911   6.406789  2.075070   98.474083
371 -13.922304  36.251240  56.993591  0.310117  2.817333       5.560709   1597.874146  136.895508   5.400439  3.698292  108.307838
372  -3.992359  18.275724  66.970299  0.303621  3.322363       7.966918   1080.288086  214.555923   7.379159  3.448416  158.201920
373 -13.797302  38.611416  60.110172  0.254982  4.869408       7.127262    975.260620  232.413406   6.965790  2.863403   57.913727
374 -26.031776  29.953272  95.038734  0.297896  1.649475       7.073980   1591.942627   74.446701   6.379791  3.476424  117.437042
375 -22.215240  11.772902  61.900490  0.321986  4.531802       6.110425   1192.727173   -4.863839   6.591269  3.302521  101.401672
376  -3.382208  40.917881  46.387234  0.336497  2.421002       5.800880    764.868835  169.573334   9.485275  3.092067  218.304306
377 -16.997272  41.919598  84.022156  0.327255  3.402047       5.718520   1503.101196  213.213684   6.522537  2.503109  213.134094
378  -5.283253  24.310059  53.672676  0.266181  3.435699       6.155619   1165.320679  210.739624   7.286355  3.139965  113.257233
379  -4.821515 -11.097888  57.341282  0.270419  2.345878       8.529480    870.934265  -92.208817   5.947300  3.484332   66.895050
380  -0.256381   3.414768  35.130695  0.295555  1.313163       5.834087    718.281494    1.195585   8.268434  2.636103  186.769287
381 -20.153675  26.891478  61.982224  0.301388  3.927784       5.391034   1704.417358  117.270065   6.852242  3.686246   81.242874
382 -13.319681  26.485489  58.314808  0.346251  4.389700       5.495799    983.227905  156.404999   6.191544  2.446743  218.063644
383  -1.807733  20.322956  49.913483  0.287558  2.420586       7.339344    923.175720   99.346321   7.059256  2.954694   94.751930
384 -18.332003  30.608698  54.531849  0.337371  3.567036       6.138181    778.899597   83.499931   8.058978  2.100954   58.546230
385 -12.395329  46.681690  61.629074  0.307405  3.733382       6.848668   1423.321777  241.316971   6.389139  3.097529  129.000336
386  -3.657119  34.026875  72.419823  0.297051  3.417079       6.934138    835.849060  122.394257   6.793699  1.547203  107.641426
387  -7.771764   9.012227  31.451742  0.225464  4.173384       6.709516    935.177307  161.940048   6.768576  2.904861   86.181557
388 -17.101128  42.228493  63.115440  0.325962  2.776746       6.570742    883.577698  214.330185   8.428260  2.955357  106.028725
389  -3.476267  21.720423  71.314796  0.230844  4.245328       5.713490   1739.719727   58.207714   7.079147  3.139065   76.286781
390 -10.352200  42.439533  66.452621  0.314403  2.012340       7.361845   1672.585571   89.953331   5.382630  3.731591  182.817169
391 -10.591100  22.493959  62.098190  0.343463  4.502023       6.374173   1278.457886  138.641113   7.442076  2.805092  186.990234
392  -0.771560   3.902846  43.301353  0.334618  3.967397       5.833992    810.948181   56.003124   5.517437  3.125397  117.454239
393 -18.760250  21.871418  64.870720  0.339969  3.746278       6.509255    716.567322  170.498886   5.264023  3.740114  154.410370
394 -10.278664  25.809788  62.938858  0.329387  4.111843       5.056725   1977.016724   61.625599   5.513505  3.605296  111.590752
395  -5.727393  27.695393  36.682415  0.325473  1.759667       7.816409    810.971313   -6.239735   6.708909  2.702000   70.022026
396 -25.794546  36.572685  86.579025  0.334746  1.944356       9.628985   1122.756348  202.525879   8.189743  3.594112  110.177185
397 -22.968317  23.061295  71.070816  0.282246  3.332691       6.069423   1086.621948   91.742783   6.973346  3.587959   99.472778
398 -26.325363  19.545048  83.433624  0.281363  3.617698       5.024334    991.888428  144.637100   8.928568  3.436815  130.899292
399  -9.547709  10.635933  75.157036  0.250309  3.937798       5.445709    966.066956  212.605377   5.563585  3.700074  142.146805
400  -6.052828   1.186077  65.376671  0.330726  4.630023       5.295793   1833.489868   24.958540   7.727884  3.513314  234.876343
401  -5.281739  30.019413  59.413883  0.287727  4.339637       5.874197   1131.701904  130.884476   5.551294  3.570514  157.254379
402  -1.974669   2.450375  51.371117  0.318204  4.629183       5.636066   1578.432983  156.196869   6.549400  3.219258   86.879250
403  -5.256228  14.243294  56.345257  0.296173  3.521331       6.399427   1170.871338   21.695465   7.444135  2.317655   58.481312
404  -1.963433  12.673296  59.966846  0.348846  2.299030       7.842693    744.289673   80.927002   6.963441  3.436215  160.780624
405  -1.442105  43.208481  46.255177  0.336013  3.267077       6.611086   1264.631592  128.333496   6.822266  2.790791  116.022980
406 -12.873904  17.071598  43.309052  0.331840  4.580989       5.996031    747.657043  190.766815   5.146223  3.315313  240.757156
407 -10.696838  10.718317  64.988861  0.335196  3.938405       5.793750    821.736633  148.679291   7.933390  1.767921  131.617722
408 -33.886600  36.673901  77.456429  0.325832  4.813569       5.089069    853.098206  156.681824   6.393028  3.357221  189.610870
409  -3.453459  12.195457  45.855743  0.288960  2.081233       7.846082   1202.430542   14.659794   5.872344  2.810174   76.911026
410  -5.348158  15.867982  39.774616  0.335100  3.540457       6.448685   1006.606628   85.743851   6.583862  3.542074  215.178055
411 -15.929656  25.851839  49.226036  0.315979  2.508312       9.129417    769.548340   46.979427   8.419559  3.274076   81.002876
412  -7.685460  30.223051  44.192184  0.259839  4.397538       5.262136   1587.541992  207.132874   8.754683  3.166773   51.823315
413  -7.812160  38.059486  73.401070  0.296533  2.014154       6.950580   1173.126587  199.638885  14.247865  3.839452  206.819901
414 -19.569143  36.316486  50.633953  0.344556  4.776861       5.250666   1020.077759  103.144730   6.263881  2.589869  125.192039
415 -27.278242  37.650120  90.321793  0.331904  2.632388       5.889550   1736.401001  188.467148   7.042896  3.632164  158.159180
416 -11.642096  17.195522  38.103153  0.323062  4.895804       7.431008    708.928162  161.430832   6.633994  3.719186  166.397614
417 -23.514126  42.674587  72.114250  0.281845  4.149964       6.489020   1234.852661  187.007492   6.992746  3.072896   91.707619
418 -29.253180  32.702251  73.370438  0.337740  3.086039       6.923103    889.378357  210.383698   6.127413  3.314087  109.537537
419  -4.138433  49.205154  44.345219  0.334321  3.336213       9.837386   1302.685669  241.988861   7.343736  3.775178   58.887337
420 -10.723351  29.591709  47.901546  0.344781  4.838525       7.491294    825.400085   27.219183   8.583717  3.432141  129.077209
421 -17.638599  32.229889  89.963821  0.292170  2.387737       6.777106   1673.807861   50.849670   6.888146  3.303118  109.502724
422 -18.151325  31.723543  57.506203  0.302821  4.075260       6.046841   1081.987183  189.048889   8.057191  2.900753   84.398613
423 -19.844578  31.042341  88.037163  0.271814  4.521785       7.550590   1354.140015  149.959152   5.763555  2.781232   93.298325
424 -29.912043  38.257145  86.386093  0.343716  2.716793       5.293567   1014.038940  178.665802   6.825701  2.706983  184.605652
425 -20.678410  15.613145  57.905270  0.282922  2.223915       6.140987    924.776855  199.620712   6.063772  2.512345   84.152557
426  -9.163297  36.490944  43.977169  0.292646  3.355914       6.869609    775.666077  109.252625   6.353879  2.564787  114.225861
427 -13.978429  20.678888  38.371807  0.347538  2.457091       7.280775    782.251648   66.545746   6.180961  1.333013   93.263138
428 -13.066792  15.964680  53.718796  0.327724  4.044874       6.727807    852.876099   44.957256   5.965085  3.982550  311.696594
429 -25.936565  26.296568  70.421700  0.307248  3.693664       5.799291    723.708374  159.094696   5.879705  3.731240  153.999069
430 -13.112838  48.447491  76.854790  0.343254  2.522864       9.062208   1275.075928  210.250763   7.512452  2.620292  164.621109
431 -25.623842  31.236519  72.027298  0.349591  2.623229       7.610592   1483.878052   78.363342   6.814617  3.760898   77.502808
432 -13.087049  30.787964  51.648773  0.322059  4.022581       5.865202   1006.867737   64.670097   6.042976  3.953695  140.969040
433 -21.204916  14.728450  57.647640  0.311526  4.523418       5.894948   1362.925659   48.077808   6.339539  2.884164  110.564011
434 -21.672821  27.373899  72.792953  0.297753  3.946946       5.480479    800.774170   93.646927   5.179466  3.659229  165.349945
435  -6.111740  34.448414  76.429909  0.301569  1.579808       5.420915   1110.860107   48.257343   7.100965  1.927394  104.690208
436  -9.446619  11.354620  43.401878  0.289910  4.692286       5.863114    767.613098  168.335312   7.968110  3.106026  126.869370
437 -18.458691  29.475788  63.300900  0.298882  4.307817       5.349195    902.200378   75.443184   5.504877  2.380670  144.287109
438  -3.057348  30.358603  45.228756  0.295830  3.184585       6.023230    876.289368   90.787804   6.201240  2.045967   64.296913
439  -4.395072  13.315088  80.959702  0.267343  4.197058       5.099469   1712.710083   56.926033   7.575125  2.887339   88.643509
440  -1.212860  -9.182793  44.989250  0.274627  2.768529       5.449897    811.147278  104.152245   5.893724  1.972610   75.669769
441 -11.531023  28.570019  70.560349  0.313732  2.178983       7.074712   1392.927734  149.702972   5.888407  2.052551   71.600739
442 -21.309151  49.617523  67.070793  0.309351  3.056871       6.286362   1513.635986  192.346390   6.406985  3.104614   93.823280
443 -13.094800  30.241745  50.059258  0.216174  3.750088       6.465342    819.937378  188.080902   8.498796  3.599985   74.798546
444  -9.830041  44.570938  64.371239  0.331295  4.336081       5.162004   1820.846558  178.773529   6.868439  3.200289  103.202141
445  -5.019720   0.239723  35.853413  0.231835  3.602029       5.085295   1289.747070   -2.460468   5.216010  3.205714   97.083076
446  -0.519248  34.624382  48.472000  0.313004  3.713312       9.927410    777.782532  169.978638   7.729993  3.916131  191.753448
447  -7.652874  37.052876  66.468948  0.291607  4.302892       6.266940   1331.019287  195.575760   6.511872  2.835123   82.757256
448 -22.104584  30.849297  98.495461  0.287097  2.263422       7.302892   1432.942261  233.545181   7.927346  3.748955  139.636871
449  -3.145837  49.156708  52.496601  0.348643  3.078030       8.207510    804.436035  140.351074   6.071709  3.685991  218.987122
450  -8.758371  22.287964  68.071045  0.298233  2.788163       5.459011   1928.467407   38.152889   7.041872  3.630931  180.572006
451 -17.560242  22.941954  61.377522  0.292301  4.595656       6.403570    800.834351  234.668488   8.259411  3.164936  141.910614
452  -6.029448   8.588564  42.638435  0.305961  4.639227       5.158886   1456.672852  114.713989   5.556042  2.789954  122.346962
453 -15.504001  48.248135  59.818981  0.325190  3.124186      10.138044    904.575073   94.858063   5.042325  3.146083   65.747093
454  -7.088603  19.199593  37.437027  0.337111  2.775767       5.983854   1051.126709  128.690918   7.283324  3.444455  190.741684
455 -13.086534  35.871613  68.685349  0.322261  2.150586       5.996130   1751.031860  210.284027  10.166855  3.921536  117.634460
456  -6.669882  -8.741889  31.176512  0.339486  4.826735       5.647988   1171.309814    0.687912   5.808694  2.767925  154.144852
457  -1.465181   9.832879  38.181202  0.342966  4.803826       6.255580   1089.195923  200.375778   6.274653  2.900034  111.655975
458 -22.046246  41.046974  76.173889  0.342501  2.233908       8.268079   1295.413940  112.852348   6.199972  2.914026   96.895889
459  -1.409369  14.669718  50.830563  0.294976  1.938488       7.015275   1129.992432  -53.125248   5.951762  2.173629   78.398056
460  -5.745358  16.008154  43.418575  0.341672  2.945434       7.913901    952.431458   69.479927   7.841434  3.941898   97.892006
461 -20.583052  30.760578  64.977318  0.317600  3.052359       7.356894   1229.855225  115.808380   5.915199  3.978678   76.052246
462  -0.000306   2.086603  48.509098  0.304485  4.532920       6.583215   1046.787598  115.628700   8.428268  3.960542  284.782471
463  -5.607819  23.813610  64.654037  0.335698  2.712096       5.848787    930.763611  196.636444   8.974714  2.449870   97.135689
464  -3.481354  -3.338460  48.118809  0.331768  4.015477       7.621103    724.243896  132.849350   6.683360  2.418891  151.103943
465  -4.011834   5.177241  42.128113  0.272301  2.533911       7.704986   1352.746948  -65.887794   9.069702  3.687471   77.318398
466 -10.497093  33.483166  58.544212  0.342268  2.692066       5.610017   1458.406250  143.230286   6.965890  3.643701  203.874191
467 -22.494440  27.030987  58.259972  0.293122  4.664088       7.235232    895.463440    7.529004   6.259430  3.819430   93.936249
468 -22.208061  23.263988  79.427238  0.318184  3.785408       5.576632   1570.099609  102.165665   6.947200  3.425817  161.161758
469 -31.975525  44.090176  68.953804  0.328083  3.615599       5.768065    709.088501  117.256180   5.172539  1.946413   80.888123
470 -10.601098  27.672735  56.411850  0.337581  2.020446       6.363254   1148.307983  158.026276   7.566775  3.877672   97.629745
471 -19.091204  19.982635  53.950047  0.345435  4.788607       5.778475    973.540955  133.748856   5.260799  2.894371   94.674316
472  -6.547290  16.874245  42.766502  0.338231  1.336884       7.456483    944.263855   30.861351   6.690212  3.881721  173.598206
473  -6.261348  28.217276  37.593128  0.267283  4.733436       5.931943    926.509827  174.527618   6.376906  3.481709   78.848633
474  -6.450902  13.246845  57.585430  0.339463  3.087668       7.338585    786.628662   66.885597   6.154827  3.546778  208.059860
475 -17.298004  11.265084  68.953468  0.316558  4.078888       6.498490    781.377441  -10.607139   5.425918  2.538448  152.868774
476 -13.358923  18.194237  66.319511  0.288224  3.453753       6.617472   1118.703613  215.712708   6.180199  2.616687  151.313873
477 -18.471508  18.482311  61.794941  0.329434  3.190578       8.162112    765.154175   60.152111   5.016246  3.727526  105.219208
478  -6.271100   8.300074  39.505318  0.311753  3.352489       5.851009    884.755371   42.674812   5.684006  3.777597  126.028008
479  -6.061649   6.152711  46.267151  0.290229  2.092377       5.854464   1298.437134   63.431725   5.051510  3.103714  163.222916
480  -3.414786  33.688923  53.697906  0.298629  2.742079       5.039176    839.904541  154.198471   8.000453  3.240776  221.361755
481  -0.016724   3.665421  60.703308  0.253154  4.540236       5.259659    732.347656  205.191086   6.898889  2.840767  166.081070
482  -7.473895  39.237534  59.117683  0.301693  2.539524       7.347612   1070.254150  103.712593   7.034752  3.386117  110.338585
483  -1.033986  24.975592  58.190601  0.347028  3.510135       7.254945   1421.909546   62.712063   8.618325  3.768947  138.493164
484  -7.214598  12.410700  50.727764  0.315955  3.666691       6.585612    745.514221  165.248856   6.721496  3.275805  212.349304
485 -13.834224  -8.745848  46.017178  0.330744  4.346151       5.505786   1823.163818   51.055740   5.760237  3.897851  160.581741
486 -11.692851  34.342854  51.636791  0.339714  4.209544       7.102133   1322.184692  176.567535   6.606975  3.737766   94.116570
487 -22.040979  37.594181  64.589493  0.319160  3.733855       5.811916   1358.675537   52.465801   5.262917  3.454499  158.875031
488  -9.285040   8.397092  49.654438  0.227988  3.135759       7.526095    700.120667  180.392334   8.229455  3.200886  101.961075
489 -19.338356  27.851763  62.985264  0.335421  4.287206       8.252529    810.978760  152.523834   5.183080  3.324953  102.609360
490 -14.193328  20.153526  63.686264  0.338326  3.453074       5.586351   1499.483765   21.516279   7.308393  2.617130   62.383610
491  -3.865409  21.840990  63.350452  0.233802  4.974730       8.380503    722.690002  136.911026   6.594580  3.680234  143.285110
492 -26.625566  23.297386  59.488205  0.294710  1.985504       5.865168    803.832336   51.466785   5.083870  3.634219  148.741776
493 -10.798440  36.298187  60.084328  0.308190  1.804567       6.052007   1278.567749  162.927856   5.441689  3.257088  167.858704
494 -24.366947  32.047894  70.496033  0.336159  4.546556       5.894604   1071.512695  195.812332   6.847592  3.375482  135.717163
495  -5.991706  10.476457  37.675163  0.263891  4.617417       7.002069    964.107117  103.832733   8.028164  2.726183   56.063198
496  -1.791824  10.862183  34.073906  0.286599  2.701759       5.439458    737.484253   95.980255   8.002860  2.597502  126.595085
497  -9.974086  34.638290  56.597298  0.300605  3.881051       6.633501   1570.072876  150.770996   7.840844  3.933233   93.241318
498 -11.943660  13.672527  57.320679  0.314643  1.727313       5.110656   1159.927002   68.909332   6.847639  1.820541  102.556801
499  -5.089559  36.776169  52.364910  0.265463  3.420329       6.893092   1815.886475   79.570518   6.797727  3.316346   99.835037
500  -4.595341  22.312338  53.033333  0.322467  1.473935       6.319296   1245.718384   16.985466   6.196043  3.155715  169.980103
501  -4.852110  18.463274  60.966930  0.327404  2.832793       6.438644   1784.691040  -82.356850   7.062129  3.387369   92.497704
502  -8.628430 -34.647591  60.090034  0.264785  1.251290       9.875218    800.711182  120.908234   7.935272  3.827646  171.248856
503 -23.297646  24.398920  87.275238  0.309325  3.851656       6.266158    878.283569   17.506289   5.984474  2.355620   82.924316
504  -3.154497  29.961090  48.768227  0.314337  3.552985       5.873492   1706.717773  132.630554   5.434880  3.231737   86.323540
505 -14.298748  35.156910  76.654793  0.317477  3.165523       7.326681   1256.903809  159.857956   6.907568  3.101406  175.308075
506 -22.335409  21.958061  56.662632  0.305914  3.192607       7.293781    810.272705   10.045046   6.773993  3.705184   68.565994
507 -13.294868  23.250664  83.039742  0.331058  3.331883       7.266175   1784.656860  -54.391205   5.999175  3.454383   56.188789
508  -5.577874  -8.082768  18.264666  0.298736  3.843261       6.214161   1222.820801  229.055008   7.903263  2.361125  106.135368
509 -26.492863  33.728443  75.561127  0.322434  4.161045       5.370673   1130.743286  130.890732   6.360995  3.284533  161.591888
510 -20.768387  47.161919  73.416573  0.349186  4.781821       6.117420   1950.629761  137.990524   5.057074  3.595718  206.602463
511 -11.337283  16.706848  69.125793  0.305714  2.368711       5.934415   1106.739624   51.400307   6.764897  3.402368  125.781723