           lon        lat        inc      D1AU     delta  launch radius  launch speed    t factor       B1AU     gamma         vsw
0    -4.322617  33.931267  52.745193  0.246948  3.642751       7.670207   1362.245117  192.756195   8.659002  3.903327   81.823494
1   -23.905727  18.878645  69.055229  0.333761  4.042591       7.914948    722.594849   58.599964   6.863343  3.645005  211.991196
2    -1.673270  18.434834  58.961926  0.287107  3.656316       6.145846   1311.251465   34.114616   5.610912  3.039020   93.092972
3    -3.541934  28.252663  66.334999  0.323290  2.491743       5.272942   1347.131470  247.517685   9.704830  3.906024  163.096176
4    -2.017408  32.799389  36.963943  0.344391  4.257402       8.398202    772.796265   91.500984   6.778376  2.626356  152.709808
5    -1.137140  30.871124  53.536072  0.323160  2.855352       8.250883    961.211365  179.632172   5.292170  3.207221  145.936432
6   -24.699469  21.935318  76.303566  0.346575  3.427947       6.986586    763.399475  153.029465   6.354285  3.634823  229.329285
7    -3.579906  15.655995  53.867565  0.338334  4.189562       5.567740   1658.988159   28.669472   6.522203  3.824828  252.303513
8   -20.531490  44.479546  81.281204  0.348216  2.496268       5.042448   1342.936157  165.312363   8.006436  1.838371  102.084259
9    -5.475605  35.104080  59.757088  0.331875  2.944198       7.620547   1479.289429  192.037659   7.042816  3.739026  151.323792
10  -15.164178  15.784679  61.599506  0.257714  3.463709       5.311918   1650.111816   49.943680   5.566238  3.310982   66.542595
11  -10.429428  23.334970  72.681061  0.333711  2.899833       7.069195    800.559570  110.627625   5.821235  2.873868   69.837448
12  -26.007025  26.661095  68.331017  0.319200  4.128847       6.259063   1058.569214  102.544121   5.594347  3.900049   97.296402
13   -6.438817  40.672539  75.683121  0.279790  1.521520       8.473880   1626.774170  238.498108   9.099434  3.228207   99.418625
14   -8.847931  35.894379  69.480606  0.276573  1.935095       7.866621   1502.807007   73.920258   5.135055  3.386405   72.297356
15   -4.013147  27.210693  59.078377  0.279663  3.593396       6.382744   1305.610962   86.348114   5.379729  2.718074   78.047134
16  -25.220602  40.099007  79.165779  0.346103  2.288223       6.224988   1512.232544  214.662140  12.223348  3.270156  114.508514
17  -23.915321  30.378981  80.600189  0.294708  2.716423       5.188587   1652.067261  142.980377   6.651630  3.805635   91.456482
18   -3.125150  17.555920  54.868542  0.345996  3.270663       6.854198    833.745728  120.507431   7.585629  2.039701  144.788757
19   -6.256197  14.949881  53.115330  0.307283  3.802591       6.582147   1376.063232  112.761383   5.052336  3.700731   73.593575
20   -7.249771  15.773151  40.591553  0.298454  2.653571       5.221488    934.265320  164.519241   8.184041  3.106843  105.372108
21  -23.897711  20.726784  51.199139  0.326054  3.212845       5.902126    802.780212   19.937504   6.313459  3.529378  251.721863
22  -11.327190  28.756422  56.033100  0.345409  3.877738       5.975007   1673.332153  112.376717   7.098885  3.229353   99.003807
23  -24.506384  33.684200  57.740108  0.347789  3.991743       5.679784   1135.526733  147.852524   5.396569  3.250569  108.652489
24   -8.491830  47.789345  65.201363  0.313135  2.784785       8.208601   1525.940796  217.416626   5.659526  3.547443  185.969055
25  -14.358295  19.869600  64.457245  0.289904  3.491017       6.800334   1624.910645  141.927414   6.483598  3.778899   82.220818
26  -26.747351  28.143017  76.610641  0.292488  4.142085       5.549371   1804.406250  194.562988   7.936841  3.328601   85.646759
27  -32.019142  41.085243  72.812988  0.305792  3.592924       6.217561    773.027527  156.964951   6.506360  3.238790  109.173676
28  -10.927834  27.162262  57.265381  0.236210  4.277408       7.273456    989.112915  199.456360   6.434119  3.972994   91.629829
29   -4.102894   9.686728  52.970768  0.282304  2.359940       7.382851   1300.714233   92.346626   5.132728  2.703843   94.186066
30   -4.766289  43.932255  55.754871  0.329475  3.127273       6.712039    763.556763  169.701263   7.337733  3.280539  220.361115
31  -19.694704  34.676498  60.613731  0.345891  4.203952       5.456891    772.647156  177.282822   7.134557  3.166730   95.205719
32   -0.826914  23.011314  48.700375  0.315507  4.733616       6.962974    936.793579   77.537346   6.560668  3.635675   92.575806
33  -40.932678  34.776299  91.612587  0.297214  3.416036       7.477297   1188.421631  232.923065   6.042308  3.515795   52.587490
34  -13.869180  25.543449  82.503906  0.342639  3.017213       6.807712   1663.078369  166.301132   6.625027  3.805423  191.928787
35  -14.758377   2.172842  67.779747  0.305831  3.049865       5.704339   1608.083008  -57.142441   6.886286  3.491905  179.972504
36  -17.179829  34.044468  60.707779  0.274983  4.957831       6.024419   1253.622070  169.882584   5.450346  2.997536   91.057968
37   -6.273275  28.665224  35.948811  0.347576  3.495274       5.395614   1444.796509   78.866013   6.717412  3.702124  175.388641
38  -14.817196  19.277729  68.741096  0.287320  4.548435       7.079851    872.568665  161.762848   8.491799  2.739317  128.614212
39   -7.941778  28.028929  66.569626  0.325198  3.117021       8.282448    771.685608   68.261826   7.413451  2.430877  108.051132
40  -29.829880  20.151709  71.358749  0.347491  3.842761       5.329088   1035.075806   49.514568   5.819757  3.555626  219.676102
41  -15.294877  29.828461  69.546745  0.280079  2.906107       5.771719    814.216003  152.238342   8.416636  2.827132  141.366806
42   -5.380892  10.193609  39.581451  0.333024  1.801011       5.764413    783.733215   18.880096   5.861876  1.669418   91.175125
43  -22.670652  38.829037  70.468887  0.263534  3.310816       7.410223   1045.618408  158.134949   7.261865  3.500629   99.275505
44   -3.890782   0.314480  44.268734  0.245488  4.065484       5.755213   1298.170776  246.873108   6.273438  3.430511   59.728092
45  -10.177134  38.311924  57.607327  0.263302  2.357579       9.138761    749.534851  129.336594   6.265872  3.926814   85.396378
46  -34.450905  34.870892  74.802818  0.340116  3.722461       6.115377   1451.477173  155.044907   6.996921  3.311562   54.154743
47   -7.666770  32.056274  54.386768  0.290075  4.226610       7.482354   1207.253906   70.763138   7.442722  3.863249  139.428101
48  -25.468744  42.472446  72.802124  0.310157  3.712363       6.146748   1328.594727  149.164490   5.080161  2.683676   99.066925
49   -0.241237  36.304794  60.451626  0.245301  2.827825       6.355926   1973.004761  123.384148   7.465665  3.539464   88.392471
50  -15.686383  21.895117  64.481529  0.278681  4.919953       5.349023    772.811462  177.527328   6.692861  1.534748   83.342369
51  -14.215384  38.702377  72.706924  0.283691  4.521514       7.849628    761.053345  119.896950   5.846570  3.940988  172.477570
52   -8.732609  27.285156  60.964993  0.304683  3.074290       8.780479    876.786987   90.723595   5.618371  2.806328  127.927841
53  -17.319025  32.906521  77.805794  0.285495  3.633980       6.593214    749.094604  107.087318   5.337605  1.331412   61.248829
54  -27.802343  25.169157  72.910652  0.330909  1.993605       5.835414    926.861938   40.355045   6.371331  3.671295  153.957504
55   -7.620770  33.249577  75.522003  0.239138  2.448757       8.719699    708.852722  187.886780   8.222576  3.072144   87.287941
56   -6.154949  19.104980  36.789776  0.281397  3.599727       6.301764    930.198853  180.661896   7.889263  3.199360   81.649414
57  -25.840012  14.326159  64.384872  0.231611  4.426407       5.330747    788.271118  149.631592   6.534342  3.950114  133.476059
58   -4.801797  25.593391  49.308231  0.270460  4.565320       5.687598   1085.873657  -50.931736   5.170135  3.774405  141.313019
59   -3.090766  18.026190  46.287270  0.343203  4.122979       8.322593    771.525879  204.215927   6.224171  2.280124   92.326508
60  -10.956372  19.420778  56.892151  0.291522  4.723312       8.229305    796.602905  237.679794   5.799608  3.508417   82.737991
61   -9.165154  41.775024  61.055862  0.340698  2.868907       7.138971   1228.062256  112.650558   5.188265  1.775055   66.245850
62   -5.682885  35.677711  49.780327  0.342622  3.830179       6.673471   1278.059937  145.871582   6.997602  2.852887   82.055344
63  -18.575512  39.500351  77.018288  0.227930  3.628843       7.748486   1160.953613  127.931610   5.287135  3.780525   94.441963
64   -1.989587  14.308755  68.136559  0.287191  2.695466       6.498619   1145.623169   99.236977   6.980933  3.623903  100.207863
65   -9.907561  34.927158  72.519402  0.338457  2.539855       6.444169   1854.515503  220.091751   7.784637  3.472517   71.070755
66  -31.433624  28.252546  86.191605  0.335091  2.575216       7.091610    907.152039   93.917130   6.222149  3.417227  110.598389
67  -13.614524  19.306179  74.285980  0.261861  4.555630       5.645178   1039.686890  106.071510   5.376602  3.354625  152.682816
68   -6.773656  16.746868  60.726086  0.337186  2.410248       9.350903    990.495056   30.894064   5.254545  3.566925   81.272293
69   -7.585600  20.491884  64.130615  0.290654  4.040498       7.576665   1187.246704  104.471146   7.002326  3.230953   59.034348
70   -8.776870  31.301361  41.645298  0.262899  4.523178       6.534823    807.301575  157.534714   7.514404  2.023115   60.264420
71  -17.200871  28.740231  64.360313  0.255848  4.646130       5.733174   1004.947510  201.196091   7.382074  3.099944   59.549206
72   -1.123023  14.374790  39.017303  0.262996  2.960525       8.760131    920.827393   91.213020   5.093369  3.888737  106.713539
73   -1.355873  23.804787  29.122873  0.334329  3.063772       5.506731    823.363831  180.426178   7.072027  2.173134  192.532166
74  -18.454420  28.881714  61.368923  0.282685  4.229942       5.839207    795.033813  226.505157   6.137219  3.552473  130.885651
75  -12.339612  37.424797  66.528610  0.311327  2.968627       5.674681    994.046326  131.933807   7.083605  3.552539  179.870758
76  -20.465965  37.799580  78.538353  0.279113  2.822006       7.157902   1158.772095  232.937744   7.487429  2.869445   64.254990
77  -22.016460  26.001661  82.273636  0.291941  3.755619       5.322553   1642.374023  128.046265   5.316487  3.383941   76.569870
78  -15.753948  34.379578  55.329094  0.283656  3.681480       5.302335   1056.473022  134.731964   7.407198  2.515900  131.873322
79   -8.921355  25.611555  65.326370  0.292079  3.279292       6.516169    722.758179  166.374649   7.087308  3.434223  157.092300
80   -6.377676  22.869688  44.799057  0.298354  4.000874       7.104222   1009.827637  178.742661   6.629820  3.604063  126.402611
81  -17.965588  31.315758  47.465595  0.338372  3.730932       6.740481    915.209045  100.809143   7.804271  3.732262  136.528381
82   -9.618034  28.932291  51.650669  0.333059  3.627109       5.579319    814.644836   72.434906   6.489923  2.899611  191.468094
83  -21.021111   1.602189  48.431854  0.268761  2.607282       6.820054    873.391418  -56.185318   6.235248  2.425032  113.340088
84   -9.268159  42.324093  78.901070  0.301108  4.559829       5.221830   1368.126465    2.062479   5.799875  2.086442  124.704575
85   -8.342845  26.221327  40.945347  0.321811  2.726114       6.388758   1104.691162   76.543236   6.789862  3.228303  106.173943
86  -15.269471   3.812709  61.711830  0.332099  4.989866       7.709675    826.926514  111.935081   5.851432  2.915700   84.692154
87  -11.406573  27.560429  86.031799  0.316900  3.836450       6.881331    834.488220  221.352859   5.773532  1.513932  152.781815
88   -1.677976  32.550484  67.404060  0.276125  1.242961       9.302569   1085.401733   86.876442   6.697449  3.677356  112.171432
89   -9.108540   1.228453  61.142887  0.341239  3.875922       5.715507    972.104370   -5.253432   6.288215  3.381079  149.081390
90   -4.017992 -36.653576  50.181267  0.338280  1.372019       6.181190   1282.724609   93.636543   6.206903  1.722835   59.344032
91  -12.078311  34.386593  69.583183  0.282638  3.509768      10.030002    714.345825   34.811520   5.017414  3.542659  156.476456
92   -8.342402  10.965647  45.346233  0.326213  3.844042       7.429494   1304.827515   -3.016479   6.063834  3.936976  170.979828
93  -10.573595   8.259603  43.011055  0.256744  4.724483       5.114028    848.174683  171.107468   7.305525  2.905478  150.147675
94   -7.591450   6.508173  63.323109  0.335736  4.132326       8.199564    791.197083  153.560333   6.800245  3.221536   58.353050
95   -2.184915  22.048792  53.335773  0.278700  2.557333       7.238822    785.055054  190.521332   6.245393  2.113050   62.602043
96   -7.345202  43.641125  58.013374  0.320986  2.704919       8.876447   1030.900635  179.531326   5.581911  2.198860   58.726578
97  -15.669493  30.306477  74.154648  0.315712  2.057524       7.257886    794.351501  109.951363   8.180884  3.768412  148.423737
98  -10.669493  -2.951135  64.659843  0.320131  3.160028       6.326964   1593.366211  174.676941   6.134375  3.463848   77.943253
99  -12.778817   6.760318  47.735409  0.297249  3.407648       5.536646   1959.750854  120.718559   6.201845  3.280284   76.940323
100 -15.724319  19.124580  53.142292  0.314821  4.841564       5.582104    935.191589  200.270935   7.612561  2.813614  108.615997
101 -21.326035  28.988226  80.425461  0.274059  3.174360       6.628742   1580.236084  135.396240   6.199711  3.177572   80.945595
102 -16.415016  33.666622  67.689186  0.310305  3.869205       6.598536    735.981262  224.448013   6.108425  3.160285  152.072891
103  -4.656022  35.227413  45.590374  0.334775  3.091622       5.666728   1291.406006   53.236214   6.512284  2.589052  124.342552
104 -16.104521  30.936428  65.031067  0.298313  4.594385       6.628342   1375.158813  126.254898   6.881385  3.564039  107.389595
105 -18.912912  37.493038  51.452019  0.312091  3.839299       5.661005    994.652405  195.274139   7.909225  2.694397   84.565224
106 -25.690710  31.635012  65.375336  0.327209  3.602440       5.557800   1102.840576  121.229874   5.270739  3.213193  127.774925
107 -26.931072  46.254097  81.082779  0.330407  4.194865       5.904489    915.876709  237.059082   5.515502  3.789905  239.112640
108 -11.769130  33.374657  59.522736  0.309508  4.079441       6.478972   1360.452637  114.326736   7.020674  3.037040  151.274475
109 -16.630411  41.906925  72.080864  0.289039  2.878621       6.057281   1090.623413  180.961258   6.420021  1.908390   67.236458
110 -24.724833  24.497484  78.120453  0.311289  4.560952       8.077043    761.891663   53.010136   6.407039  3.922821  194.160553
111 -22.817184  -0.202049  63.492229  0.299784  4.581632       6.415069    719.198669  193.428131   6.103545  2.760251  107.386436
112  -3.270101  14.157391  49.081295  0.320820  3.313468       5.736943   1144.694214  158.883163   6.671685  3.924116  120.326233
113  -0.533345  25.707838  37.730728  0.320262  4.404002       7.250994    807.876770  194.549545   6.075494  2.494131   77.946487
114 -13.302327  24.793688  62.509361  0.317809  3.122797       6.418720   1256.455566  123.486008   5.458758  3.997509  196.141251
115  -2.768328  -1.521543  39.574673  0.315665  3.392700       6.204208   1891.179321   12.758804   5.780551  3.301975   61.009853
116  -2.208708  25.201969  56.696728  0.346790  4.823766       5.886024   1072.967896  173.992844   6.233980  3.354624  165.818222
117 -22.869390  44.585289  76.273819  0.321695  2.799262       7.086090   1431.181519  161.846725   5.098740  2.797251  126.903603
118 -24.115656  39.812149  66.675537  0.347087  4.683030       6.243290   1050.072754  128.611008   6.759435  2.365088  141.231857
119 -13.222649  36.934814  56.526356  0.349288  4.866565       6.031001   1260.653931   64.931358   6.312879  2.215349  125.912849
120 -16.432568  32.393082  61.869503  0.342612  2.016692       7.372291    724.253601   46.911224   5.049712  1.390721   84.035950
121 -17.120541  10.756971  57.652119  0.227481  3.829443       5.614513    831.595337   15.395276   7.717856  2.579637   78.848503
122  -0.194728  11.310031  51.454826  0.325108  2.545087       6.194302    724.436279  107.468307   8.441843  3.961374  156.300140
123  -4.104671  18.966642  62.372189  0.260057  2.241109       5.653708   1738.953735   17.086702   6.204658  3.180052   99.507248
124  -0.368326   0.758985  39.958897  0.336752  4.934744       6.072044   1446.662476  126.982079   6.847026  3.473485  151.232117
125  -4.266205  -6.041446  24.984068  0.295054  2.616894       5.853630   1060.384033  119.428940   6.105060  3.167145  228.671570
126 -26.899199  25.492882  64.687180  0.329040  2.199620       5.476984    812.972107   59.258396   7.239184  1.815690   75.117638
127 -27.018698  26.289139  74.244698  0.314598  3.450516       5.200914    789.868103  235.254822   7.548308  2.840064  120.346664
128 -26.423241  24.360209  72.567734  0.278390  3.328282       6.770222    800.853760   94.136299   6.576122  3.701935   89.211540
129 -15.682846  23.756704  79.301163  0.278249  2.182839       6.659127   1422.528442   17.667549   5.607517  3.409798  146.245743
130  -5.918170  21.827335  28.813601  0.278553  3.668235       5.810929   1035.501099   50.445213   6.235515  2.889215  103.633980
131 -16.327076  36.412228  68.190483  0.349327  2.332159       6.007299   1379.002563  189.471436   6.263474  3.063065  140.123734
132 -20.444107  26.777809  62.825096  0.313258  4.834495       7.549324    985.027405  143.452423   5.843034  3.893965  109.223450
133  -7.202910  36.048389  67.152771  0.326906  1.514539       7.221791   1300.889038  140.836151   8.023634  2.513529   97.215340
134 -17.255482  24.724049  88.212166  0.269937  2.367820       5.159717   1340.603516   93.607910   7.481324  3.417114  130.471191
135 -19.378981  29.412029  66.687294  0.343308  2.901313       5.706905   1171.943237  156.026062   5.369014  2.817112  149.156570
136  -1.390167  35.174068  53.726460  0.309208  3.421536       6.634089   1014.615417   87.851837   8.092346  1.999498   65.283745
137 -18.919619  28.180756  80.970840  0.263799  2.880804       6.198340    876.361572  169.492706   5.364891  3.770896  149.910507
138 -14.331356  23.236506  78.415665  0.257882  2.369700       6.519550   1205.145630  119.567253   5.798228  3.110689   66.258743
139 -12.027449  23.237213  52.121693  0.295017  4.329618       8.414320    756.472778  209.722961   7.300624  2.997761   96.771057
140  -1.227023 -13.724253  42.371490  0.279522  3.838768       6.712289    773.161621 -229.053558   6.382679  3.649353  105.278946
141  -7.837811  20.775856  76.860100  0.269609  4.257562       6.615586    902.405029  212.084167   7.102974  3.482854  173.631516
142 -16.927851  16.592117  56.695240  0.296629  3.807421       5.677898    909.993896  220.150055   5.404644  2.625511   82.705002
143 -19.607231  40.801983  58.565811  0.301119  4.120244       5.142231   1804.065063  141.105270   5.715679  3.812715  125.754906
144 -33.485508  26.735537  92.887970  0.326430  2.227164       7.714491   1305.198853  185.140533   9.937351  3.957508   78.179298
145  -8.387639  19.712214  69.933678  0.280717  2.808505       5.716952   1471.056152  207.293884   9.462790  3.103937   93.879715
146 -10.288707  23.632790  66.335716  0.239821  3.909106       7.095184   1104.242676  126.145729   8.790175  3.296666   56.962589
147 -11.245125  26.212023  61.857586  0.334190  4.156807       7.735353    736.166504   91.631447   6.651193  2.289160   84.182159
148 -11.796312  22.899010  40.939423  0.302156  2.943194       6.005762   1182.613281  108.563644   5.781000  3.898733   70.166275
149 -23.246489  25.430679  59.889324  0.322012  3.854285       5.666401   1081.637329  101.586639   6.365656  2.674365  109.623680
150  -4.029447  42.424816  53.762840  0.302062  3.653052       6.398438   1957.305664  178.428711   6.068975  3.402159   59.163090
151 -35.491673  33.362293  81.138672  0.329953  3.602372       7.262515   1124.485107   96.110352   5.015768  2.981007   56.838985
152 -12.040674  28.167482  61.749939  0.305649  2.533771       5.241055   1144.346313  225.094879   7.631250  3.172134  124.690651
153  -6.200984   7.312383  34.054565  0.284182  4.151877       6.735711   1102.714722   35.835789   5.955838  2.724107   87.949158
154 -15.749052   6.436805  72.800255  0.236348  4.469256       5.101367    871.968811 -143.635712   7.742193  1.605312   67.605156
155  -8.095297  22.454517  69.723022  0.323631  3.090405       5.752258   1138.493652  174.203186   7.585196  3.299828   82.131668
156 -23.188459   7.716958  77.610863  0.245132  4.488407       6.849538    705.221741  190.796127   5.443966  3.958012  110.843956
157  -5.090086  43.857914  52.637810  0.334785  2.124937       7.090120   1609.621948   92.409958   7.678780  2.544096   81.371704
158  -2.657345  17.915697  54.930206  0.320858  4.903100       5.136909    918.888733   70.668938   6.623437  2.461578  198.326859
159  -4.158080  -5.440656  49.560871  0.262834  2.161690       5.554624   1003.530396   91.120155   6.410704  2.384137   82.135040
160 -17.449131  28.900969  63.804012  0.344185  4.965498       8.517684    836.787842  120.683578   5.489893  2.888361   80.099648
161  -9.975358  29.468410  68.218636  0.271418  4.212998       8.823693   1285.007202  207.203537   5.892345  3.861048   79.150528
162  -4.822962  41.709026  53.692436  0.345087  2.250454       7.130855   1282.539917  104.325623   5.911860  2.619718  138.632614
163  -4.110276  24.776258  57.508541  0.302513  3.157295       5.721819   1861.089722  201.170929   7.167338  3.544658   82.689354
164 -11.019806  31.486725  56.468822  0.301580  3.039723       7.428384    819.899414  109.907578   6.743279  3.968306  155.171661
165  -3.352939  27.467161  46.786083  0.334709  2.656391       5.136033    969.269104  226.419662   6.503252  3.501491  159.420578
166 -13.020909  24.481762  49.870796  0.252639  3.083946       8.891535    812.295959   62.443462   5.967404  3.368878   91.082893
167 -10.784059  19.234488  72.471603  0.332947  3.749988       8.563829    735.158813  222.600510   7.452185  3.398119   98.403351
168  -4.275308  13.284689  52.898628  0.265503  3.878981       6.280209   1265.556030  134.282242   6.169462  3.735217   61.145004
169  -7.010760  24.810631  64.850456  0.253624  4.360481       7.925555    732.933655  129.823547   7.188268  2.602107   70.111748
170 -17.998735  21.758171  52.915035  0.243465  4.915897       5.429244   1736.032104  188.883942   6.318779  3.882730   85.028648
171 -11.503761  37.150494  33.193798  0.312912  4.776147       5.986928    773.741638  151.367035   6.523039  3.155905  199.015976
172 -11.137834  29.543125  55.227032  0.304956  4.418230       5.498074   1103.607300  192.598175   7.427629  2.184511   75.762978
173  -5.282844  15.276413  31.200918  0.287560  3.353903       7.231854   1146.778931   44.060623   5.481754  3.642699   99.783226
174  -0.149904  13.478120  45.873207  0.236435  4.403103       5.727531   1083.335571   -4.942919   7.149549  3.677898  147.195709
175  -1.775804  26.494982  59.032715  0.305685  4.526948       7.058169   1565.488770  100.814575   5.949008  3.017491  114.026794
176  -6.449243  10.015035  39.200012  0.291886  3.330395       6.524125   1477.240967  128.657196   8.202880  3.297138   62.426529
177 -26.924667  39.058434  65.584610  0.288739  3.704799       6.614381   1077.657593  215.695663   6.221099  3.177151   66.805168
178  -8.788465  29.683960  52.509373  0.335301  4.440825       5.802476    762.893555  167.582581   6.633177  2.454135   59.447273
179 -19.258770  16.061241  51.471420  0.311484  3.776448       7.964321    785.347412  131.982025   7.753703  3.244305  158.997162
180 -16.325642  19.250185  74.786583  0.279836  2.870720       5.787005   1087.322266  142.749191   5.255980  3.369284  144.205872
181  -7.641419  25.645576  36.876709  0.306218  2.805357       7.713642    806.895569   90.056625   5.084460  2.717965   82.973167
182  -7.552598  -5.702973  57.270599  0.303153  4.323584       7.734008    876.651001  116.942543   7.871137  2.277453  124.359787
183  -9.092239  16.668259  66.876251  0.243032  3.829207       7.345534    970.241577   38.841110   6.291536  2.828104   71.135040
184  -0.515750  18.776833  38.658588  0.266067  3.376865       5.728242    969.998413   -7.321665   5.819804  2.835530   71.036964
185  -2.458108  28.252552  58.288624  0.255949  3.058545       9.274172    962.796692  151.177750   7.487817  3.562714  120.031303
186 -11.862843  29.882092  51.384026  0.340848  3.988544       7.617927    724.007019   81.273964   6.525868  3.276197   86.606522
187 -20.726738  22.898851  64.225601  0.200335  3.963115       6.237172    793.638550  163.181824   5.631696  3.955382   71.321213
188  -7.311062  30.331341  62.602268  0.288420  2.668533       6.870971   1325.331055   91.677956   5.779884  3.730246   81.582863
189  -0.760043  16.946999  42.847118  0.324561  4.990342       5.374004   1002.515869  225.588623   6.576590  3.947287  200.587692
190 -16.354445  30.896139  59.985500  0.337079  4.535474       5.848047    882.654846  111.189873   5.639186  2.420076  171.729736
191  -0.209826  13.015215  54.091370  0.266862  2.939964       6.065558   1097.171021   93.832024   6.337731  2.401051  151.382263
192  -3.983004   8.143370  50.988766  0.266211  3.782863       6.796391    736.200806  102.022881   5.930537  2.430788   70.587608
193 -38.454556  23.269642  90.670456  0.326542  3.133551       6.108641   1059.257935  135.648865   5.295475  3.970672  109.916389
194 -19.132221  34.493603  56.430012  0.297343  3.230423       5.578194   1030.377319  184.207382   8.578398  3.943860  164.814484
195 -13.497324  27.585489  63.377502  0.325186  2.619410       7.980087    907.651855  169.016266   7.273503  2.796423   57.106461
196  -5.660768  23.425634  56.470718  0.248667  2.802687       6.156840   1171.756470  152.638046   7.096621  3.880755  104.815498
197 -21.500656  26.234144  71.643837  0.307715  2.212648       6.588939   1194.303345   41.800739   6.508811  3.407664   66.108932
198  -8.911686  -3.512892  63.541286  0.302662  2.966049       6.005378    768.924011  161.576950   5.890086  2.987653  158.945709
199 -12.343360  22.159781  59.021660  0.315473  4.217668       6.462738    868.830261   29.389585   6.908903  2.310892  190.045609
200 -15.029058  34.743042  65.178574  0.303690  4.007933       6.082464    731.446350  185.096619   6.477935  2.737293  145.961823
201 -24.354870  34.078804  72.942207  0.327253  4.249684       5.055328   1654.356201    9.488853   5.429050  3.280578  105.694511
202  -4.545532  38.627998  63.732685  0.346740  2.512045       9.798946    875.762451  232.965591   7.836989  3.458396   75.906090
203 -22.080540  34.881348  99.244598  0.347592  4.821089       5.765676   1391.419312  213.237030   5.122546  2.917040  160.356339
204 -23.528177  32.700096  70.703323  0.287825  3.519564       6.032667   1349.981567   80.932365   5.240140  3.961581   60.912395
205  -1.393400  18.189548  58.028782  0.315436  3.538309       5.534543   1654.095947   90.787056   7.050975  3.992950  185.745712
206 -10.257618  26.289782  61.651649  0.331285  2.632504       7.842677    800.204041  187.112762   8.183125  3.148385   52.236000
207  -4.447349  -1.159986  66.039444  0.238324  1.411257       6.316645    905.712585   25.862379   5.029964  3.710099  124.377113
208  -7.559406  38.844128  45.019356  0.338303  4.188733       5.723470   1613.262329  183.277023   5.012867  3.373345  146.213882
209 -23.509226  33.574356  62.894970  0.323098  3.175851       6.815805    820.643738  137.149246   6.649168  3.107341  102.844200
210  -7.916297  16.362652  47.187145  0.248782  4.133921       6.576735   1125.247681  189.629883   5.788708  3.673924  122.847778
211  -2.230258  32.073601  66.655540  0.300072  3.590626       8.417732    787.358704  154.418152   5.925869  3.024820  122.300636
212 -17.226559  28.471561  62.445805  0.319893  4.947342       5.369130   1732.263184  136.076340   5.583444  3.125280  108.163780
213  -4.785439  18.995790  58.640026  0.342189  4.992534       5.244680   1101.703491  176.001968   5.687475  2.726258  135.047607
214 -17.343592  -6.705967  47.970615  0.340335  2.092657       5.812600    861.469910  122.743576   7.999833  2.055933  203.256119
215  -7.789196  31.195253  44.827126  0.325755  4.194637       8.213636    868.367859  205.524399   9.201080  3.303804   94.571014
216  -8.939096  21.813770  70.012512  0.309296  4.202433       5.366397   1337.469727  159.504044   7.979770  2.708418  170.655731
217  -4.313921  12.087364  58.862549  0.295738  3.191353       7.557132   1290.536743  162.683456   6.348211  2.731019   61.206150
218  -0.146714  21.306686  42.735516  0.301214  4.386306       6.850290   1260.513184  148.150223   7.235525  2.194198  113.737587
219  -0.830132  27.725361  60.389977  0.333701  4.670297       5.874306    900.561462  166.589294   6.054123  3.391730  249.343597
220 -10.580842  -1.913471  58.281639  0.254582  3.196533       5.080839    884.554749  173.679184   7.570138  3.198875  146.343063
221 -11.002077  18.024914  57.808128  0.265702  3.986614       5.989534   1087.129517   61.990486   6.481755  3.754559   70.581520
222  -0.521642  32.797565  53.584957  0.251579  3.164852       6.327412   1813.662842  176.729904   6.777708  3.440639   69.587852
223  -7.278082  40.487274  44.263020  0.329040  4.524343       6.288015   1012.544250   95.186432   5.351114  2.505928  103.344170
224 -11.693225  21.404348  57.364307  0.285738  4.472332       5.601274   1253.258057   80.364151   7.109399  2.699535   58.862862
225  -7.955536  12.878793  54.233955  0.269168  4.365148       6.084788   1165.526855  170.286636   6.784458  2.917817   98.947876
226  -8.762387   9.342102  61.101456  0.342594  3.344012       7.566047    728.869019   95.996971   6.591081  3.552431  188.852905
227 -15.030338  24.958946  64.894066  0.303784  4.660337       5.119665   1239.466431  101.053696   7.579309  2.669183  152.203842
228 -16.146101  29.004593  57.252102  0.240517  4.983547       6.006469    840.898865  217.614609   6.927671  3.234392   99.609039
229 -16.122978  32.607670  56.379562  0.273060  3.906260       6.120423   1225.710449  166.713364   5.598001  3.654911  126.147713
230 -12.540440  11.016838  54.518951  0.322240  4.448140       7.005595    805.218140  133.883575   6.390211  2.062762   52.286758
231 -24.600195  24.368315  73.537102  0.313753  3.434828       5.507662    909.639771   88.273209   5.722874  3.247308  110.405685
232 -10.219009   7.344767  60.331352  0.330032  2.608183       6.525308   1780.387451 -162.644852   7.537417  3.625872  101.274651
233 -15.088198   0.440090  46.039284  0.277981  2.212187       5.216953    912.977234   -2.265840   5.128022  2.855042  160.899841
234 -14.388871   5.817030  65.945992  0.259532  3.994903       5.236932   1437.173096  238.179153   6.458444  3.219410   61.189262
235  -4.782469  25.492386  54.233746  0.311428  3.893038       6.878844   1000.160767  199.823242   5.362544  3.000065   94.581955
236  -2.688196  25.944664  52.138641  0.288249  2.881903       6.256277    707.893188  129.033829   5.345045  2.351086  120.391418
237 -10.046045  26.517538  56.636898  0.337183  4.965249       7.769427    906.517761  167.091293   6.678082  2.428512  126.532784
238 -33.009396  34.754108  76.668915  0.332857  3.605072       5.330626    751.519470  231.348328   5.457092  3.809110  206.585327
239  -3.293463  22.691393  59.338757  0.327584  2.837017       9.133358   1025.880859   47.064556   8.983994  3.631510   80.902534
240 -11.190684   4.430654  38.400013  0.338608  3.835982       8.420237    960.688416   32.913559   6.089216  3.346076  164.020157
241  -9.637673  23.859653  64.610374  0.299342  4.106279       5.805303   1138.469238  161.604034   7.216317  3.394802  167.749893
242 -12.886686  25.809940  56.375660  0.312592  2.771281       6.278813    775.318604   79.741356   5.906223  1.948331   70.721870
243 -12.038144  27.395174  57.312706  0.319591  3.754238       5.113379    957.647583  116.813202   8.044616  3.787219  246.772339
244 -20.734140  34.572372  57.584187  0.315886  4.697437       5.454003   1040.605713  183.430054   5.450140  3.864933  139.284042
245 -26.243851  18.622921  58.310966  0.243701  4.057181       5.084882    831.173096  153.924683   8.235646  3.689401  105.126732
246  -4.109514  31.499681  43.374622  0.348756  2.733446       5.435740    730.196045   57.310276   5.627574  1.620977  126.451256
247  -7.464478  33.045296  69.788490  0.306967  2.990797       5.423992   1544.739502  120.404305   7.684682  3.529922  135.407928
248  -6.902987   9.058677  59.032791  0.243456  2.244883       5.901553   1200.100220   75.820061   7.357015  2.535876   73.770981
249 -10.548156  29.183140  50.318699  0.311694  4.312544       6.316196   1081.902832   87.718864   6.276138  3.368551  148.298309
250  -4.810425  21.681217  43.652809  0.244048  4.178938       6.849008    761.290894  204.432816   7.149828  2.319554   53.507484
251  -9.401678  37.373749  71.509834  0.261222  2.356141       5.362718   1609.444092   52.708862   7.067772  3.281949  172.019623
252  -1.131231  40.964615  57.793736  0.341087  3.355739       6.060991   1576.811279  135.370605   5.806490  2.193103  173.231628
253 -10.778248  17.646452  41.364372  0.250132  3.850852       7.207160    768.810913   74.314766   6.764657  3.667469  116.751091
254  -8.435521  27.727970  72.078873  0.332931  2.056619       5.367980   1929.016479  121.821701   6.916255  3.275869   63.470570
255 -20.717041  31.595316  42.210037  0.301579  3.805888       5.050035   1137.035156   49.101925   5.708834  2.762460   85.093979
256  -0.838591   1.417220  43.859978  0.286114  3.296720       5.098096   1471.243042   81.251595   5.187933  3.976535  178.489182
257 -32.366173  21.150400  76.001846  0.334013  3.051511       5.890582    820.300537  135.424149   7.992287  3.401446   53.656708
258  -9.722395  28.310148  67.341103  0.285959  2.892346       7.888393   1067.796509  105.307961   8.349459  3.656215  147.162674
259  -2.653395  32.023548  42.619064  0.249606  3.585420       7.143663    860.049561  216.302048   7.518544  3.989354   93.911339
260 -27.350079  35.810181  67.742554  0.344060  3.098598       5.047252   1817.511475   74.701195   5.743447  2.681995   72.514931
261  -1.252840  21.257921  55.211178  0.298831  4.026373       5.066420   1223.041382  139.048233   7.003280  2.702925   83.827644
262  -2.630177  11.582088  52.746559  0.315068  4.031036       5.772648    715.705139  133.169785   5.030587  3.218094  180.395905
263 -33.424122  28.353045  88.188286  0.255475  3.930334       6.368168   1555.614624  185.453979   7.053024  3.644903   74.004211
264 -19.231094  30.527052  79.361465  0.339479  2.821200       6.837607    921.652100  213.334656   6.527657  3.256834  111.657600
265  -9.070717  24.896967  61.772305  0.302597  4.184823       6.107075    759.742798  142.866119   5.904757  1.921813  211.228577
266  -3.016241  20.384008  45.861450  0.305503  3.006005       5.197390   1056.381958   35.111328   5.401093  3.003461  172.848450
267 -28.203812  29.668688  83.979248  0.313587  4.167634       7.682897    760.475220  149.293167   5.566202  3.569265   99.472794
268 -13.025066  39.116692  76.178383  0.342070  4.163805       8.242340   1166.176880  121.878250   7.370407  2.531116   98.007935
269 -12.022005  20.431410  54.120178  0.317189  3.565347       6.495532   1239.136353   20.484156   5.896024  2.832262   62.823029
270 -25.072458  25.997698  74.123810  0.321454  3.016514       7.244537    914.058594  100.769241   6.038458  3.465272  113.622887
271  -4.399032  34.583183  48.020184  0.322665  2.925331       6.667356    955.656982  166.730988   7.619474  2.341977   92.471825
272 -35.362011  21.006643  66.225670  0.292209  4.150864       5.267550    744.354248  152.669815   5.912360  3.236112   88.895081
273 -18.073042  31.763086  69.505219  0.343437  3.603638       6.198214   1660.283447  238.121002   6.576894  3.630305   81.251991
274  -6.024391  23.923368  72.819511  0.210247  3.068241       6.055484   1011.997253   68.530090   5.262374  3.004634  104.886169
275  -4.212468  32.364639  28.505060  0.284210  3.921543       6.356681   1525.396851  202.551575   7.806126  3.909014   65.881714
276 -14.448234  38.953476  58.160706  0.320196  2.609343       7.655534    875.445984  180.906754   7.420396  3.705568   72.171425
277 -19.804956  28.071186  68.989677  0.321491  3.197296       7.003812    889.818298  102.517227   7.785961  1.450021   75.723045
278  -2.972026  14.660662  41.533573  0.325174  3.990340       7.132415    873.342407   36.103931   5.698740  1.580830   65.026390
279  -0.740088   8.579581  45.060898  0.258874  1.838286       7.442551    888.002197   99.306641   6.461733  1.930391   79.598442
280 -13.067760  38.587929  84.174240  0.302235  1.912866      10.628052    826.320374  194.922028   8.826159  3.641410  170.128021
281  -0.654915  13.143736  46.436234  0.319093  3.720514       6.246991   1143.791992  118.034096   7.579147  2.311742  153.252975
282 -16.449585  20.234531  71.556152  0.324904  3.183290       8.008383    893.383606  125.838783   5.847748  2.206358   63.515671
283 -28.635220   7.801420  74.822243  0.274733  3.370086       5.299933    730.883789  151.736313   7.995502  3.711596  118.141151
284 -20.521719  28.620100  79.643959  0.312037  4.535311       8.739182    858.477051  181.953720   7.165075  3.947158   78.821182
285 -15.329353  31.451824  72.574135  0.321786  2.894256       6.788452   1024.339233   91.457222   7.648648  3.952660  211.866089
286  -0.285611   0.316697  26.555836  0.300975  4.448402       5.306502    934.949951  130.937576   6.018095  2.046766   78.927521
287 -22.942120  37.115353  75.473877  0.308884  3.490835       7.278682    831.040161  219.113586   7.515973  3.203295  122.763664
288  -7.484573  36.161613  73.271385  0.252693  1.908672       9.076421    735.676880  173.210968   7.650135  2.969417  121.502289
289 -28.503452  36.808834  72.886528  0.341616  4.088559       6.126916   1365.725464  124.585152   5.509539  2.960452   80.308067
290  -9.664961  26.875904  49.383324  0.317742  3.887264       9.103662    752.256714   43.358513   6.819524  3.282810   55.638050
291 -11.692320  24.988611  49.020779  0.247750  2.657177       5.262913   1093.263306   23.984955   7.274289  2.506539   59.571899
292 -11.578569  29.364248  72.158508  0.334383  2.329801       6.990834   1105.663208  117.766609   5.945844  3.488548  142.540848
293  -1.747460  24.357990  52.752506  0.325852  1.307989       5.637801   1503.853271   42.220474   6.922357  1.631901   85.734871
294 -10.619036  13.670310  57.120384  0.249623  4.014615       5.798553    994.220215  -41.521893   5.590729  3.109898   94.632996
295  -8.945941  39.271065  55.249050  0.322337  3.793990       6.280221   1416.816162  169.989471   6.582732  3.636166  110.889389
296  -4.677352   9.799219  65.555527  0.283104  1.434987       6.720247   1483.824829   -0.900497   6.165895  3.418611   87.365616
297  -5.846807  34.984314  56.099476  0.303942  2.967732       5.062747   1602.875122  133.343262   5.858590  2.897197  155.725250
298 -23.588995  25.965008  72.666298  0.324913  2.395517       6.529723    865.111267  111.695358   8.321343  3.776631  150.550034
299  -9.038670  36.862968  57.008022  0.321390  4.433539       5.601549   1097.340088  208.691681   6.845641  3.468654  173.867813
300  -6.889016   8.361326  50.954552  0.262857  4.909679       5.942707    727.376587  138.371902   7.284044  3.209244  118.697456
301 -14.895308  32.250923  72.307724  0.228024  3.601460       5.741503   1518.458008  202.118591   5.369906  2.584874   61.896969
302  -1.589615  10.250142  56.974812  0.230512  2.338920       6.263600    812.137085  106.067551   5.348360  3.654317  131.743378
303  -4.829973   0.834086  47.724010  0.334984  4.159728       6.414664   1172.398804  215.143967   6.256390  3.465772  242.134415
304  -2.318606  20.433765  55.664318  0.339897  3.113415       5.284428   1152.337402  143.751282   6.869047  3.266148  235.433380
305 -18.505728  41.381065  60.177063  0.304672  3.571642       5.372927   1543.040894  166.861374   6.118863  2.737710   79.473053
306 -28.076733  36.403736  71.518944  0.296592  3.207257       6.172051   1256.091309  121.239105   7.589850  2.480447   52.621056
307  -9.474765  45.069271  45.547298  0.346857  2.466414       7.311037    754.466736  214.667755   7.725133  2.619304  125.906776
308  -3.555447   7.850283  36.475536  0.329603  1.396531       5.351990    827.435669   18.127354   6.805433  1.963140  223.748718
309 -17.571768  41.214745  67.962509  0.326797  2.267134       6.059246   1955.659180  146.438446  10.125448  2.672937   74.649643
310  -5.551348  15.722000  32.197300  0.343919  3.697469       7.279811   1099.871094  154.520386   5.439920  3.652695  102.115349
311  -5.099822  15.920515  48.763111  0.275105  3.013878       6.696196   1266.602295   79.487854   7.865275  3.034666   69.950294
312  -0.688807  -3.544158  33.633152  0.332404  4.845173       5.068217   1670.248047  114.505981   8.332812  3.398507  169.544495
313 -25.008499  36.904041  74.155533  0.333888  2.982804       5.637608   1315.320068  188.188309   7.338143  3.841452  118.795319
314  -1.404504  38.428528  60.763775  0.326758  2.056838       5.895425   1759.675049  129.308975   6.382583  3.604822  257.923126
315 -13.495231  33.679653  64.840034  0.297248  2.177218       8.887771    778.705139   67.754089   7.252320  3.222452  144.931549
316  -6.949751  19.994087  47.235512  0.307657  2.841524       7.238872   1576.427612  100.849106   7.282463  3.828935  120.220650
317  -5.925817  20.365196  47.198730  0.270992  2.435450       7.790973    728.142578  121.221611   7.479299  3.810284   88.511497
318 -13.719605  38.152794  58.179928  0.321645  2.839486       8.556525    700.031799  230.926788   7.563169  3.197491  102.429359
319 -12.872783  35.709835  70.834236  0.285347  2.573546       6.930000    784.158264  142.887405   7.385923  1.984262   69.482971
320 -15.857750  22.424999  56.118763  0.329167  3.663364       6.223572   1263.169678   74.221970   5.147780  3.564695  141.063705
321 -13.200382  20.631519  55.376221  0.240106  4.175176       6.991072    845.935608  158.051682   6.912867  3.822517   79.041283
322 -17.241711  29.261869  81.734985  0.259894  3.318039       6.097580   1215.288940  207.909149   6.583520  3.612864  112.535805
323  -8.589858  11.919790  61.268585  0.298343  3.429744       7.381817   1284.614868   30.408922   6.840173  3.298321   50.344452
324 -10.452211  32.311180  75.237411  0.320012  4.006592       6.705105   1252.905518  237.317444   6.312822  2.055099  131.299286
325  -8.505578  26.525688  36.668449  0.223058  3.952823       6.162858    885.888000  126.436546   5.827793  2.983579   80.101311
326 -11.197222  23.443865  75.950722  0.262703  4.673720       5.306854   1043.231567  233.856598   7.533189  3.399405  187.295670
327 -14.754113  25.527082  69.873703  0.256649  2.212648       6.637356   1213.701050   23.913813   5.383600  2.971286   92.575485
328  -7.288258  23.892599  39.362705  0.284990  3.407801       5.118005   1556.243774  171.119690   7.425933  3.956144  141.861038
329  -5.324396  38.627323  50.741154  0.309719  4.492359       6.051581   1631.939331  236.165726   7.783931  2.673167   93.463844
330  -5.020115   7.906198  26.356522  0.307875  1.672451       8.113801   1020.482544  109.252373   6.503789  3.788101   61.906376
331 -22.051315  31.979504  68.417839  0.297554  2.929136       7.506234    832.136719  110.023468   6.171396  3.011455  138.099411
332  -4.274800  19.309692  50.006374  0.348880  4.999937       8.018023    948.677246  168.716644   8.464323  2.304276   96.754623
333  -0.547763   4.954158  40.590809  0.300461  1.633010       7.922688   1259.681519   32.134575   5.135324  2.809455   52.679348
334  -3.340818  20.564215  63.978783  0.319323  4.392555       7.514251   1199.511963   18.019981   6.147917  3.597582  125.311073
335  -7.392312  25.538319  60.189632  0.287906  3.244697       6.857035    859.426147  118.609566   5.770823  3.932402  134.127792
336  -7.697989  29.461266  40.139069  0.252678  2.757600       6.316344   1246.723389   45.363850   5.510646  3.793211  105.321426
337  -2.096254  31.873186  56.915146  0.277669  2.574193       9.697502    906.225708  133.749191   6.469207  3.262936   72.543007
338  -3.934318  11.694921  24.222847  0.257263  4.496484       6.810943   1562.177490  129.371277   5.835937  3.356953   50.234138
339  -2.414002  36.916126  62.215668  0.270595  3.994831       7.179741   1026.898315  143.598434   8.166867  3.793953  121.475983
340 -14.754364  24.685902  48.876198  0.325251  3.737918       7.130212    790.260193   59.190273   6.198879  2.549331   92.936768
341 -14.585206  25.039745  66.273087  0.338878  3.766207       5.602032   1480.275635  202.632324   7.629399  3.706094  107.648544
342 -29.394615   6.638347  72.539177  0.281718  2.705204       5.238985    747.270203   67.946548   5.115777  3.190525  109.979942
343  -1.870452  11.728271  67.265083  0.344129  3.590374       6.602591    981.203735  156.745850   7.767450  2.909321  145.214355
344  -4.364748  24.173605  49.080536  0.307352  3.941805       6.062253   1905.301514   58.695568   6.150390  3.686401  151.029129
345  -7.480081  22.398653  71.875641  0.270751  3.283112       7.114156    771.340393  210.673157   7.971345  2.683541   68.731689
346 -23.067434  37.461334  80.191628  0.309031  2.531999       6.803389   1464.813354  131.092773   6.804554  3.692393  113.831787
347 -23.613903  38.351933  67.046265  0.349326  1.951128       6.846449   1373.091187   54.915092   6.762758  2.815005   84.257500
348 -14.726842  19.106621  67.515297  0.227131  4.066686       6.289600   1047.037231  147.548676   7.680345  3.919426   55.865974
349 -15.203291  28.756012  59.550316  0.321513  4.175041       5.442833   1366.418945   54.036777   6.722972  3.667150  146.747513
350  -2.785335   4.431149  47.408825  0.274322  3.189059       5.500975    739.935364   26.753857   5.539059  2.733533  205.139359
351 -30.194845  26.786415  80.687073  0.334259  2.694319       6.430789    776.806824  130.650970   7.538347  2.788220   70.507950
352  -1.142753  46.139687  50.321674  0.301259  2.712031       8.351888    851.135742  180.439865   9.295464  3.704506  189.503586
353 -14.161180  26.819664  51.180450  0.311933  4.098505       7.964329    876.370667  107.792610   6.729761  3.986181  150.362061
354  -7.964220 -11.062306  63.914001  0.344489  3.287711       7.908038    786.419250  186.345428   5.773088  3.647919   90.789703
355 -23.705685  39.310486  71.892670  0.251995  3.783466       5.348221    997.100342  207.550430   6.180476  2.074468   69.471916
356 -27.619349  38.856812  88.268272  0.338366  2.224413       6.204924   1010.778503  125.291801   6.691745  1.502655   69.022865
357 -37.141666  24.467884  72.033546  0.338995  4.643616       6.056134    730.089233  161.502716   6.555115  2.905718  102.209839
358 -14.876328  36.140514  55.659054  0.309477  4.319620       6.220915   1269.344238  179.093033   7.600706  2.510329   52.056644
359 -21.983204  34.772057  66.359016  0.315486  3.378124       6.475349   1742.216064   84.398392   7.356116  3.723874  111.809380
360  -2.927387   5.187797  33.389675  0.261937  4.641423       6.311521    735.962524  128.102020   8.908344  3.515921  196.167236
361 -20.198296  40.354721  58.706158  0.343786  4.671294       5.181804   1456.500122  242.676392   8.129331  3.574406   94.689095
362 -15.199559  33.856792  58.169041  0.269404  4.847970       6.573137    828.967102  204.310089   5.742113  2.792116  111.543617
363 -19.045956  25.563393  72.488167  0.261875  2.407046       5.831202   1158.547852   68.354210   5.977282  3.319062  106.647354
364 -17.947582  17.700834  56.486408  0.277416  3.381115       5.174115    712.409546   93.935867   5.332118  2.497486  143.746048
365 -17.711937  27.182310  76.668022  0.326992  3.385805       5.407282   1134.094116   87.393272   5.821343  3.672044  195.648315
366 -25.260931  18.529392  61.945881  0.285925  4.269563       6.030136    739.198181  201.546432   5.307376  3.450913   61.691067
367 -27.708303  21.586731  67.628151  0.277612  4.531445       5.688695    884.947205   58.481506   5.393302  3.192110   75.638054
368  -4.037092  26.189388  42.589741  0.285900  3.143052       6.061248   1835.510376  192.838699   9.901043  2.851654   78.228508
369  -3.160881  40.361389  67.720741  0.318625  3.443919       5.372334   1731.456177  206.621948   5.320942  3.555505  200.078278
370 -22.980934  37.433815  65.486252  0.268919  3.257866       6.604029   1312.034424  103.024490   6.759682  3.963707   61.349560
371 -15.033401  27.593163  68.524529  0.281607  2.603371       6.276823   1605.920776  117.627548   8.163698  3.978504   50.115643
372  -0.012099  21.015989  49.577019  0.331118  4.984156       7.265486   1096.694336   49.320213   6.715072  3.776214  137.488419
373  -2.995968  36.154701  48.440098  0.329380  1.989018       6.777064    881.375732   96.578537   6.812654  1.727426  117.195572
374 -10.899146  36.815533  74.666183  0.343263  3.474113       6.794825   1200.200195  248.507202   6.341211  3.885731  143.563522
375  -7.168820  16.144863  41.640530  0.298529  3.920561       5.092990   1105.722900   56.309566   6.470719  3.828445  245.080124
376  -5.874622  14.796190  45.819046  0.295044  3.528265       5.547699    863.985596   61.351295   6.286358  2.321463  107.406898
377  -7.819454  19.841236  52.470539  0.335963  3.922092       7.269223   1000.472656  136.114685   7.574985  3.949033  153.144867
378 -30.864258  37.997742  83.321342  0.313635  2.838859       7.990891    797.865967  205.959564   6.780311  3.999851  126.987968
379 -17.477798  26.648935  68.912437  0.334948  4.034108       5.783828   1308.729370  104.322739   7.095798  2.350211   51.735039
380  -0.248220  -7.983694  52.710880  0.264342  1.437524       5.229855   1054.100464   55.435970   7.706107  3.083052  136.565964
381 -31.106779  26.516914  73.178078  0.322040  4.805978       5.817526    752.511169  130.109375   5.464540  2.396891  112.287514
382 -11.312415  42.903687  56.252033  0.300790  3.390725       7.359807   1105.607666  186.981262   8.074896  3.539610   95.883980
383  -9.729173  14.593106  76.549309  0.256844  3.372034       5.610531    868.614624  110.803604   6.292404  2.472815  169.010513
384  -9.025712  23.282862  42.631714  0.345798  4.713185       5.606605    878.197327   40.163486   7.447772  3.575364  199.865982
385  -3.160536  35.231358  72.371391  0.269460  2.894496       9.011282   1081.989990   35.377583   5.196687  2.934309   60.874821
386  -3.606463   8.628888  28.500565  0.260853  4.272936       5.095582   1052.913940  219.525238   5.768613  3.965454  197.527008
387 -19.582834  26.803633  76.833748  0.246987  2.819010       5.214192    962.380737  130.810135   6.795714  1.966481   55.507023
388 -27.278862  45.554111  90.481346  0.331466  2.146996       8.789248   1437.775024  125.338631   8.069810  2.183394   61.980579
389  -7.942067   5.272716  37.589611  0.275704  4.397910       6.766342    761.787231    8.199938   5.497907  3.787421  158.810852
390  -3.236217   8.888981  34.281418  0.279057  3.788830       8.899099    844.957581   82.200226   6.159402  3.858560   77.332596
391  -6.195071  21.462025  42.427773  0.319744  2.492984       5.379789   1296.425171   94.480469   7.477265  3.493898   91.969238
392 -11.439788   9.139974  54.995251  0.237202  4.118355       5.199794   1138.070190   95.711433   7.622265  3.217768   77.628151
393 -21.804504  22.603355  63.229771  0.309920  4.294872       6.471195   1364.578735   73.181282   7.021011  3.332814   83.498222
394  -9.278202  15.745459  65.100296  0.309437  2.904317       6.904564    827.737183  133.054840   5.928856  3.362052  101.296700
395 -33.151711  22.128412  92.219048  0.270132  4.209680       6.086348    799.857178  156.465149   5.579148  3.415482  146.924088
396 -13.728854  17.911070  72.101440  0.261503  2.044245       5.369528   1083.532837   99.866325   5.410723  2.156519   72.376465
397 -24.619032  26.940578  72.379845  0.302860  4.849170       6.673153    921.443176  136.684448   8.167192  2.541287  110.192604
398  -0.456021  14.098868  80.998802  0.305390  2.818521       7.956201   1337.102661   18.915169   6.929903  3.642789  104.320824
399  -6.878073  28.530293  51.008038  0.314158  3.770270       6.670947    960.389832  171.946640   5.419192  3.229746   94.244537
400 -10.461657  41.320534  58.007893  0.267552  2.577105       6.791821   1531.662354  128.174149   6.576488  3.376549   78.303535
401  -0.443665  10.736748  50.191376  0.249826  4.644270       5.464489   1652.959717  199.374466   9.706409  3.642732  128.077713
402 -23.946922  21.900324  75.805740  0.276652  4.882489       6.364411    821.843872    5.305530   5.482286  1.411878   59.938999
403 -18.897345  37.127819  87.381821  0.305085  1.514673      13.353118    816.759460   61.380402   5.489686  3.217954   90.409363
404  -4.757191   9.351127  56.674503  0.343654  4.424813       5.414503    948.518066   32.915367   5.463727  2.833274  127.569565
405 -30.959341  20.296566  67.538322  0.309304  3.337985       5.227311   1026.583740   92.603691   6.403991  3.576974  101.152283
406  -2.245420   5.352583  65.499924  0.263821  4.064907       6.711482   1373.448364  -28.905504   5.503630  3.895420  113.859283
407  -5.837114  42.480259  52.259026  0.281807  3.113770       5.728899   1827.047241  133.657715   6.281217  2.994727   55.308079
408 -10.577261  22.777481  67.358681  0.311617  3.362732       5.927124    845.265137  238.898499   6.085954  3.298783  149.940109
409 -26.052170  45.466686  85.928596  0.326712  2.638403       8.899030   1613.932129  189.290359   5.252460  3.919688  143.075455
410  -4.181560   5.958129  43.847218  0.289796  3.121709       6.301985    875.959778  246.105484   6.346061  2.797587  169.462189
411 -15.778876  33.618385  79.473686  0.219344  2.260453       8.105868   1192.604736  198.157806   5.112127  3.585497   58.884155
412 -14.796583  29.512178  68.719109  0.274676  2.691566       6.477251   1404.925781   25.367098   6.174944  3.650527  103.911560
413 -22.492313  32.058716  59.599945  0.295770  4.109858       5.420712    987.248413  195.690277   5.811189  2.850860   81.312523
414 -14.194331  27.394270  65.300835  0.301695  3.105763       7.203928    894.230835  107.291901   6.410160  2.967909   72.215302
415  -6.017311  20.450768  52.670002  0.322110  3.081683       5.826304    916.685730  104.684967   5.743214  3.466466  114.902222
416 -22.898232  33.619518  66.748413  0.300869  3.216805       7.336102   1468.519165  127.929153   5.445261  3.973024   65.044724
417 -13.934210  26.811573  75.560410  0.293270  3.542230       5.987418    898.139160   17.546545   6.485713  2.367741  128.911545
418 -31.543720  23.545504  72.662514  0.306666  4.306996       5.182081    790.160522  114.216545   5.502000  3.198567  103.977829
419 -14.201726  29.075878  73.729637  0.292886  3.821291       6.936295    937.314026  102.910286   6.365127  3.552327  100.588112
420  -1.115509  36.693943  57.432438  0.316059  2.048701       6.172697   1213.521729  139.746628   7.453945  1.991654   70.908913
421  -5.767276  14.488871  46.802879  0.300784  4.385822       5.975855   1143.080444  150.765289   6.981033  3.998473   55.808350
422  -5.368628  20.787971  77.267906  0.233338  2.066943       6.097363    947.803162   81.241402   7.405161  2.488290   78.282173
423 -23.753063  41.312805  54.653534  0.348325  4.985083       5.287390    972.705078  219.764679   6.256858  3.649159  132.993088
424 -17.158031  24.680841  66.193169  0.310418  1.249876       7.097173   1883.393433    9.163352   5.554767  3.723358   89.158279
425  -8.722764  -7.359581  54.824001  0.302683  4.793290       5.719659    949.747253   46.002155   7.637070  2.837775   65.625992
426 -27.619701  46.174049  65.230179  0.337764  3.006769       6.808698    992.427307  194.264938   7.027555  3.330527  120.689087
427 -14.358984  13.177807  61.933952  0.270096  3.819674       5.846439    809.862610  120.870949   5.200206  3.902992  110.234123
428 -29.133501  41.269062  85.019539  0.326541  3.357737       7.466935   1000.942749  222.807571   7.249018  3.715590  151.817551
429  -3.106948  11.158359  54.042343  0.243010  4.237330       7.411171    737.898560  166.120056   6.581749  3.160098  116.350639
430  -7.968990  42.369923  45.840504  0.349965  3.363482       6.593164   1249.986450  104.982239   5.094781  3.898114  212.839172
431  -1.875645   7.622309  32.750412  0.311648  2.483335       5.896926    750.113220   85.184105   7.100908  2.875650  179.661514
432  -7.682332  20.218199  55.404812  0.257728  2.519232       5.873736    957.709229  184.067444   7.983538  3.919329  111.475510
433 -25.202454  15.783216  75.623833  0.313678  4.508490       5.394946   1661.790527   72.381569   6.906379  3.625212  134.616699
434 -34.481544  36.193268  90.432510  0.297742  2.959804       8.601794    968.543152  157.571930   6.673581  2.503185   54.142937
435 -27.089176  21.741629  77.533569  0.322528  4.428353       6.765678    733.795593  120.731758   6.683023  2.802448  179.389282
436 -13.471102  41.067268  56.638176  0.318344  4.307089       8.134013    793.215515  219.734131   7.643835  3.862041   93.307915
437  -4.046255  32.275379  57.615997  0.312266  4.446890       6.415093   1298.231323  209.445618   6.169498  2.870878   84.904121
438 -10.208969  20.887630  42.332615  0.330001  4.034894       5.875224   1070.903809    9.495859   5.614640  3.257092  134.179108
439 -21.871580  35.012749  63.441650  0.324649  4.054862       6.881931    882.692627  104.181969   6.623764  3.001358  150.724365
440  -6.334546  45.000504  55.843124  0.343647  2.190534       6.583321   1381.711060  169.280716   9.191390  3.081691  154.163376
441 -16.603367   3.930910  82.062576  0.250130  3.533146       5.065041   1441.958984  237.751556   5.097102  3.451970   55.955685
442  -6.819380  42.136955  53.978939  0.290013  4.036456       8.305105   1301.798096  197.280853   7.879256  3.020844  106.450539
443  -7.058321  22.398443  56.851887  0.314126  2.145056       5.608328   1662.276611   10.463775   5.654556  3.814567  108.975464
444 -10.672215  29.030449  50.963833  0.258676  4.567014       6.237032   1561.121826  103.692627   6.698859  3.494650   74.743080
445 -21.344183  15.391255  67.176460  0.301527  3.944996       7.830230    834.746521  122.927711   5.291170  3.988917   99.116486
446 -14.331390  34.870586  52.099510  0.316750  4.903080       6.839874    938.233276  178.358429   8.358634  3.610805  136.001633
447  -9.301070  13.176834  47.611393  0.244279  4.289082       5.525179    762.497925  222.425568   8.191715  2.947397  145.531082
448  -2.277430  33.845352  69.565025  0.307650  3.122609       8.203332   1386.076538  204.256531   5.788342  3.785051  104.199188
449 -12.371522  18.459831  85.777878  0.279059  4.248109       7.669195    811.916443   89.827705   5.584576  3.971342  109.949738
450 -14.226522  22.897360  70.106277  0.271991  2.009539       5.869590   1500.169189  243.601257   9.991150  2.703928   50.931408
451  -7.185286  46.892460  73.706619  0.347356  2.064451       8.215343    915.092712  210.357132   6.383872  1.056461  103.057098
452  -1.508034  29.705055  47.501823  0.340017  3.220935       8.388247    977.124268  207.782135   7.322074  3.755653  153.658371
453  -2.676939  -2.557651  38.782185  0.325578  4.716278       5.877092   1419.752563  192.750214   7.840074  3.461260   85.534409
454  -2.292162  22.947430  52.431419  0.270203  4.095499       5.329712   1311.451782  200.853760   6.293144  2.416463   72.301178
455 -15.796151  10.891885  77.677109  0.345204  4.518862       6.996536    816.785156   50.107937   6.598639  2.977432  246.042709
456  -4.123681  27.947174  50.772888  0.257267  2.026112       6.238659    858.238403  104.492462   7.924109  2.129743   74.200783
457 -33.038750  32.061054  87.415588  0.324097  2.299012       5.883194    905.361145  123.603477   6.184545  2.781497  142.578568
458 -16.003086  19.364754  57.568150  0.331888  4.606635       5.886640    702.322815  162.273911   6.554801  3.366481  238.532974
459 -12.007922  16.007494  53.058311  0.308436  4.630788       5.533792   1538.691895  110.336128   5.216692  3.307438   59.478886
460 -15.951082  13.089706  53.584892  0.333712  2.255445       7.917462    883.749817  -26.206478   5.766431  3.750758  248.363464
461 -10.914738  39.047375  77.537590  0.318043  1.958448      10.368402    841.920288   67.151192   6.704280  3.536886   78.466637
462 -22.856239  16.752234  56.222820  0.250019  4.393160       7.561640   1006.584534   41.689369   6.481625  3.631486  106.243561
463  -5.809935  16.650589  61.184410  0.265723  3.834589       5.465714    892.623840  133.411148   7.298117  2.568015  150.203079
464  -5.081374  34.813339  59.742916  0.331678  4.403260       7.591581   1184.985474  153.938614   5.918916  3.506716  155.515732
465  -3.338253  11.167225  52.477085  0.331197  4.283432       5.586095    725.267334  192.593216   8.145857  2.570088  195.480621
466 -10.953675  29.127924  43.517277  0.343229  4.837738       6.148328   1597.214355  187.477448   6.859387  3.598287   97.619865
467 -19.977633  15.057199  70.462578  0.288229  4.876454       5.479120   1481.200684  -13.411553   5.684992  3.046994  130.747665
468 -13.400778  29.402178  61.954670  0.335167  3.575300       5.463381    933.469299  115.767860   6.080498  3.275829  218.116684
469 -24.747427  22.830479  66.770981  0.255284  3.627909       5.698054   1189.213867   96.347527   5.854314  3.034286   52.087715
470 -27.991827  33.740726  56.919128  0.321048  3.928808       5.320319    747.122559   37.954494   6.310771  2.797967   54.306377
471  -9.440633  20.885904  84.877838  0.333504  2.712024       6.382379    972.015381  136.737701   5.001000  3.196533   95.562050
472 -12.542912  11.455592  55.806335  0.293464  3.242954       6.628540   1018.515686   76.759811   5.929235  3.283834  171.607529
473  -3.780561  18.597624  52.132641  0.255286  2.541687       5.468246   1098.659302  111.642052   5.659461  3.450289   96.929657
474  -2.273787  26.237122  46.503948  0.266801  4.262207       6.884954   1464.202515  120.380455   8.052557  3.217302   90.855019
475  -0.943954   3.049173  39.966286  0.293701  2.273213       6.015775   1515.789307   62.013718   6.854015  3.554615   81.189308
476 -10.885818  25.067158  55.070034  0.259440  3.823590       8.249611    772.977783  125.562347   7.785594  2.854868   56.789555
477 -12.741146  14.761597  72.451263  0.305562  2.586734       6.208236   1080.985718   16.173697   6.052641  1.340537   69.226776
478  -9.546843  28.214279  61.918453  0.341553  4.396285       5.644970    870.794922  110.192406   7.235864  2.551950  183.713486
479  -5.615291  28.637897  52.495556  0.279333  2.790047       6.780731   1158.945068   54.054035   5.652677  2.431431   62.517937
480  -5.658826  14.815903  58.531441  0.301678  4.882119       6.271066   1115.928833   70.535027   5.799922  2.264163   77.258003
481  -5.877290  13.440866  33.817440  0.334701  1.851593       5.912826   1197.584229    9.123158   5.601808  2.640430   53.517712
482  -9.477783  12.188907  64.271225  0.248757  3.093748       7.176531    713.425720  170.667145   8.094262  3.503063   96.187859
483 -18.670370  16.875463  70.946869  0.285341  4.384785       5.566568   1477.720947   33.339115   7.800785  2.575873   83.498238
484  -8.504001  37.470997  47.754601  0.330580  3.678628       6.205299   1501.454468   44.587219   8.670888  3.365705  178.678543
485  -3.553563  32.080349  62.958874  0.296058  4.877529       6.949049   1021.193481  131.770142   5.304020  2.078153  176.845291
486  -5.191681  36.649311  38.299103  0.302499  3.890401       6.442689    761.245850  167.307297   5.601213  2.621557  128.172394
487  -0.531651  21.012947  61.614788  0.329245  3.455675       7.305906    710.071228   96.456551   7.306148  3.024363  133.844818
488  -1.519902  41.095337  47.095413  0.263610  4.079418       8.624997   1234.559204  198.873825   7.102437  3.525941   91.902298
489  -7.960943  21.100170  41.616951  0.345685  3.911372       5.947462   1636.220581  139.339127   8.944530  3.018248   55.344414
490  -1.639809  23.157557  44.194752  0.314339  3.245071       6.178744    877.956604  174.748901   6.206187  3.923937  181.358826
491 -14.732555  34.394772  53.272594  0.337458  3.270246       6.021977    894.548645  129.838013   6.738168  2.032812   61.304340
492  -4.309151  27.264208  52.480778  0.342490  3.915185       6.065703   1225.992432  170.279907   9.051484  3.282755  134.473923
493  -7.097951  21.735136  57.830555  0.253279  3.206775       6.823742    948.074158  157.117004   7.008986  2.906584   55.926544
494 -19.642588  36.315384  63.637077  0.329197  3.328550       7.849972    744.662415  135.155746   7.526373  3.443393   52.748764
495 -17.869307  25.663830  67.573036  0.343592  3.829991       5.800931   1485.521484   74.597984   5.631357  3.477223  109.240173
496 -11.230330   3.890612  66.858070  0.239631  2.820148       5.025426   1402.980469  236.949524   6.965531  3.593622  101.941772
497  -6.154067  -4.994313  32.301056  0.202458  3.575721       7.153979    829.245544  -47.795784   5.610074  3.674637  115.395981
498  -2.481532  19.715269  45.794456  0.302365  4.737357       6.846484   1450.824951    9.227211   7.170490  3.827094  158.087891
499 -20.491571  16.302353  77.588043  0.285121  3.394652       7.498135    881.472717   88.508286   6.674982  3.819206  162.627426
500  -4.182172  34.796608  82.489922  0.349561  1.118843       5.242787    861.749451   52.182747   6.012546  2.062846  243.633331
501  -7.366579   9.373298  66.386711  0.327019  3.702220       5.923977   1000.753723   81.146568   5.990000  3.084072  109.536240
502  -4.442076  16.275570  23.620180  0.285878  3.701879       5.500157   1852.945068  175.616837   8.229885  3.831136  106.132858
503 -13.036250  32.549644  58.554771  0.285740  3.579540       5.013669   1227.062988  205.715118   7.187241  3.015795  128.929245
504 -31.180271  28.436182  67.029846  0.323782  4.480681       6.040659    804.140259  142.885422   5.213755  3.073026   54.015652
505 -12.842393  29.614073  55.283878  0.263628  4.104557       5.004260   1197.767334   37.905888   7.515453  3.155917  100.126450
506 -26.181349  46.293671  73.356590  0.340052  3.239813       6.948233    759.206299  204.039749   7.294854  2.299025  146.954163
507 -20.071915  30.897503  74.202873  0.277408  3.401302       8.812722    782.858704   82.446762   5.445633  3.735244   97.144905
508  -5.024678 -11.227064  38.663826  0.347687  4.946546       6.280173   1171.840332   27.877701   6.596662  2.705252   77.555695
509  -2.255123  -8.053025  51.556099  0.303365  1.489137       6.987543   1267.195679   82.707550   7.342435  3.731760   74.659271
510 -21.928478  34.620987  65.219635  0.324846  3.258892       6.964696   1519.219727  187.107208   8.273217  3.201828   71.957832
511  -0.373149  26.567757  60.349350  0.317557  2.118624       5.141179    740.808960   72.398705   7.224615  2.999179  240.408066