           lon        lat         inc      D1AU     delta  launch radius  launch speed    t factor       B1AU     gamma         vsw
0   -16.615915  28.162041   76.504799  0.329518  1.530118       6.207570   1412.059570  194.159760  10.941690  3.431225  163.127747
1   -15.417685 -21.976154   61.475697  0.304508  3.311996       6.812115   1040.698120  180.697983   7.438015  3.058705  182.739197
2    -6.517200   7.391119   40.669289  0.344170  4.701277       5.645680    962.774902  189.715103   7.010657  2.412644  118.055969
3   -12.444525 -12.466662   44.040386  0.265270  4.951060       6.285058    952.997498  216.817139   6.080677  3.439976  161.826492
4   -27.567415 -23.653732   20.183743  0.280542  4.193451       7.675385   1033.414673  214.797913   6.606953  2.471478  124.030632
5    -0.667586   6.230417   60.308041  0.317464  4.917894       7.248754   1074.283447  -43.229443   6.514349  3.895952   74.555031
6    -9.762474  21.785915   32.492867  0.309948  3.193300       7.938370    750.192444  187.448593   5.693433  3.620150  166.641373
7    -6.174853  21.944862   33.293247  0.342014  3.743472       5.732435   1056.526855   91.653526   9.418092  2.938888  210.093796
8    -9.543225 -31.248083   74.122696  0.333685  3.247271       7.454305   1136.714111  241.043701   5.641057  3.899493  212.605484
9   -19.284048   3.795849   38.887264  0.332411  1.407555       9.718718    995.211731   22.868172   5.449263  3.947768  139.765472
10  -19.846594  39.897625   63.873772  0.315669  3.636537       5.479558   1570.396362   90.878784   5.871474  3.251989  129.168411
11  -22.639553 -17.966249   71.068260  0.294793  4.372915       7.754930   1260.624512 -110.719650   6.196776  3.732981  113.410072
12   -0.324691  27.279924   60.623005  0.321191  4.093494       7.040119   1083.748291 -144.542923   5.427587  2.677039   86.490379
13  -18.597473 -34.488464   63.355938  0.267029  3.750986      11.882856    918.065735   -2.193018   5.168270  2.323606   86.416107
14  -16.335110  -6.255750   67.462936  0.286029  4.460075       7.587810    923.874939  134.518478   6.752139  3.740095  120.382217
15  -25.593124  25.160673   77.843437  0.327866  2.116774       6.216938   1942.558350  226.669159   6.656821  2.920043   59.662266
16   -8.738568   7.837062   30.990181  0.289853  3.745329       8.733580    819.246765  119.975601   5.201524  3.599060  115.648865
17  -31.564196  20.712679   80.803383  0.329359  3.160186       6.690803   1119.322388  110.893227   6.480106  3.988595  129.024017
18  -13.667149  17.067123   58.127304  0.333555  2.180731       5.621257   1478.983521   27.255802   5.905491  3.019080   62.628517
19   -6.757378  13.751900   19.842192  0.274307  3.687690       5.993979   1595.213867   93.452843   6.177812  3.722486   66.188049
20   -7.938853  13.955558   30.540731  0.279842  3.754246       6.982046    851.568054  152.919174   6.024525  2.861407   87.342407
21  -17.036947  35.400307   67.024971  0.325066  3.808281       7.000659   1700.258057  122.557961   7.622799  3.506135   99.079849
22   -6.761822 -18.195850   30.056641  0.305056  1.887547       5.383013   1738.964722  -46.873268   6.619699  3.568947  102.714951
23   -2.565337  -6.215601   42.252953  0.259560  3.250308       8.027278    743.930786  103.062988   6.629057  2.911080  117.261162
24   -4.190650  29.042990   55.565495  0.322779  1.441840       7.412316    815.882935   72.828804   7.033566  2.503989  182.127167
25  -23.028734  17.521765   56.519062  0.336771  2.189127       8.113994    795.189697   -9.009496   6.221584  3.856746  158.954361
26   -9.523561  22.420753   79.874100  0.248077  1.199678       7.966830   1055.820435   78.916908   7.689190  3.355008   83.477753
27   -4.274326   2.942258   13.399609  0.330823  4.427685       6.417134   1163.445801   13.948495   5.429534  2.960715  128.451660
28  -28.988997  25.298859   90.300972  0.344030  2.239647       5.617673   1153.143677   77.474792   8.084880  3.351669  189.726929
29   -2.472249 -26.015940   77.796043  0.299131  4.961910       6.229933   1013.102966    0.638913   5.328034  1.596449   97.467056
30  -11.109637 -20.207661   67.847252  0.270911  4.574124       6.927302   1707.697144 -178.644455   7.199044  3.888804   72.763397
31   -8.581022   4.247924   99.445580  0.344678  2.760867       5.280310   1522.316040  -22.333908   6.006645  2.526417  181.026825
32  -10.193351 -19.021652   59.553265  0.297803  3.246255       6.346385   1283.947266  200.386932   6.722095  3.230786   77.615097
33  -13.496092  22.613333   67.631226  0.281852  3.730474       7.493444   1012.265442  106.470863   5.327095  2.793769   62.530079
34   -8.355325  11.114029   63.368256  0.335975  4.007636       5.143073    733.532471   57.511936   5.153416  2.673576  275.634979
35   -4.338681  28.966953   11.944355  0.346765  4.037460       5.710996    927.659241   80.358788   5.522947  1.884245  114.511131
36  -28.206892 -10.241609    2.895843  0.331723  2.532414       6.789671   1319.930298  213.494080   5.363973  1.888333  117.169998
37  -13.948459  20.216019   68.869781  0.343394  3.095524       8.560853    757.521790  238.517639   8.361069  2.469226  131.503525
38   -2.885420  14.888697   51.483231  0.333868  3.952402       6.159092   1388.772705  155.868073   5.490623  2.575832   69.456367
39   -4.718129  11.397072   22.545288  0.308990  2.390206       7.094101    707.713989   80.917191   6.400968  2.866223  233.294022
40  -17.514397 -14.352748   23.396091  0.330587  4.829829       7.104240    962.918518 -224.638153   5.473887  3.409374  145.358719
41  -24.509619  -3.640898   74.852905  0.301500  4.008967       5.394369   1231.701660    1.627474   5.418478  2.693990  137.982941
42  -21.955572  36.843498   45.280994  0.276595  4.065827       5.867153   1088.006348  190.872864   7.602921  3.830880   87.505264
43   -0.599891  27.164692   57.535351  0.309264  4.587483       5.168511   1674.339600  190.642776   7.775928  2.593101   79.999962
44  -10.675500  -2.890967   64.033844  0.304002  3.185221       5.767087   1488.067749 -134.724243   6.204426  2.992477  149.360275
45   -2.529944   9.995075   57.077225  0.308479  4.254167       6.981950    885.564331  162.602722   5.681409  2.589003   86.076050
46  -10.923581  24.832396   52.751450  0.297365  3.049665       5.746727   1322.316650   68.547874   6.100780  3.742197  126.362732
47  -16.879553   9.950809   42.572636  0.321377  4.666971       5.906491   1076.367432  121.938789   7.127459  2.475616  166.323563
48   -9.462142   5.222596   53.711483  0.342327  4.612377       5.273653   1126.645752  220.853821   5.190240  2.097024  258.677368
49  -15.486557   6.208769   61.491505  0.287799  3.969246       5.859029   1220.836914 -111.494240   6.012988  2.538858  120.600426
50  -26.269171  -1.655462   66.840500  0.323307  4.860889       5.009461   1564.488647  196.868271   5.838247  3.785917  117.535439
51   -0.541214   4.614408   30.416485  0.288513  3.101959       8.081614    926.628296  104.983292   7.600811  2.303484   99.300262
52  -10.343435  -1.449540   81.859680  0.331918  1.211427       6.329523   1559.136963  -12.619128   5.739748  2.528546   77.785858
53   -3.514562 -11.905190   74.179321  0.299402  3.534532       6.670588   1312.366577   88.722397   5.778204  3.080926  159.182129
54  -26.578688  29.250999   88.498749  0.309837  2.912895       7.664708    904.358826  191.638138   6.819938  3.083690  129.313797
55   -7.980158   6.588103   41.726879  0.314913  3.515781       7.974610    818.668701  199.084442   7.891745  3.794175   56.603722
56  -19.407791   1.238272   36.004810  0.304763  3.438532       7.695076    719.567749  210.926422   7.416173  3.560122  108.004631
57   -9.353643   9.312607   34.940784  0.317710  3.335522       5.728220   1066.612305    1.109049   5.631584  2.518213   98.063522
58   -8.000308  22.114569   63.030605  0.257193  3.889529       7.005460    765.880249  160.562668   5.528264  2.865769   96.530960
59  -23.716784   1.556251   40.652531  0.301305  2.606204       7.094759   1003.132812   71.203896   5.843283  3.546721   94.801727
60  -16.643826   8.794529   79.935135  0.306142  4.192339       5.756211   1529.743164   78.973488   5.682191  3.175436   63.359020
61   -1.028873  32.953259   34.364712  0.301835  4.220374       5.168603   1206.162720  223.384506   6.173735  2.430416   88.339531
62  -16.487391  26.941822   45.832470  0.334858  3.517891       5.764287    955.310608  124.951469   6.098388  2.882716   62.463566
63  -13.064744   4.803158   81.983101  0.316573  3.760066       5.465405   1453.096313  203.234314   6.678517  3.200092  116.371078
64  -12.580348  10.326227   18.048380  0.349100  3.059492       6.414589   1306.181885   14.414633   5.906999  2.962989  159.671677
65   -9.334283  15.864945   67.616661  0.277352  2.679819       6.583786   1022.408569   53.728172   7.128453  3.456986  127.223259
66  -19.627441 -13.886007   76.982147  0.288896  3.842838       5.577591   1782.607422  -69.751419   6.125086  3.074517  111.560555
67   -7.430029  -8.087342   40.238739  0.274801  3.805668       6.292346    858.015137   50.824749   5.892782  1.611581   60.656857
68  -10.580476  23.646658   34.741467  0.321407  3.128670       5.366138   1554.625854  230.040146   8.081985  3.445050   86.967110
69  -18.476442  33.472137   65.589615  0.292810  3.705896       5.967644   1513.309448  112.274437   5.244316  3.266242   63.518555
70  -19.198708   2.870757   47.068626  0.303602  4.097855       6.741952   1225.536499  245.755966   6.672602  3.877171  111.883400
71  -10.483459 -12.287202   64.112328  0.296059  1.099732       8.392165   1087.306274   14.702467   6.338206  3.653360  148.421570
72   -4.077232 -14.008276   74.915962  0.334971  3.209715       6.081289   1229.885498  194.333694   5.642306  2.728406   70.844719
73   -4.994180  16.123301   27.375908  0.324005  1.415714       9.337909    829.219116   -9.707240   7.617455  3.844191  133.935028
74  -12.570160  23.568794   81.812271  0.319813  2.340894       8.099266    820.327698  125.327599   8.421361  3.170040   72.506477
75  -11.108708  43.209053   64.089302  0.314954  2.275316       8.563336   1097.246582  166.336472   8.140862  3.028367  123.024879
76   -0.355735  23.732504   31.157291  0.298780  2.192369       8.257678    941.606750  188.639511   7.251426  3.456994   68.609184
77  -11.130281   3.213045   55.387238  0.258692  3.317825       7.797591   1033.742798   62.337112   5.784941  3.377287  119.173294
78   -4.617780  33.890484   70.490913  0.318918  2.628388       7.810124   1710.260010  118.612991   5.653210  3.162634   70.981117
79  -10.823187  12.452264   26.126190  0.313279  3.656825       5.307745    878.644470  133.432663   6.033844  2.106965  184.677994
80  -17.015327   7.025029   54.334595  0.348740  4.108081       5.935589   1018.522461   81.772911   5.097862  2.888435  197.297607
81  -19.475088  -5.912021   56.247093  0.300412  4.921352       7.047450   1605.932983  -52.850330   5.233587  3.063068  115.835892
82  -21.903936   4.362295   42.369984  0.300901  4.992202       7.790450    811.330505   81.241127   5.556496  2.838219  126.012062
83  -11.692754  33.706158   46.948711  0.311220  3.651911       5.593398   1406.134644   83.111198   5.946836  2.668269   78.208786
84   -9.576414  25.248861   58.308216  0.260275  3.747187       5.530200   1870.218994  117.021141   7.848922  3.074772   73.384720
85   -7.207325   7.226964   58.694210  0.253433  2.396412       7.514363   1508.411499   28.119898   5.181898  3.661911   67.034218
86  -17.801624   9.567535   92.107857  0.282439  4.971668       7.886719    723.125122   45.689049   5.256064  3.343802  122.576111
87   -6.752389  -8.412590   66.834343  0.281371  4.149779       6.628698    742.969116  -98.474403   5.708819  1.993917   79.049019
88   -4.060036  -0.074782   58.617905  0.319125  4.209487       5.575081   1203.674927   21.808634   7.191611  1.972988  109.724014
89  -14.602126  34.742485   55.563793  0.312684  3.643980       8.117863    943.545715  246.934967   6.793361  3.284552   71.232658
90  -18.659311  20.833427   73.288643  0.281416  3.679741       6.505114    969.124146   98.709679   7.700805  2.918575   84.395821
91   -7.086924  24.797207   75.179451  0.321028  2.563547       6.318004   1749.037354    6.655556   6.427804  3.595894  165.045441
92  -11.079631  15.223849   54.356964  0.290230  4.037940       6.006772   1787.352539  109.725815   6.281182  3.477859   97.280014
93  -22.513464 -22.709705   61.719788  0.349719  2.028349       7.074368   1491.272217  -89.009285   7.825423  3.163499  131.507919
94  -34.578083  34.673737   99.094154  0.319933  2.947366       6.300286   1369.196045  236.408157   7.662373  2.506271   93.312500
95  -13.404609  -6.700033  107.758720  0.279905  3.004300       6.934412    984.251526  117.911034   7.136355  3.260231   85.868530
96   -7.056509  27.057970   12.589085  0.345271  4.185776       6.906148   1039.161133  176.177811   5.207571  3.594537  101.130524
97  -11.223475  44.119205   41.814548  0.296756  4.504087       5.888159   1644.663940  232.253281   8.116640  3.426710   53.805077
98  -20.060915  33.517551   83.934769  0.290387  2.725784       9.201278    918.766602  191.745316   8.112861  3.082443   52.158001
99   -6.271171  36.419319   50.265186  0.323096  3.509619       6.743589   1372.651978  149.906952   5.979156  2.751564   50.998074
100 -14.700320  14.017730   69.997505  0.345554  3.292483       6.846870   1204.697510  186.637817   5.875553  3.530616  125.524147
101  -4.928240 -11.655002   78.937706  0.332016  1.948893       6.984057   1435.762207  -23.398174   8.792746  3.602268  118.842979
102  -3.127219  22.910549   53.962208  0.299809  3.846507       5.203294   1332.809814   46.762215   5.598637  2.517269   99.072243
103 -14.103552   3.351624   57.418308  0.330171  3.402182       7.693574   1404.893799   98.729912   5.195632  3.702224   73.943840
104 -12.899235   1.265604   28.661386  0.328564  3.205888       5.141559   1222.837158  189.578430   7.746417  3.619269  197.512848
105  -3.519346  -7.323236   46.062218  0.269489  4.512142       8.313684    907.008240  -20.046192   6.119437  2.292611   52.130226
106  -9.883853  -2.492410   40.873371  0.209822  4.536184       7.017819   1113.511597  234.066940   5.697995  3.254535   64.072174
107  -9.253245  14.379601   54.867466  0.261433  3.330602       6.982120   1104.757935  243.000397   6.566818  3.182257   61.444462
108  -2.557159   1.983768   56.073368  0.260472  4.047272       6.975330   1130.248413 -103.152817   6.386583  3.723000  125.419334
109 -31.727650  23.473646   76.826012  0.323290  4.443056       6.479651    920.733032  201.762299   5.794358  2.638835   90.108452
110 -20.205030  11.699129   48.366707  0.304968  3.155007       7.907398    720.567017   82.830444   6.519295  2.443411  120.802483
111 -40.430157  22.746593   90.730049  0.333672  4.008030       5.326021   1362.765869  169.915405   5.228786  3.050917  120.776375
112 -12.684310  -7.292611   58.984451  0.290808  2.341636       5.374847   1570.920410   99.256790   6.105731  2.881361   77.068382
113  -5.507204   4.120172   66.955223  0.317026  4.889825       6.246621   1450.086548 -118.403069   7.158707  3.825702   61.861038
114 -18.174307  -9.884786   50.014568  0.328421  3.337491       6.108892   1864.682129  172.196945   6.039472  2.897220   79.890923
115  -2.476009   7.956662   37.152855  0.334013  3.791249       6.089976   1346.113525  139.805054   6.164304  2.629619  102.381851
116  -2.477817  14.067305   38.122814  0.348856  4.628885       5.077797   1973.113159   74.450378   6.353606  3.004101  190.701172
117  -5.482764  25.166451   30.611109  0.338428  3.393376       7.010587   1275.940186  100.788452   5.108900  3.031014  102.433487
118  -0.307543  14.636764   60.422207  0.346151  3.554410       6.828199    824.128906  179.564636   7.124437  3.074968  136.564941
119  -0.799099   8.209572   53.185654  0.295225  4.083057       6.833874   1175.244263   73.122505   6.697374  2.315159  135.786209
120 -35.002380  28.850891   73.180817  0.317156  4.990480       5.014660   1299.842407  121.492485   5.086714  3.684521   69.024467
121 -24.036921   3.258824   73.524933  0.267266  3.282030       7.277220    921.137390  244.968277   7.519746  3.678256   64.382225
122  -7.277139   3.942625   62.133377  0.310028  4.452765       7.400752   1348.971558   66.875114   5.677366  3.677553   62.354561
123  -7.841274  22.963697   74.509293  0.321838  2.211596       7.464332   1133.351196  129.593216   6.083890  2.709365  139.498489
124 -14.227914  25.342781   62.726624  0.325412  4.786688       8.694082    863.756775  166.680237   5.653851  3.602941  121.607124
125 -11.867262  18.280058   37.801777  0.288915  3.050279       6.590190   1398.146729   56.587238   9.272842  3.193455   93.524246
126 -10.929647  14.436977   47.563816  0.308254  3.496942       7.271029   1078.745850  202.185089   6.899104  3.798584  102.828194
127  -1.931604   6.598762   34.836823  0.294030  1.541931       6.329367   1872.749878  121.837837   6.267642  3.283494  126.479225
128 -14.180314   2.842109   75.671577  0.324695  1.304246       7.102281   1463.085693  208.229141   8.781409  3.972310  117.876717
129 -29.803921 -17.495741   20.055172  0.308478  1.476215       6.637028   1328.794312  227.246979   7.557960  2.357152  151.966248
130 -11.498209 -14.012035   35.687695  0.269134  2.846907       7.790901   1198.673340  -13.089953   6.752792  3.008121   91.408997
131  -4.975564  17.972202   74.128891  0.303954  2.967968       5.995610   1627.001099   20.180128   5.895059  3.855388  172.728973
132 -18.934982  16.354364   41.321392  0.288029  3.250092       6.126360   1892.848267   38.689026   5.575051  3.593037   87.852539
133 -16.472260  33.845837   53.162842  0.312854  3.914824       6.342930   1107.580444  167.550003   5.773268  3.174353   62.259102
134  -2.095915   6.122510   25.659472  0.308550  2.394399       5.738224   1484.295776  -85.742783   6.419798  2.068536  121.291275
135 -16.820620  36.437702   74.615089  0.297232  2.704312       7.860946   1047.880981  123.207634   5.882636  3.637645  136.151245
136 -19.400938  18.628628   32.314110  0.321548  1.415531       6.013107   1688.804321   -1.415696   6.026041  3.525574  102.083534
137 -17.542639   7.178006  105.839966  0.285162  1.538360       7.771061    730.137329   36.491425   7.502798  2.444499   56.280018
138  -5.288864  -2.334200   20.663231  0.301719  2.012529       8.125764    733.671143  105.166870   5.885833  3.647925  116.517380
139 -23.357594  23.188242   90.172531  0.315251  2.560676       7.841493    894.191589  187.952728   8.985638  2.393343   87.047447
140 -37.375423  18.253094   95.484573  0.335794  4.173811       5.859075    738.399048  149.703384   7.604288  1.859630  105.682823
141 -25.760784  27.013172   64.317780  0.343945  3.874623       6.068357    774.610413   91.281624   5.301498  1.947870   86.489845
142  -0.360948   1.422430   79.495399  0.346142  2.170112       5.393069    867.025330  -87.992180   7.801810  1.459152   91.509995
143 -27.435719  -5.155560   52.121899  0.268831  4.932770       8.890967    704.371765  -54.531872   7.170861  2.992891   58.934914
144  -4.525259  32.127708   50.099339  0.279478  2.727741       5.401518   1654.008789  111.752014   5.658397  3.365320  123.069435
145  -1.953887  -9.004294   33.088890  0.331579  3.730018       6.087988   1672.206055   54.138454   8.272146  2.703786   89.672043
146 -18.289789 -34.858814   68.854744  0.339420  3.413941      12.091630    857.873535  -93.782776   6.028359  2.539448   92.502090
147 -14.515455 -11.793442   33.912876  0.332974  4.108319       5.190549   1255.504272  174.753845   7.003181  2.215575  102.613571
148 -13.381735  -6.873023   19.002142  0.257818  4.381811       8.284686   1231.104858  203.074493   6.578290  2.998484   57.579651
149  -7.387553  -4.628916   74.722710  0.289539  3.944595       6.864415    737.353455 -150.315796   6.117117  2.481010  185.132217
150 -14.314660  -6.688065   43.559063  0.327681  3.283269       5.279812   1750.877686  -42.206387   5.679110  2.313649   59.810993
151 -26.392061  31.639124   72.442284  0.320214  4.466336       5.551157   1619.851929  191.596146   5.610767  2.897825   86.935188
152 -26.609962   6.570794   32.203461  0.330431  4.049670       7.531177    762.051208  145.577179   6.810193  1.660612   86.601669
153 -21.585516 -19.749962   25.990166  0.319752  1.253275       8.573096   1195.771240  101.656693   6.275434  3.901980  151.718445
154  -2.496608 -14.209501   25.020710  0.304721  2.146714       5.789162   1494.218872  120.308311   9.127434  2.946663  172.601974
155  -7.498875  24.019077   50.711926  0.296141  3.232206       5.862591    796.825562  128.652634   7.960663  1.454687   52.371235
156  -8.160019  20.962549   48.510109  0.313975  4.700474       8.214202    705.272339  134.522781   5.335492  2.755906  123.834457
157  -4.957156  -5.864332   47.682354  0.334155  4.537851       5.989185    832.482666   11.432788   6.766703  1.842888  179.764526
158 -17.100208 -21.207842   37.771690  0.240405  1.177495       9.016821   1548.477783   -7.616288   5.814872  3.173428   63.126095
159  -9.304454 -27.142590   46.011337  0.340549  4.680275       6.947993   1416.554077  232.923218   5.899430  2.188970   55.053726
160 -16.986750  17.330978   50.254730  0.257649  3.872725       7.064615    867.151794  141.571075   6.888343  3.409204   50.964088
161 -15.234921  -5.763918   65.070625  0.264369  4.211455       6.444131    962.735229  142.448990   6.315300  3.990323  154.629501
162 -16.984655  -8.653419   50.654640  0.317020  4.531649       5.934312   1438.471680  126.729286   6.059311  1.713009   63.607033
163 -10.485696  25.855011   71.921455  0.291602  3.167302       7.875077    737.273987  215.778259   8.288946  3.054984  138.042664
164 -12.453877  23.226110   38.252819  0.332036  3.403586       5.841861   1102.875732  -31.901310   5.103108  3.657520  100.826027
165 -17.828875  21.272488   50.111980  0.316724  4.543679       5.809549   1657.814575  132.989990   5.248200  3.327277   70.198662
166  -7.026913  22.629330   38.472996  0.316811  4.199025       6.204679   1775.637207  116.228043   8.061146  3.812992  134.565399
167 -20.299034  16.332277   59.744106  0.296366  3.572694       5.760425   1393.594604    4.522148   6.393841  3.103593   54.954914
168  -3.376679  18.929697   59.897636  0.297652  2.715325       5.621929   1915.322876    2.805146   6.198305  3.316257  100.558060
169  -2.917624  11.477624   94.843430  0.329305  3.442946       6.778769    815.037170   40.236435   5.047472  2.819694  247.858673
170 -13.055337 -12.944525   24.020374  0.297318  2.997273       9.765092    806.557983  233.882874   7.646204  3.341143   81.216393
171  -9.947490   3.083552   76.051384  0.252853  3.054137       6.052218    948.452454   70.827431   7.351693  3.919929  139.535400
172 -10.328225  35.563335   66.667908  0.346356  4.842903       6.620220   1657.748657  141.137024   6.393487  3.520912  120.741486
173 -25.179430 -23.298744   63.500565  0.244746  3.361147       7.288285   1493.908447   -6.369683   5.174695  3.178419  113.344200
174  -4.164534 -14.228490   42.648457  0.343849  3.578352       5.542564   1093.531738   96.749687   5.129468  2.536721   68.102554
175  -2.923756  -4.599338   36.163109  0.330196  1.999289       8.420810   1000.559387   96.127853   5.186296  3.874605  211.423676
176 -19.371725  20.228615   20.866430  0.302751  2.912692       5.185246   1088.830688   97.346283   7.959989  1.715094   55.109741
177 -28.632992  40.091095   58.678509  0.333459  2.911852       6.206561    960.946777  240.472366   5.936046  3.018616   82.680008
178 -20.124592 -15.742188   35.312550  0.339905  3.583739       7.805820    703.732483  130.824219   7.454240  0.880089   57.582676
179 -10.401336   8.599811   72.207001  0.335244  4.042596       6.334901   1291.623291    2.404158   5.585662  3.078749  146.754593
180 -19.152246  -3.197253   33.208668  0.345075  4.803897       7.203520   1451.975708  198.863297   5.706204  3.571337  202.107025
181 -18.954077   4.191424   65.595139  0.283288  3.963798       7.018120    887.535828  244.507828   7.372460  2.954228  129.857147
182  -5.113612  32.352974   55.837799  0.289070  4.256742       7.168706   1485.944824   70.298492   8.186650  3.686547  158.110855
183 -11.528963  13.607617   77.653305  0.342235  3.520099       6.219022   1283.050903  119.811264   6.630303  2.918771   79.706215
184 -28.772125  10.094111   34.735992  0.343808  4.918099       8.892471    831.796753   44.612591   5.298642  3.587616  109.419083
185 -22.431673  35.804279   68.671227  0.305239  2.234346       6.455887   1575.998535  174.548904   7.799841  2.979674   64.010132
186  -0.193670   3.509467   67.376205  0.330906  3.809582       6.089166   1346.763794   49.409729   7.583251  2.053581   72.774719
187 -32.195049  21.420835   78.681122  0.339091  3.905440       5.263900    909.414734   27.607794   6.161734  3.769801  167.529068
188 -18.495224  21.304083   58.635281  0.313826  4.941145       6.283847    703.913574  185.590897   6.668834  2.155231  132.072571
189 -28.207573  25.475330   88.971489  0.258034  3.939914       5.698767   1884.662720  151.479843   6.733188  3.787238   65.618141
190 -20.780178 -14.312495   41.785450  0.320925  3.478790       8.999413   1267.084717  -97.935242   6.099635  3.209492   58.348686
191 -10.368907   2.022584   69.582748  0.327957  4.097178       8.075746   1030.183350  -27.639317   5.917407  3.916150  168.727432
192  -1.662423  42.672035   59.013283  0.320406  4.695343       7.544560   1333.596680  198.924026   5.527637  3.702377  161.094482
193 -22.235147 -16.676382   76.334557  0.293436  4.374959       8.274653    902.865234  246.945297   5.622422  3.686488  101.631592
194 -10.565119  -5.017214   14.186542  0.312321  3.261874       6.041081   1912.734863  150.048431   5.144263  3.609880  188.851868
195 -31.509644 -18.044809   55.541950  0.270952  3.172805       6.421949   1464.046265  128.516403   5.364683  2.529098   75.457664
196  -8.377196  20.886946   45.264656  0.337858  3.889701       6.614451   1581.429443  186.458786   9.173030  3.490546   66.005379
197 -21.157223   7.878053   51.870781  0.313743  3.634677       7.117493    724.907715   62.777027   7.849794  2.127977   75.461319
198  -5.776325   5.936167   55.083168  0.301900  2.613758       6.117296   1746.135620   35.673355   9.506416  2.868219   74.928482
199 -19.436796 -20.325819   62.202663  0.273611  3.224877       8.548921   1188.869507  -11.428575   5.498916  3.385707  122.699814
200  -3.228561 -19.131670   47.028896  0.300408  2.304291       7.788561   1207.382812  119.697067   7.731301  3.895071  123.325401
201 -12.753157  -1.565190   36.891865  0.296642  2.566661       9.323400    902.692810   50.178303   5.894927  3.987811  110.692947
202 -16.851778  -1.496490   44.357445  0.338807  3.266773       5.777301   1827.447876  161.116364   6.906067  3.355609   53.288990
203  -6.225943  10.866157   49.957848  0.349802  4.204726       5.029184   1689.555786   48.140785   7.054914  3.746181  211.499954
204 -28.461348  21.954315   62.424213  0.338526  4.258439       6.617785    841.525818  144.671829   5.389618  3.968696   65.655022
205 -21.905127  13.346869   48.459629  0.349052  4.285488       6.337121   1114.188599   82.160889   6.168731  3.540533  216.967346
206  -0.087348 -16.315937   59.720676  0.299347  4.193900       5.154747   1915.439331   11.154224   6.004575  3.240503   72.098480
207 -10.484512  12.744713   86.365402  0.291362  3.044220       7.539650    956.136047  105.172279   8.440653  3.161844  173.690430
208  -1.947488   5.116077   72.533134  0.337443  4.337366       6.691751   1507.145020   -0.151323   5.065932  3.014100  143.460617
209  -1.426852 -16.875940   59.338276  0.300830  1.709610       9.229063    746.280029  -49.445889   5.041484  1.862828   76.047592
210 -13.483867  -4.374826   12.909219  0.266700  2.084120       6.019841   1358.647705  199.257736   5.892720  3.890220  137.689407
211  -4.541055  23.422750   29.664110  0.276441  4.479270       6.175791   1270.857056  140.263016   5.069038  3.670505  153.014709
212  -7.462984  16.661068   56.613903  0.336401  2.566786       7.532499   1204.594116    4.110430   5.767540  3.981574  143.124542
213  -3.029901  38.895737   45.316776  0.349569  3.633745       7.704020    825.521423  148.375473   7.423287  1.808628  113.113518
214  -2.462294  22.656050   54.505116  0.268741  3.803024       7.386945    731.047729  184.285599   8.235263  3.485987  118.017891
215 -25.382784  20.810001   67.582413  0.247159  4.332023       6.919528    803.424500  198.896973   6.555305  3.747292   58.631786
216 -21.432627  -6.679357   24.593641  0.260598  4.448363       8.170551    761.479492  193.568634   6.802929  3.495833  113.195213
217  -2.986760  21.500446   62.169621  0.309235  3.613061       8.902996    733.689209  228.048920   5.315298  2.612819  112.805061
218 -12.397968 -17.842800   69.071564  0.273088  2.485646       6.417431   1379.631226  -48.230438   7.236087  3.634449  144.963623
219  -7.137502   2.708866   65.723167  0.239218  4.478191       6.289551   1292.769165  206.038345   7.902589  3.720740  102.263931
220 -15.856691  17.271162   68.783623  0.339637  2.485018       5.582118   1421.593262   60.209991   5.979184  3.565362  101.955299
221 -28.094658  22.472174   72.293243  0.325769  3.843606       6.539675    990.646790  135.177628   6.970774  3.565625   58.089893
222  -6.506676 -17.554918   69.367699  0.271299  3.367791       7.487782   1047.312012  -95.458084   6.181552  3.908628  161.295166
223 -12.942069  21.283119   87.989281  0.312168  2.922498       6.214174   1228.709717   59.341045   5.418811  3.203600  186.779892
224  -9.161699 -13.822270   72.194710  0.240238  1.716437       7.798204   1161.861328   -2.643709   5.255939  3.912218   74.826256
225 -24.520605  42.726944   66.895279  0.309980  3.728383       8.791140    789.619263  216.628815   6.677834  3.397749   60.242439
226  -4.163083  -0.406388   46.524155  0.269246  1.467940       7.487802   1336.598145   10.030557   5.266094  3.197101  144.597092
227 -20.530640   2.139820   46.069584  0.331929  4.693355       6.653534   1010.927673  224.330246   7.011081  2.600165  173.211838
228 -16.855297  14.272974   71.612267  0.282924  3.783926       8.017367    938.569763   90.408623   5.453845  3.833484   61.992325
229 -20.804737  41.311581   58.167255  0.287173  3.590410       5.930455   1400.298218  136.632294   6.565647  2.845350   56.282169
230 -13.980160   7.674804   75.677238  0.244814  4.473177       7.407290   1540.730835   89.679909   5.552733  3.767714   58.144085
231 -22.257290  -7.278428   58.453728  0.348839  3.608562       8.045837    819.793762   84.320404   7.255900  2.268121  140.920929
232 -11.467841   6.300105   23.330576  0.305318  2.299083       5.589985   1106.114502  184.032486   5.283581  2.886232  203.724228
233 -22.296375 -22.787474   36.605339  0.311857  3.169083       6.371262   1798.322388  112.444595   7.817865  3.482974  200.456284
234  -0.844535  -9.451064   48.406128  0.272536  4.906445       8.401676    714.246948  -87.117523   5.801199  3.674192  113.853546
235 -10.162112  22.278229   33.523670  0.312136  3.781502       6.770987   1152.809937  210.208038   7.125533  3.980673  126.549728
236  -9.951800  26.447678   47.690456  0.284999  3.674957       5.263935   1258.604126  103.549469   5.946937  3.557527  102.740486
237  -3.236385  16.668386   48.375469  0.271601  4.731035       6.298613   1319.275146  -62.624393   5.092879  3.252288  105.920151
238 -17.160660 -12.841025   47.872704  0.289411  1.347570       5.322111   1199.246094  109.249802   8.349930  2.074176  101.283127
239  -9.169813  15.108186   42.500740  0.316085  1.935607       5.841878   1575.087036   51.854511   6.949429  3.186339  166.363785
240 -22.559397  11.410455   53.741337  0.340889  2.036543       5.920352    975.057739  143.018051   7.774262  3.578289  182.962097
241  -1.649418   9.936297   57.571209  0.295831  3.436680       6.042380   1741.606079    5.142112   8.399792  3.488005  104.498627
242 -14.901811  -8.766182   44.736092  0.297119  2.329991       5.352065   1672.218262   79.310822   6.757923  3.480988   89.861694
243  -2.733922  32.808422   24.439545  0.330472  3.804148       6.195240   1753.845947  122.386574   8.316192  3.735698   57.610706
244 -14.046155  13.009001   54.135124  0.319437  2.954220       5.924157    810.360840   34.466705   5.217374  3.851014  221.780792
245  -4.101984 -15.555582   39.104000  0.307895  2.390429       7.743428    995.426880  165.948929   6.380927  3.840123   82.263451
246  -8.160359  10.496922   52.710945  0.313712  4.972334       6.594697   1040.598755   87.288826   6.643080  3.823258  130.392700
247 -14.573807  -3.331596    2.825709  0.308816  3.613716       7.745776    708.799927 -157.200073   6.949837  3.471191  173.878479
248  -8.402525   9.472969   43.496010  0.286472  3.529037       5.940194   1818.002686  131.711136   6.153787  2.683588   60.106388
249 -14.143430  20.204994   46.903297  0.341513  2.632293       5.936515    707.720825   86.415741   6.133802  1.452037  116.418007
250  -5.673766  17.325764   79.065598  0.320218  4.400628       7.380767   1112.503540   23.249025   6.240581  2.407263  105.318253
251  -0.274121  20.559605   37.876289  0.297273  2.281079       9.326305    783.964783   86.141998   5.735524  3.786268  144.081772
252  -5.771147  15.286654   28.314892  0.229118  3.754472       5.444830   1723.487793  156.855392   5.844994  3.493897   62.093227
253 -12.971477   7.172853   44.395542  0.309439  4.917683       5.299007   1423.629272  231.686096   5.906851  3.281853   69.536613
254  -7.869271  19.273434   43.314899  0.294453  4.390363       5.603880   1546.197510   48.985207   5.685777  3.617428  102.700264
255  -0.262638  21.572357   64.821175  0.310487  3.242224       6.515466   1416.705200   24.919264   6.136390  3.479113  183.630508
256 -21.311899  25.366619   63.054546  0.343897  3.765130       5.014870   1185.618896   41.376663   5.419907  2.907716   91.233246
257 -13.050472  15.986400   81.174896  0.339777  1.304068       8.643537    961.877502    3.796849   6.697390  2.951158  194.899261
258 -20.191284  27.563103   65.444778  0.316133  4.259450       5.056213   1337.134033  246.473099   5.227652  2.368671   85.948021
259 -22.114550 -16.938694   48.955311  0.252841  4.417041      10.716698    904.956787   82.758484   7.415370  2.863381   53.575645
260  -9.674121  -5.126189   23.350035  0.326481  1.572880       6.464806   1750.439453  107.912491   5.527938  2.854363  123.590866
261  -0.392700  15.421088   32.943302  0.260842  2.766802       8.383822    903.078003   76.039925   6.849093  3.306947  111.907326
262 -25.031141   0.038003   51.167339  0.267742  4.533344       6.751381    826.848572 -100.091087   6.469143  2.935462   90.835960
263 -16.577024 -17.602310   24.867609  0.341942  2.294961       6.838515    955.699402   52.884563   5.292541  2.482732  186.828613
264  -1.476010  21.664801   91.841248  0.270576  3.146959       6.041726   1535.290039   -8.151452   5.615735  2.903933   57.439953
265  -1.063382  -8.205420   72.462990  0.290284  2.966922       5.414358   1474.322266  241.418060   7.859520  2.796522   90.434044
266 -12.876410  12.735834   48.607414  0.301527  2.795051       7.057224   1260.693359  100.357056   8.333018  2.537915   66.730423
267  -1.663020  34.423145   56.847515  0.285131  1.896443       7.593172    724.923950  150.740234   6.100504  1.458883   86.218742
268 -10.962223  20.291094   31.955133  0.270050  4.701337       6.459916   1339.526489  147.458755   8.114071  3.586522   88.872787
269 -15.079203  16.421957   42.652100  0.303340  4.640495       6.521762    981.985229   33.986317   5.911971  3.420234   61.578106
270  -3.383258  22.159462   25.067406  0.338557  4.380019       5.750382   1258.944946  173.470627   7.929285  3.194714  194.227219
271 -30.067106 -14.091858   45.983784  0.269221  4.044286       8.001598   1389.487793   87.461563   5.716459  2.713205   67.053284
272 -21.585386  34.098228   74.970634  0.339124  2.123724       5.265725   1287.364868  179.182419   5.638917  2.448995  115.729965
273 -14.000558  31.772255   56.292542  0.234758  3.405323       6.284654   1993.768677  194.350250   7.315152  3.817819   53.437416
274 -15.746471 -11.038831   49.935577  0.294428  3.907346       5.773911   1314.451660  102.349785   5.503568  2.655092  141.196838
275 -11.387681  13.785946   50.861553  0.293633  1.623713       6.183656   1662.298950   37.019783   8.292434  3.725137  138.792755
276  -4.331044   1.060355   58.079170  0.329429  4.024159       6.291000   1451.330200  -24.732342   8.641719  3.856244  140.341858
277 -10.424503  16.714672   76.419052  0.346933  4.248090       7.248141    967.554443   65.799866   5.923035  2.609935   85.818741
278 -10.952469  25.291374   43.392818  0.325739  2.829996       5.846622   1439.418457  156.090805   7.544813  2.976949  110.798332
279 -33.633282 -29.525991   74.521553  0.276201  4.517187       9.060477    923.469666  221.859833   5.827463  3.481771   93.466667
280 -13.332096  27.898502   71.955070  0.325761  1.946246       6.549617    806.586487  104.908913   6.185642  1.854497  130.772125
281  -7.841254  10.682364   29.302256  0.312853  2.231811       7.865374    715.581909   62.985580   5.725710  2.803709  178.888367
282  -0.127048  -2.703568   24.031691  0.260950  4.948887       6.025296   1313.118896  129.268295   5.169775  3.031166   76.113953
283  -4.992088   4.575786   44.798695  0.245846  4.757895       7.406285    788.865417   40.347740   5.135494  3.111552  111.559906
284 -13.737449   1.686916   34.081932  0.275057  4.789045       7.268865   1371.070801   97.965004   5.322663  3.585506  116.799599
285 -11.888222  15.297952   54.455769  0.320918  4.049344       6.104747   1230.759399  -52.079105   5.588522  3.341353  171.260559
286 -13.873411   6.366237   25.643873  0.324939  3.491399       5.403044   1648.012573   90.299805   6.939664  3.444769  184.721375
287  -9.194022   8.161530   17.871214  0.314354  3.019038       8.239390    984.243042   63.480602   5.779288  2.826103   77.377304
288 -19.608189 -37.769474   52.234699  0.346199  4.262877      10.264586   1086.647583  -30.631050   5.700381  2.193295   83.656967
289 -38.282001  38.248341   87.871414  0.322052  3.229619       8.077569    971.545166  119.004105   5.552463  2.171796   55.903030
290  -3.640609  13.713862  102.197006  0.321765  4.099544       6.305353   1672.123291 -192.599854   7.034820  2.354666   66.301025
291  -7.015744 -22.964128   56.636250  0.299574  3.557200       8.148715    966.396240  143.543930   6.059727  3.519340  102.771950
292  -8.691817  -3.290262   31.092665  0.295477  1.347979       7.351361    761.476196   59.957630   5.224407  1.563913  120.063049
293  -3.218074  36.494068   75.787285  0.316029  4.963889       6.180441    920.918274  231.521423   6.110120  1.176411   54.523388
294 -21.620481  16.576994   59.034584  0.333391  4.187281       5.335248   1000.575256  117.283516   6.657476  3.446287  179.383255
295  -2.205993  12.946870   32.297691  0.349490  2.274697       7.568696    812.750610  161.926071   6.969812  2.922143  142.376862
296 -22.596756  13.436666   74.633301  0.287359  2.435220       5.040862   1684.786133  145.765076   7.607865  3.132072   64.837578
297  -0.100745  27.265850   84.152641  0.288617  1.431331      10.055250   1020.548218  -69.845253   6.969127  3.009894  116.686783
298 -17.083849  32.446251   57.761894  0.263832  4.899540       8.717771    704.946533  107.456596   5.291729  3.536385  111.366051
299  -8.871611   7.053717   47.837627  0.298829  2.850556       7.039805   1201.298706   -9.369989   6.774377  3.800515   91.266373
300 -13.325363   2.882528   23.184893  0.328762  3.422827       5.957706    807.822083   72.635948   6.639017  2.438181  158.578888
301 -19.963461  11.269690   65.829781  0.345028  3.470586       5.249529   1386.163208   84.678474   7.785929  2.177071   88.205956
302 -25.591219  22.706985   55.902313  0.323474  4.589397       5.122560   1283.806885  126.578003   5.227452  2.688026  110.702347
303  -2.499063  18.934748   30.193579  0.294120  4.432111       5.028071   1481.829956   99.599442   5.491991  3.131487   86.170464
304  -7.425076  15.864127   70.452209  0.261628  1.747922       5.353707   1874.054077  188.884613   5.811800  3.304583   77.054756
305 -18.232750  25.581989   51.924427  0.323931  3.348298       5.428526   1054.207275  198.862946   5.248700  1.489632   98.046272
306 -22.779902  24.102617   89.096077  0.314682  3.947979       5.174400   1245.641357  120.784874   7.769026  2.358364  101.563026
307  -2.698501   8.043894   32.506927  0.289200  4.804226       7.464014   1624.838501  209.295654   7.379309  3.805395  100.426186
308 -15.056067  11.488689   62.219887  0.299076  2.999625       6.476515   1128.559204  142.046570   7.850611  3.807856  146.735977
309  -9.439409  22.314430   61.244633  0.347604  3.332222       6.019827   1075.618774  121.104836   7.025370  1.920289  133.669113
310  -9.785782  12.691436   32.407459  0.252308  2.544845       7.171221    962.413086   24.487471   5.298867  2.971084   82.303841
311  -7.624557  10.655431   26.831150  0.311497  4.963353       6.643953   1092.010742   28.939768   6.404175  3.184548  175.593750
312 -29.777084  -6.564393   63.486343  0.330702  4.775361       5.710983    773.487000  121.362175   5.147551  3.032488  204.128510
313 -16.968058 -35.760967   41.863167  0.323671  2.354004       7.210715   1803.136841  164.002838   5.958851  3.712718  184.989822
314 -23.644840   7.034754   39.187641  0.246256  3.826881       5.890985   1379.823853  240.127014   5.905375  3.960056  121.756096
315 -27.702345  25.251574   66.380104  0.320045  3.260683       6.384650    996.512451  113.874062   6.587702  3.903273   87.052589
316 -18.821951  33.151943   62.151028  0.341095  4.199905       5.180615   1054.935547  178.991898   5.821102  2.708151  107.818672
317  -3.150500 -22.310123   36.931644  0.345583  3.941550       6.273834   1738.346558  120.081665   7.197424  3.716612   95.625458
318  -9.180412   2.677350   75.204956  0.312610  3.110683       8.258109    988.781128  179.711975   6.283895  3.094554   80.295189
319 -28.506693  25.078180   65.959183  0.309143  2.897219       5.567424   1028.477783  176.886200   6.674128  2.951525   90.705910
320 -17.436066  14.843583   29.284037  0.279348  2.872007       7.280220   1055.494263   68.827011   6.247972  2.813677  108.369347
321 -21.713274  14.352958   86.164986  0.266642  3.598891       6.461801    847.828247  232.664154   6.863305  2.701349  114.955399
322 -13.003920  15.737246   34.046658  0.295349  3.893207       5.327810    890.824829  162.499573   6.634252  2.408203  146.088562
323  -3.834965  -9.165600   51.784740  0.284352  3.940467       7.431679   1390.078613   97.399773   5.052499  3.065029   86.430901
324  -6.539323  -1.543128   51.336735  0.334457  3.244660       8.065995    899.343079   41.251869   6.083849  2.576124   94.090469
325  -8.902822   4.984740   45.917263  0.344682  1.660479       6.463955   1417.907959   38.083958   5.379558  3.230287  151.419968
326 -16.147572  41.278389   63.161213  0.306598  3.274932       6.660404    893.626587  183.223785   7.883840  2.897150  116.950180
327 -17.667063   7.859039   85.761116  0.346886  3.031166       6.653475   1650.641846  199.556503   6.097245  3.967260   72.379814
328  -5.629702  -7.480163   81.694077  0.294958  4.232052       7.295545    887.084106  108.855667   7.331899  3.655907  109.478210
329  -6.904496  -2.394291   34.192455  0.309212  1.848111       6.512345   1928.642822  170.734406   5.663399  3.058308   50.248302
330 -24.982729  10.614369   58.287182  0.315755  4.016928       6.052876    728.137085  246.358398   5.536330  1.340725  130.364212
331  -6.431829  23.322720   47.842323  0.345393  3.049476       5.524124   1851.443970  159.848419   6.534337  3.637087  196.356750
332 -14.812039  -2.713546   30.187576  0.253104  4.829639       8.344971   1138.259644  140.533493   5.673681  3.169742   93.958344
333 -10.355699 -20.739281   55.356148  0.288505  4.180922       7.695560   1355.252319  -88.336334   6.258111  3.310629   94.158325
334 -25.711817  19.048964   91.622528  0.272086  3.836012       6.404194   1526.755859   45.886326   5.598456  3.419125   79.342659
335  -2.526145  16.690895   54.921932  0.335736  4.834702       8.335141   1266.601807   34.230988   6.361377  3.984483  100.081322
336 -10.231153  -5.907951   54.351803  0.305169  4.502124       6.277822   1638.750977  -11.421275   5.351135  2.398494   78.433640
337 -17.148691  21.794214   80.210983  0.347921  1.937415       7.521715   1409.166016  132.123428   6.848075  3.287150   92.144623
338  -8.722745  34.251892   60.811558  0.320582  4.753963       7.452529   1119.114380  112.724045   8.052925  1.968713   58.245842
339  -6.270256  12.045104   82.499588  0.280329  2.732388       5.395453    824.028931   60.410648   7.646169  2.651405  204.628799
340 -27.525188   4.760606   64.868858  0.295399  3.545005       8.325838    744.709656  140.056595   5.590505  3.852559   81.343834
341 -17.239910  35.348286   73.186348  0.340484  2.625836       9.973041    785.174011  234.118561   8.115745  3.274229   91.563484
342 -19.862972  22.327597   88.162880  0.301040  2.893084       8.182408    731.094116   84.010284   5.639382  2.487965   67.703568
343  -1.646489  25.244881   57.118820  0.336061  3.334878       8.005401   1851.809937  136.915268   7.434650  3.974397   87.539787
344 -10.233300  30.429449   78.084297  0.304064  1.832219       8.050922   1425.679443   52.895912   5.997559  3.259915   92.918457
345 -15.783077  19.441280   59.845341  0.338322  3.415921       5.684848   1551.536743 -100.464500   8.111938  3.400383   81.658890
346  -1.183858   5.934950   47.720516  0.305414  2.252188       6.125924   1271.981567  174.371475   6.423513  2.445853   54.738323
347  -4.332795  36.316711   56.851864  0.310288  4.435394       8.549549   1063.575439  208.620209   5.139266  3.857757   68.386772
348 -13.120457  -5.654565   30.798557  0.309384  1.113303       9.263521    926.413086  191.224167   6.485973  3.342904  124.948799
349 -14.302445   5.362220   30.431677  0.231520  4.268461       5.598845   1313.866211   79.831917   5.646642  3.295020   78.919556
350 -16.345825   6.842864   82.510498  0.293395  3.719700       6.006395    730.574951  204.356720   6.488974  2.473912  125.896240
351  -9.256492  -1.573315   94.186813  0.313386  4.244204       7.268965   1239.163208   69.750282   7.704803  3.868465  146.765259
352 -12.632158   3.997391   41.470287  0.281297  1.955646       6.100697   1607.978638   28.404055   5.499225  2.753514   97.675865
353  -5.707759  -5.952025   56.452030  0.258272  1.519385       6.009290    970.848206   68.672607   5.876324  3.096012  102.035744
354 -18.650642   6.857526   69.521812  0.303860  3.786908       5.582148    716.861145  -23.409456   6.322327  1.426390   91.222618
355 -26.812487 -20.927097   21.639429  0.245462  2.535215       6.754456   1350.286865  145.927490   6.224498  2.891514  133.228653
356 -10.097918  28.422812   41.055721  0.319556  3.485363       6.275186   1270.995239  187.703384   7.954524  3.936825  110.798111
357 -34.413258  -0.429126   45.784847  0.324223  4.767781       8.066471    977.871155   13.446954   6.278726  2.740389   85.264130
358 -30.052719   2.683921   25.900274  0.345656  3.647612       6.454037   1254.179443  163.702606   7.400141  3.581348  182.061966
359 -32.528080  -3.744188   74.307396  0.345223  2.617373       7.262023    783.908508   -4.184597   5.380064  3.684489  159.599762
360  -8.170785  17.248415   44.970387  0.344937  2.795940       5.012881   1849.596802   62.503120   5.565035  2.671587  168.039017
361  -7.916534 -27.870823   59.355919  0.288867  1.743581       6.641727   1575.087280  182.967178   5.613785  3.252888  110.893303
362 -22.368979   5.494184   54.255459  0.268715  3.566766       5.304049   1390.325195   39.481857   5.154517  3.589698  137.177124
363  -1.116559   3.743349   71.453300  0.281818  4.330095       8.438416   1030.252808 -127.333115   7.662382  3.522921  146.438263
364  -8.805694  -1.663673   73.291786  0.336927  2.642457       5.065977   1607.391357  230.671173   6.155085  2.687628  106.081718
365 -18.420614  22.945210   44.387398  0.301030  4.918591       5.182810   1102.471924  129.377335   7.700171  3.711521  197.166260
366 -26.137636  23.677372   61.299469  0.332211  2.864354       5.376942    772.965637  116.598724   5.498566  3.174349  132.938812
367 -17.961315  24.095091   58.658962  0.331037  3.225096       5.227942   1097.078003  104.112236   5.464626  2.646265  121.951004
368 -25.257904   1.297684   54.338169  0.272172  3.561281       6.868278   1249.633789  163.906693   6.379527  3.838080  103.684303
369 -21.554651   2.824666   88.806503  0.341413  1.404989       6.552821    924.024475  179.482315   7.742471  2.786561  192.253632
370 -14.440493  32.268787   68.433929  0.343682  2.497134       5.779504   1515.574829   84.518791   6.248276  3.272244  136.476013
371 -22.294861   7.961910   51.664948  0.304005  4.078300       5.455954   1129.200195  207.814865   8.043946  3.867388  164.968201
372 -17.863258  -6.191916   60.244549  0.296510  3.826289       8.115551    701.699951  163.422745   5.552546  2.450579   54.397133
373 -20.934423   8.426903   42.575283  0.282698  3.412585       5.595856   1463.001465  237.595398   5.748811  2.820168  101.777611
374  -2.319188 -21.806559   57.867920  0.338955  3.760407       6.046360   1811.116211 -112.213318   5.283597  3.864094  148.936539
375 -14.177847 -24.279577   74.694221  0.241850  2.526745       7.233843    924.325745  226.090195   7.568890  2.014342   64.963058
376 -17.090126  21.499361   54.299950  0.330649  4.514347       6.074217    780.045044  134.564209   5.197752  1.954788  139.798935
377 -12.119930  22.306723   40.307064  0.225072  4.463658       7.582595    701.127502  127.144348   8.349127  2.482347   50.304409
378  -7.438851 -10.510438   74.942009  0.324643  3.069341       5.812813    882.509888  -19.620222   5.183000  3.206022  169.887344
379 -21.388865  -8.468157   54.704956  0.315748  4.192264       8.051194    873.639587    0.406938   5.371911  2.468937  138.745636
380  -6.864638  -7.404824   63.812874  0.302508  1.785145       5.397238   1286.609009  153.851395   6.158165  2.650891  145.273743
381 -24.290112  21.605373   81.931114  0.342852  4.684689       5.347409   1434.414673  126.178917   5.559098  3.688261  189.067749
382  -9.832799  12.818672   48.459213  0.345500  4.804023       5.576016   1150.649536   19.160170   5.727091  3.151515  134.581055
383 -12.834057  18.435282   80.462379  0.342250  4.910295       8.293753   1066.358521  201.771408   5.022757  3.144856   92.562584
384 -15.692525  39.509201   54.534050  0.306864  2.627286       6.375832   1226.307129   99.166176   6.535950  3.684315  121.864731
385  -6.251127   7.120451   24.289982  0.289116  3.849513       6.566086    709.939453  191.420517   6.668343  3.315138  156.949844
386 -20.507412  17.678751   46.029125  0.343376  4.842437       5.324123   1060.114868  221.824631   6.805902  3.481424   87.228157
387  -0.685548 -26.689299   67.481331  0.293242  3.334127       9.093929    738.716980 -136.002441   6.009910  3.015907   90.734077
388  -1.984039  13.900021   44.060730  0.329623  3.364174       8.133851    732.439331   45.851322   7.120938  1.076888   85.328285
389  -7.841302  18.523474   47.091370  0.300439  3.428766       7.222464   1145.274658   49.257759   8.031129  2.387447   57.596500
390  -7.671492  13.601166   48.321480  0.296036  1.981591       6.079981   1776.686279  117.765381   6.295121  3.758500   83.228394
391 -24.725256   0.354158   52.722767  0.335597  2.739099       6.468173   1105.077881  176.361038   9.196429  3.651961  160.282150
392 -28.969009 -10.984195   39.260967  0.292180  4.561450       7.614051    826.026245  202.599579   5.801458  2.222023  150.482681
393  -5.028672  26.100613   54.801121  0.315815  1.769155       6.588439    965.780945  134.886353   6.480824  2.974775  144.374130
394 -27.971642 -17.332886   53.768593  0.303431  2.941129       7.357810    847.516296  130.681534   5.832181  2.973974  196.797852
395 -29.490551   4.053180   83.745255  0.311339  2.970032       5.789315   1546.510254  110.906548   5.909134  3.054284   61.905819
396 -12.504508   4.892880    5.102320  0.291776  3.023494       8.826438   1003.767883  193.289932   7.642829  3.469603   81.565666
397 -10.771800  29.428156   57.494263  0.280629  4.794012       6.661010   1671.729370  116.482254   5.343448  3.373853   76.182892
398  -2.603332  10.032861   57.404144  0.263203  2.138914       5.141831   1732.271362   32.354542   5.164616  3.979862  109.226830
399 -13.039299  -8.211707   46.328365  0.291944  2.369879       7.901230    939.084595  -81.393951   6.242849  3.121819   96.302139
400  -5.223214   7.811690   51.627865  0.237596  1.839690       7.775100    727.742432   22.049706   5.495703  2.928799  106.149124
401 -14.290814  13.073596   63.343887  0.298432  3.423117       5.721064   1602.250610  176.500443   7.945175  3.718678  186.142365
402 -35.581604  16.406912   82.318756  0.345083  3.857134       5.177643   1286.794800   54.325886   5.193930  3.516288  132.169861
403  -2.357119  10.456842   35.258747  0.245376  3.737548       6.660729   1390.591064   98.420097   6.219773  3.820069  129.049805
404  -6.716310  40.818001   53.833641  0.318937  2.456888      10.561973    783.388123  216.368271   9.015335  3.082040   58.435154
405  -2.639709 -20.319098   59.379356  0.327953  3.078559       5.546927   1534.590210   15.055831   6.196082  2.324297   78.844490
406 -10.786115  -0.893918   58.263653  0.269911  4.296340       6.233793    926.167725 -158.765778   8.845511  3.614488  179.658264
407 -18.550510   3.898795   47.552944  0.305940  3.852082       7.746697   1327.907959  129.264679   5.604843  3.622275  100.714165
408 -15.443926   8.227840   60.365578  0.347050  3.062362       5.068930   1779.114502  -25.606993   5.200036  3.291215  127.808258
409 -20.255156  -9.859726   46.392910  0.291701  3.396377       6.518085   1303.036987  -38.577003   5.206964  2.603340  145.747864
410  -5.188934   9.150908   20.306164  0.306941  2.873775       5.798745   1233.092773   72.174950   5.350082  2.426011  161.168671
411 -27.338484 -15.156256   42.916431  0.286993  2.994936       8.599648    928.999817  182.490952   6.690661  2.543096  110.931923
412  -6.392455 -35.009525   69.267853  0.290456  3.731682       6.718228   1350.278442  173.213867   5.761405  1.685207   88.111465
413 -23.794395  24.814272   80.544441  0.298930  3.074653       6.313249    961.110413   47.812462   5.372275  2.449598   60.083790
414  -5.446784  38.783684   53.756691  0.275026  4.140296       7.252407   1382.127686  202.669022   5.445895  3.271250   92.740669
415  -1.137122  -7.739661   45.195900  0.326045  3.932613       8.895456    713.999878   68.950562   6.366144  2.286939   73.762222
416 -21.223188 -15.974823   42.006538  0.336428  3.979994       8.669627   1077.179077  134.206268   5.199138  1.949910   80.140114
417 -12.833055  34.168716   96.532646  0.310539  4.985606       6.190248    839.124146  168.768829   5.345998  1.471727  202.388199
418 -12.859702  32.394932   55.675213  0.329279  4.842609       6.685389   1549.834351  202.595993   5.362718  3.861401   68.513420
419  -8.496380  -7.458366   40.551777  0.305035  2.162922       5.403860   1557.165894 -123.764633   6.875234  2.850134  124.654648
420  -8.668281 -26.894035   49.063210  0.244540  2.482138       6.032147   1537.967651   33.117580   5.069297  2.855884   67.411674
421 -21.598040  37.079353   69.386826  0.314952  2.636188       6.819348   1226.670654  146.187256   6.623732  2.804011   96.726196
422 -13.330883  -3.783154   51.010216  0.256300  3.382927       5.084684   1258.429443   94.677238   6.645399  3.001153  160.696365
423  -5.228777   4.652025   25.394842  0.302788  3.623984       5.617616   1860.787109   -0.232743   8.193898  3.685715   96.096687
424 -16.186918   3.178836   63.542175  0.284940  3.851283       8.368675    982.416748  -30.700619   6.661834  3.081400   63.340813
425 -11.906650  10.268806   77.374413  0.340626  3.768450       6.111903   1011.960022   43.027576   7.032700  1.546744  126.793037
426 -11.413507 -25.177341   44.269482  0.318928  2.021259       8.235855    933.808411  100.096588   7.463805  2.656552  160.376968
427  -1.633346 -18.388790   37.208630  0.329262  4.906351       5.499774   1203.187866   -6.802750   5.585858  2.806446  151.081024
428 -35.738018  25.416601   79.582375  0.330884  3.703673       6.907132    708.489258   42.029530   5.199164  2.828362  145.274948
429 -12.398469  23.181973   69.598320  0.338833  3.490963       5.064775   1885.619995  202.694183   8.262341  3.965096  154.574509
430  -9.570869  17.669146   41.154598  0.293098  4.723623       6.672017   1041.468628  103.758278   8.838284  2.776340   67.304420
431 -12.554462 -21.254347   33.504509  0.314285  2.658488       8.534389    971.831055  126.361168   5.423848  3.648360  123.998222
432 -19.493530 -20.785105   39.123768  0.343057  3.733751       7.560092   1883.645264  -29.750555   5.248394  3.918640   89.101677
433 -13.718514  -0.587148   38.980648  0.306212  1.261153       5.699841    992.437500  -32.466766   8.189624  2.136339  127.254868
434 -14.709062  11.394373   77.671906  0.306234  3.452116       5.855400   1553.776733   -9.144002   5.877140  3.283851  201.716064
435 -12.647336   1.267929   78.518257  0.334529  3.728622       6.437726    991.316467  110.552246   8.640649  3.311487  138.080811
436  -6.097843  -3.765669   61.816792  0.294309  2.967197       6.541888   1506.201782  -73.637054   6.142573  3.919524  204.286133
437 -20.812117   6.001349   28.541409  0.307088  4.429693       8.140834    708.574402  196.387604   5.177422  2.772528  155.759903
438  -9.855077  28.096495   47.774212  0.214609  3.809043       6.682480   1242.266724  231.659973   8.899763  3.829092   51.147758
439 -16.928377 -19.529539   13.232440  0.327833  2.553843       5.059297   1051.334961  175.058411   6.062725  2.399305  138.338669
440  -2.610341  -9.608773   38.671734  0.208580  3.698392       8.654755    725.278137  -27.029055   5.604302  3.870839   62.892494
441 -16.176952  -0.726087   21.282761  0.326184  3.808171       5.895423   1730.676147  150.456619   5.028517  3.117728  192.201416
442  -2.648939   6.896312   73.646568  0.246066  2.647173       5.124092   1906.404419   31.747444   5.252364  3.780473  105.449493
443 -13.746527  33.183350   57.185314  0.343209  3.570645       5.459556   1508.135254  164.532242   5.895668  2.175106  100.277626
444  -8.593629  20.865829   59.727406  0.322509  3.163287       5.920043    785.877869   65.844513   5.844858  1.683910   92.696556
445  -0.929327  22.471268   49.922398  0.303257  3.225899       6.510895   1432.476196    6.537432   5.634542  3.646065  159.502518
446 -11.994469  11.513457   35.940800  0.333528  3.741047       6.269187    739.986816  141.299500   7.737435  2.562774  180.013641
447  -4.046719  24.571613   59.867397  0.314624  2.633556       5.312457   1292.061157   52.748806   5.861977  2.485349   91.886749
448 -23.278086 -10.195306   41.992023  0.325806  3.493585       7.192106   1288.217651   99.723320   6.065339  3.034905   67.810287
449  -8.948874  16.879698   81.129578  0.255476  3.307389       5.263978   1857.906494 -117.471031   7.111706  2.769175   78.993256
450 -17.271490 -14.278291   56.765171  0.296379  4.499958       8.651411    799.739014   91.575661   5.418873  2.742432   65.632172
451  -7.583093  12.689604   42.312824  0.268653  3.245332       5.550304   1736.124756  -79.455559   6.063198  3.563571  151.181763
452 -32.125572  -7.900982   27.420618  0.317681  2.811929       6.796133   1364.627930 -194.402725   6.758113  3.702294  155.269196
453 -12.313707  14.687484   50.790760  0.292942  3.279339       9.016446    787.506531  142.685699   6.879346  3.766379  129.914627
454  -3.948915  14.805263   55.422489  0.320716  2.441791       7.967433    871.384399 -120.749527   5.844686  3.595890  100.702362
455 -15.123350  41.164078   38.893570  0.306371  4.237856       5.802759   1155.955688  162.806519   6.831551  3.655051   88.463341
456 -16.367855   0.244483   37.532310  0.318842  1.984062       6.779776   1326.894653   -5.916472   5.964251  3.422584  214.966431
457  -4.644985  15.467198   27.375431  0.306782  4.539654       5.548730   1686.606812  243.285141   6.473823  3.180892  119.532242
458  -9.891409  35.082951   41.447468  0.340497  3.650213       5.186185    827.794373  137.394379   5.667853  3.513938  175.809189
459 -14.033013  17.865240   74.053741  0.258040  3.804940       7.635348    842.944092   -6.127879   6.147382  2.502820   63.973682
460 -27.960144  26.614408   77.878418  0.314868  3.479700       5.580952   1496.791992   75.313431   6.354598  3.088564  113.770210
461 -13.207439  10.514793   58.756649  0.280688  3.796637       6.061758    853.712708   92.185951   7.794236  1.849273  108.878906
462  -7.975639  16.889729   74.588181  0.333768  4.759799       7.140626    772.327698  -33.111351   5.241929  2.868230  210.557877
463 -11.375439  19.601669   71.202072  0.274049  3.508717       7.450199   1089.126465  157.469070   6.161862  3.310589  107.563858
464 -11.109965  20.921545   78.920540  0.327791  3.666897       6.627959   1837.031250   66.385612   5.929582  3.926071  138.860275
465  -3.331725 -18.556267   70.962288  0.296325  1.279457       9.243026   1020.725281  158.862015   6.232065  2.765551   71.699409
466 -17.699415 -23.185923   71.815224  0.283760  2.359829       5.110998   1657.418945  198.564484   8.217966  3.472660  145.392120
467 -12.498756  13.994354   62.273548  0.311274  4.253118       7.530634    877.018494   27.169390   6.517263  3.936571  203.787552
468  -4.838123   7.129841   40.757816  0.325640  4.771729       8.351211    934.726440   91.118523   6.264396  2.718605   69.378235
469 -27.237965  25.366476   70.548485  0.345744  1.798466       6.282740    889.426453  115.179153   6.717493  2.557954  118.007339
470  -5.490312  -5.892686   60.695919  0.297107  2.719275       6.028872    946.040955   48.615940   6.971556  2.995680  194.159592
471  -2.159497  18.371761   64.790100  0.326908  3.143769       5.752503   1229.334595   29.634008   7.475299  1.706045   88.473679
472  -1.634009  10.401412   81.034103  0.237831  2.607926       7.009491    849.906372 -130.501541   5.250256  2.200011   82.824966
473 -12.204703   0.262633   49.493179  0.286655  4.172255       6.177117    772.624878  207.494339  10.147313  1.867688   79.226250
474  -3.233526   9.524801   69.269814  0.281715  2.649732       5.644282   1528.101440  189.962601  10.584709  3.145806   55.455940
475 -16.409815  15.530899   36.841270  0.295150  4.968844       6.651205    949.682373  130.329819   5.328919  3.003142  110.620712
476 -19.028351  17.473534   75.975838  0.317515  3.812936       5.316353   1496.070679  106.790321   6.171753  3.152040   51.193321
477 -18.867804  44.711212   62.566376  0.316353  3.220247       7.679636   1117.806030  201.584625   7.638117  3.984536  141.742493
478 -20.036556  18.750147   74.442245  0.338574  4.617194       5.342727    878.855225  215.417496   8.365214  1.967045   75.846275
479 -13.036942   9.354739   80.876755  0.328674  2.517907       5.186291   1286.371216  164.379318   6.571089  2.028118   71.096069
480 -23.080366   4.241421   82.044884  0.270115  3.741773       6.893184    903.733582  156.766205   5.041704  3.245252   50.602406
481 -17.960976  22.695284   26.414848  0.339451  3.040524       7.974229   1191.330811  155.183105   5.480278  3.774820   66.929047
482 -10.502544  17.226845   52.253345  0.237193  3.970571       5.519911   1352.957520  243.345779   6.640297  3.381764   69.555183
483 -17.642813 -26.009123   46.870441  0.292254  4.577620       8.263304   1034.003174  110.324577   5.858310  2.947913  100.867210
484  -8.450933 -11.106586   68.846893  0.284386  4.235511       7.794330    784.629089  -38.865654   7.485411  2.691049  151.287170
485  -8.762912  30.697042   51.826210  0.315645  4.404611       6.455123   1418.936279  153.268600   5.293613  3.315998  165.529022
486  -3.785568   9.494536   46.986935  0.309339  2.802512       8.277908    746.294678  104.383377   6.534616  3.314725   65.912003
487  -5.885575  22.977163   67.861229  0.237177  1.688170       6.338722   1476.445557  152.503128   7.082628  3.526675   78.557678
488  -8.496667  24.876394   47.445526  0.317987  3.761300       5.674866   1515.224365   31.725286   7.126637  2.634330  130.951401
489  -2.558383  23.254612   76.379204  0.293454  1.007226       7.374835   1305.759399  191.583176   6.101032  2.965326   52.615704
490 -25.552618 -14.146708   46.414539  0.245101  4.029403       7.028203   1758.760742  172.323776   5.896240  3.583833   94.196953
491 -21.005968  30.890907   99.912460  0.315796  1.716789       7.543967   1754.321045  162.600967   6.075921  2.996515  113.193275
492 -17.828939  -7.300913   39.054977  0.275001  1.725402       7.642103    868.550049    5.724950   5.954495  2.248409  105.639404
493  -8.911568  11.716917   69.590088  0.256772  2.433971       6.754886   1159.184937  101.902664   7.763309  3.620544   64.605637
494 -10.911451  22.718771   55.823318  0.341671  3.739979       8.143854    812.732666  204.868835   7.999368  3.698593  104.138153
495 -16.111309  -1.286383   37.628529  0.305171  2.219991       7.848282    938.306824  173.780243   5.379714  3.559963  109.902313
496 -16.240875 -13.010135  104.716324  0.321699  3.261216       5.578475   1239.809204    9.563835   5.108507  3.542876  143.028015
497 -26.854969  27.339663   60.260998  0.274446  3.366326       5.796286   1012.973389   35.682915   5.885651  2.466556   58.950203
498  -7.809751   3.457119   63.712879  0.313269  3.846560       5.093886   1443.020264 -212.483200   5.373749  1.534362   78.293900
499  -6.496607  18.912188   48.384201  0.346596  4.012879       5.982814   1347.963013   38.561562   7.442422  3.363250  162.793900
500 -17.534082  12.675473   54.818478  0.279369  2.476758       8.084030   1030.518799  125.203316   6.017391  3.853142   76.726089
501 -27.790842   5.800324   49.673958  0.267467  3.515512       7.564740    982.753967   22.679338   5.878476  3.144561   91.804367
502  -8.353041  31.532541   54.451717  0.342918  1.888797       6.528229   1052.690918  123.216492   5.925903  3.322041  143.555496
503 -18.384117 -11.777361   21.595074  0.305598  2.106348      10.063693    700.627686  245.757492   7.198941  3.481560  211.599838
504 -38.907742 -28.949978   30.607847  0.322617  2.563693      11.849599    719.401428  111.949898   6.898667  3.441612  294.781677
505 -12.672251 -19.907335   44.147762  0.298268  4.550788       6.885561   1011.649414 -246.802170   7.232310  2.976053  181.183716
506  -9.081149  -9.227038   62.210529  0.279686  3.023144       6.613229   1011.967285  176.366165   7.198686  3.724105  107.448463
507 -23.910461  22.957088   51.970055  0.304789  2.339045       5.355757   1180.829956   31.098398   8.020325  3.217448  119.104553
508 -20.804798  13.533954   71.495071  0.314070  2.747962       6.011413   1836.584229   44.440189   6.164436  3.521487  104.379074
509 -15.140274  -9.345229   77.788162  0.321441  3.288002       6.566715   1135.796753 -247.436111   6.196198  3.727024  198.883026
510 -28.494862  12.365142   87.649193  0.298088  4.025781       5.879712   1154.611450  101.829361   6.604455  3.690856   96.261414
511 -10.747591   2.052357   39.577591  0.283478  3.205031       7.914522   1143.087769   83.782089   6.131286  3.160396  125.557823