           lon        lat         inc      D1AU     delta  launch radius  launch speed    t factor      B1AU     gamma         vsw
0   -45.499100  -9.172774    5.523928  0.346897  1.086058       8.249155    904.831665 -220.526230  7.098490  1.272304  201.909241
1   -40.804550 -12.774704    2.243040  0.348891  2.009095       7.441749    604.473816 -235.361267  5.915483  0.252990  301.808167
2   -50.687939  -5.906424  348.800934  0.281964  5.195356       7.663984    981.525757   21.550951  5.532562  1.023595  153.533585
3   -42.166222 -31.204977   14.789410  0.330952  4.990132       7.898360    957.009155  227.161087  5.119515  0.867543  123.893372
4   -51.133461 -19.675438   14.942292  0.303684  3.364069       6.834758    903.641602  -92.335251  6.611576  0.433557  396.374573
5   -46.556473 -19.631687    7.438010  0.333579  5.793830       8.117294    992.939392 -227.423920  6.540033  0.951079  129.543808
6   -50.745598  -0.255195  339.664124  0.329336  5.982213       5.917916    912.255432  -12.556028  6.252144  0.951516  312.766113
7   -49.930050  -4.425478    4.987654  0.320526  3.806722       7.055311    978.693909 -217.848953  5.202971  1.925537  426.550293
8   -42.112415 -11.453989    9.353968  0.303687  5.536999       6.988231    691.098083   11.351269  5.204836  0.346724  170.751221
9   -46.938221  -7.449207  358.029663  0.292475  2.882422       8.142445    940.260681 -234.045456  5.763718  1.294931  183.909348
10  -47.056904  -5.402337  358.931427  0.298322  4.172551       8.056820    811.913818 -148.809219  6.328927  1.350584  285.357208
11  -47.643452  -2.426615    8.786997  0.315469  4.180422       6.705999    888.563354 -151.942688  8.163894  1.779577  405.035248
12  -47.973324 -19.661034  358.066376  0.283599  5.223048       8.617120    957.846924 -229.789062  5.380840  1.498245  206.907883
13  -44.958447 -33.541870    8.663317  0.332516  5.258290       8.056079    911.516541 -107.183800  6.707386  1.150348  337.141693
14  -40.751633  -4.986364  345.476532  0.342222  2.976037       8.369318    613.961426 -138.263260  6.896237  1.196696  224.257050
15  -45.927006  -4.186612  356.772247  0.295575  5.518477       7.787661    902.382690 -122.580162  6.964313  1.298833  207.895630
16  -46.535816 -31.028599   28.004448  0.250000  2.992257       7.759644    932.957581 -142.764450  5.393480  0.415115  173.320953
17  -50.202747 -16.518929   19.539795  0.289585  2.941470       7.396846   1062.556152 -235.250351  5.500210  1.651370  407.814301
18  -51.001614 -18.597208   11.779505  0.320056  5.935835       7.910513    852.716553 -177.488266  6.466410  0.958366  449.542145
19  -50.706699 -23.595087   12.126568  0.338905  4.759377       8.342307    878.641296   32.476261  5.151309  0.683063  342.735687
20  -42.179199 -41.688953   27.721952  0.333500  3.410323       8.511610   1031.735474 -186.514816  6.429116  0.666997  315.300476
21  -47.009823  -2.959847  357.316528  0.316311  4.684484       7.490248    871.511902 -195.587265  5.676203  0.772859  105.171776
22  -41.137203  -3.302094  349.678253  0.278844  3.034290       8.146977    959.179382 -117.570724  7.463854  1.897156  139.888992
23  -50.765514  -1.714434  349.108246  0.341402  5.546463       6.805225   1071.290894   92.788521  5.434409  1.183133  229.425919
24  -52.954708 -23.187437   25.915499  0.306808  3.803597       9.878098    889.004333  -98.300423  5.455467  0.358050  253.270676
25  -41.594234 -28.957939   12.254697  0.327960  4.043097       7.526196    762.230347  -22.507549  6.053334  0.763217  288.826782
26  -47.391113  -8.575324    2.114090  0.286943  4.603263       7.941738    701.314026 -127.360527  6.493802  0.803573  324.488800
27  -49.290836  -5.063121  356.230164  0.295616  4.628644       6.996784    789.918335  -42.903507  6.169620  0.377004  237.077042
28  -46.559010  -1.320676  342.652069  0.312995  5.670273       7.873232    595.112122 -170.049545  5.990675  0.772248  405.876556
29  -55.181961  -2.236130  347.484985  0.315100  5.512778       8.614886    873.241882  -36.964603  5.268292  0.940270  455.736786
30  -36.084473 -10.081592   15.248164  0.339921  3.630883       5.177266    616.046997 -117.962799  5.832820  0.979708  489.128479
31  -53.981899  -1.351031  352.319275  0.349295  4.627364       9.388677    873.954712    1.190780  5.151308  1.383264  330.588745
32  -47.974884 -22.224247    7.402408  0.325821  3.310400       8.905139    992.113708 -207.218704  6.147187  1.282233  274.361542
33  -44.075912  -5.340031   12.995409  0.346031  4.723355       6.909507    775.088806  -17.369501  5.318228  1.130736  283.355438
34  -49.596798 -14.974209  355.838837  0.304501  4.739217       8.125227    898.482971  101.526703  7.432747  0.657410  114.209793
35  -53.983757 -15.474934  357.625122  0.280596  5.857471       8.710541   1077.867065 -126.228706  7.603796  1.150353  299.160767
36  -53.437550  -8.658191    7.600111  0.332925  5.251011       9.846836    892.017761   46.196728  5.350598  1.920581  447.456573
37  -47.828636 -11.399783   18.312599  0.334848  2.847405       5.898447    868.620789 -125.325562  7.656950  0.431227  239.706665
38  -44.984776 -27.546381    1.597842  0.338980  4.589706       8.409308    839.702332 -118.495758  6.438674  0.944869  204.333282
39  -50.130520 -14.551273    4.600182  0.325746  2.274466       7.476506    903.781067 -209.467087  6.366554  0.663136  256.846466
40  -42.384571 -25.142290    2.468535  0.340937  5.209058       8.339704    793.050598 -170.966187  6.367914  1.027254  105.440414
41  -29.643040 -16.432329   14.523588  0.321086  2.600704       7.429343    602.432190 -113.337250  7.662694  1.611460  248.153809
42  -40.317272 -11.545518  357.981201  0.337622  3.441958       8.220785    569.398865 -155.694397  6.938655  1.741104  330.256714
43  -54.883293  -5.217279    1.290899  0.340220  3.489194       9.838662    918.740845 -116.657677  6.163353  1.831533  443.547211
44  -44.322758  -5.033638  359.309570  0.300911  3.142623       8.575870    669.864441  -85.382973  5.387958  0.419691  107.384460
45  -46.698814  -5.474127  353.920471  0.337092  4.547668       7.437751    906.123352 -227.001709  6.818301  1.689805  275.615082
46  -41.754799  -3.339786    3.041282  0.318627  2.276688       6.524791    637.311768 -207.280701  6.320122  1.447948  446.084351
47  -47.467033 -11.250429   20.964558  0.303719  4.158634       8.946457    626.848938  214.892014  5.425289  0.820617  427.272644
48  -35.548767  -5.930830    1.748255  0.349356  1.536157       6.153734    717.885498 -149.702347  7.294938  1.216896  229.553085
49  -37.953449 -12.851514   12.404748  0.308820  2.802023       8.099419    577.540588 -240.620026  6.358365  1.556316  387.158813
50  -34.491985 -38.716827   28.391907  0.333783  4.398724       6.806995    869.095886    4.109763  5.115668  0.844233  250.446869
51  -46.339760  -6.934765  354.575714  0.340944  3.332686       8.588185    769.466919 -158.273544  5.022635  0.946972  152.356522
52  -52.017204 -12.306946    9.476615  0.299570  1.181870       8.505807    936.258301 -239.239166  5.286334  1.545076  450.955017
53  -44.752571 -16.150011   25.900833  0.254865  3.160183       8.288790    978.898499  127.433426  5.433952  1.748376  195.983475
54  -47.256386  -8.096834  347.527374  0.349754  3.688546       9.652873    584.517090 -102.377548  5.710050  0.333561  101.840874
55  -43.821098  -6.805279  354.004242  0.332992  3.394146       8.055606    690.852173 -212.607437  5.431190  1.483938  295.260101
56  -48.378643  -1.764378    3.452452  0.323165  4.580554       7.600841    740.353821 -242.955200  5.764987  0.648465  380.039612
57  -43.534233  -0.240937  345.827820  0.266305  4.981471       7.384458    843.337402 -195.247131  5.759050  1.254162  124.901741
58  -49.591667  -0.922990  350.893127  0.324999  4.335125       5.930849   1017.770691 -146.732010  6.498708  1.931157  398.606628
59  -46.217064 -13.704640    0.032738  0.347652  2.842206       9.387769    648.346130 -139.527359  6.571535  0.906020  302.033600
60  -46.466743  -3.926749  354.544708  0.309095  3.923419       8.460409    702.583801 -237.202011  6.776854  1.673308  347.454559
61  -40.582642 -16.983276    2.190174  0.325016  5.107384       5.305383   1053.387939 -187.874725  6.577574  1.324241  187.259552
62  -48.058090  -2.138013    0.512474  0.308891  2.905630       7.412087    950.915955 -212.287323  6.275902  1.606917  324.150757
63  -45.761410  -6.524903  348.836273  0.318107  2.966261       7.667405    911.474243 -151.623428  7.597764  1.082934  123.217171
64  -44.919472 -10.048471  353.544525  0.329357  5.618337       7.041806    741.603149  -64.443230  7.262311  0.504790  195.247070
65  -49.707420 -13.722737    0.547106  0.328270  3.461395       8.319033    782.067871 -239.201981  5.896063  1.333841  380.805389
66  -41.488499  -8.283256  347.555969  0.318047  5.063618       5.179008    893.360168 -107.025795  5.648199  1.870757  271.401855
67  -47.220207 -20.901470    8.857655  0.335275  5.839745       8.632166   1045.581055  -46.874969  5.329790  1.801632  255.020554
68  -54.310535 -28.682081   14.416287  0.339004  4.783328       7.623606   1027.938599  120.154594  5.911156  0.225400  430.057190
69  -46.099812 -27.513144   15.972861  0.334900  2.263132       8.072558    932.654480  -76.637146  6.827160  1.089343  387.333801
70  -49.407440  -0.406079  344.394531  0.297360  5.895897       9.192062    816.913574 -233.715683  5.239871  1.841143  251.464218
71  -49.452480 -10.520325  349.390747  0.333769  5.727460       6.580560    794.903870  -71.184296  6.553206  1.173172  418.004456
72  -26.997555 -18.698256    7.198684  0.327216  4.169296       6.853600    680.921936 -140.117249  6.374531  1.430265  117.220383
73  -41.176640 -23.938517    4.869680  0.339314  4.210170       5.672532    887.019287 -117.518494  5.825830  0.744905  188.613434
74  -49.951721 -13.488268   11.297734  0.330554  4.622304       8.389885    866.565918  151.460831  6.601068  0.766090  253.661545
75  -41.312038  -3.445276  336.646698  0.321051  5.313500       5.401564    738.942261 -236.769638  5.123215  0.873376  180.027786
76  -51.961990 -17.711355  358.000214  0.344874  5.616449       8.060234    947.007507 -155.210403  5.110084  1.280576  387.925354
77  -50.536263  -5.122854  347.544891  0.270664  5.566803       9.664020   1095.696533 -168.247620  5.630007  1.908146  144.987076
78  -57.273373 -11.586651    2.478549  0.335116  3.441433       9.563241   1000.087463 -131.661255  6.700450  0.625718  419.373413
79  -57.793236  -6.667149  351.961761  0.341669  3.346177       8.893444    950.848694 -199.419571  6.301270  0.430900  332.432312
80  -44.748665 -20.908762   23.135853  0.319864  5.703422       8.065209    789.150024 -128.048523  5.380800  0.627196  162.612900
81  -46.462109  -0.278590  341.736633  0.337898  3.058310       6.938659   1086.817871 -217.052948  5.228295  1.165425  133.514877
82  -59.261002  -7.077549    3.970468  0.325600  3.906480       8.403073   1066.008179 -103.659088  6.160304  0.565226  448.360596
83  -46.472874 -19.919573    5.718719  0.301879  3.478412       9.334561    846.500732 -186.886139  6.938292  1.797902  260.223175
84  -56.978886  -5.401441    0.192433  0.299247  2.317704       8.257273    988.419739  169.478561  7.307424  0.798945  477.312103
85  -49.233971  -5.786583    3.909888  0.324853  1.817122       6.327218    797.458801 -237.720764  7.429272  0.712710  472.314148
86  -43.245949 -12.567257  349.187866  0.334757  4.750717       9.309844    658.883606 -198.438614  7.112241  1.841229  183.345398
87  -50.079170  -8.708097  358.384460  0.339441  5.041862       8.481052   1073.800659 -115.598152  7.311072  1.689431  227.329300
88  -47.532101  -1.485779  349.754517  0.310630  5.467822       7.827737    698.741394   81.825569  5.824888  0.926843  348.479370
89  -18.803902 -39.680172   36.070648  0.288006  5.172529       6.945326    868.216614 -162.833191  6.631617  1.674703  143.704086
90  -44.673214 -30.188501   23.313828  0.334559  5.660046       7.129178   1006.914001  -25.395546  5.583580  1.054400  309.720795
91  -59.316990  -9.102835    0.077859  0.342369  3.095391       9.768835    967.789917  -94.324684  5.205847  0.336916  382.930573
92  -49.410805  -6.500833    8.632132  0.321839  5.690667       9.228333    694.953247 -110.461464  6.709071  1.883897  425.877502
93  -47.378822  -0.150460   10.748935  0.275156  5.485476       7.210861    799.313232 -245.482162  6.165329  1.129076  308.235138
94  -56.063190  -5.799896  350.294067  0.280253  4.563816       8.951853   1092.395996 -106.737717  5.152841  1.219914  319.519104
95  -43.977772 -10.989175  358.554626  0.295340  5.593255       7.716759    626.152161 -140.631943  7.742992  0.784950  326.003754
96  -49.462444  -9.277061    0.775522  0.289587  5.447193       7.249380   1089.626587 -161.770203  6.180118  1.852695  330.350067
97  -45.911030 -10.162361  354.873505  0.293660  3.555757       6.925292    985.951294 -208.329041  6.210686  1.965588  281.307709
98  -40.105297 -30.328753   13.957211  0.318177  4.847610       9.411321    574.061462 -200.284302  6.530189  1.874549  484.886780
99  -45.493168 -10.642656  359.196716  0.314293  2.772883       7.402394    672.077148 -234.844208  5.571033  0.824746  407.384369
100 -42.653511 -10.556778  359.030701  0.344989  2.283637       5.689501    739.099243 -154.852158  7.180210  1.033403  392.544495
101 -50.223278  -8.933018    1.968679  0.283004  2.416350       9.797602    810.158936 -117.679512  6.019179  0.817193  209.601196
102 -46.749657  -9.092901  359.704834  0.324321  1.991890       8.878422    642.229370 -107.313263  5.332761  1.639574  451.583527
103 -45.905453  -2.570836    0.234195  0.313177  4.178168       5.931305    819.912292  -26.570944  5.094858  0.340607  158.510056
104 -38.639202  -5.183189  358.011047  0.291809  3.081909       6.301849    653.403442 -226.208832  7.699063  0.553199  195.829254
105 -51.031307  -5.708127    0.348978  0.326405  3.521839       8.335156    863.629456 -237.184021  7.040848  0.946960  291.152161
106 -43.663376 -11.406598  352.061310  0.339379  4.188371       5.310763   1000.077881   -5.282780  6.426910  1.484810  244.815094
107 -46.573547  -7.571929    8.343180  0.323810  3.661967       5.349798    869.442749 -153.100845  6.004841  0.365111  201.758438
108 -52.264065  -0.600627  350.111694  0.304921  3.784909       8.114802    915.303223 -158.849426  7.096705  1.107611  314.317627
109 -48.763687 -18.249121   24.640169  0.310305  3.966730       9.840387    890.087769  -17.842972  6.245539  1.443348  245.569977
110 -53.644497  -0.413153  359.244141  0.347631  3.079850       9.112150    760.754333  -46.259026  7.356245  0.476330  318.737488
111 -49.386036 -10.493607    5.289998  0.336637  2.718296       8.550831    749.119141 -233.657013  7.122748  1.453801  494.015472
112 -50.986015 -28.238825    7.934199  0.348224  4.696421       7.588115    970.885376 -173.737778  5.090672  0.395483  336.418884
113 -44.566334  -8.876048  344.337616  0.327606  5.620639       8.059499    736.028564 -249.900970  5.935096  1.828717  228.825394
114 -52.674633  -3.139262    9.034487  0.287154  4.006748       6.938401    999.370789 -212.129059  5.762995  0.743144  249.950836
115 -54.677433  -8.928555  353.607574  0.307411  3.824561       8.374352   1087.150146 -168.692551  5.509561  0.949660  226.108475
116 -55.821117 -17.063931    3.042673  0.299059  5.470480       9.731246    981.872437 -245.956375  5.190734  1.173580  442.686188
117 -50.525208 -20.424084    7.456370  0.322867  5.254111       6.455466   1050.197998 -109.475891  8.194407  0.363604  134.406006
118 -55.125587  -7.793880   13.746896  0.326199  2.379023       7.624917    939.679443 -233.566055  6.067982  0.265117  166.692810
119 -57.421104  -8.917238   10.251757  0.314477  5.766676       7.918324   1049.857910 -107.043144  5.642921  0.339780  199.523041
120 -43.197899 -16.545361   12.169561  0.348291  3.331257       7.914899    736.492981  -38.008621  6.469642  0.710361  236.232513
121 -41.944828  -1.567647  343.307251  0.342566  2.743332       9.526739    532.904785 -219.284973  5.993256  1.458446  315.706238
122 -54.418732  -3.158855  359.017487  0.316944  3.228106       8.546298    781.094788  -44.152042  7.193717  0.381402  478.926880
123 -51.134022 -24.659628    8.923468  0.290933  3.288494       9.250869    886.225952 -222.583405  5.806597  0.473076  209.970886
124 -34.687328 -23.331982   30.970078  0.332116  2.229496       6.212788    919.904419 -164.873734  5.827564  1.859705  230.528839
125 -47.775318 -16.192753  350.588867  0.347200  5.852437       6.544952   1036.866089  -78.953415  7.863288  1.480208  222.715988
126 -57.237667  -4.420974  359.690186  0.304130  3.220383       9.175954    960.944641   35.522636  5.492863  0.389423  344.426941
127 -46.033844  -4.038494  352.545380  0.334655  3.946843       6.511088    756.461121 -220.347763  6.595281  0.978688  412.581909
128 -50.434719  -0.309813    3.318911  0.344570  1.834576       9.950212    659.880066 -190.701935  5.440475  0.283639  195.967316
129 -55.991688  -5.075195  358.624390  0.314855  1.673061       8.760991   1070.042236   71.506355  6.376859  1.142214  424.143494
130 -48.187996 -21.127865   15.982041  0.320714  5.295384       6.586802    948.347229  -71.362595  6.057472  0.756507  367.804871
131 -50.362995 -17.130798  358.662231  0.341942  4.384089       7.218862   1093.430908 -190.600906  6.389871  0.971886  220.063538
132 -44.073753  -9.776555  351.466309  0.309812  4.528726       6.843844    770.040894 -124.901466  8.731257  1.651108  302.508575
133 -52.183041  -9.766931  356.071259  0.335295  2.433669       9.896842    754.512451 -249.845566  7.225516  0.321692  149.401276
134 -54.191685  -1.209825    0.661597  0.340116  1.660270       8.019911    830.639893  -84.210960  5.236339  0.244195  468.270752
135 -39.856598 -11.632490   25.885965  0.343423  5.566067       7.929386    560.174683   12.295625  5.470786  1.245364  395.298676
136 -55.079620  -9.039033  354.644073  0.325527  4.352974       9.588614   1076.781006   -7.745142  6.735168  1.175502  216.984711
137 -52.305935  -2.142794  346.329956  0.293571  4.761275       9.812677   1058.998169 -225.252975  5.559511  1.737066  228.610413
138 -38.701885 -25.577316   21.747545  0.312046  2.853079       9.800540    622.595093 -207.389511  5.893360  1.202603  281.069336
139 -52.836067  -3.555758  359.259705  0.291582  5.605749       9.060840    836.261230   72.579018  5.010787  1.422539  442.044678
140 -51.428139  -8.984613  343.445282  0.340285  5.395770       9.425879    862.929077   68.494675  7.391967  1.872625  272.244598
141 -48.589512  -2.634006  351.769073  0.322133  3.130379       8.545931    934.220032 -150.946960  7.125442  1.337039  180.641159
142 -34.306778 -23.059607   13.192279  0.316723  2.622792       7.370239    710.524353 -176.069931  7.011965  1.763702  256.487915
143 -52.699535  -8.394771  359.666260  0.264720  4.440742       8.731195    970.582153 -125.536972  6.198481  0.861003  233.289459
144 -59.130890  -0.407703    6.024896  0.317244  4.877879       9.882447    981.421326  208.501282  6.296145  0.282107  144.154297
145 -45.515678  -0.014088  353.710236  0.309718  1.923545       8.143773    679.747009 -166.600479  9.503792  0.824158  275.583069
146 -53.634815  -0.593197  359.731689  0.267396  3.039099       7.480619    917.580078  -38.380589  6.210762  1.493537  474.062531
147 -44.561310 -24.330502    3.620149  0.310430  5.327925       6.033713    997.386169 -146.655151  5.237035  0.857164  165.304886
148 -50.799397 -13.844588    8.023805  0.245097  4.956142       8.055181   1088.449829   92.553833  5.573310  1.157516  203.998657
149 -49.289604 -17.220299  353.699707  0.342108  5.289095       9.457775    897.481323 -143.275955  7.840103  1.850751  243.808838
150 -56.644920  -4.475475  355.844696  0.322627  4.986661       9.360886    912.856934    0.709256  5.911510  0.593527  339.674255
151 -56.064861  -4.022641    2.926624  0.291932  1.248895       8.947507   1094.151367 -241.892365  6.278070  0.822534  301.358887
152 -44.188137 -14.633897    0.616917  0.345852  2.835376       7.009146    838.568054 -171.809341  6.130383  0.962553  224.882614
153 -44.405563 -13.790281  352.467163  0.339073  3.160892       9.831747    712.696716 -141.833954  7.046576  1.784523  219.433762
154 -44.321274 -26.430811   15.595817  0.320560  4.693686       8.517254    833.157776  -15.409654  6.357795  0.828102  226.588333
155 -47.432606 -14.021307    7.856930  0.349604  2.873392       9.027985    705.717651   29.916481  7.478719  0.613909  348.129852
156 -48.622738 -12.148044    3.223315  0.346901  3.992941       6.398252    902.792847 -148.575226  7.702168  0.389766  216.446472
157 -47.452560  -1.485484    4.648447  0.345597  2.682403       6.746094    833.756836  -42.769878  5.307931  0.690673  312.012299
158 -51.885929  -8.946210  352.361755  0.311820  5.338743       8.340065    924.969543 -244.900482  5.957100  1.257301  295.030701
159 -49.844810 -15.473224  359.250427  0.334431  3.298193       9.855279    835.069702 -168.410309  7.160690  1.416295  305.289551
160 -48.926403  -8.152732    8.334024  0.341178  4.642343       9.116132    675.446411 -221.252197  6.008399  0.569740  256.563751
161 -50.827656  -5.243031   15.803363  0.280883  5.783438       7.095249    896.131531 -165.130936  5.332941  0.554375  129.825409
162 -24.731113  -9.470240  335.609528  0.333001  3.445045       6.391118    552.952454 -208.688553  5.426597  1.322738  108.958298
163 -49.642429 -10.372091    5.240666  0.324446  1.990299       6.018637    947.072815 -193.360962  6.181584  1.512478  428.108795
164 -53.912720  -4.643492  352.624725  0.342479  5.718021       8.078185    941.633911 -217.117249  6.014218  1.793639  424.340637
165 -38.459019  -5.447104    9.326990  0.245478  2.411351       7.762152    658.857422 -170.716782  6.634445  1.165094  192.219437
166 -49.212917  -6.541131  349.303040  0.312822  4.872006       6.723847    863.664001 -136.052856  6.476609  1.398023  354.284576
167 -39.907604 -15.222680    7.437682  0.339382  2.040664       8.234644    557.665710 -170.139633  6.625207  0.941337  408.238098
168 -44.800716  -2.247610    4.392930  0.297920  3.023792       8.476495    600.535217 -105.073853  5.170246  0.682975  280.501495
169 -50.435020  -6.954000    6.541680  0.307970  2.139760       8.875623    745.896851 -119.369453  5.033078  0.299463  216.160873
170 -44.954205  -1.941707    5.102997  0.335648  3.078157       5.647032    899.907776 -200.916718  6.392003  1.585757  409.394714
171 -34.537189  -7.980500  348.608612  0.335131  2.970255       7.740400    597.611755 -181.220596  5.115824  1.206586  187.936859
172 -56.787403  -7.897998  358.271057  0.314453  4.696064       8.564409   1095.103271  -51.696968  6.130166  1.331530  423.861115
173 -43.709019  -1.632194  354.027618  0.337678  1.405447       8.407595    717.263550 -207.401855  8.026816  1.171198  223.240753
174 -48.985847  -4.898185  348.324829  0.319585  4.871397       6.975840    842.686646  -74.228104  6.275167  1.028195  302.938232
175 -43.649639  -3.750763  340.956329  0.278677  5.081809       7.766578    863.145142  -88.420792  6.795949  1.801270  156.014587
176 -48.915211 -10.145438    2.478743  0.314438  1.486958       7.966783    887.503540 -234.913879  7.322996  0.648584  151.442062
177 -40.131599  -0.903885  343.256653  0.349034  2.648915       5.984181    956.835144 -223.029022  7.897667  1.754590  185.197861
178 -56.765709 -12.065347  354.003387  0.331833  3.460322       8.930427    953.738281 -102.101112  5.070691  0.591369  354.519684
179 -53.074299  -4.825370    6.446344  0.314357  3.212457       6.954049   1063.145996   22.855547  5.406102  1.539143  394.195099
180 -45.927345 -32.291824   28.327347  0.268212  4.889013       8.984859   1018.781494   16.967762  7.261386  1.600942  361.496277
181 -41.423508 -12.996882   14.945755  0.323480  2.769312       6.903016    651.423950  -65.900940  6.313120  1.639747  405.920715
182 -45.810642  -6.702548  348.753906  0.338055  4.388391       7.437677    809.789917 -159.931793  5.356705  1.489980  283.556946
183 -37.239323  -9.809921  352.130371  0.309614  5.913874       5.262774    913.303345 -145.390396  7.030688  1.474754  181.754654
184 -43.233757 -12.494041   11.288250  0.271403  1.018468       8.010425    707.229431 -231.508255  6.960541  0.787154  222.767395
185 -43.686787 -20.001030    5.302059  0.308553  5.469317       9.607567    593.479126 -176.715057  6.660608  1.557194  378.813934
186 -41.120991  -0.682358  343.625885  0.285071  4.456439       5.796197    761.310181 -130.416748  5.243456  1.150169  231.862320
187 -36.298588 -11.644752    4.739520  0.342107  1.982381       6.082083    955.623718 -128.821640  9.015595  1.950697  175.284531
188 -56.113380  -5.156746  358.352112  0.332698  3.837286       9.191614    917.813904  -49.572422  5.586333  0.861600  353.076324
189 -30.242523 -10.488894    4.897778  0.324264  4.047510       6.057141    620.575745  -15.224800  7.378552  1.237594  287.674927
190 -34.982162 -19.403124   12.492566  0.319713  3.634499       6.845993    655.978088 -237.508835  8.512331  1.381315  316.587708
191 -54.280132 -11.642972    3.424045  0.292081  5.231262       8.978966    981.096802   50.164913  5.831096  1.504822  441.846100
192 -49.743370 -18.411720    7.859118  0.325552  2.469551       7.091806    806.424561 -126.591293  6.475216  0.505953  470.783722
193 -46.612751 -14.885553  354.134644  0.320119  5.427600       8.507311    653.279114 -178.033356  6.006976  1.478359  406.818512
194 -51.297928 -11.626011  348.594971  0.314823  4.155497       9.687464   1043.841919  149.476410  5.794069  1.497689  151.292465
195 -44.058529  -2.641391    4.769824  0.314349  3.445404       8.268669    776.941223  -74.251282  5.888627  1.245144  146.189209
196 -39.826557 -17.270823   11.322238  0.262013  5.695219       5.989773   1012.660461  -82.490509  5.728720  1.129810  108.027428
197 -51.480049  -8.352593    1.223503  0.302028  5.416570       7.482363    962.221069  173.035873  6.747711  1.570453  423.625702
198 -57.270714 -20.003397    3.502168  0.331792  5.985687       9.202237    972.557983  154.844543  5.874661  0.620164  474.883270
199 -37.222118 -21.714333   16.255039  0.331740  1.609095       8.474658    801.608948 -147.727448  7.417824  1.466088  206.360672
200 -54.672066 -10.829221  358.281372  0.288749  3.350273       8.377131    978.216553 -133.426224  5.630275  0.769381  325.065521
201 -48.198578  -1.717485  350.311066  0.281233  5.052920       6.484580    748.786255 -235.213974  7.250285  0.259969  166.650223
202 -49.055790 -11.267780    8.738833  0.315015  2.018999       8.140201    820.649658 -127.151611  6.664783  0.747884  300.605621
203 -50.398804  -9.741249    6.332778  0.321271  1.542020       7.346230   1093.506226 -190.483536  6.411000  0.889291  136.087830
204 -41.712566 -12.696521    7.040654  0.314481  3.140303       6.757440    678.399719  -70.423225  6.083455  1.179531  412.957825
205 -42.597950  -2.652551    7.336845  0.296329  5.570481       5.449853    936.578247  -48.303780  5.995966  1.001870  155.032150
206 -45.966923 -16.604322   10.636907  0.340905  3.762370       9.268762    625.983948 -208.342865  6.487181  0.267044  108.396088
207 -51.480114 -17.816900  351.619537  0.303418  5.798715       9.539096    903.703918  -16.141209  5.450898  1.374267  239.000626
208 -49.476402 -10.483344    4.254158  0.336968  3.193260       6.578155    926.397034 -124.468407  6.403551  0.925718  425.900024
209 -53.491566 -30.072315   25.220430  0.269408  3.872320       8.733659   1061.914185 -104.711891  5.880373  1.035960  494.985046
210 -52.046993  -3.156317  359.295990  0.346843  2.484317       6.104433   1030.797485 -114.979294  7.213809  0.580431  187.222977
211 -50.792076  -6.238287  359.050720  0.329395  4.019118       9.299463    828.857056  -80.900597  5.464329  1.055839  300.127686
212 -49.125786  -6.245961   11.682363  0.320500  4.062162       6.757707    802.370361 -140.674240  5.860924  1.495711  488.791595
213 -37.532944  -2.096926  356.920319  0.341406  2.045822       7.845429    570.206055 -234.595993  5.904702  1.126858  322.387085
214 -49.371204 -11.137599   13.034300  0.321573  5.559936       5.663110    897.557617 -183.009171  5.759245  0.475622  318.085266
215 -53.022217 -23.520588   13.755478  0.284775  3.026254       8.918904    877.350647  -63.197147  6.523272  0.464557  343.044006
216 -55.805077  -4.193988  356.961731  0.339957  1.781308       8.143830   1010.259277 -226.863159  5.880583  0.892391  383.177246
217 -50.540131 -10.251678    2.032624  0.329814  5.217725       5.110105    954.243591   31.247625  6.535978  0.706716  421.290894
218 -44.566402  -2.319669  349.599121  0.290517  4.805746       8.120455    811.865112 -236.494141  7.028952  1.842799  232.741241
219 -46.147079  -9.084045   10.505557  0.279662  2.800069       6.373603   1076.593628 -128.715897  7.628435  1.514738  283.638733
220 -45.196411 -14.005575    4.049080  0.336496  5.699621       9.020412    597.614746  -77.468933  6.569886  1.851281  409.377991
221 -46.210472 -17.631756    4.576563  0.302104  3.626943       6.408111    827.061890 -231.605682  5.563085  1.127825  383.015991
222 -48.023453 -22.146992   21.446360  0.276162  1.313944       8.705905    860.473206  -77.979622  5.336580  1.369478  348.068237
223 -43.383434 -34.779705   17.116571  0.321166  5.114048       6.530812    997.476807  -20.015024  6.389663  0.556382  171.251266
224 -52.889477  -2.076699  352.782623  0.284734  5.571088       9.576601    920.948608 -223.482513  6.778557  1.797198  334.445038
225 -41.735050  -0.515111    0.370286  0.324409  3.868840       9.597075    719.528687  -80.474579  5.736635  1.493746  111.008354
226 -36.223965 -12.732143    5.385283  0.304989  3.753791       5.601931    755.151184 -192.009018  6.446849  1.738918  329.753143
227 -53.072563 -16.386240    4.457253  0.314202  4.214450       7.197889    984.982727 -146.771530  7.817768  1.251254  497.623108
228 -52.573093  -5.631526  352.232178  0.349657  3.653818       8.320657    999.553162 -127.084946  7.153872  0.888504  252.458786
229 -46.665535  -1.314113    0.197392  0.290295  5.330794       8.405721    651.121765  -41.508690  6.412089  1.475885  476.958008
230 -50.554825  -1.008700  354.598907  0.288867  2.043921       9.054786    781.234497  -63.877365  6.698031  0.749167  264.286469
231 -43.810955  -7.347307  355.160980  0.335383  5.171947       8.230508    649.005249 -225.104858  6.778092  1.239701  344.979858
232 -45.329178 -22.976646   12.176539  0.343212  3.265252       9.792048    692.134033 -125.679642  7.931686  0.844091  329.147705
233 -44.946560  -5.092157  348.015656  0.278445  5.748372       5.617626    888.418579 -146.086212  5.517764  1.392844  271.462219
234 -42.201778  -9.098861    2.289290  0.310966  2.686553       8.779920    580.955200 -182.422440  6.036250  0.938663  275.725677
235 -47.742157  -4.797359   13.803223  0.327462  3.876921       7.455012    820.604248  -72.348450  6.223733  1.373989  381.687653
236 -45.932205  -5.861881    4.492019  0.313685  1.385843       8.746445    656.148987 -178.015900  8.147274  0.498248  205.439529
237 -43.194595  -2.868828  345.406738  0.330925  4.696670       8.562086    560.081421 -161.898819  6.201106  0.640674  247.835205
238 -47.779938 -18.921089   13.007359  0.295525  3.553991       8.394578   1027.260132 -141.078110  7.965270  1.014111  129.029556
239 -51.713814 -11.723634    9.481451  0.284372  4.111366       7.284085   1052.213379  -86.930832  6.236297  1.199966  379.135284
240 -45.756088 -20.228888   18.596321  0.333061  4.002843       8.865457    750.345703 -112.463844  5.234590  1.859838  408.588593
241 -55.453403  -4.026566  338.815308  0.347485  5.698740       8.666015    945.824219 -157.724548  8.319691  1.377169  308.186157
242 -54.557343  -9.192833  351.749329  0.295319  5.051108       9.779859    940.679382    6.977289  5.217438  0.928939  270.626221
243 -47.921825  -8.038501  350.636475  0.323643  3.792975       9.271079    631.938965 -111.475830  5.967488  0.580148  290.355225
244 -50.867771  -0.243132  344.108978  0.319618  5.938490       9.600090    607.508118 -175.756012  5.957512  0.247658  314.507385
245 -43.685577 -21.321915    8.117529  0.335398  2.874880       8.085426    668.388916 -242.602890  5.993789  1.035772  418.501221
246 -59.029762  -9.008660   11.373522  0.297941  5.460828       9.704090   1082.813110  -69.094299  6.433461  0.415829  180.965637
247 -46.428413  -3.641842    9.450766  0.300178  4.675410       8.258826    664.670898 -190.180222  5.961139  1.002000  396.636841
248 -51.466663 -10.063134    3.199696  0.323296  4.903859       8.772791    956.353149 -167.639893  5.232671  1.798151  381.629883
249 -47.614471  -1.650854    6.239883  0.339464  2.864867       9.278335    649.531433 -104.041420  6.868569  1.146458  382.593994
250 -41.728069 -14.142200  346.100067  0.324443  4.953170       6.666072    846.578979 -170.542526  5.035710  1.628869  182.995682
251 -50.595612  -5.464615    0.434684  0.297663  4.307195       8.573730    786.928223 -249.767548  5.685987  0.689364  310.093872
252 -54.725880  -3.919737  351.112183  0.326482  4.699703       8.770700    989.411072 -230.671844  5.393331  0.668599  230.187347
253 -46.727867  -4.241364  358.736481  0.271387  1.688550       7.347293    839.887573 -110.013924  7.202305  0.914479  212.113037
254 -40.246037 -23.689034   28.816441  0.307766  1.109004       8.815074    679.776611  -67.196831  6.418662  0.432151  137.110931
255 -46.515251  -1.316440  356.048462  0.318035  2.915970       6.724010    798.953003 -149.143753  7.539692  0.538665  273.591370
256 -50.057251 -24.834940   12.034273  0.335070  1.709679       9.461781    966.640808 -120.258545  6.205916  1.852033  416.997070
257 -57.117504 -15.987208   14.074081  0.270974  3.276770       8.945159   1013.570984  -77.972961  5.057475  0.920188  455.007507
258 -45.532059 -17.281792  359.575897  0.328587  4.535940       6.250779   1006.252258 -235.678360  6.016840  1.694443  288.677338
259 -48.757923  -9.973506   10.332492  0.277931  5.102393       8.733580    821.266602 -239.098267  6.312303  0.854989  192.326431
260 -53.928513  -5.744350  353.446167  0.336004  3.947110       8.839111    825.280273 -131.870758  7.612978  0.458820  255.276703
261 -50.648201  -1.390720  348.649567  0.345475  5.082329       7.650472    818.609436   94.702126  5.677978  0.297694  138.421753
262 -50.932610 -12.728309   23.813488  0.291950  5.777514       9.552861    737.578247 -116.311745  6.279455  0.986468  329.940887
263 -50.342804  -2.645186  351.690460  0.319079  3.015531       8.391088    784.314331  -88.880150  5.554220  1.743843  437.891296
264 -48.007977  -2.761146  356.975006  0.339078  2.915779       8.413138    668.415833 -188.340546  6.772520  0.963637  487.851410
265 -48.707325  -1.539270  335.968018  0.329270  5.259577       9.042138    878.931519 -208.318726  7.923018  1.431241  118.947578
266 -34.567089  -6.598125  332.373047  0.346175  4.285960       5.822981    531.522400 -170.576172  7.036966  0.532750  165.988632
267 -53.074677 -27.004185   21.707106  0.343245  5.223375       9.951180   1020.144836  154.812225  6.005912  0.860709  290.527527
268 -56.344181  -9.687639  350.905182  0.347656  5.824623       9.351496   1065.885864   73.762787  5.808178  1.137055  322.387268
269 -44.255016  -8.928098  355.933868  0.336103  4.100137       7.925863    718.527039   66.031502  5.191220  1.695481  318.648560
270 -51.916496 -11.959311   11.982327  0.259428  5.786843       9.854865    685.287903   -5.158191  6.082388  0.321551  380.593292
271 -44.459690 -20.227589   11.032924  0.318942  4.577743       7.046730    751.915649 -160.027039  5.912381  0.482722  237.271454
272 -50.593956 -27.253168   16.631893  0.285324  4.236232       8.042070   1004.089844 -234.665039  5.353292  1.623590  482.356201
273 -41.927872 -12.974630    5.624801  0.302041  5.691118       7.472456    761.232361 -171.460312  7.007182  1.815790  329.385773
274 -51.685280 -12.978110    0.114296  0.273870  5.730822       9.307893    967.270203 -173.167419  5.739095  1.022308  170.708389
275 -49.811092 -11.869916    8.047872  0.321540  2.476387       8.213376    988.550842  -93.992416  5.813532  1.701685  347.546814
276 -49.161610  -1.602365  357.120605  0.318354  1.553652       6.556025    884.971680 -169.862808  5.828354  1.163869  420.387695
277 -54.804581  -4.771745  353.015259  0.267890  4.916533       9.796776   1067.944824 -221.542542  5.362696  0.796339  117.443596
278 -50.330513 -15.040786    0.028831  0.332289  3.878136       7.599886   1031.532471  -82.031464  5.941433  1.642382  333.217133
279 -39.472027 -25.417765    7.736882  0.337163  5.166948       8.640391    636.943787   60.397076  5.607940  1.923617  286.809662
280 -46.956814  -1.364132  349.273560  0.300359  3.070094       8.752896    653.036743 -162.330582  8.548766  0.780713  276.609619
281 -50.033833 -18.146019    8.346832  0.320005  3.895119       7.439730   1087.743652 -237.475189  5.825767  0.822786  166.290237
282 -42.748188 -27.415419   27.691441  0.257805  5.154420       9.100429    822.852600   10.306408  5.158842  1.141794  220.972580
283 -46.376904  -7.316421  352.244843  0.344177  3.717757       7.619507    724.047729   -5.873979  6.860616  1.624268  374.893280
284 -42.000088  -2.139134  338.821259  0.336847  5.203486       7.741041    617.311401  -75.280739  6.624599  0.858475  222.548401
285 -49.647018  -5.872586   13.057268  0.348312  5.498801       8.053933    763.033203  -54.036228  6.468226  0.706307  423.140320
286 -57.354145  -5.830033    1.540503  0.269263  4.490038       9.692451    983.332092  127.604614  7.751898  1.924499  497.402557
287 -46.421463 -10.933905    3.886928  0.281411  2.029408       8.832935    959.593140  -20.151793  5.771237  1.573817  184.224274
288 -46.401005 -10.682096  352.844757  0.291717  3.845042       7.568421    966.211487 -220.702805  5.999249  1.806698  249.398941
289 -52.898342  -2.243452  346.213440  0.349660  3.900453       8.433312    972.021484 -200.428528  7.539555  0.867426  232.473114
290 -45.786610  -5.757064  345.138153  0.286989  5.732178       9.283411    577.843689 -210.801025  6.772076  1.011817  243.042480
291 -41.704853  -4.905314  337.925354  0.339078  5.404644       7.394536    601.753967 -171.384827  5.610309  0.820230  192.619247
292 -49.441334  -6.688913    0.109339  0.333148  3.385426       8.602605    732.036133  187.844070  6.365780  0.632032  276.852814
293 -53.863541  -6.142162  349.182343  0.329051  4.976446       6.977104   1018.845459 -129.343201  6.993756  1.234796  393.575256
294 -53.410748  -9.379942  359.455811  0.322751  3.488624       9.146602    761.167969 -164.802521  6.152295  0.750296  432.550049
295 -49.979980  -8.842917   11.259323  0.288680  3.850415       8.865675    798.581726  114.826553  5.229236  0.597427  262.102295
296 -53.151001 -10.441002  351.951080  0.307648  4.596279       9.321040    955.039856 -114.412209  6.159802  0.876466  169.724548
297 -53.825771  -0.305980    4.944632  0.317799  2.033324       9.289343    897.144653 -158.833755  6.968163  1.326212  362.800690
298 -38.297607 -29.603247   42.729462  0.302439  2.876830       9.438545    695.493042    6.023955  5.465838  0.870197  199.525284
299 -43.437321 -29.247717    8.846515  0.311311  4.722115       8.872494   1062.392212 -160.899734  5.982139  1.384098  115.833305
300 -41.797573 -19.468493  359.070862  0.336890  5.651956       8.480983    532.190796 -246.657303  5.783460  1.048964  375.568939
301 -35.994778 -14.017252    0.735116  0.292885  3.403002       9.173970    568.290344 -219.394791  7.654793  1.891689  166.996231
302 -43.546394  -4.349710  354.634705  0.332966  1.889958       9.911889    631.811768 -158.522110  6.230058  1.021014  209.767990
303 -41.321514 -25.813681   13.493594  0.346735  5.415093       5.850945    812.516357  -83.537521  5.726056  1.194197  476.337860
304 -40.919701  -8.619161  358.213654  0.323505  2.345268       7.593042    674.104004 -180.838654  6.515320  1.246387  281.247742
305 -39.104980  -0.620322  352.916412  0.292734  1.680214       6.644594    838.187012 -221.823563  7.776649  1.864423  217.857620
306 -51.041080  -4.466794  350.480957  0.316130  4.593281       6.175631    809.749451 -205.620163  7.990726  0.544602  417.035492
307 -47.399117 -11.719831   20.646893  0.310219  3.882094       9.400151    682.635681 -172.612717  6.251132  0.851221  275.021667
308 -51.620537 -18.941669    8.274224  0.296612  3.037333       8.393415    934.775269 -142.816605  6.144597  0.538558  176.129410
309 -47.527962  -9.926753  351.022095  0.278995  5.933607       9.056148    684.928894 -236.269440  6.742217  1.354054  242.552246
310 -45.696178  -1.095807  359.330902  0.300086  3.927606       7.628863    926.283447  -91.578453  6.132862  1.645176  207.527969
311 -55.885509  -5.049579  350.612061  0.328039  3.459453       9.477181    927.657959   21.205093  5.719140  1.327592  415.544037
312 -44.989494  -0.452593   15.376118  0.323972  4.105103       6.778366    921.565491  -24.748455  6.187267  1.210140  199.483017
313 -47.877064  -3.481863  354.101837  0.334950  2.937475       8.194523    714.222046 -145.175339  5.645790  0.661321  301.283081
314 -43.470104 -17.438934    9.689264  0.318661  2.915742       8.472991    778.283020   16.203579  6.412974  1.132568  239.072830
315 -51.730640  -2.129619  348.169556  0.281622  4.557686       8.214395   1066.105103 -127.634224  6.365921  1.954686  318.620667
316 -46.930901 -25.640945    7.777700  0.340765  4.955040       5.358763   1039.175293 -144.099304  6.335639  0.664579  254.033112
317 -45.566704 -21.832575   21.944204  0.311501  5.766361       8.648306    934.431152   16.258347  5.159543  0.932811  113.266541
318 -58.426056 -15.001233    3.144142  0.337364  5.624378       8.910618    997.470642   22.613766  6.421757  0.250418  200.809448
319 -40.763126  -3.937392  348.606506  0.337042  3.682620       6.001701    781.202698 -195.394623  8.149045  1.053530  247.891861
320 -49.164608  -2.200776  351.253876  0.341919  4.097911       7.764936    846.645569 -196.969406  5.592765  0.731267  191.961578
321 -37.294682 -13.323636    6.748578  0.323052  3.215463       6.123577    609.815002 -198.538498  7.750217  0.853446  441.397217
322 -43.424324  -5.172687    1.607213  0.324354  2.726492       6.734428    786.963623 -243.062164  5.384456  1.022722  254.900681
323 -46.530582  -2.150826  337.941437  0.341403  3.924979       8.967317    769.781372 -149.460083  6.838171  1.158595  148.587296
324 -51.983749  -1.380977  340.779938  0.332356  5.698592       7.365495   1006.897888 -249.975983  6.541309  1.894950  331.787506
325 -38.725563 -10.102999  351.511383  0.336940  5.082625       7.828026    566.984436  -50.126850  5.196728  0.804922  275.105347
326 -45.384159 -12.936274    4.419044  0.285008  5.047176       8.615234    625.751465 -238.679703  6.565734  0.586526  298.938843
327 -48.564060  -0.070977  346.556610  0.322070  5.043639       7.024385    837.285583  -22.030287  6.122454  0.950341  295.792572
328 -46.188889  -6.986218  359.063080  0.341983  3.748284       6.289426    857.256409 -185.436264  6.096157  0.968660  364.308716
329 -55.034454 -17.875263   16.423609  0.336161  4.960327       8.414723    983.155579 -243.676224  5.059824  1.231665  481.522278
330 -52.619411 -20.831991    2.086146  0.337730  5.266881       8.573895   1053.862305 -176.615387  5.414505  1.488677  349.545319
331 -40.748116  -6.105248  358.530914  0.337403  1.712504       6.505835    849.277832 -200.971695  7.885280  1.717994  240.301331
332 -39.493687 -13.717190    9.557037  0.341757  1.552702       7.344334    644.680664 -185.296524  6.295666  0.634068  327.445435
333 -51.224716  -7.807155  350.715607  0.309731  3.932968       9.453503    728.241821 -223.291336  5.640904  1.747721  399.440674
334 -47.475056  -8.913457    7.835250  0.293895  2.694485       5.669143    967.978882 -207.845642  5.535724  1.609881  387.222961
335 -50.879700 -28.297779    6.371875  0.321779  4.208393       9.596310   1072.270630 -115.147728  5.207830  0.929021  249.667084
336 -49.648846  -3.352843    5.919686  0.346130  5.243665       7.822877    777.764587 -178.272491  6.364627  1.206295  478.519409
337 -54.362431  -8.931684  351.454956  0.344081  3.734768       7.042198    880.694397 -228.784866  5.832847  0.209531  195.758484
338 -50.527641 -15.584457    5.020047  0.301497  5.489596       9.256445    938.126709   60.689316  6.908426  1.859106  309.621704
339 -39.596691 -16.770388   23.444433  0.338892  3.495236       7.936519    580.543640   36.064945  5.042778  1.423142  468.014893
340 -48.216656 -21.418877    8.130218  0.345878  3.248482       9.036555    752.101379  -68.992035  6.502704  0.482105  424.713379
341 -44.043453 -13.959633  348.012268  0.283219  5.676233       7.297771    907.684509 -241.811295  6.949385  1.566967  124.516136
342 -46.564434  -3.864915  347.623352  0.290539  5.392347       9.755906    858.995239   46.111420  5.404959  1.679169  137.554260
343 -41.911385  -4.544525  340.248047  0.327088  4.908473       5.887634    741.962280  -92.680534  5.532863  1.682404  288.777435
344 -47.866180  -0.945188  351.808594  0.300098  4.662318       8.545395    623.700684 -111.981613  8.856800  0.374757  403.953033
345 -52.142456  -3.822476    3.038747  0.310027  3.036891       8.195797    907.237549 -224.883408  5.625377  0.488931  184.031219
346 -45.181068 -19.997881   12.122307  0.253826  5.387031       8.424182   1005.045227 -128.924316  6.268100  1.955767  252.432755
347 -51.079651  -4.279002  342.896698  0.327724  5.658214       9.260304    785.458008 -102.942902  5.883311  1.748640  287.802307
348 -38.773304  -3.987544  354.987976  0.313813  2.382298       7.403045    577.967346 -201.536484  6.187053  1.474863  339.253967
349 -43.698112 -18.524185  356.023590  0.328060  5.329756       8.657859    590.666687  -86.112877  5.215210  0.856235  357.326294
350 -37.926533  -8.673291   14.356189  0.291901  4.578949       7.231174    778.441101 -240.838791  6.015333  1.306591  169.466187
351 -36.942982  -0.679657  336.330536  0.337433  4.833600       5.792163    755.162537 -201.827698  5.879123  0.968670  112.946190
352 -47.800514  -2.048131  353.145966  0.335963  2.751982       8.442165    755.203735 -121.738266  6.920643  1.738884  358.521881
353 -51.073933 -12.183307  344.743073  0.345259  5.185796       9.374393    636.749817 -244.975723  7.230882  0.682730  267.335602
354 -49.952358  -4.164264   11.380132  0.275642  4.942358       8.254487   1018.512207  -37.713737  5.440636  1.581994  233.427521
355 -41.137123 -11.432894  357.497986  0.304560  4.019182       7.043659    916.673706 -182.625244  5.473289  1.987955  249.012146
356 -49.855434  -8.259665  355.136383  0.336913  5.649984       8.148820    695.570679    7.898172  6.820998  0.439897  404.536896
357 -34.298836 -17.439962  346.412872  0.347937  4.333096       6.593668    804.008789 -243.703461  6.289616  1.905535  124.622177
358 -45.398693  -1.240878   16.039875  0.321766  3.308563       8.446078    911.401306   -2.191348  5.259078  1.941731  227.378494
359 -48.799469 -14.086604  358.739075  0.341599  3.477610       7.212553   1037.148071 -151.477905  5.985242  1.460958  284.181702
360 -38.631981 -20.191717    7.246718  0.333666  3.420564       7.217176    828.859924 -181.441986  6.695287  1.365373  205.525284
361 -39.077774 -21.871546   15.771260  0.314023  2.476705       7.601645    786.791748 -147.808868  6.269946  0.682836  140.980576
362 -46.785942  -7.205273    4.164060  0.286999  3.486913       8.387193    701.217957 -185.114914  7.059514  1.528985  369.221130
363 -58.086555 -13.796738    3.508505  0.325786  3.442776       9.776731   1058.080078 -121.288879  7.708332  1.162109  490.002655
364 -49.622028 -16.898682  357.754242  0.320468  5.101210       6.301383    930.784058 -169.948593  6.251699  0.905067  356.520203
365 -35.287685 -20.273226  356.433746  0.342973  5.883273       6.714820    731.784607 -205.714783  6.010639  1.296140  135.615570
366 -44.455906  -5.725170   17.241007  0.285315  4.058774       7.534321    723.225464  -32.919548  6.248033  0.879936  245.274673
367 -48.601517  -1.630446  346.624695  0.270083  3.980844       9.332311    725.763062  -98.183960  6.844077  1.427932  254.017487
368 -52.724537 -18.500713    2.811300  0.329766  3.158895       8.673713    831.135376 -220.401169  5.597342  0.736014  440.845306
369 -36.449158  -7.599768  348.022675  0.304589  3.737805       5.795359   1034.557251 -214.185074  5.947468  1.954236  121.283432
370 -44.314217 -10.225223  356.814240  0.346054  4.224365       6.773281    857.984192 -182.130539  5.326709  1.561744  290.503052
371 -52.732948  -4.112476  359.161438  0.335879  4.355289       9.969595    962.132996 -199.429840  7.069789  0.989443  146.168274
372 -50.798756  -6.984350  353.906036  0.342829  4.676134       7.198956    924.854736 -231.781189  6.134985  0.652703  189.895859
373 -55.395031 -15.143142  356.718475  0.327295  4.245025       8.652881    984.480225 -134.952469  6.002973  1.280180  473.465424
374 -44.496090 -14.486897    6.993569  0.342628  1.253337       8.608035    704.747681 -194.810104  5.811634  0.942596  314.108154
375 -41.551888  -2.341309  344.522858  0.292489  3.456655       9.863810    575.460327 -245.271347  5.950711  1.643110  193.559601
376 -48.880463 -17.507027    1.564059  0.328703  5.975019       8.854355    664.672424   14.453670  5.629615  0.349781  474.010651
377 -39.931290 -21.628351    3.567859  0.339810  5.590197       8.776326    769.352661   37.050251  5.156227  1.701787  179.680267
378 -45.945923  -8.885011  351.724884  0.307556  5.490276       7.043759    756.661682  -95.287720  5.525061  0.908914  298.654999
379 -51.753792 -12.007576  358.460449  0.270992  4.378175       7.197764   1051.020996 -204.213531  5.715509  1.063132  281.917267
380 -42.090481  -1.262992    3.401103  0.328121  2.809651       8.012803    658.620972 -206.061142  6.313886  1.183774  319.063171
381 -44.977993 -25.925669   12.652967  0.304279  5.567905       9.862800    953.605530   87.523643  6.821691  1.760159  171.778885
382 -44.126293 -12.494090  357.767548  0.341124  3.382047       6.857809    764.324402 -143.938049  7.403409  0.571093  141.606415
383 -49.457233  -6.454039  356.952026  0.317041  5.434551       9.378515    716.869507 -156.662338  6.730892  1.026405  300.666809
384 -48.554146 -13.881203    9.090558  0.342765  1.406602       8.266583    773.600708 -118.142853  6.555483  0.923248  479.520721
385 -48.587078 -13.338511  356.301971  0.291971  5.975235       6.069103    914.096558  -31.150990  5.143494  1.474929  392.935364
386 -44.291344 -24.229406    4.331757  0.327392  4.468558       7.394665   1007.876343 -225.982590  5.983078  1.946153  262.602051
387 -48.335175  -6.733607  351.818420  0.346647  3.704073       8.135966    716.338257  -77.841042  7.162987  0.863563  408.286652
388 -42.183475 -11.554935    2.250358  0.317115  1.935511       8.398751    789.267456  -86.203079  7.642187  1.221415  167.106125
389 -52.632240  -9.849882  350.593231  0.307951  5.714967       8.597170   1037.474121 -199.362061  5.007869  1.670138  300.020782
390 -47.384869  -2.518366  353.845032  0.313728  2.574375       8.028998    894.309143 -193.517273  5.424616  1.673226  287.074127
391 -48.780907 -23.427237   26.643858  0.344585  4.988644       9.483423    732.291992  -96.768021  5.084916  0.709814  457.897827
392 -48.072056 -10.239602  359.435364  0.299749  3.133128       8.649156    914.870789 -212.813461  6.571353  1.072635  197.792633
393 -48.102623  -3.282785  357.320465  0.318062  2.022775       6.159169    954.921143 -137.328659  7.262753  0.591666  185.680328
394 -47.804718  -9.693453  355.955597  0.343027  4.646441       9.006266    704.892090   54.964226  6.310969  0.713303  211.337921
395 -53.625530  -6.164405    5.949452  0.297744  5.991589       7.513384    976.066956 -227.371445  5.402166  0.915161  370.458313
396 -48.188133 -12.593478   11.493301  0.326573  2.288274       6.344134    920.792480  -97.177505  5.401189  0.791901  285.420959
397 -46.388744  -2.970491  337.986694  0.304025  5.128139       7.971512    692.860107  -93.104446  6.354917  0.703421  117.968086
398 -56.078575 -10.308556    7.767533  0.322936  5.194592       8.199382    939.834717   90.004555  5.397269  0.283988  231.347870
399 -44.299797 -22.944187    5.358366  0.329043  5.016908       8.435177    678.714294 -175.536438  5.128009  1.958004  482.933319
400 -44.874504  -1.015709  356.920410  0.265530  1.334053       7.980802    684.071106   19.713406  5.187134  1.634601  350.219299
401 -48.487648  -9.091620    1.760662  0.337034  1.520516       6.388947    842.578674 -139.993301  6.334259  0.394654  259.695801
402 -48.068275 -10.258619  352.936859  0.304823  5.121576       6.713143   1057.946655  -56.893372  7.747772  1.339158  219.238205
403 -38.700970 -14.071781    2.501848  0.289616  5.021611       6.829291    890.606079 -107.748390  6.528684  1.952654  200.658340
404 -46.977970  -1.310579  349.305328  0.329859  4.921712       7.281712    731.143555 -226.990982  5.789243  0.603229  243.934616
405 -51.205803  -0.666441  350.850433  0.322631  3.394985       7.223400    958.689087 -239.389557  6.225465  1.132571  372.339142
406 -45.892700  -8.706389   22.838665  0.321749  4.536571       9.451385    593.621399 -232.598770  5.841867  1.218623  429.453491
407 -49.147266 -14.766565    6.447426  0.321814  5.534427       7.715134    981.091003 -172.908859  6.362977  1.724247  380.661713
408 -51.809174 -12.174109   15.886703  0.277612  5.460697       8.868067    862.244934  230.023834  5.520647  1.763688  435.403473
409 -46.818192  -7.261698  358.879913  0.317377  2.030432       6.720351    903.731018 -174.492279  7.086931  1.679765  345.098572
410 -53.131931  -0.058564  353.635773  0.334512  1.789570       8.918732    835.517151 -133.742050  6.275094  0.751117  396.771912
411 -51.016094  -3.679220  358.281769  0.342655  1.795585       8.301613    762.005920  -62.928452  5.118657  1.488918  467.840118
412 -43.779366  -9.246875  353.523956  0.348919  2.780046       6.844359    934.530823 -126.068802  5.679359  1.847080  255.458481
413 -56.343681  -5.349228    9.222551  0.301592  4.223649       9.114256    981.495239 -122.137596  6.157744  0.481614  166.441803
414 -57.354801  -8.304875    0.005711  0.301331  3.231906       8.410608    996.308960 -166.908676  5.421155  0.496282  328.193390
415 -46.930313 -18.081673   22.072956  0.304581  4.708357       7.714952    839.351929 -244.231918  5.194981  1.245702  332.438324
416 -41.812119 -14.437885    4.777777  0.341060  4.015184       8.068928    626.467712 -108.261177  5.603063  0.464076  288.519928
417 -53.540829 -17.839611    0.103300  0.322886  3.619219       8.792105    932.586365 -178.571655  5.117146  0.959762  408.514221
418 -49.072041  -5.809442  355.505920  0.309231  3.375675       8.590848    914.268860 -153.778900  6.106990  0.952661  142.109070
419 -52.933136 -17.781845    5.141815  0.332657  3.814903       9.155063    957.031433 -177.421326  8.615332  1.353678  339.133606
420 -46.944263 -14.872608    5.109327  0.330658  2.030740       7.059784   1069.829102 -112.715462  5.265239  1.066860  190.486221
421 -46.559608  -9.644416    2.086369  0.301598  3.175617       7.074216    820.941101 -188.178955  5.811945  1.261162  317.968506
422 -31.504919 -24.534224   12.806380  0.344842  2.612801       5.508198    909.957825 -224.073425  7.900246  1.362804  173.176376
423 -50.050289  -4.171122    0.866826  0.335356  4.230754       8.153410    974.082397 -184.499649  5.710330  1.639090  296.183777
424 -31.600121 -16.542427    5.744801  0.345580  2.464421       5.235944    730.573547  -46.633228  5.822995  0.783078  160.776825
425 -40.326267  -1.257558  357.234192  0.324327  1.319714       8.709836    591.404419 -179.568130  6.694928  1.770503  305.295929
426 -47.718273  -8.380001  347.258087  0.348045  5.162968       6.588151    847.383423 -224.019699  5.471088  0.644728  207.658981
427 -52.784081  -3.158493  347.603790  0.339263  4.738413       8.608979    886.733093 -245.656586  6.495623  1.007062  291.352753
428 -39.630043 -35.183418   19.535631  0.342698  3.926208       6.724127    845.056885  -56.722065  5.457462  1.705843  498.589996
429 -52.264950  -1.283203  347.144104  0.299329  4.371928       8.104092    781.105957 -208.408859  6.631299  0.904652  381.206635
430 -51.131649  -9.681333    5.919322  0.310420  5.666715       8.605516    751.898865 -161.101410  5.519898  0.883272  419.877075
431 -46.554615  -6.489841  355.763245  0.294769  4.150916       7.698814    673.225952   16.618816  6.175793  0.405050  292.419067
432 -47.888557  -0.532925  352.570770  0.311745  3.178435       8.955408    876.307678  -38.769138  5.994288  1.427398  193.056015
433 -51.826813 -15.889575   13.118188  0.324748  1.165920       9.841808   1073.925171    3.179455  6.574855  1.056679  157.641342
434 -40.661888 -21.660566    5.530688  0.347212  3.742236       9.335429    523.021484  -74.576797  5.641938  0.446982  339.547119
435 -46.519718  -3.098995  353.091248  0.334455  5.038186       9.012203    585.935852 -208.185669  6.600978  0.283607  235.366348
436 -43.731953 -19.675898   17.738522  0.326208  5.516380       6.439741   1077.035889 -114.325508  5.331627  1.080240  115.623131
437 -54.463131  -9.131314  359.562042  0.251698  4.193689       9.633041    810.002930   25.831867  5.818461  0.532982  310.540131
438 -45.460323  -0.753279  351.529938  0.299388  4.829577       9.379642    663.800110 -154.918060  5.547920  1.390860  207.631958
439 -48.169857 -21.075325  352.988007  0.312402  5.776799       7.947901   1098.943481 -106.060982  5.587662  1.527325  192.325150
440 -41.516994 -12.210411  354.311890  0.341783  2.765630       8.963484    580.594055 -181.554001  7.133572  1.423690  292.410492
441 -43.975998  -4.466506    0.654166  0.218348  2.650274       9.495322    681.185486  -30.203001  6.294655  1.737686  216.184570
442 -49.931854  -7.111151    2.493812  0.322552  1.867662       8.118697    799.698914 -134.153809  6.308234  0.644330  355.519409
443 -40.357227  -9.342557    4.251649  0.311784  1.656152       9.584829    572.817566 -223.578308  6.386411  1.725655  302.807465
444 -44.810287 -22.628345   16.468742  0.316344  4.230806       7.319590    735.608398   -0.583581  6.070157  0.472202  453.307281
445 -54.453506 -13.235396  355.453735  0.328706  4.500201       7.451435    988.094604 -231.136642  5.969570  0.573996  305.875275
446 -48.426224  -3.844563  357.466064  0.309150  3.229864       8.991053    728.297424 -204.869217  6.181754  1.437393  313.366974
447 -37.483231 -19.222212    6.978806  0.302469  3.853224       9.671941    621.054321 -203.558914  7.050021  1.340881  107.560287
448 -60.852348 -16.110588   11.329142  0.252313  4.739713       9.900638   1089.740479   94.792053  6.257260  0.317967  351.655090
449 -49.030865  -0.017866  352.471405  0.260070  5.491363       8.447398    801.370544  -92.581657  7.346676  1.134852  261.179230
450 -51.569237 -11.475244    4.309560  0.297305  4.778200       7.809797    949.158447 -184.467667  6.054949  1.187473  398.670898
451 -46.142620  -9.606962  343.112152  0.306711  5.956122       7.835462    893.982849 -149.129837  5.378153  1.485766  119.201149
452 -46.174683 -28.877880   19.437513  0.320644  3.230402       9.309926    949.388672  -10.265147  6.019452  1.470206  315.478577
453 -48.532585  -3.204019  353.577026  0.323603  2.449227       7.396331   1005.280151   22.561382  7.516541  1.817800  336.425018
454 -55.087734  -1.348044  356.578094  0.296590  3.410764       9.932088   1009.356323 -133.271652  5.178784  1.132590  309.195007
455 -52.023766  -9.527211    2.768933  0.241132  5.745696       9.761235    730.369263  -79.421173  6.671874  0.393850  197.516403
456 -39.266224  -1.118989  356.270844  0.282662  1.961271       5.319655    877.824402  -16.768684  8.824538  1.514262  251.651825
457 -39.090519 -28.542480   13.709286  0.313595  4.979451       8.870329    703.675964 -148.875214  5.693805  1.113791  267.261597
458 -42.750957 -12.335333  356.635803  0.345091  3.901451       9.004493    616.584351   42.436031  7.405487  1.042207  196.284103
459 -51.878933  -7.512640    4.143607  0.305751  5.467836       9.185288    847.274414 -147.007172  6.426432  0.624242  164.591919
460 -50.221153  -6.439741  355.414490  0.296570  5.768990       8.813433    884.762695  115.461250  6.195884  1.198949  246.603836
461 -48.291473 -26.337786   24.416080  0.292765  3.838846       8.126910   1025.765747   82.122314  5.305738  1.669811  412.552795
462 -47.358990  -9.651059  352.184052  0.299537  5.387886       7.614820    922.602356 -245.396317  6.271205  1.496157  269.790924
463 -39.666782  -2.663247  343.814240  0.335535  2.962390       7.634214    718.945374 -153.484756  7.584748  1.672920  195.175720
464 -44.974007 -12.328338    8.656264  0.286547  4.467185       9.138218    555.226196  -61.968575  6.546853  1.041630  462.128296
465 -52.844757 -11.027823    2.394274  0.317691  5.537906       8.314632    956.884827   30.226265  6.596753  0.721926  313.207062
466 -38.209251 -13.236066   32.519829  0.343342  3.458078       9.023191    534.318604  -62.624500  6.177647  0.970190  235.158508
467 -51.227833 -20.989634    1.427324  0.250291  4.433532       9.877438   1074.013550  -64.404861  6.949677  1.200703  159.009796
468 -50.556587 -17.591290    0.597691  0.315122  3.868094       8.615059    866.302246   93.570824  5.117619  0.589836  164.776093
469 -47.112862  -6.191633    2.197426  0.299166  3.754534       6.389436    863.151978 -151.700043  7.478556  1.929539  433.524048
470 -53.511318 -10.559783  347.399292  0.315040  5.481867       9.609824    859.327332 -245.538437  6.910495  1.364893  320.289276
471 -45.573925 -23.101267    8.467273  0.347142  3.483461       9.674402    975.471741 -231.869934  6.374874  1.596157  150.623108
472 -48.283623  -9.073661  355.717682  0.254927  5.287193       7.021110   1067.930542   82.599304  8.238839  1.730874  274.954407
473 -51.873707 -16.592369    3.415531  0.298253  4.330863       7.225907    980.920898   35.018581  6.261698  0.470269  214.952042
474 -57.613441  -7.361772  352.107697  0.301348  5.281641       9.881567    921.457642 -215.795471  5.603718  1.618652  495.537476
475 -52.970989  -0.576344  359.681793  0.343323  3.753812       7.995058    964.378784 -162.639069  5.550965  0.670805  268.812561
476 -52.459988 -15.306620    5.211833  0.308091  4.851663       8.192454    867.712158  -21.343206  6.571448  0.939134  455.440155
477 -49.684082  -9.700027    0.304703  0.301936  4.076668       6.843662    832.977234   46.104294  6.081131  0.432338  271.931915
478 -50.938251  -2.023619  349.909943  0.282703  4.956104       7.591351    949.936340 -238.643448  6.768836  1.886429  381.164917
479 -45.602505 -11.059965  359.491913  0.321639  3.010322       7.309867    742.695496 -224.325943  6.996753  0.413770  177.783875
480 -51.493320 -13.885884   10.344208  0.270030  2.533495       6.373612   1080.361816 -241.804199  5.081376  1.169399  358.863647
481 -49.895283  -2.687990  354.735443  0.334783  4.718453       6.916498   1055.566895 -223.778946  5.911624  1.916120  370.360291
482 -42.762230  -0.423465  355.607544  0.345870  3.717555       7.338597    761.248108  189.323471  5.957919  0.993937  215.774582
483 -44.573555  -7.651728    5.062886  0.303902  4.826285       6.408811    671.430054  -54.779499  8.612324  0.497989  440.148529
484 -50.769459 -13.664467  352.299500  0.281202  4.559346       9.406550   1060.249023 -233.820740  5.829954  1.260133  115.623520
485 -41.460800  -9.297233    6.322830  0.284623  1.085744       7.388428    928.451294 -198.153458  6.219962  1.827502  241.172714
486 -46.330936 -11.109282  357.753143  0.346707  2.366916       8.252398   1012.495300 -187.657730  7.472383  1.866287  233.633484
487 -47.234436  -1.726286   12.238913  0.304471  5.844647       6.702665    878.850464   12.211442  6.736639  0.973588  251.294281
488 -37.822285  -0.291810    2.178133  0.302882  3.775379       5.305479    652.615601 -216.381302  7.875077  0.740438  316.317780
489 -52.766003 -16.198299   15.676044  0.311925  3.989008       7.651400    991.738647 -185.392548  5.550750  1.289025  399.220490
490 -57.559658  -1.546485    2.497413  0.342981  2.291931       9.626497    970.487793  196.584152  5.663334  0.750036  452.359406
491 -55.423393 -12.735034    2.614969  0.339346  4.621808       9.664829   1028.343628 -114.942169  6.814696  1.564138  419.898773
492 -45.979279  -2.397038  351.449677  0.313642  3.289390       7.884161    919.583496 -103.779327  5.488745  1.954512  271.973907
493 -49.433796  -6.981622    7.524858  0.245456  5.783402       9.859982    764.939514  -29.926508  7.138792  1.075909  233.140640
494 -53.735622  -8.321809   12.021229  0.339483  2.895296       9.739305    900.283875 -178.328064  5.901344  0.689229  140.772232
495 -55.190220  -8.477406    1.010122  0.345342  5.814402       8.580679   1015.347412 -111.518066  6.460837  0.631421  200.218567
496 -42.163979  -9.031002    2.542055  0.300769  2.673997       9.446555    746.231323 -105.160789  6.353360  1.837819  187.192215
497 -51.092289  -0.921467    8.094535  0.307980  5.375265       9.132679    746.141541  -72.481155  6.241992  1.676941  406.851654
498 -51.569962  -4.040105  352.504944  0.293940  4.723752       9.708958    649.638245    4.640688  7.294971  0.867880  427.017303
499 -51.884445  -4.979840  344.698517  0.324228  5.339498       8.989018    996.676819  -10.110391  5.588788  1.632738  199.467865
500 -53.039932  -6.530796  352.498291  0.325100  4.077806       7.192551    972.242249  -13.821207  6.287694  1.019704  350.227142
501 -51.267654  -2.412572    7.033864  0.327751  3.468710       6.454259    947.704834  -35.643814  6.698517  0.635922  220.022476
502 -57.270626 -18.478947    4.301942  0.303236  4.202978       8.125849   1061.548828 -128.962173  5.970478  0.426099  300.244324
503 -44.280006 -31.290564   42.534634  0.300429  3.955883       9.516372    896.034729 -159.889740  5.323815  0.807369  171.241226
504 -46.396900 -18.224228  353.105347  0.310771  5.951769       9.195264    662.033386  102.247696  5.362178  1.446245  300.025055
505 -49.857059  -4.846440  351.991791  0.307051  3.525116       9.812022    903.505371 -150.275360  5.612242  1.917323  248.131531
506 -38.848747  -4.397748  353.824951  0.336687  1.686309       8.300735    601.726624 -192.702850  6.429356  1.014357  205.343079
507 -55.031017 -15.265705  354.503387  0.296811  5.655138       8.201382    999.959167 -104.118271  6.417449  0.986294  365.088043
508 -38.257820 -17.038094   12.253394  0.296995  1.863891       8.910266    696.282898 -233.558014  7.144766  1.574622  189.369843
509 -52.307018 -17.925777    7.679265  0.313389  5.328283       9.137604   1012.457947 -206.904556  8.362215  0.744822  199.005234
510 -57.607529  -0.027912  355.275848  0.330891  4.505221       8.447369   1072.024658 -185.385025  7.282213  0.468080  179.167236
511 -48.685749  -5.571690  359.815308  0.313563  1.841717       7.684154    880.137451 -175.233734  5.292344  1.238529  366.063904