           lon        lat         inc      D1AU     delta  launch radius  launch speed    t factor      B1AU     gamma         vsw
0   -45.442947 -16.398027    7.123045  0.321991  4.376403       7.012895    885.802795  -68.474953  6.612981  1.917001  370.096344
1   -46.716915 -10.280067    1.244415  0.339324  2.408028       9.757205    726.300354  -76.805138  6.579254  1.219008  194.204575
2   -33.863003  -5.539661  356.619080  0.330920  1.911708       6.495753    535.476990 -196.271912  6.100735  1.708384  409.953400
3   -54.884457 -15.874403  357.416840  0.303824  4.030461       9.994472    796.054321 -193.913208  6.537431  0.665332  419.082336
4   -48.719799  -8.098631    3.370507  0.243876  5.980321       8.725614    748.526611  -22.224463  6.066422  0.615722  203.194138
5   -43.701817 -18.187351    8.236526  0.313415  2.404431       8.649491    697.409912 -123.216255  7.348700  0.939490  280.768494
6   -50.509743 -14.199480  356.402710  0.278132  5.501623       7.924652   1022.130981  -79.736481  6.001640  1.207428  253.655563
7   -39.944458  -2.073368  357.179596  0.278792  2.678792       8.406825    629.939819 -173.209412  6.284893  1.833262  288.612183
8   -51.300762  -2.959531  358.529785  0.310092  1.972487       8.185517    816.484314 -192.881256  6.841058  0.904050  409.197632
9   -46.656952 -15.917852  356.995453  0.348092  4.987168       6.413993    988.343689 -108.916557  6.325732  0.860447  103.580696
10  -45.106678  -0.720190  355.018616  0.326917  2.236101       9.097541    750.426453  -69.399017  7.807280  1.338428  200.287506
11  -51.893623 -25.814342  354.959259  0.347881  5.300966       7.414382   1066.504395 -148.216064  5.072760  1.469835  372.194061
12  -36.218113 -16.689915    3.289335  0.342102  2.520663       6.180707    770.301697 -145.260666  6.835649  1.502342  253.956528
13  -47.339897  -8.998554    7.986621  0.321728  1.004266       8.809363    739.509705 -230.454086  5.789828  1.406558  338.102051
14  -50.853619 -29.674414    4.473506  0.327843  4.506338       9.601802   1046.726318 -194.396027  5.207975  0.771390  159.512329
15  -46.120491 -17.013639  355.560608  0.318174  5.322497       7.343253    848.023193 -234.445084  5.911314  1.956686  320.799255
16  -54.856331  -0.718293    2.771268  0.300790  4.826056       7.076963    887.111328 -157.071091  5.074687  0.324570  403.450256
17  -49.639694  -7.696823  359.200623  0.294031  2.040234       8.589045   1009.339355 -168.356613  6.676198  1.054382  123.333282
18  -56.938190  -9.812985    2.510494  0.316477  4.845335       9.974993    960.115784 -110.014664  6.553743  0.636355  280.258453
19  -48.489765 -27.542374   11.972926  0.317328  5.500370       8.696755    871.422058    8.947017  5.260836  0.660823  347.219482
20  -40.169796 -18.229042  357.378967  0.267392  5.935807       8.065761    850.930908 -160.450241  5.948999  1.462903  101.485397
21  -44.490112  -9.786731  351.334442  0.341991  5.045365       7.354734    759.486755 -212.801056  6.496615  1.200371  246.027344
22  -42.575802 -28.946018   28.352619  0.291752  5.354493       9.532024    771.213074  169.559906  5.078261  1.134580  216.275604
23  -43.959274  -5.445510  345.410034  0.344900  3.900585       6.858579    628.531555 -204.110138  6.706914  1.093031  427.579926
24  -48.120613  -6.273903  351.602112  0.349069  4.451158       6.315172   1018.269165 -118.375610  5.384064  0.852019  155.532547
25  -48.280422  -8.664588  354.177124  0.330899  2.382443       9.876364    948.105225 -230.219360  8.077251  1.675605  181.633972
26  -44.932152 -11.515608  353.434662  0.335254  3.194846       7.997420    824.544800  -95.970695  5.488308  1.543714  266.017944
27  -49.318481  -3.836598  349.700684  0.281564  5.278783       5.477386   1008.005066 -191.107651  6.337014  1.122623  302.141510
28  -49.315292 -21.332266   13.974385  0.341023  5.250911       7.899858   1063.764893 -102.126167  6.509217  1.904321  353.886322
29  -52.713707  -4.519007  357.569855  0.330559  3.421963       9.863919    792.223572 -119.511009  7.427315  1.450349  445.802734
30  -56.865658 -17.677931  352.412262  0.338841  4.889453       8.934671   1053.645630  -81.919945  5.898560  0.897119  328.651337
31  -57.432209 -10.164868  352.822418  0.305144  5.749071       9.619061    956.728271  106.295441  5.817724  0.466998  265.270111
32  -42.298630 -12.866074    4.845389  0.348229  2.880549       8.355948    652.304443 -246.381561  5.442842  1.929064  347.908813
33  -50.970295  -4.604711  343.863129  0.339649  3.553999       9.210450    986.591858 -186.499527  6.217489  1.529224  223.956711
34  -53.296104  -7.491827  359.519287  0.328655  3.414929       7.468243    900.510132  -62.860939  6.571782  0.537167  379.918854
35  -48.260895  -0.157490  357.597839  0.291032  5.946386       8.467546    804.539429  -57.827076  5.783649  0.923930  212.016052
36  -51.073120  -0.345494  348.549347  0.330762  5.506415       6.704504    889.590820 -146.187729  5.991682  1.041276  429.025208
37  -53.601200  -2.552900  348.174866  0.316107  5.191921       9.090813   1004.967041 -175.264206  5.597336  1.947035  334.112946
38  -49.018223  -3.890745  344.080566  0.331557  3.965104       8.895780    944.761230 -220.311005  5.853056  1.599604  200.448914
39  -52.112991  -0.000992  352.234192  0.339535  3.068771       9.838954    728.803345 -202.854218  6.025628  0.685977  289.930511
40  -51.138935 -16.732624    3.169910  0.305955  5.124365       8.272173    870.399475 -128.019714  6.999572  1.410666  409.025391
41  -51.926556 -10.629028  354.975037  0.326737  4.056308       6.756923    938.058411 -124.401459  5.883948  0.711783  335.765625
42  -52.753796 -11.828718  347.187775  0.335655  4.754241       9.904752    911.574585   34.500957  5.444557  1.603675  269.610046
43  -51.055923  -3.465338    4.194499  0.276285  2.465054       9.372993   1060.300781   33.465645  7.186184  1.297117  159.355392
44  -47.421040 -13.764121   18.035543  0.304093  1.614434       7.521152    896.097107 -141.814651  5.598507  1.162229  304.275696
45  -53.826950  -4.441627    5.390754  0.231080  1.970422       9.871847   1061.799561   -1.672048  5.836461  0.775840  104.809052
46  -51.304256 -20.529358    6.988118  0.271828  4.107947       8.871630    878.277100 -212.680252  5.801271  1.150107  375.558380
47  -49.849838  -1.985097  359.717407  0.326175  3.996267       9.100701    621.580322  195.306015  5.631152  0.267797  438.554352
48  -55.635593 -15.090287  357.515045  0.344525  4.500249       9.195143    992.133057 -224.779480  5.285872  1.413866  444.146271
49  -48.639854  -1.384031  347.985321  0.308809  5.043474       6.095416    965.071228 -169.585648  5.740414  0.868716  252.589203
50  -53.362053 -10.292391  357.120880  0.334498  4.757565       6.431074   1013.109131 -155.376923  6.599671  0.698037  348.584625
51  -52.618370 -21.037888    2.389306  0.339748  4.687686       6.377418    964.389099 -217.724594  6.772591  0.383228  330.826263
52  -53.800125 -13.757645    4.919396  0.305187  3.496082       7.156928   1031.539062  121.606499  5.703130  1.108010  444.539703
53  -45.830902 -14.585649  356.141937  0.331881  3.330864       8.986953    973.406067  -42.362564  6.378078  1.907801  207.197525
54  -39.814365  -7.615629  347.631836  0.344454  5.280000       6.056288    639.581238 -119.015121  6.096412  0.608625  237.742584
55  -55.001080  -8.589307  358.631104  0.266965  4.588666       9.562675    951.194336 -154.947983  5.233421  1.337686  370.021912
56  -55.373478  -1.751087  348.992981  0.322881  3.639163       8.602417    829.125916 -245.145325  6.313684  0.789810  479.605804
57  -50.011524  -1.684367    0.700672  0.348050  2.522803       6.362683   1099.746338 -184.061539  7.044751  1.762258  383.880951
58  -56.069515  -1.919221  343.258606  0.344910  5.197200       8.951001    908.906555 -112.201485  7.487390  0.567973  253.490707
59  -44.895443  -6.453442  347.973206  0.323798  3.702487       5.482407   1012.297546 -229.284027  7.435847  1.683025  259.005585
60  -51.822098 -13.583630    7.151865  0.315466  1.479042       8.236045   1075.087402 -125.247894  5.521440  0.813978  125.489006
61  -53.623314  -2.427931  348.498260  0.320453  5.300585       7.273770    922.160828  -76.963623  5.510643  1.374073  430.024139
62  -45.677212  -0.288447  352.117035  0.327043  2.420805       8.885448    557.942871 -247.364288  6.511931  1.289521  484.790039
63  -42.539295 -16.134813    3.724268  0.307384  4.444598       5.901837   1035.476807   62.811367  6.851333  1.214285  190.922028
64  -42.470352  -1.047692   13.937910  0.327581  4.859975       6.646505    788.088135  168.238007  6.439578  1.000331  145.255341
65  -54.494564  -5.642803    5.914684  0.328362  2.120230       8.906457    906.593811 -118.689301  5.506828  1.057930  398.408478
66  -51.539368  -6.875000    9.165339  0.294977  5.394444       9.442322    743.810852 -100.496506  6.436964  0.444503  151.152802
67  -50.788643  -5.231741    3.125351  0.302482  3.564989       7.161613   1011.331970 -133.060806  6.053059  0.862971  172.633545
68  -45.777241 -11.215078    1.928738  0.339186  2.062155       8.215113    730.335999 -197.003769  6.724625  0.640777  214.911835
69  -29.365084 -11.402614    5.726318  0.322576  1.876728       6.849232    551.678040 -180.259796  5.445377  0.958522  225.381775
70  -56.309307  -8.141576  351.480133  0.295103  4.868081       8.946272    925.679993  -59.923904  6.357034  1.020119  423.279846
71  -47.781181  -9.176827    9.860318  0.287942  5.838158       7.862811    894.673462 -236.644073  6.553158  1.533975  349.792603
72  -53.502121 -11.970509   12.550821  0.294221  5.644547       8.573623    907.352417 -121.316406  6.260100  0.422463  250.799301
73  -42.349209  -2.496511  349.617706  0.316206  2.858750       8.653677    651.803894 -217.435608  7.481818  1.407005  227.249878
74  -54.391468 -16.574734    5.290990  0.307804  5.052404       9.903993    860.190796 -196.855438  6.470292  1.131277  459.203064
75  -46.435043  -5.115311  352.833282  0.294224  4.687160       7.862882    918.123901 -184.814545  6.619665  1.747707  266.625153
76  -57.956329  -3.462264  349.005951  0.345725  5.795125       8.520415   1002.121765 -115.641159  7.018695  0.605166  344.274841
77  -56.821362 -11.641094   10.759936  0.246945  4.492223       9.639710    937.460754  137.000839  5.663176  0.389956  232.613373
78  -49.761890 -30.129002   22.946400  0.335576  4.219757       8.140452    942.496155 -188.776718  5.314761  1.336400  497.540466
79  -56.613003 -17.422731   10.356514  0.323256  4.738286       9.367501   1000.519958  227.666885  5.214249  0.767279  406.780243
80  -47.456806  -6.313851  346.934296  0.335304  4.306450       7.990450    822.948669 -185.221634  5.762130  1.703786  297.723236
81  -50.981903 -17.457413  354.315735  0.310625  5.427456       8.914005   1022.621460 -210.537643  6.282460  1.101462  153.924881
82  -52.994041  -9.296648   12.608368  0.264151  5.942016       8.965030   1077.739624 -246.995605  6.125334  1.432812  255.681793
83  -54.376659  -6.000340    4.637651  0.274722  3.899812       9.056966   1091.628662 -113.216942  7.474792  0.886353  208.959686
84  -46.743793 -11.695813  357.193451  0.267376  4.799862       8.315880    813.939148  -31.514322  7.027399  1.198786  228.327377
85  -50.484951  -7.454041  354.929504  0.308186  4.718247       7.539644    991.173767 -119.496796  5.341508  1.598788  340.231354
86  -43.770035  -0.559220  352.219818  0.322944  3.636644       6.463421    753.893616  -84.107590  6.175240  1.298948  326.618317
87  -48.229084 -21.922224  357.691528  0.349721  5.712023       8.378416    947.959961 -244.414047  5.861256  1.298624  187.450439
88  -53.351219 -12.777313    2.475672  0.287486  4.897867       8.326042   1044.537476   71.579857  5.644485  0.781184  158.850754
89  -42.533661  -6.488878    0.108505  0.260202  5.656344       8.231039   1038.248291   54.856895  5.244443  1.930479  113.414253
90  -53.020599 -18.993240    4.952587  0.335348  5.758509       9.069608   1029.396973  -91.977997  6.722809  1.498559  379.128998
91  -49.169682 -13.262693    6.380619  0.326929  1.439116       8.323456    912.492126 -153.746811  8.429067  1.323480  277.021515
92  -36.724182  -9.712603    6.316606  0.306338  1.145229       8.693348    627.159668 -196.500351  8.218790  1.397685  214.533432
93  -50.469025  -0.424500    2.053474  0.280598  2.636227       7.974167    716.753601 -201.261856  5.669460  0.624878  479.557190
94  -46.882526 -21.779591    2.324042  0.322825  3.649461       9.398028    860.624939  -56.096107  5.734460  1.973654  283.494476
95  -40.038280 -16.796848  359.875854  0.300242  5.541523       8.538033    581.369324 -181.907959  5.543433  1.248942  256.994263
96  -46.961094  -7.014932  355.492401  0.277797  3.179450       9.592345    831.036011 -170.559082  5.899205  1.098946  109.093117
97  -47.376648  -9.458488  351.761993  0.344589  4.548124       8.851211    707.640869 -213.428574  5.174974  1.364148  313.604919
98  -41.283649 -22.722166  357.321503  0.341489  4.581148       8.790731    597.019470 -223.782822  6.869143  0.920331  223.619553
99  -50.760719 -11.661519  357.990356  0.319621  5.950958       9.368444    732.988464  -97.095963  6.193552  1.754772  459.435028
100 -50.083916  -9.215426    2.162441  0.313604  4.246915       6.904912    879.338318 -138.401871  5.676782  1.222242  480.229126
101 -41.284302  -8.440685    6.964965  0.304264  4.208003       5.219163    923.110718 -113.402672  5.305037  1.786165  299.401672
102 -39.741627  -7.714842  358.350433  0.343605  1.917497       7.930286    695.434937 -117.528038  6.352213  1.598095  274.876007
103 -45.247044  -2.131027    1.207345  0.326833  2.426353       7.121062    785.119934  -29.167646  5.845517  0.852714  204.040207
104 -47.991798 -17.230011  353.782349  0.318074  5.004962       6.768180   1061.225708 -165.575043  5.512307  1.111847  192.385284
105 -50.837269  -3.585367  347.183441  0.339223  4.332393       7.588360    806.979004 -129.084671  5.362529  0.698814  324.987274
106 -37.121132 -17.567453   12.997910  0.343688  1.263969       7.698291    757.277832 -181.979355  7.651589  1.668422  248.795227
107 -57.622379 -13.963584    3.522793  0.328336  4.852829       9.699216    958.703186  145.177383  5.114429  0.624221  476.365784
108 -43.179195  -2.544107  329.047180  0.316718  5.694275       5.143383   1012.365112 -234.202988  6.706270  1.418761  102.121300
109 -54.502758  -8.790017    3.923616  0.322814  2.425340       8.901150    959.341553 -153.716949  5.030107  1.054969  322.601868
110 -47.032818 -10.193453    4.765816  0.284765  2.975096       6.867636    842.201477   45.398178  5.540558  1.554918  361.233307
111 -40.524525 -20.072357   15.077331  0.322620  2.067326       5.386409    910.189392  -93.405876  6.342477  1.147201  326.710052
112 -50.995705 -23.249477  356.795197  0.342140  5.203617       7.824160    781.143372 -196.740341  5.604651  0.563135  422.971497
113 -43.934948 -23.903013  358.677643  0.349057  5.973921       9.621387    614.350525  -72.091003  5.421957  1.040733  226.805206
114 -35.241493 -22.030058   10.380937  0.340320  3.493324       5.402411    944.534790 -216.024384  5.684480  1.856975  240.555130
115 -47.715584  -6.697132  351.190399  0.289915  4.597898       8.644601    643.914795 -236.567337  5.996478  0.423256  235.654877
116 -47.199093 -22.343737   21.861567  0.336601  4.234921       9.013550    964.779968 -218.381393  6.327254  1.285018  200.028793
117 -55.192619  -6.264472  356.678833  0.301489  2.532274       9.428792   1023.129211 -226.936966  6.380222  1.151827  313.417480
118 -40.951427 -15.320139    8.892720  0.308080  3.749412       6.717666    873.614319 -158.812149  6.469052  1.664034  290.587006
119 -46.513714  -1.058103  358.071442  0.303066  1.852907       7.575110    685.465088 -118.783684  6.468316  1.060701  415.987549
120 -54.288803 -20.732588    7.202132  0.322454  4.113887       8.062496    967.295532 -105.173065  6.138192  0.409467  405.117981
121 -40.464958 -30.953041   24.517332  0.308341  1.380747       7.630190   1051.128906  -96.908081  5.568208  1.523868  277.838837
122 -45.419182 -21.479166  359.068665  0.326153  4.322412       8.830406    702.067627 -244.495056  7.211814  1.642284  346.182953
123 -56.936359  -1.388549    4.812250  0.310293  4.636670       7.536990   1043.561401 -107.868637  6.788743  0.794533  467.131195
124 -43.579247 -14.150797   20.282290  0.300578  3.911231       8.708523    914.446716 -117.956665  6.366960  1.353026  115.192924
125 -46.641655  -1.216673  344.280914  0.326925  4.540942       7.922381    947.244019 -182.760712  5.089188  1.092309  105.247414
126 -49.301300 -24.885044    0.376988  0.316399  5.804587       9.447787    971.230713  -40.616489  7.322020  1.498070  271.954895
127 -44.177113 -21.717381  358.926361  0.295732  5.541336       7.572039   1030.702026 -107.693886  5.914611  1.993357  192.396057
128 -45.506046  -4.642328   10.028193  0.312657  4.511575       7.226470    709.702576 -116.618629  7.029922  1.323821  355.655304
129 -50.704556 -11.737605    6.727752  0.298866  4.842425       7.932040    937.018250 -121.544037  6.074449  1.372132  364.320129
130 -51.607399  -3.086517  352.839233  0.299572  4.957774       8.881042    855.975647 -249.888474  6.353611  1.946445  445.814423
131 -37.447994  -9.573493  359.560608  0.345986  2.921693       6.732925    568.316345 -188.644119  8.138146  0.625812  360.230408
132 -55.702187  -5.067790  359.040771  0.274986  2.028563       9.027892    888.174622  -72.674240  7.648158  0.577610  346.731323
133 -48.942230 -11.181745    9.339346  0.283031  5.611771       7.050415   1021.092468 -105.883003  7.047166  1.662754  308.426392
134 -50.934757 -11.494985  358.021851  0.338834  4.021733       7.670030    940.684326 -109.616699  5.866232  0.841938  248.921890
135 -39.746918 -15.746070   11.514890  0.280189  1.629732       7.193780   1046.342651 -229.880386  6.585382  1.683597  179.168549
136 -45.490925 -28.731667   16.615332  0.343268  3.319825       7.977608    879.498047   13.151215  5.711685  0.870855  367.685394
137 -47.531422 -13.407372    8.854660  0.320953  2.793623       8.611181    811.616882  -43.595329  5.242017  1.249306  327.379791
138 -38.748360 -14.536015  347.708405  0.334768  5.617902       7.692575    545.330933 -175.511627  7.592977  0.957543  216.875443
139 -45.302242  -7.250480  354.738129  0.326304  4.605499       5.366049   1020.559387  -80.068405  6.915348  0.839894  122.621574
140 -54.909527  -8.357089    4.437912  0.289393  3.063149       6.840910   1040.112061  -77.863373  5.852509  1.215664  492.620209
141 -41.125248 -13.214708   14.039515  0.216199  4.841050       7.996416    934.309937 -192.933197  7.067977  1.920313  184.443405
142 -51.756721  -6.542019    6.348279  0.277462  5.835518       6.698444    851.765320 -236.592148  5.197887  0.607241  417.465393
143 -51.303650  -9.373113   13.429586  0.335877  5.275205       8.574024   1055.343872 -241.949265  5.852740  1.387039  274.561737
144 -40.950005 -18.847275    5.430708  0.332284  5.994935       6.604325    895.920105 -104.870834  6.581133  0.879426  115.812592
145 -53.348637 -12.514598  357.383850  0.331213  5.677144       6.813354   1030.784912  -98.825577  7.605238  1.310554  393.875671
146 -47.379738 -10.879221    2.160303  0.327934  4.105089       8.870684    739.497620 -152.698181  5.755524  1.653593  297.151581
147 -52.036503  -8.345825  354.899567  0.306092  4.754900       9.556744    730.320679 -105.518913  7.717872  1.770481  427.049072
148 -50.461956 -19.767513    1.870911  0.251991  5.670066       9.937926    983.686584   49.461208  5.245881  1.288929  172.741425
149 -53.727554  -6.795848    6.586503  0.292288  4.356052       9.304323    802.386292   -9.345974  5.898480  0.493025  381.615326
150 -57.131145 -21.264845  355.948792  0.349459  5.147695       9.179347   1097.731567   92.158142  5.427571  0.828324  415.960266
151 -49.617340 -13.440037  358.993347  0.327527  4.768751       5.208341   1042.820435 -218.835861  6.329289  1.833502  477.557526
152 -56.938110  -0.683059  356.898529  0.276308  5.940594       8.783775   1001.874695 -182.308044  6.686748  0.460133  266.481049
153 -54.279182  -4.031718    9.696400  0.319545  4.486572       6.752188    987.410950 -218.573196  8.281443  0.860086  481.477966
154 -51.678543  -6.094026    7.724985  0.339349  5.752017       9.521220    808.245483  127.416283  5.916717  0.685242  270.029083
155 -47.285614 -30.194017    4.955436  0.309924  5.630799       8.167036    993.011475 -159.974716  6.616233  1.271521  277.244446
156 -50.945129 -11.447094  354.222839  0.330484  4.176046       9.289128    829.710327 -194.101318  6.933874  0.869597  200.771164
157 -50.681244  -3.801327  343.874084  0.260659  5.898314       7.685127    932.751221 -229.397202  6.480710  1.321786  225.455307
158 -56.867107  -6.466984    9.496014  0.321740  5.666547       8.126495   1071.734619   69.054832  5.209322  1.209250  466.919495
159 -40.161480  -2.909436    1.569266  0.296734  1.398734       7.462844    554.781006  -99.126266  7.507491  0.573087  392.961517
160 -55.293728  -6.475382  352.154358  0.332370  5.114184       8.500607    787.801392  -16.324709  6.065307  0.243625  394.449799
161 -53.837875 -10.924602  359.979309  0.339481  2.600258       8.242669    998.780151 -243.401917  5.816351  0.872886  342.555359
162 -43.762367  -5.535460  346.959351  0.327842  2.952668       9.827497    612.541199 -197.833359  6.411553  1.615231  223.988358
163 -50.276737  -8.063467  351.926941  0.298656  3.593989       9.284562    872.521484   72.671837  7.490860  1.956805  311.062134
164 -57.854553  -6.594769  353.324951  0.283227  4.659775       7.879618   1058.107178  -32.175148  6.762554  0.761679  397.312897
165 -53.011696  -0.310755  352.689728  0.286683  2.503047       8.626008   1081.182007 -180.540070  7.508793  1.195729  273.553741
166 -40.627464 -11.736262   11.664063  0.289192  4.080702       8.288246    682.283936  -72.501251  5.436828  1.675560  226.271530
167 -54.382782 -13.195580  350.217987  0.335015  4.281620       7.673268   1051.113159   -6.943640  7.804304  1.220176  338.053894
168 -49.043320  -4.053266    3.951198  0.289620  1.427877       7.250499   1068.465576 -224.007629  6.090671  1.993027  317.764221
169 -37.105896  -7.287400  352.885254  0.301920  4.797424       8.703505    603.846863 -120.019760  6.742696  1.898619  197.746124
170 -50.390572 -10.445717    4.273895  0.314807  3.002510       9.535104    887.248657  -44.498425  5.991990  1.226355  231.377029
171 -46.124535  -3.648873  348.158234  0.348646  3.977082       7.818893    688.909851   -2.134026  6.557205  1.996461  433.076080
172 -40.871616 -13.163807  359.195435  0.326056  3.481122       6.839418    809.808350 -202.730591  6.015796  1.175479  200.798355
173 -46.503345 -21.174717   14.005923  0.295301  4.872245       9.549740    859.740295 -167.528763  6.487038  0.992314  183.902100
174 -47.243980 -19.938797  356.954437  0.331432  4.929490       7.181903    852.308533 -192.284409  6.440101  0.811380  233.457336
175 -51.385212  -5.653275  351.641876  0.348037  5.495648       7.757968    998.989502 -139.886444  6.773766  0.993640  195.969879
176 -50.028118 -23.182611    8.107725  0.273727  4.046342       8.436430    956.835144 -167.747711  7.007895  0.995358  290.490173
177 -51.177784  -6.928533    5.089276  0.331050  2.662822       8.660237    792.292908 -249.996521  6.902425  0.361244  164.663712
178 -40.562454 -11.853720  358.097046  0.277848  4.736336       9.238415    580.004028  -99.150719  7.057509  1.863388  240.475601
179 -52.930214  -3.426508    0.646888  0.291775  3.760523       7.444273    945.057007   68.948105  5.139759  1.447533  430.395660
180 -41.161289 -15.366483    2.040898  0.299432  5.357536       8.063304    836.100952 -120.442360  6.957591  1.389144  133.526489
181 -57.178505  -7.069110  352.872162  0.338971  5.208840       9.435849    897.593506   -3.199749  5.326622  0.565375  351.880768
182 -55.165947 -18.628632    8.358319  0.336390  2.311015       9.978949   1081.529907 -166.797195  8.322013  0.848843  268.685669
183 -54.437698 -25.082870    2.600635  0.348988  5.930511       9.728753   1084.200806  164.153259  5.344729  0.563521  157.245865
184 -45.052307 -21.975288   22.558775  0.334256  5.448434       8.710592    695.793335  -27.286442  6.764223  1.110415  464.660065
185 -48.008305  -8.011370    9.901603  0.279422  4.295569       9.124987    828.258911  123.746002  5.424012  1.402189  277.615967
186 -55.183983 -17.619490  353.051910  0.347074  4.394563       9.066654    931.603821 -215.010300  5.160113  0.394612  170.285400
187 -54.573101  -4.966051  352.739227  0.310405  5.253962       7.894227    933.711060 -169.555557  5.622443  1.365340  460.798065
188 -52.103615 -22.001944    8.506256  0.326041  5.107358       9.413839    868.712585 -113.730942  5.802911  1.574427  438.049683
189 -53.553875 -13.381675    0.809701  0.326772  2.521828       8.730734    823.309021 -225.729385  5.893763  0.429733  366.430786
190 -52.651424  -5.415134  350.565521  0.342444  4.190667       7.407807   1029.313477   28.581692  6.858678  1.967010  396.241272
191 -49.583778  -3.312277  335.543976  0.340386  4.888149       7.661438    943.063293  -83.725578  5.142231  1.471997  181.191864
192 -57.462677 -10.009972  352.588593  0.314027  5.529604       9.609615    923.306274 -147.161118  5.154283  0.462541  265.248230
193 -48.497005  -6.494061    1.482060  0.320431  2.123953       9.043876    933.338013 -228.962311  6.484417  1.949080  241.513794
194 -42.817135  -2.782530    4.417991  0.325284  4.824094       6.655310    857.614197 -109.101280  5.466944  1.901019  344.163513
195 -38.493511  -7.478477    1.765015  0.349830  1.310513       5.571973    920.445801 -207.405060  6.903672  1.952500  301.144653
196 -41.890751 -25.522274   21.915895  0.270174  1.102428       9.092910    948.819641 -243.835785  7.021090  1.247543  118.706703
197 -51.252827  -9.550115    5.359275  0.268672  4.297869       8.269083   1006.974487 -106.699104  6.263003  1.878928  350.121185
198 -54.726982  -8.200776  357.878235  0.279713  4.504745       7.625888   1091.505005 -130.899002  5.736582  1.084433  340.542694
199 -52.486073  -6.584183  356.004913  0.320148  4.094223       9.405712    888.836426  -18.199642  5.747588  1.792567  399.283966
200 -55.053669  -3.129669  356.697540  0.343103  4.693649       8.134647    949.186768 -165.025818  5.675940  1.005108  413.582397
201 -53.286716  -5.069829  350.509094  0.310862  5.974447       7.724224   1051.325562    9.521067  6.546993  1.316051  358.062958
202 -50.032455  -3.515359  356.005280  0.288162  5.285537       7.254745    901.077759  -30.462252  5.660830  0.607939  151.460312
203 -46.301495 -21.157068   20.702507  0.323423  1.781112       7.691303    748.075256 -188.452591  6.128208  0.581583  458.883911
204 -52.754704  -0.321096  351.162964  0.345575  2.387962       8.704841    772.260742 -241.199203  6.029034  0.609238  416.445648
205 -45.474876 -27.226255   18.770613  0.315275  2.368822       9.311215    730.081604 -212.314636  5.532724  1.846370  440.219025
206 -51.048691  -0.231316  350.006989  0.344791  2.743101       7.522135    988.613464 -187.737656  6.658360  1.424613  346.194672
207 -48.711716  -1.517632  346.285187  0.302877  5.764109       7.985985    818.202515 -179.458664  6.090157  1.059818  246.951324
208 -48.179104  -5.735934  350.199249  0.322253  3.315494       9.258148    599.915955 -132.907455  5.685014  1.160066  443.585266
209 -54.031776  -1.801946  349.507080  0.341798  4.020299       8.859733    993.276917 -190.825134  8.172743  1.587506  343.501343
210 -47.435940  -5.063492  340.806488  0.338694  5.287421       6.491679   1047.040161 -155.976379  6.216979  1.371135  123.305573
211 -53.430508  -9.417473  348.017212  0.308552  4.949623       9.864037    845.432800  -69.835602  6.429046  1.368153  304.923920
212 -59.073551  -4.752989  358.551270  0.343187  2.664136       7.460764   1062.569336 -140.353226  5.493421  0.386855  369.250610
213 -48.062542 -18.806993    1.238344  0.306269  4.330402       8.070350    936.674377 -214.347794  5.243374  1.416657  311.880035
214 -38.082634 -10.796559    6.905853  0.292985  2.255338       8.805861    567.698303 -146.259293  6.394241  0.913068  230.781860
215 -51.982105  -1.783825    2.073642  0.272550  2.587605       8.018702    910.959656 -132.765640  6.397686  1.660658  421.095032
216 -41.354511 -16.118069    2.346723  0.275583  4.187414       9.421745    525.501099 -130.101318  5.622819  1.722068  365.434357
217 -43.738293 -13.294090    0.021539  0.286619  3.618400       9.788197    511.923553 -175.207748  5.429334  0.836976  371.397034
218 -52.315765 -16.591726    6.298435  0.344886  3.076221       7.456803   1055.812134 -101.476814  5.011810  0.890105  339.019775
219 -43.195171  -4.321620    7.840633  0.333407  1.692968       5.195608   1027.739624  -85.318604  5.703356  1.173060  187.540344
220 -42.950001 -10.326550    8.756502  0.314049  3.800912       7.886045    634.199402 -113.298317  5.716191  1.801368  451.411621
221 -53.650200  -4.334677    4.672628  0.315265  1.966741       7.966277    955.085510 -147.729446  7.158649  0.436889  216.590210
222 -50.311031 -26.297487    9.443786  0.318103  5.298400       8.364211   1048.418945  -88.269020  5.419302  0.970589  271.029327
223 -48.377811  -6.549698  358.441071  0.339751  2.332038       5.657703    917.071228 -179.179016  8.121191  0.383342  173.765762
224 -54.815422  -1.614304    9.301666  0.338299  5.872276       9.718488    748.015991 -203.544235  5.694668  0.262552  388.792511
225 -45.169292  -1.441566  351.028076  0.340730  5.188783       7.941987    770.307373 -127.532455  5.666512  0.904764  195.422821
226 -58.125778  -8.224954  351.340271  0.330565  4.721288       8.270011   1073.962769 -224.512299  5.549376  1.041518  493.933197
227 -55.282188  -9.398694  351.292084  0.342848  4.368354       8.493412   1052.571045 -159.015198  6.033566  1.322990  347.719360
228 -43.701118 -11.712273    6.369840  0.315958  1.368597       8.048892    637.306946 -194.691940  8.021943  0.720978  385.536011
229 -50.505886  -4.908338  358.016693  0.306758  3.773652       6.535408    963.788879 -172.759720  5.640868  1.010184  324.139343
230 -44.043404 -19.277771   12.290414  0.336411  5.403915       8.625734    860.846313    2.572429  6.524464  1.598362  205.558624
231 -43.589630 -10.231139  358.039276  0.288970  2.954016       6.813438   1053.001343 -208.988739  7.014448  1.935922  248.927902
232 -41.571426 -20.201149  354.792419  0.347145  4.237356       9.294117    636.379700 -182.174225  6.503287  1.460054  168.482330
233 -49.376507  -4.545684  348.342651  0.294326  5.917635       6.632637    914.407227 -234.904144  5.392324  0.961695  248.101608
234 -50.811348 -17.328173    7.519084  0.339253  2.141531       9.712477    841.342773 -193.392197  5.405116  1.292756  387.411957
235 -49.696873 -16.776365   16.592775  0.309791  2.015841       7.282617    996.280884 -246.585953  6.086953  1.242152  357.508331
236 -53.960239  -0.566692  346.662964  0.303085  5.534743       9.745455    963.407043   15.812722  6.083769  1.344373  287.596863
237 -53.388203 -18.448793    0.241916  0.312580  5.434745       9.260977    957.292297 -227.465469  6.537599  1.563288  405.957245
238 -50.745178  -8.107009  352.146454  0.341335  4.199987       6.554999    924.233826 -239.537674  6.314562  1.061266  395.936554
239 -47.897511  -4.346530  349.282776  0.343040  2.818004       9.561921    686.283691 -189.954132  7.007321  1.162879  259.043732
240 -56.064995  -3.808893  354.306396  0.346788  4.621332       6.787054   1085.314941  -15.367556  5.273586  0.775637  349.214722
241 -47.543133  -7.601777    6.335069  0.255753  4.381958       7.105944   1088.797241   38.499722  5.830417  1.624414  263.005890
242 -58.826679  -1.198909    0.020563  0.340652  1.058530       9.577707    968.907349  -48.691299  6.389042  0.554601  396.168243
243 -48.962975 -11.070824  355.343567  0.314076  3.805028       5.951775    980.537292 -164.034180  5.114186  0.858215  250.918961
244 -50.808090 -24.868162   19.934940  0.266044  5.171956       7.891348    976.946960 -236.592926  6.383386  1.805149  489.495422
245 -55.130981  -8.944399  353.016357  0.304832  5.687119       9.000426    965.103210 -172.064224  6.645792  1.776862  473.302826
246 -55.836506 -24.840929    2.876919  0.308419  5.094277       9.944920    942.730408 -147.488724  5.624454  0.788454  421.664520
247 -51.306484 -13.897392    2.252284  0.331151  3.500037       7.827484   1068.224854 -110.958427  6.402978  1.251735  318.774048
248 -46.995693  -5.537171  358.094849  0.321977  1.679403       6.967194    892.561829 -225.326340  6.789015  1.658388  352.299591
249 -49.283001 -15.412746    7.076503  0.343868  4.478628       6.220105    955.260254  -72.620644  5.513388  0.344411  195.619110
250 -32.732033 -18.775486   16.721674  0.292972  4.188095       8.449978    530.431335  -27.097952  5.853176  0.779025  206.038986
251 -46.912331  -6.410900  354.058228  0.335010  3.064838       9.889236    590.057373 -132.308670  6.014200  0.533591  344.387543
252 -46.940239  -1.242129    6.708857  0.349099  5.601087       9.181858    642.605957 -151.238647  5.445509  0.476916  207.662003
253 -53.474422  -4.413305  356.481232  0.332924  2.809689       8.585975    866.082947  -24.036205  7.782441  0.349433  128.706009
254 -45.237064  -4.369143  359.515289  0.336185  4.378084       9.746502    691.252930 -185.988632  6.838831  1.512301  224.786163
255 -51.849373 -19.825497    8.419946  0.336708  5.672179       8.611808    870.192261   23.874516  6.894060  0.583765  306.655701
256 -50.723366  -3.515343  359.909241  0.322792  1.639016       6.483570    872.752625 -190.028732  8.709554  0.478005  366.337921
257 -47.416843 -14.591802    8.535522  0.343445  2.789844       7.257236    705.506958 -107.543297  6.051737  0.646606  490.200684
258 -44.454510  -7.849954    0.738618  0.312947  1.818907       9.451532    623.028503 -208.784958  7.084366  1.411770  365.942108
259 -54.049381 -17.246937    3.998289  0.307650  3.672734       9.517006    885.160583   47.273281  5.481925  1.226697  493.183502
260 -55.034225 -13.419006  348.149048  0.339247  5.720278       9.543830    710.122803 -176.388412  6.430477  0.525001  452.936310
261 -45.871540 -14.302385    5.489600  0.281181  2.279507       7.519271    933.082153 -206.890778  5.283607  1.525139  285.790833
262 -53.561146 -10.318831    1.171480  0.297054  3.701136       9.826488    883.874146   -1.949046  7.214423  1.203043  354.014526
263 -54.390388  -6.658288  344.705994  0.328681  5.340697       7.495400    816.283386  118.779144  5.199172  0.538415  361.193207
264 -41.781197 -13.217806  356.838989  0.322086  3.878457       5.298370    913.107727  -51.903721  7.469320  1.517186  297.892853
265 -39.036625  -6.735040    3.482106  0.348960  2.100481       6.878393    628.464905 -221.982086  6.771534  1.733910  342.657745
266 -53.319023  -4.509866  358.265564  0.276531  4.984633       6.058838   1068.857056  -68.519020  5.566297  1.006247  398.449158
267 -46.131500  -8.158010  358.993408  0.339637  5.645523       6.477133    977.108032 -106.449806  6.136578  1.255010  234.642181
268 -48.408813  -9.806894    1.098541  0.312267  3.071504       6.462660    902.862732 -207.095917  6.702983  1.384865  383.294220
269 -38.912739 -12.677736  333.754608  0.296433  5.905622       7.199643    661.054321 -226.647568  6.682269  1.815472  104.650047
270 -40.638187 -25.199429    8.066512  0.348728  3.627299       5.313692   1031.231323  -99.820038  7.081195  1.065708  191.642883
271 -55.086349 -16.870834    5.740898  0.345799  2.334266       6.779661    981.369507 -202.692581  7.747552  0.285615  327.411957
272 -46.107582 -21.995394    1.845803  0.280355  5.875680       8.809268    867.165833   49.728340  6.377087  1.406784  216.008209
273 -39.071392  -0.802355   15.952531  0.333585  5.721329       9.256607    501.228516  100.837433  6.709762  1.160932  182.818985
274 -39.614910  -5.949604  358.335571  0.331960  2.181206       6.155713    838.026978 -170.860352  7.211986  1.344236  239.509369
275 -49.370628 -18.384218    0.448632  0.295168  5.690348       6.556276    919.117798 -131.657349  5.709068  1.059014  352.829803
276 -46.044048  -8.594922  359.551697  0.339205  2.428852       6.292048    817.222595 -197.477875  7.796364  1.021385  344.090912
277 -52.740383  -0.813628  346.888214  0.331695  5.353682       9.777905    770.729980 -196.402100  5.764038  0.734218  304.686401
278 -48.231213 -15.377213   11.375000  0.286850  1.645975       6.854959   1018.275208 -240.777115  6.924207  1.262586  306.179291
279 -46.717381 -10.979645    7.964015  0.298889  4.870301       9.045056   1015.665710  166.192688  6.518500  1.572483  124.031288
280 -47.957439 -12.117804    1.642267  0.288719  2.514507       8.502152    995.582703 -245.279877  6.851671  1.972630  294.707642
281 -46.817051 -11.911844  343.540863  0.333813  5.668273       6.860690    931.699951  -88.700310  5.251105  1.596832  231.445358
282 -45.265553  -8.238307  347.319519  0.337985  3.548455       5.602020    990.402405 -179.159546  8.232561  1.216499  197.723816
283 -49.800949  -4.305237    3.141035  0.291659  3.258387       8.139281    849.634949 -245.612488  6.711175  1.499177  407.789398
284 -47.564938  -8.749262    3.636309  0.255047  1.892678       9.411590    710.458374  -83.184227  5.679518  1.495791  302.654602
285 -52.656269 -10.050918  350.033569  0.322935  5.402109       9.617540    783.330750   35.634075  6.109676  1.746655  414.086273
286 -49.684456  -0.633739  353.297882  0.348314  1.629643       8.653994    867.891785 -149.265656  7.245136  1.227610  255.143799
287 -56.893726 -13.279060   11.942417  0.245186  5.605015       9.955874    984.071960 -144.751495  5.905153  0.760801  300.693024
288 -55.051853  -9.604991    7.628628  0.243554  3.589197       9.717696    885.120056  -43.137352  6.043086  0.389370  133.875061
289 -51.153690 -13.974752    1.662531  0.341243  3.107325       8.506282    965.737915   33.945171  5.668829  1.717629  429.132050
290 -49.014893 -12.754914  357.414124  0.305366  4.926949       8.265464   1003.707520   51.250648  5.709099  1.512681  264.902222
291 -51.211010  -2.832051  347.778595  0.334985  3.213071       8.117501    752.814819  -11.359596  5.821786  0.953064  414.183960
292 -47.739357 -20.880405    2.619230  0.323694  4.423367       7.444988    856.726990 -133.619812  6.134116  1.126460  352.867889
293 -42.412380 -13.006596    6.190775  0.248494  4.509779       9.192625    835.070923  -81.565948  5.875719  1.845520  169.443069
294 -48.465008 -16.489325    6.933231  0.336895  3.524547       6.089583    799.816650 -231.968262  7.406491  0.344295  404.483490
295 -55.429314  -1.203896  357.563049  0.265377  5.516171       8.771677   1043.437256  229.366791  5.257019  0.893383  300.739838
296 -52.447731 -24.786999    5.275640  0.327986  3.979299       9.702606    829.925415 -192.343140  5.532927  1.171404  496.070618
297 -51.431156  -9.610951  357.740814  0.333888  4.227382       9.255091    850.333557 -149.729523  6.022299  0.963568  274.575775
298 -48.063782 -19.906898  359.959076  0.336114  3.491689       5.781349   1055.668457 -107.858688  6.417748  1.612779  388.275482
299 -52.446823  -7.528236    3.651226  0.338438  3.174721       9.943600    876.498352  151.772324  5.204021  1.252051  267.665344
300 -48.016766 -22.297373   12.216537  0.338325  1.404443       9.398720   1092.083130 -130.205811  6.254527  1.671067  264.763824
301 -44.093521 -16.413614   13.843163  0.296883  1.340526       8.961576    932.296814 -205.446121  5.839892  1.617001  186.262207
302 -46.793457 -17.257179    5.794992  0.327556  4.866048       7.635397    937.903137 -215.209396  6.799192  1.066432  187.872177
303 -41.499615  -6.930586  359.560730  0.275087  2.023211       7.630501    821.594238 -139.581314  6.720291  1.835283  223.561737
304 -51.909565 -11.977226  353.208710  0.285908  4.957805       8.473721    979.530273 -215.497650  6.561264  1.341382  278.736542
305 -56.283409  -1.672916  350.194153  0.308749  3.935479       8.366021   1027.308960 -137.123154  5.050351  0.592890  183.987457
306 -39.002861 -24.601971    6.013084  0.344993  4.426131       9.950467    500.931000 -241.310013  5.073350  0.603165  184.143967
307 -39.589100  -7.556660  357.107361  0.270352  4.265910       9.921106    612.467041 -214.683502  5.694311  1.932587  130.091995
308 -51.185894 -21.579075   10.812942  0.296626  3.895581       8.764028    881.327271  106.378159  6.705598  0.630584  369.381592
309 -37.572178 -20.377480    1.164863  0.315081  5.671331       8.321527    598.625000  -23.348186  5.706062  1.339616  223.858383
310 -48.609478  -4.834106    5.790122  0.279943  1.739633       7.299067   1068.580811   18.843719  5.617021  1.566310  288.509766
311 -48.930454 -23.663033   22.489069  0.271922  2.911170       7.921621    881.763733 -195.860672  6.117453  0.680870  310.223175
312 -50.231525  -5.490227    7.474598  0.309604  3.312853       8.031074    938.161804  -85.468849  6.154791  1.497022  359.091156
313 -52.119274  -3.122452  356.364990  0.279142  2.438295       8.005513    940.347107 -183.879562  6.091728  0.993529  267.857635
314 -52.798904  -1.918359  352.198425  0.331222  4.999195       6.652141    996.535889 -246.224091  6.055939  0.669830  347.394440
315 -59.896168  -4.019722  352.816467  0.348235  5.279752       9.314674   1031.012939 -240.626251  7.301609  0.330409  278.435516
316 -43.068535 -21.238447    5.010056  0.322688  3.406962       8.427439    901.303772  -99.936020  5.203032  1.043704  129.516632
317 -47.943447  -6.000639  348.176788  0.347472  5.562567       7.390582    957.112610   25.867434  5.032755  1.644852  238.727295
318 -50.017303  -5.457817    4.009457  0.307584  2.565807       7.616171   1031.504639 -225.126465  5.852777  0.985465  153.668320
319 -50.248619  -4.864190    3.674808  0.327414  3.998074       8.321421    843.790894 -213.558411  6.314452  0.956539  329.267059
320 -49.995079 -17.856947   20.601379  0.270571  4.425712       8.700048    888.611450 -151.877640  5.552994  0.817977  270.398956
321 -51.276119  -8.507557    1.648924  0.339524  2.270330       6.592993   1063.072510  -10.296763  6.545146  0.898218  295.797272
322 -51.035740 -29.146200   15.115165  0.342132  2.789742       8.994216   1014.763489 -212.647797  5.343721  0.594905  286.532898
323 -39.343842 -21.737804  357.330139  0.332269  5.082730       8.601273    602.117371 -142.027573  7.003815  0.906125  107.363159
324 -45.080193  -4.111508    5.901085  0.317674  2.208349       7.504061    682.021729 -180.593506  5.535049  1.352654  383.957306
325 -57.911438 -23.733250    8.361590  0.337579  5.376869       9.597902   1056.295532  -67.858955  5.788988  0.608478  492.880829
326 -45.725357 -23.958488    2.228933  0.297304  5.131559       9.901190    827.446899 -191.242996  7.220877  0.967334  106.489365
327 -51.373806  -2.298212  349.496307  0.331423  2.853128       7.691729   1007.747070   10.867660  8.404781  0.709957  133.286896
328 -51.366325  -6.748898  359.952637  0.330997  1.269471       7.814190   1024.926147 -212.020218  9.045039  0.672911  140.569916
329 -50.162231  -7.599226  355.797180  0.331698  3.404157       6.796913    882.122864 -221.267410  6.567532  1.423976  434.731842
330 -47.371750 -11.746753    1.501087  0.333915  5.034311       8.154667    776.794128 -111.239105  5.238307  1.665220  389.349091
331 -51.637173 -16.925211    8.459968  0.273281  3.791877       7.983835    987.043884 -184.986450  5.872889  1.036342  290.542206
332 -45.233799 -19.322788  359.209106  0.312102  5.548009       5.818104   1055.796143  150.410706  6.197178  1.771703  312.440521
333 -48.890053  -6.490946  351.428864  0.320797  4.462515       5.827360    993.526917    6.252137  6.351988  1.556305  384.970398
334 -43.247852 -10.663839  352.726959  0.304857  3.547883       6.438987    807.088562 -248.316376  5.240502  1.240235  242.959000
335 -47.948505  -2.637017  336.378937  0.348441  5.633163       5.534764   1092.826294   87.437119  6.354951  1.752622  223.491440
336 -49.262409  -8.751042  354.637939  0.343755  5.123478       9.562730    813.792725 -226.224197  5.825824  1.902914  301.456909
337 -43.256306 -25.706661   17.348434  0.307220  5.743302       5.957086    848.258667 -184.149521  7.385314  1.912762  493.287384
338 -45.163670  -2.383266    2.009961  0.304237  4.164885       7.941066    699.580627 -119.066200  6.888570  0.399018  204.607269
339 -46.119465  -4.825773  354.581818  0.298030  4.088408       9.541608    677.461487 -228.118378  6.312171  1.111494  255.555725
340 -53.401768 -11.317997  347.212158  0.329412  4.992005       9.791914   1013.336792  -32.880333  5.623849  1.770183  233.295166
341 -55.494247  -6.582657    8.776478  0.323848  5.314348       9.135196    962.051453 -140.019882  5.391516  0.718429  313.991730
342 -55.492439  -3.639747  349.505920  0.342028  5.571284       6.115752   1064.299927   44.162521  7.403933  0.435744  151.857529
343 -56.194386  -8.978991    4.301164  0.330758  5.073503       9.803929    930.306030    6.700780  6.077978  0.907675  413.700562
344 -46.098328  -5.079597  350.310394  0.291816  5.046003       7.554681    820.202148 -198.556412  6.204857  0.690957  131.931076
345 -49.522110 -25.864874  359.201080  0.339728  5.445583       8.452630    997.315430 -120.807541  6.072964  1.679795  360.969574
346 -49.989662  -8.420565  354.144684  0.336853  2.795366       7.067630    888.634155 -111.835732  6.985515  0.890774  328.743408
347 -45.742130 -13.921818    5.261321  0.312488  1.792822       7.167957    831.388062 -198.962067  7.772648  1.964303  405.869598
348 -54.243649  -1.864419  351.254913  0.276676  4.875760       7.205345   1031.773682  -52.744461  7.534061  0.649890  240.068176
349 -44.727802 -11.137856   15.043972  0.290397  2.128038       8.632375    854.206177 -149.899124  5.423483  1.081928  144.266968
350 -36.722557 -13.970580   10.686852  0.326986  2.314865       6.585025    630.643250  -78.263374  5.996186  0.261144  151.336716
351 -49.789722  -3.303083  353.762238  0.343990  2.829373       8.376280    697.335266 -222.391754  5.441041  1.450827  483.305450
352 -47.636303  -0.738078    0.095830  0.293616  3.119652       9.480430    639.664307 -199.593048  6.224651  1.669102  350.247864
353 -51.723202  -8.025998  352.890015  0.340540  4.597569       8.761396    917.050415 -171.344955  5.897894  1.315094  292.350128
354 -50.612389 -14.906067    2.348781  0.317332  5.681851       7.532659    947.293213   19.952005  5.108020  1.261008  350.866364
355 -46.813156  -3.162140  349.995605  0.325189  3.268174       8.277171    862.551086 -196.650742  7.040204  1.422092  188.741943
356 -46.576069  -4.116840    4.480332  0.250646  5.425687       8.212916    709.897461  -64.121376  5.947346  0.838288  251.585373
357 -45.683929 -20.773767   14.476447  0.317008  4.826150       8.566149    834.158447   -3.074715  5.071180  1.306299  320.492096
358 -51.845898  -6.794772  354.111145  0.346816  3.525621       6.150330   1008.815796 -157.574554  5.875402  1.786866  454.471588
359 -54.834072 -12.983104  359.565155  0.335723  5.050390       8.555271   1028.530640  -11.848685  6.645283  0.808793  314.205872
360 -54.763195  -5.128748  351.168030  0.305284  5.321387       7.164753    908.369446 -149.633881  5.069100  0.333313  260.673431
361 -47.520168  -4.023217  347.922607  0.265150  4.248142       8.350037   1036.077637 -192.098892  7.822115  1.992887  221.379776
362 -50.762554  -5.166803  355.031891  0.303030  3.549705       7.111491   1053.810059 -247.920547  5.830201  1.192229  248.205154
363 -49.058960  -5.373656    6.603726  0.338374  4.092727       9.232213    752.722717  -31.537186  5.631999  1.004982  282.481934
364 -44.740120 -14.727141    1.431594  0.284935  3.833983       6.533281   1030.574463 -180.721329  6.983317  1.642678  251.271866
365 -51.356796  -0.231900  358.036285  0.330651  1.294869       6.180787    910.176392  -43.071716  5.373572  1.113382  473.902344
366 -44.078922  -7.337233  359.827301  0.314691  1.545644       6.285929   1081.047852 -235.574768  6.134850  1.789302  239.920517
367 -43.795502 -13.763916  357.066742  0.347587  4.035811       7.731125    695.901611 -166.888885  6.433408  1.472927  337.766602
368 -56.631191  -0.641857  350.391815  0.293844  5.319473       8.894794   1084.418091  -39.512840  5.564060  1.099559  377.516785
369 -50.565327  -6.210319    4.861544  0.340142  4.303693       6.991335    938.921631  110.831917  7.077505  0.752711  245.996368
370 -57.039677  -3.921342  351.024170  0.335765  4.589516       8.080447    944.285278 -120.354187  5.173967  0.483728  445.545258
371 -43.023369  -5.031814  359.551300  0.324910  2.327975       6.270705    755.681763  -90.139755  7.129598  1.451276  379.268738
372 -55.764812  -3.763242  355.180267  0.285681  4.268294       9.691762   1054.882812   44.691753  6.502985  1.635848  333.888733
373 -45.582031 -24.513704   14.342351  0.338175  3.894684       9.187728    790.452454 -129.031387  5.818243  1.474256  312.401093
374 -51.140945  -4.893941  352.889740  0.293669  4.072543       7.895698    942.878723 -238.917725  6.990720  1.520626  318.782074
375 -49.830456 -12.942768  350.923004  0.302096  5.612368       8.504172    893.021729   -3.989968  6.371682  1.046453  170.965744
376 -46.723747  -7.997609  357.208557  0.332671  2.440695       8.147495    782.890930 -141.167618  6.065578  0.594973  200.620712
377 -46.597824 -15.645203    0.782061  0.338122  2.499817       9.759979    791.180786 -235.932419  7.175396  1.037231  167.718002
378 -50.515167 -13.590118    2.232117  0.342427  1.924192       8.036622    954.647034 -109.342339  7.408500  1.177666  325.876434
379 -54.728989  -3.717129    1.316581  0.321879  2.946515       7.216119    999.942749 -157.563629  6.765755  0.690715  361.757050
380 -59.708744  -2.059270   14.388173  0.308160  4.293764       9.886965   1060.857666  103.776787  5.323721  1.131022  432.922943
381 -42.147717  -1.130383    8.484112  0.318782  3.874802       8.300459    896.612244   18.147547  5.703118  1.991737  161.371841
382 -52.434082  -5.994179    5.678326  0.311700  4.688870       6.357428   1090.690796   30.731281  6.374785  1.134367  399.782410
383 -53.175251  -8.155594    8.946178  0.345856  5.296999       7.310884   1039.322144 -212.319199  5.806258  1.352841  447.294220
384 -43.924583  -6.327985  359.804230  0.348090  1.563855       5.222105    979.385376 -225.019196  6.025769  0.964626  219.921463
385 -34.799820 -11.527877    4.887594  0.296321  4.722934       6.973849    630.392517 -109.078262  5.395082  1.249265  243.967041
386 -55.007690  -0.036300  356.114777  0.310831  2.001600       9.530343    814.655273 -144.016266  7.294460  1.674224  495.621246
387 -46.312061  -3.380356  353.015747  0.331583  3.503675       6.706646    919.092285 -187.829498  5.989933  1.845924  297.202759
388 -48.577747  -6.333072    8.289126  0.318235  3.395717       8.035317   1032.693848  -64.895348  5.208382  1.601279  264.799316
389 -47.210827 -12.108496    0.549724  0.303362  3.593184       7.943791    894.033997  -60.683681  6.929291  0.764822  133.715042
390 -48.080334 -10.052911  357.460846  0.308179  4.045166       6.134569    935.748291  -90.321861  6.892452  1.616992  397.786469
391 -50.666389  -7.474663    4.040120  0.326804  2.310680       6.972975    874.705444 -245.943161  5.528798  1.064636  414.045105
392 -42.482105 -21.794006    6.828401  0.313521  5.301984       8.618011    623.896729 -238.108734  7.195974  1.410337  408.932922
393 -48.912956  -4.231139  359.145721  0.334957  2.849222       8.549701    903.883667 -119.826340  6.877385  1.781242  308.103485
394 -55.368191 -11.794301    4.921891  0.314666  4.239857       8.930806   1049.757935 -151.980026  7.229846  1.148278  376.888245
395 -49.305721  -5.115378  357.815094  0.317498  2.946977       9.756793    770.057922 -206.180771  5.177118  1.842160  322.688568
396 -40.682457 -15.609735   13.211400  0.339865  2.690893       7.568526    647.062866  -41.589111  5.186771  1.497833  325.205811
397 -45.585590  -1.960341  346.161469  0.349492  4.813326       7.725677    654.461365  -29.319450  5.533388  0.801846  243.696808
398 -43.182541 -12.229398  358.777527  0.319168  2.617703       9.924366    567.804871  -79.000999  6.038417  1.389096  316.866394
399 -55.269047 -19.693682   11.210813  0.319603  5.319384       6.959429   1072.505005   37.799034  5.750431  0.416176  365.142944
400 -50.555573  -0.956412  342.424744  0.282300  5.958466       8.218557    910.612488 -225.195450  5.190360  0.943897  115.780739
401 -41.961983  -5.565653  359.935211  0.292680  5.774746       9.706052    635.857849  -81.838470  5.687391  1.349977  131.732727
402 -46.673660  -4.427320  356.507080  0.335029  3.163864       7.304716    791.342712 -214.185577  7.868878  1.156917  378.057739
403 -48.686405 -11.414416    3.095144  0.300800  3.398365       5.371048   1003.069763 -125.383926  7.135306  0.543145  201.709488
404 -40.520176 -17.125668   11.586363  0.315659  2.615462       6.487333    949.840210 -105.569611  7.647688  1.522667  229.537369
405 -49.525826  -0.745728  348.057526  0.313240  3.662374       8.681310    830.105713  -18.359888  6.347509  0.661171  123.133591
406 -43.623093  -3.384557  359.193939  0.328157  2.191873       6.024267    752.526733 -141.352875  6.053859  0.796469  297.581604
407 -50.537922  -3.738482  353.461243  0.340029  2.066793       7.113706   1014.466431 -132.651581  5.768487  0.933200  239.206848
408 -52.387444  -4.912353    5.969364  0.329619  4.940556       8.121209   1022.747864   16.117905  5.052488  1.453918  305.309296
409 -49.704659 -26.408833    4.685956  0.343963  5.039693       8.999924    939.895691 -202.622910  5.277740  1.083778  330.243988
410 -48.840668 -10.495861  359.097778  0.279584  4.747314       8.302158    804.134460 -241.297928  5.486465  1.004773  283.422241
411 -50.121742  -4.351015  359.895111  0.331977  2.062337       8.196631    916.764893 -161.306992  5.164607  1.788378  348.041504
412 -44.404667 -11.022554  347.423187  0.320843  5.137504       6.058447   1009.622986  -95.295547  6.789570  1.349634  150.919281
413 -48.426537  -1.407825    7.322042  0.328699  5.822061       6.920117    821.922974 -159.205063  5.812629  1.060611  343.877167
414 -51.926880  -4.017567  350.878998  0.329361  5.471259       9.044325    907.049377  152.122543  5.967029  1.608950  330.195679
415 -45.759644 -13.789407  354.185638  0.339221  5.007039       8.335008    596.339233 -234.743927  5.890680  0.776738  450.677826
416 -37.241985 -14.673223  346.064484  0.342573  5.109561       6.050777    694.641418  -84.651047  5.112803  1.991303  244.767609
417 -54.423275  -2.946766  354.871033  0.337727  3.034872       7.537782   1058.663574 -115.702934  6.420810  1.184974  436.439697
418 -51.029285 -20.494843   23.872187  0.296064  4.621377       6.662583    936.750061 -179.132797  5.228577  0.581026  383.850677
419 -45.142620  -9.249839    0.613185  0.312955  5.622931       5.841192    990.936279  -90.289001  6.570795  0.819258  148.254089
420 -53.093494  -9.280815    1.221082  0.303197  4.660140       7.565439    923.439209  -85.445427  7.274071  1.053496  443.776520
421 -55.205158  -4.141352    7.048184  0.266630  3.772359       7.237820    978.697693 -111.571037  5.143034  0.821118  416.428680
422 -48.699238  -4.003841    1.115046  0.348383  1.169880       9.312590    754.008484 -192.616089  5.143991  1.404490  299.266327
423 -52.674377  -8.215718  354.540253  0.347271  3.629009       5.788314   1017.428589 -179.826904  6.500974  0.622363  373.011810
424 -37.289154  -2.579806  336.701324  0.324897  3.282862       9.440886    583.361206 -249.584595  6.284842  1.836749  137.269363
425 -55.540222 -15.069603    8.322281  0.326918  1.252139       7.057783   1088.104248 -127.745026  5.522793  0.515237  396.972717
426 -54.369656  -2.967193  357.769867  0.324009  4.424866       9.097176   1023.536316  -89.911369  5.332929  1.606831  400.047974
427 -49.900772 -17.198896    1.569318  0.267778  5.825517       9.542264    857.318481 -175.230728  5.175439  1.621996  340.796295
428 -57.736034  -3.776682    8.463683  0.325899  4.428338       7.996907   1083.183838 -109.337341  6.960508  0.493303  325.815887
429 -49.621346  -2.206012  352.934814  0.337575  4.444768       7.896502    926.939636 -223.430847  7.515260  1.402246  255.284225
430 -39.875858  -3.759169    3.719533  0.299469  2.499533       8.370255    547.689880 -222.620270  6.507243  0.479931  198.865082
431 -43.148117 -14.763432   15.853765  0.296816  1.327377       6.938227    854.837280 -106.609200  5.466600  1.377575  246.846130
432 -46.850674  -9.929959  355.153748  0.309233  3.656308       8.928804    684.871643 -224.867462  7.223454  1.748251  368.738281
433 -47.834961 -25.261400    0.752575  0.317706  4.651050       9.414611   1052.730347 -101.268875  5.897604  1.493122  185.014771
434 -51.415474 -23.075644    7.215456  0.311130  5.243207       8.857984    997.530457  163.201630  5.802176  1.097672  340.625793
435 -49.867641  -3.916332  346.266754  0.309644  4.872328       9.077801   1034.548950 -196.313034  5.477660  1.608599  157.812134
436 -60.459972  -4.321856    8.357032  0.311706  4.968939       9.523796   1062.527710  -22.501127  6.494617  0.523184  420.083954
437 -51.197060  -6.293519   21.601887  0.339668  3.595611       7.895590    755.451233  -40.855225  5.705159  0.709064  392.595917
438 -49.550190  -0.688460  356.835938  0.324983  3.646194       8.049721    909.420593   -5.402351  5.726487  0.761790  173.154739
439 -51.146885  -2.779081    4.482301  0.330676  3.214319       8.406605    886.231689  -96.660233  5.996069  1.432422  394.119568
440 -54.209721 -14.815813   14.265993  0.279466  4.876769       7.687025   1054.319580 -173.905411  5.888285  1.268379  453.909576
441 -42.211449  -7.833364  353.938171  0.314859  2.575927       9.054166    834.064087 -147.988449  7.297515  1.579972  115.620117
442 -52.159840  -9.634443    2.857825  0.295166  3.836113       7.071946   1062.613281  -59.693790  7.154700  1.444865  388.863464
443 -43.804005 -13.300519    3.545275  0.292194  5.164794       7.971973    802.270691 -164.808441  5.586288  1.641195  267.058716
444 -59.014629 -10.758469    7.350165  0.304336  5.315608       9.876445   1043.306274  -86.449310  5.102876  0.897708  476.843811
445 -43.182678 -14.755944  352.104218  0.341738  5.788877       8.932796    525.170288  -88.261192  5.922373  1.718838  369.422058
446 -45.364243 -26.288685  356.369507  0.335288  5.410920       7.072875    882.442810 -249.133102  5.164947  0.773738  117.171806
447 -52.540939  -1.553809  342.006104  0.337006  4.884527       6.453476   1013.819946 -133.442474  6.852884  1.971088  432.508759
448 -47.129635  -2.549296  355.917877  0.321897  1.585067       8.271151    817.981201  -13.198950  6.554645  0.916089  203.811615
449 -50.893860  -6.178799  347.246002  0.335578  3.731731       8.628145    918.855042 -225.661987  6.708392  1.963445  355.472809
450 -43.250259  -5.240013  359.401062  0.297223  4.625296       6.932841    788.318970  155.444901  5.924479  1.268559  267.961334
451 -43.851322 -13.960931  348.837006  0.349619  3.443708       8.402618    971.434875 -195.023514  5.988232  1.746685  141.004501
452 -47.429398 -20.142391   12.142220  0.348896  5.472498       7.400963    961.318481   83.140175  6.309165  1.148560  247.027817
453 -54.155891  -0.443685  356.773010  0.322192  4.833506       7.162881   1043.302856 -186.883102  6.496007  0.512505  166.477203
454 -52.820984  -4.745626  359.784546  0.334101  4.556759       9.070507    937.401367  107.325218  7.165488  1.101334  263.048187
455 -44.227070 -20.647018    1.398991  0.330774  5.201203       7.850825    923.936401    7.961454  6.100549  1.720712  259.531647
456 -43.614796  -9.862023    2.321387  0.303111  2.730162       7.032595    727.835999 -206.748810  7.065176  1.262538  320.446747
457 -37.858315 -19.540453  352.649536  0.304706  5.869566       8.612476    504.942017 -207.396332  5.377653  1.112963  212.181091
458 -54.266556  -0.326858   10.447516  0.324219  3.303453       9.005528    839.956543 -164.621017  6.508999  1.177403  407.187347
459 -45.413773  -4.090145  355.849792  0.333777  3.112565       9.192030    578.262085 -216.727509  6.590328  0.910524  393.107880
460 -51.176117 -25.772055    3.557484  0.319389  3.895450       9.297191    926.825134 -238.792862  6.486660  0.678024  226.089462
461 -55.077312  -2.767539  351.810089  0.329948  3.449934       8.821504    916.074707 -127.029739  6.607533  0.763635  347.087708
462 -53.012337  -3.532832  355.346313  0.330677  3.779705       8.973259    899.513489 -117.783562  5.256076  0.885466  292.877655
463 -42.586327 -12.875395  355.739868  0.318650  3.930318       7.224370    707.963013 -168.871399  5.986217  0.736856  143.293457
464 -53.649845  -7.270066  359.038788  0.342805  4.340693       9.325358    757.554626    0.728560  6.045331  0.583821  467.599274
465 -47.499752 -18.739780    5.669052  0.256112  5.935885       9.306820    902.753967  -56.082497  6.310177  1.757381  274.838837
466 -58.570107 -17.361622    6.743933  0.313493  5.080945       9.480690   1041.133789 -194.811356  6.830273  0.434503  456.099060
467 -51.693386  -6.581615   11.112893  0.344320  2.468623       9.367744    776.841309 -101.168358  7.055720  1.256378  446.676910
468 -44.897259 -17.630596   11.593123  0.323980  2.194797       8.098371    645.012329 -187.887100  7.574234  0.992000  439.649841
469 -55.164734 -16.180084    0.724344  0.328969  5.181962       9.268399    942.208862 -196.455841  5.740592  1.875059  494.418701
470 -50.313374 -20.896492  355.887543  0.334160  5.250417       9.107455    920.945312   48.779099  6.023348  1.522789  255.826416
471 -51.708912 -21.648258    9.840271  0.343254  3.917561       8.758404    913.748169 -180.109695  5.177134  0.365014  239.311508
472 -51.771687  -7.705553    6.715455  0.318735  4.760579       6.722296   1008.151489   81.606461  7.158556  0.849201  357.364319
473 -48.981750 -15.267215    2.488616  0.327276  4.729035       9.932804    715.934265    5.886541  7.885082  1.018999  266.545654
474 -48.611294 -22.309502    7.020034  0.341629  5.555826       9.191936    862.125671 -242.909866  6.096883  1.133692  295.612152
475 -47.627102  -9.692326    8.972194  0.288360  3.788275       8.762065    643.540344 -119.895554  5.863064  1.487125  438.887451
476 -47.273773  -7.888638  353.621918  0.339823  4.310477       8.342575    706.648438 -215.319412  6.301148  1.347549  362.664917
477 -43.379681  -8.147138  352.583984  0.349479  3.196390       9.288724    897.563660 -229.489441  6.279321  1.894805  130.445312
478 -49.559055 -12.448007    1.517525  0.305812  4.761281       9.175660    992.540466 -249.354706  6.277425  1.145320  107.080780
479 -49.416565  -8.728539    5.494418  0.309393  4.256071       9.260736    691.244202 -172.509750  5.995955  1.557653  387.833191
480 -53.679668  -6.384028   11.514747  0.327427  4.746196       9.820609    898.354248   74.392281  6.169308  1.042713  226.855789
481 -47.299992  -9.647953  358.000671  0.331093  2.650911       7.795501   1001.723450 -102.843338  5.516084  1.901230  294.097321
482 -55.204830  -6.339555    1.521564  0.289646  5.717567       8.401851    890.266785 -245.103897  6.601613  0.343994  319.012177
483 -44.925636 -24.030910  356.291321  0.339130  5.858507       6.456410    856.868042 -181.008881  5.959782  1.460187  318.839233
484 -53.448376  -1.138305  357.935669  0.295726  3.978858       6.484818    935.639709  -41.876965  6.058144  0.507755  325.668732
485 -32.852787 -32.619484   23.014492  0.325875  4.106895       9.047002    675.866638 -244.712296  6.465760  1.249781  215.372650
486 -58.826778 -13.091794  356.863129  0.296601  4.971229       9.653337    962.870178  -70.645241  7.987533  0.654868  449.398712
487 -49.748501 -14.977136  359.924255  0.332591  5.000335       8.444345    788.834656   22.842169  5.569483  0.566822  229.298752
488 -50.746708 -13.314338  350.847443  0.328985  5.188685       9.617161    674.472229 -136.685059  6.361767  1.323040  393.573700
489 -44.500931 -24.337934    3.811864  0.346417  4.477627       9.163642    620.001953 -132.555161  5.732385  0.552851  282.182251
490 -48.981102  -5.585660    7.225948  0.315690  4.549312       8.677124    675.844666  -80.310204  5.318399  0.627360  362.029724
491 -52.986515 -11.226965  356.570679  0.343796  4.043992       8.396650    988.593872 -124.908348  5.363901  1.873550  462.115112
492 -54.824951 -16.516945    7.152988  0.339316  1.935855       7.302227   1049.165283  -87.802422  5.352410  0.277974  194.052521
493 -41.793358  -0.856241  343.786316  0.349748  2.303699       9.910101    527.683289 -124.063988  6.719687  1.943975  303.398529
494 -46.927544  -7.419873  354.342346  0.330573  3.989212       5.804511    922.953247 -131.268570  7.559012  1.209074  312.981232
495 -41.794540  -9.730305  356.252441  0.318111  3.628877       7.163354    682.370605 -180.967346  5.146624  1.175050  296.655426
496 -50.290890 -19.513626    3.013372  0.326246  4.473143       9.476254    735.462952 -139.862793  6.110577  1.455945  484.994080
497 -48.011715  -5.904549  353.878265  0.314711  4.489652       9.177117    878.666748 -212.870667  6.096192  1.126591  108.248672
498 -45.442669 -29.107180    7.737479  0.269519  5.715637       9.258835    832.319519  -71.255280  6.763296  1.596765  306.190704
499 -46.660427  -0.564539  351.212982  0.217973  3.050416       9.136229    858.450439 -113.746490  6.642432  1.349836  128.577499
500 -45.868996  -9.166106    0.742171  0.317527  5.155053       6.831710    756.799866   51.515816  6.452134  1.751328  474.628510
501 -42.331097 -15.184734    9.070752  0.344918  4.232806       7.416560    659.402283  -84.868256  6.676722  0.800445  291.560699
502 -50.787495 -16.151005    6.855036  0.305825  4.895325       6.136268   1077.429688   96.686333  6.301720  1.268393  409.310974
503 -49.787342  -1.634082  349.383392  0.340106  4.515582       5.859458   1064.849365 -239.392807  7.077034  0.989712  249.531784
504 -42.266693 -14.723413  357.585724  0.254416  5.714965       9.772192    636.509888   67.685616  5.765242  1.285811  143.822418
505 -48.891552 -16.596857  359.871399  0.341697  4.088351       6.354946   1029.792969 -152.847137  5.069211  1.190696  303.982697
506 -43.860714 -12.524200  343.684998  0.328031  4.696473       9.510935    663.200439  -82.895126  6.164261  1.508705  145.525986
507 -49.624882 -11.883001  359.950806  0.329289  4.271796       6.007368   1003.252197 -184.581985  6.830036  1.161203  333.753448
508 -36.247105  -4.485423  344.535370  0.339764  3.448430       8.486736    547.232300 -166.525467  5.253246  1.372554  169.943649
509 -45.610828 -16.536114   19.145540  0.254392  3.860382       7.435392    948.104004  -27.036726  6.021101  1.184629  175.630234
510 -50.307701  -9.155821  359.100525  0.341275  4.405838       7.254197    871.752808  -35.276951  5.419919  1.053713  331.996796
511 -55.710091  -9.852421  358.929565  0.316905  3.757550       7.210606   1064.610718   25.707623  6.514019  0.401584  201.321167