            lon        lat         inc      D1AU     delta  launch radius  launch speed    t factor  expansion rate  B decay rate       B1AU     gamma         vsw
0    268.750092  -0.184486  342.458466  0.334071  1.191867       6.944400    495.754425 -208.972687            1.14          1.64   9.457010  1.143067  343.362885
1    271.517212   1.166418  338.930237  0.299699  1.405665       7.421566    420.861816 -267.589844            1.14          1.64   9.810654  1.780118  407.177612
2    275.161255   4.005099  329.485870  0.331483  1.375757       9.084677    277.441254 -250.167068            1.14          1.64   9.594750  2.142138  513.049011
3    259.579681   7.815922  338.790680  0.292863  1.440876       6.842890    562.437561 -275.830597            1.14          1.64   8.808102  0.913247  540.053650
4    266.548035   7.659264  338.445312  0.261997  1.053602       7.817485    412.842834 -247.934097            1.14          1.64   8.693401  2.181330  585.251160
5    269.678009   4.882067  338.637726  0.287773  1.065286       6.487201    484.349640 -227.570694            1.14          1.64   8.884872  0.736098  378.776428
6    266.765839   5.063700  338.875824  0.343048  1.050935       6.658027    478.969452 -177.783630            1.14          1.64   8.715956  0.975190  625.033447
7    275.385803   1.180682  340.753937  0.257825  1.091437       8.176172    367.143921 -297.065857            1.14          1.64  10.130324  0.781494  403.111359
8    256.136292   1.677514  341.743561  0.341091  2.051609       6.451735    610.756042 -249.370712            1.14          1.64   7.543732  1.572181  681.479858
9    271.656189   1.499723  337.518036  0.338051  1.225506       6.334391    488.087860 -186.359177            1.14          1.64   9.042434  1.854683  374.419525
10   272.314117   7.701537  332.361938  0.308535  1.041597       7.659930    405.940277 -244.828552            1.14          1.64   9.414086  1.301804  514.779114
11   273.622986   4.900630  326.204926  0.311683  1.558378       8.438012    403.117432 -289.151855            1.14          1.64   9.891613  2.155866  251.501236
12   264.487244   1.931372  345.153442  0.268756  1.177524       7.488868    481.142395 -244.842331            1.14          1.64   8.585177  0.476043  563.795166
13   276.677490   4.512476  329.370483  0.331948  1.174246       6.816958    419.739929 -228.677139            1.14          1.64  11.243613  0.514964  521.898865
14   261.393982   3.028728  342.563354  0.285594  1.570394       7.886760    501.095703 -290.557495            1.14          1.64   8.197453  1.518619  459.567932
15   277.705963   0.834252  334.378265  0.310549  1.248103       7.125148    504.304718 -275.899231            1.14          1.64  12.142127  1.822858  188.876144
16   271.131897   4.123147  333.507355  0.300595  1.491159       9.969141    265.648712 -280.038239            1.14          1.64   9.778210  2.124599  493.509186
17   269.907623   3.573203  332.845947  0.296849  1.649806       8.402775    393.796509 -286.876007            1.14          1.64   9.275361  2.636346  397.439789
18   257.328430   5.641233  343.414429  0.319532  1.340953       6.404807    616.174377 -250.156769            1.14          1.64   7.740550  0.283221  627.371948
19   265.046143   8.144182  336.575012  0.321317  1.246805       8.018803    451.739136 -245.944321            1.14          1.64   8.756705  0.502961  606.725525
20   272.617828   1.420435  340.883698  0.308904  1.030349       6.618172    444.149414 -213.090866            1.14          1.64   9.585132  0.711473  603.721130
21   266.993896   8.068766  333.812744  0.281086  1.392947       7.908130    455.903625 -278.198792            1.14          1.64   9.420870  1.625823  378.238953
22   271.775238  -4.350091  346.355194  0.316075  1.387141       8.040083    405.623291 -256.896515            1.14          1.64   9.979549  1.620432  367.796448
23   271.253387  -2.174645  341.706207  0.325203  1.485258       7.196270    438.126251 -228.882309            1.14          1.64   9.834317  0.663210  456.841248
24   264.011536   8.651823  334.000763  0.328349  1.675491       6.770497    517.964172 -263.072327            1.14          1.64   8.034273  0.434142  629.235596
25   279.236969  -1.226662  335.891266  0.333870  1.259143       8.382548    326.896606 -267.351532            1.14          1.64  11.555256  0.408336  606.572266
26   269.950043  10.225622  329.159027  0.302830  1.242088       7.747968    463.219086 -286.072906            1.14          1.64   9.230853  1.510031  300.816498
27   265.121643   9.468108  335.456085  0.318451  1.263258       6.055461    659.459229 -287.161835            1.14          1.64   8.955520  2.627021  361.332642
28   275.936676  -2.091498  338.532684  0.339548  1.354068       7.964647    381.978546 -237.166122            1.14          1.64  10.138443  0.298449  536.620178
29   270.447174  -5.498727  340.873199  0.313356  2.151711      10.506967    215.028824 -274.589417            1.14          1.64   9.034132  2.464908  476.391907
30   262.518158   0.205186  346.364410  0.330577  1.389048       6.082723    558.723572 -255.809875            1.14          1.64   8.299392  1.746066  584.295654
31   269.737183   3.863831  339.435120  0.298430  1.053602       7.188023    453.952820 -204.039948            1.14          1.64   9.209040  1.172026  429.412384
32   261.501404   7.714508  340.679993  0.296354  1.011547       6.469082    562.113892 -209.703308            1.14          1.64   8.111010  1.238036  571.943420
33   268.976440   5.671913  338.499786  0.320421  1.075926       6.604069    476.510590 -228.077438            1.14          1.64   9.537013  1.820517  556.816650
34   260.413300   4.266690  338.937103  0.299448  1.804120       8.404511    478.764740 -261.696869            1.14          1.64   7.957581  1.788544  566.482544
35   265.389038   9.049453  336.631287  0.283908  1.081329       7.366858    442.383148 -239.826859            1.14          1.64   8.234136  2.258677  621.059753
36   261.490356   2.372517  343.267456  0.302990  1.553113       7.540995    551.458252 -284.788147            1.14          1.64   7.478529  1.380148  321.593689
37   282.191681  -5.637813  345.305786  0.335274  1.089677       7.010597    399.203094 -201.609680            1.14          1.64  11.241437  2.007014  419.719513
38   262.532349  11.656699  338.008881  0.305256  1.003881       6.356540    570.260376 -263.844604            1.14          1.64   8.396721  0.486745  459.968750
39   266.967560   6.002310  337.200409  0.323543  1.258564       6.802107    479.963654 -263.058136            1.14          1.64   9.243379  0.757837  603.318420
40   265.857147   3.114097  337.552246  0.312202  1.736595       7.257490    473.179016 -276.707184            1.14          1.64   8.624813  0.627387  514.704407
41   266.074829  11.920191  328.587341  0.312725  1.403810       9.023425    329.069794 -244.193970            1.14          1.64   8.263638  2.063131  630.972168
42   263.024780   7.693689  336.526062  0.331487  1.283321       6.203491    572.919434 -209.864090            1.14          1.64   7.990771  2.196316  472.105377
43   273.050598   1.703780  340.275879  0.287701  1.117645       7.155219    469.815918 -263.264313            1.14          1.64   9.508178  2.313450  304.012878
44   263.583832   7.308298  331.010193  0.348892  1.830208       6.121950    617.452209 -220.242477            1.14          1.64   8.413601  0.957363  289.166718
45   262.448425  -1.372618  347.411713  0.286259  1.522915       6.283087    622.101440 -268.321564            1.14          1.64   8.266644  1.079255  272.948547
46   268.157684   3.400215  340.430817  0.273217  1.110113       8.207402    429.255615 -249.941040            1.14          1.64   9.868443  0.206634  272.076599
47   258.017975   8.115615  341.928864  0.264595  1.195691       7.478821    564.349487 -242.725586            1.14          1.64   7.014996  0.394867  597.035095
48   261.684509  10.466153  336.208130  0.281688  1.191912       8.184244    441.584198 -209.994354            1.14          1.64   8.576162  1.998494  650.400330
49   276.381927  -1.755730  327.626404  0.339960  1.851909       9.382435    278.411377 -251.485947            1.14          1.64  10.817005  2.972740  418.645416
50   264.378845   7.469431  335.607910  0.335815  1.422010       6.953279    498.601715 -210.020493            1.14          1.64   8.237985  2.505556  600.566895
51   277.507080  -4.989247  348.069122  0.321583  1.139363       9.056475    200.602295 -212.155426            1.14          1.64  10.531662  2.672797  545.835571
52   277.590240   0.411605  331.065094  0.314466  1.505895       9.031393    324.960388 -295.416656            1.14          1.64  11.096397  1.109652  367.396301
53   268.844208  -0.106513  345.338348  0.325544  1.057036       6.973685    469.706940 -239.073975            1.14          1.64   9.173319  1.383693  450.147919
54   264.074280   7.815386  339.027008  0.265445  1.033637       8.803967    380.496094 -278.385010            1.14          1.64   8.769725  0.848656  697.942017
55   272.506287   0.657552  339.635468  0.305076  1.261906       7.584547    441.390076 -230.199097            1.14          1.64   9.138450  0.495509  146.799469
56   271.571045   6.703527  334.275818  0.341290  1.143919       7.791053    358.374878 -248.756622            1.14          1.64   9.754229  1.654479  604.546692
57   273.323151  -4.116307  342.285645  0.328716  1.465462       7.629340    458.289673 -242.716156            1.14          1.64   9.691258  2.385012  280.213287
58   262.156799  14.574614  333.277466  0.275021  1.234379       6.179578    611.908936 -289.661316            1.14          1.64   8.115043  0.381052  320.955566
59   266.140747   5.497525  336.173187  0.318197  1.373938       7.322340    482.603241 -238.731262            1.14          1.64   8.354052  2.105937  447.281860
60   262.017273   4.776149  337.926666  0.349319  1.716995       8.229692    415.078400 -258.429871            1.14          1.64   8.529953  2.018963  649.404419
61   270.183899  13.357033  328.772156  0.279707  1.028436       7.391933    466.515198 -295.628448            1.14          1.64   9.255006  1.707647  370.052734
62   272.502289  -0.095900  337.583344  0.330883  1.320823       9.059422    362.286926 -213.913071            1.14          1.64  10.192122  1.694020  310.994812
63   266.940979   5.733326  335.422241  0.346247  1.185848       8.309132    250.873474 -195.998734            1.14          1.64   8.488087  2.505437  680.647095
64   270.941986  -5.558132  350.147400  0.314572  1.300166       7.840189    423.586182 -232.983643            1.14          1.64  10.368307  0.782952  369.377319
65   267.807343   1.255872  344.917358  0.266088  1.139829       8.275380    423.088165 -255.697327            1.14          1.64   8.291454  1.425391  364.936005
66   267.556274  11.431070  329.461334  0.298309  1.272592       7.268108    475.213013 -248.520050            1.14          1.64   8.923588  0.593900  572.925903
67   267.150391  -0.885924  348.214264  0.253506  1.173419       7.978165    416.190155 -244.471405            1.14          1.64   8.738214  2.655034  502.076355
68   285.833099  -3.291579  335.105103  0.344749  1.230390       8.303456    330.561615 -276.670837            1.14          1.64  12.473104  1.465776  330.448090
69   256.187622   6.305725  340.468109  0.305197  1.881991       7.106860    596.424744 -294.919647            1.14          1.64   7.779242  2.072349  659.180847
70   255.676849   1.610584  342.374756  0.314574  2.114565       7.182278    619.413330 -293.621857            1.14          1.64   7.208176  1.475577  449.283325
71   280.635864  -1.355403  328.310211  0.326055  1.468760       8.421209    335.552032 -290.246155            1.14          1.64  12.736908  0.400797  383.577332
72   265.328766   8.599283  333.655243  0.316037  1.644992       7.556709    440.964630 -295.201508            1.14          1.64   8.497342  2.687506  596.001099
73   276.457062   1.897813  336.841187  0.307177  1.186855       6.845624    418.830231 -290.630096            1.14          1.64   9.920426  0.315542  416.773285
74   273.702545  -6.333828  338.098419  0.345568  2.042898       8.946460    314.292450 -269.566528            1.14          1.64   9.771999  1.362425  503.243103
75   264.020935   9.172369  335.390350  0.289023  1.228194       6.930130    516.324463 -251.179855            1.14          1.64   8.275117  1.990903  479.900299
76   268.837219   6.656260  332.457153  0.337692  1.420392       6.144494    516.479065 -227.189102            1.14          1.64   8.897335  2.200946  438.264130
77   267.542633   1.728239  339.317017  0.348316  1.449188       7.137635    395.622406 -245.224487            1.14          1.64   8.786939  1.960178  666.481384
78   259.334686   4.440486  339.768402  0.320328  1.567929       6.035914    615.142273 -206.101151            1.14          1.64   7.432600  0.781792  434.961456
79   261.025055   5.370413  340.711670  0.303708  1.302137       6.446034    625.043030 -219.148407            1.14          1.64   8.224792  2.319195  417.967438
80   267.202271   8.435433  336.531097  0.273150  1.023566       6.737435    523.258606 -290.089233            1.14          1.64  10.031254  2.471156  365.963989
81   268.940430   0.704520  343.838837  0.339406  1.002677       8.007970    412.463074 -205.109436            1.14          1.64   9.827271  1.071208  555.487671
82   264.106781   2.662827  335.357391  0.306699  2.213866       7.911129    454.023865 -276.509857            1.14          1.64   8.233784  1.737286  426.225769
83   270.410004   2.055874  341.436768  0.297569  1.167159       6.514890    537.449402 -252.191711            1.14          1.64   9.017043  2.356734  321.345947
84   272.029144  -2.350789  343.451050  0.336035  1.224029       8.853101    328.373352 -220.398102            1.14          1.64   9.827080  0.484385  693.322571
85   262.891510   6.614334  338.253510  0.307788  1.315057       7.098343    523.568970 -232.803864            1.14          1.64   8.115952  0.715889  452.883667
86   267.335144   4.013359  337.458588  0.347342  1.258592       7.459924    434.585327 -180.325577            1.14          1.64   8.095334  1.293584  613.803406
87   259.468170   2.875790  340.288727  0.257541  2.012033      10.467770    403.674500 -278.074585            1.14          1.64   7.613553  1.112495  415.855988
88   265.923096  -2.841370  350.059326  0.342723  1.087895       6.051522    552.860535 -215.435120            1.14          1.64   9.395974  0.978409  408.814606
89   260.415192   4.808355  342.360962  0.260405  1.533535       7.952277    538.081116 -297.472870            1.14          1.64   8.015271  1.412551  348.550598
90   260.556732   9.633666  337.123383  0.294848  1.434332       6.273970    578.912781 -276.393433            1.14          1.64   8.290356  1.939169  575.887756
91   276.302551  -4.964503  344.278992  0.323715  1.602735       6.832335    445.755127 -277.241150            1.14          1.64  11.106309  1.230294  265.074036
92   267.721619   5.101509  335.103058  0.284117  1.568189       7.192274    464.099518 -298.919281            1.14          1.64   9.432046  0.806733  416.827026
93   263.207336   2.533766  344.167999  0.276754  1.246437       8.108532    440.024750 -213.458298            1.14          1.64   7.738376  2.398934  582.715210
94   256.217133  11.975320  334.598206  0.332366  1.688541       6.599143    639.257324 -233.834549            1.14          1.64   7.219474  1.575832  665.349670
95   275.250549  -2.424296  336.416718  0.303446  1.645258       8.944401    344.970642 -247.984589            1.14          1.64   9.569242  2.572022  314.927338
96   259.908173  11.478265  337.344635  0.284157  1.228530       6.220726    597.061340 -265.230927            1.14          1.64   8.555141  1.105231  600.218384
97   257.504211  13.578621  335.212189  0.331346  1.580532       6.376958    624.063843 -241.527771            1.14          1.64   7.142963  2.800901  676.697510
98   266.191742   0.449907  344.378143  0.279154  1.360599       6.425801    515.369690 -254.956421            1.14          1.64   8.244815  1.693660  415.675873
99   264.895020   5.144921  335.228577  0.348142  1.402644       7.123712    490.502045 -234.242416            1.14          1.64   8.954811  1.385620  595.185486
100  262.091248  -9.656710  350.138397  0.345195  1.915807       7.092474    517.869873 -257.160828            1.14          1.64   8.708719  1.945309  567.013733
101  276.244232   2.523573  333.495758  0.322524  1.237704       7.881434    365.970978 -258.661896            1.14          1.64  10.606958  0.885694  542.157288
102  264.048187   9.389999  338.057800  0.240880  1.059605       9.538254    333.521820 -274.286621            1.14          1.64   8.130223  2.939087  569.287659
103  268.087830   5.105902  339.401947  0.300644  1.088355       8.642829    337.471710 -245.562119            1.14          1.64   8.712914  1.724905  595.495911
104  268.417786   7.596099  334.453888  0.317662  1.223675       7.604188    448.063721 -275.255615            1.14          1.64   9.866848  0.939654  536.962097
105  273.758606  -3.648612  344.134583  0.331141  1.454020       6.893857    420.134827 -235.714874            1.14          1.64  10.327727  2.091711  513.767944
106  272.684479  -0.180723  344.032257  0.319468  1.041518       6.888227    447.426208 -219.551926            1.14          1.64   8.977868  2.532786  451.710114
107  257.911682   0.944285  346.740875  0.282890  1.450622       8.687223    439.056213 -252.043350            1.14          1.64   7.977737  2.667495  627.192017
108  264.978760   1.725003  344.165070  0.293057  1.127290       6.952143    492.592865 -202.121307            1.14          1.64   7.720141  2.911432  497.931732
109  270.050842   1.571466  338.623291  0.327957  1.199677      10.463893    201.555252 -198.525970            1.14          1.64   8.938040  0.925926  677.325989
110  275.262421   0.045410  338.414276  0.341666  1.087975       8.042374    328.715790 -217.034973            1.14          1.64  11.099933  1.426314  594.354370
111  262.946045  11.930571  335.646698  0.245823  1.103358       6.967263    545.206848 -252.573364            1.14          1.64   8.684958  1.754093  428.776764
112  260.025604  -5.067204  343.881897  0.322361  2.242761       9.182727    418.459351 -288.258545            1.14          1.64   8.229923  0.607574  686.596497
113  261.545380   9.118506  338.989136  0.272022  1.262399       8.008624    472.479919 -270.671600            1.14          1.64   7.918071  1.736702  588.943237
114  271.909943  -0.014878  341.944946  0.338923  1.005731       6.090238    486.490326 -177.771301            1.14          1.64  10.744006  2.829523  452.261444
115  255.650742   3.120589  342.791443  0.278711  1.860487       9.640962    365.133728 -291.610382            1.14          1.64   7.357507  2.962261  680.214844
116  266.909210   2.919146  330.769012  0.329787  1.960352       7.709857    447.178467 -246.944885            1.14          1.64   8.085737  0.993535  380.835236
117  273.342621   0.622092  334.828369  0.332737  1.339439       9.471149    269.681427 -210.440857            1.14          1.64   9.700383  2.588243  497.340393
118  275.963745  -1.053924  337.121918  0.332594  1.358123       9.459437    253.162903 -293.032990            1.14          1.64  11.046300  2.638982  481.490692
119  280.497864  -2.626396  340.530914  0.314189  1.155519       6.353343    536.102173 -221.524246            1.14          1.64  10.351590  1.975577  214.869278
120  266.139954  10.635585  332.318634  0.285470  1.157865      10.154876    314.423157 -252.020615            1.14          1.64   8.565228  1.408747  567.337708
121  275.567688   3.436903  330.316528  0.293755  1.362111       7.246951    475.169769 -247.405762            1.14          1.64  10.595906  2.962672  271.629150
122  266.200562   5.336996  339.680939  0.306325  1.074219       6.367014    568.436096 -216.460190            1.14          1.64   8.271880  2.221907  376.130524
123  250.833237   5.668371  345.860077  0.232258  1.571821       6.933283    722.128296 -277.216064            1.14          1.64   7.420317  0.255086  262.057098
124  274.400482   1.347230  340.156036  0.283177  1.099135       6.989532    421.619934 -222.740631            1.14          1.64   9.415507  2.211998  409.359680
125  267.906677   1.346949  340.262695  0.313546  1.411300       7.367080    451.213898 -208.411285            1.14          1.64   8.230816  2.253244  484.595001
126  263.101013   6.348831  342.299713  0.289632  1.275847       6.519495    521.031006 -283.913116            1.14          1.64   7.752484  2.812476  620.167480
127  262.422760   8.073249  336.946106  0.321024  1.306832       7.841116    500.003174 -237.486526            1.14          1.64   8.335869  1.651242  535.878235
128  267.626831   5.306711  334.910217  0.337752  1.416693       7.763490    438.016541 -261.989532            1.14          1.64   8.942112  1.777235  521.879395
129  265.542419   7.986051  338.097290  0.313020  1.076952       6.466674    551.003357 -245.020721            1.14          1.64   8.606971  2.452274  423.016357
130  268.647675   1.535990  341.414307  0.329387  1.148805       6.532666    495.459686 -208.280792            1.14          1.64   9.721029  1.648315  434.814880
131  276.065247   4.562794  328.224304  0.345617  1.231650       8.212627    345.653137 -219.632797            1.14          1.64  10.836966  0.758350  549.279663
132  272.524353  -7.441430  350.480072  0.326255  1.505716       8.146584    398.355865 -289.849030            1.14          1.64  10.428922  1.388071  412.049377
133  269.417145   4.038065  335.727264  0.260864  1.492134       9.406750    354.615662 -290.433380            1.14          1.64   8.718972  2.235103  423.932251
134  272.832672   2.473439  339.122742  0.315242  1.025156       7.733156    369.831146 -247.758408            1.14          1.64  10.897690  0.829064  627.776489
135  269.785767   3.638721  341.292664  0.267211  1.105466       8.487435    358.183105 -263.037323            1.14          1.64   8.915346  2.507964  514.016235
136  271.181061  -4.223749  349.031769  0.321668  1.263587       6.772146    440.917450 -219.586792            1.14          1.64  10.162203  2.367664  570.023926
137  262.181061  -2.577098  348.241943  0.305240  1.454589       6.553225    560.284851 -222.806656            1.14          1.64   8.736527  0.711403  403.250519
138  264.606232   3.808642  334.015472  0.340554  1.987366       8.053734    456.563141 -279.025024            1.14          1.64   9.125906  2.580740  432.934204
139  271.112061   9.524684  326.991211  0.314983  1.436942       6.601110    542.629822 -270.914886            1.14          1.64   9.434932  2.347597  308.420837
140  263.134979   8.429006  333.863251  0.342204  1.522684       8.541602    424.942078 -225.504868            1.14          1.64   8.970893  1.562127  635.510376
141  269.243652   4.581564  334.948364  0.316908  1.342509       8.749310    385.577820 -214.169678            1.14          1.64   9.067808  0.845362  501.901459
142  272.444061   4.854752  330.854462  0.314467  1.368290       7.363213    474.380310 -242.746948            1.14          1.64  10.438785  1.541347  250.541183
143  266.913025   7.726865  332.669159  0.327483  1.433814       8.359519    384.557037 -217.407715            1.14          1.64   8.176118  1.461094  602.824280
144  265.267700  -3.013658  350.515015  0.304088  1.043004       7.306138    501.975250 -194.428665            1.14          1.64   8.804090  1.474723  403.062164
145  275.669586   0.512539  337.040985  0.341638  1.214719       6.408571    498.958160 -283.456726            1.14          1.64  11.692730  0.677340  182.967072
146  267.031830   8.569803  333.557770  0.322753  1.124068       7.407545    402.365601 -196.714096            1.14          1.64   9.086702  2.086196  654.227051
147  274.125854   1.867613  333.088959  0.332624  1.444286       7.708204    432.486450 -259.071411            1.14          1.64  10.830269  2.140883  284.197754
148  258.355804   9.595291  338.468536  0.317988  1.415981       6.372873    617.996643 -277.440613            1.14          1.64   8.049355  1.096627  524.369202
149  276.666351  -2.848152  342.180542  0.287133  1.359580       8.021852    403.521088 -297.372894            1.14          1.64  10.508913  0.487601  142.470383
150  274.801422   2.950665  333.878876  0.284074  1.349034       6.625860    510.801300 -259.566711            1.14          1.64  10.397895  0.684338  110.369316
151  271.707581  10.737574  326.025085  0.282687  1.238782       8.829054    391.547363 -291.699585            1.14          1.64   9.975019  0.861047  267.364563
152  265.074982   0.144400  341.636444  0.339179  1.626514       8.856347    361.073944 -262.008026            1.14          1.64   8.535772  2.004311  589.359558
153  264.533997  -2.584081  339.208771  0.340386  2.033368       9.439830    376.059448 -287.221252            1.14          1.64   8.912887  0.746207  565.427002
154  266.975922   2.568676  344.365265  0.284849  1.029248       7.321244    408.788269 -286.102356            1.14          1.64   9.978678  1.746231  620.831909
155  279.851685   0.490369  333.111206  0.321362  1.072575       9.026038    238.026215 -236.260239            1.14          1.64  11.673075  2.875451  472.639862
156  274.554749  -4.611659  349.796478  0.292497  1.125066       6.583177    534.597595 -225.973419            1.14          1.64  10.644973  2.788560  286.691681
157  273.013916  -1.154514  336.716187  0.329152  1.604159       9.905400    207.791229 -258.030396            1.14          1.64   9.852681  1.718066  561.551392
158  265.953430   2.901571  341.834778  0.297165  1.381472       8.100585    396.255859 -244.768967            1.14          1.64   9.188416  0.820336  665.805908
159  267.398804  12.017157  331.336456  0.331993  1.070254       8.139759    336.676147 -231.748672            1.14          1.64   8.622562  2.883979  638.263000
160  263.557861   5.082319  333.154907  0.319286  1.844810       9.001147    408.106506 -241.065292            1.14          1.64   8.327453  1.342705  548.410950
161  271.861481   7.480457  330.007324  0.310788  1.216607       8.772569    300.021912 -229.303879            1.14          1.64  10.146500  2.033183  570.101135
162  272.947144   0.364056  342.760162  0.287404  1.172223       6.605289    453.691833 -254.087936            1.14          1.64   9.963279  1.086700  428.023834
163  258.585541  -0.090949  343.591644  0.320368  1.758394       7.871636    478.376465 -205.336044            1.14          1.64   7.112298  1.747397  695.737488
164  268.300873   1.045440  338.619934  0.302017  1.682800       7.442933    453.635071 -261.421478            1.14          1.64   9.368557  1.328528  352.389832
165  269.881500  13.845365  323.127411  0.329541  1.456074       6.133026    593.570923 -268.980347            1.14          1.64   9.095483  2.553509  351.877411
166  267.552155   3.715414  342.483032  0.242307  1.149076       9.527248    344.330963 -292.367584            1.14          1.64   8.701894  0.816442  547.925049
167  268.848358   5.707983  328.879028  0.318768  1.743324      10.718871    215.560638 -262.836975            1.14          1.64   9.552689  0.991122  628.945801
168  270.136841   2.679148  331.376343  0.340250  1.763968       8.236638    362.798798 -247.834564            1.14          1.64   9.778079  1.007072  599.350525
169  260.571747  -1.942272  339.631104  0.336945  2.312260       7.449465    486.303711 -284.396851            1.14          1.64   8.328322  1.226452  631.243286
170  263.753113   2.167725  341.307861  0.319241  1.350541       8.447245    427.710999 -192.568069            1.14          1.64   8.259238  1.612595  551.778931
171  269.672333   0.467981  336.730804  0.328146  1.550238       9.080251    355.871368 -249.668365            1.14          1.64   9.555763  0.306253  660.282776
172  260.551208   9.440473  335.121216  0.292160  1.800111       7.767777    548.838562 -287.736237            1.14          1.64   7.936087  2.278216  393.644073
173  270.471588   7.783862  331.824402  0.298719  1.235230       8.916883    341.444031 -298.632599            1.14          1.64  10.239255  1.029111  571.264648
174  267.819214   8.682139  334.656036  0.300915  1.126891       6.524618    563.026550 -276.389801            1.14          1.64   8.578613  1.769085  323.726318
175  277.898102  -0.259848  337.088806  0.307191  1.160519       9.171461    268.524231 -241.351013            1.14          1.64  10.543158  0.933579  551.644409
176  273.700623   5.995128  333.815002  0.321479  1.034646       9.259543    222.409683 -265.952209            1.14          1.64  10.616368  1.738969  604.118896
177  264.507721  -1.731703  349.956024  0.297567  1.139175       6.823575    541.900757 -265.380890            1.14          1.64   7.937383  0.574820  271.895081
178  260.104980  -1.569258  338.023163  0.338902  2.413175       8.696583    465.226654 -280.623871            1.14          1.64   8.137690  1.405473  438.399567
179  278.614227  -5.723540  346.314026  0.310452  1.307476       8.952518    333.287201 -271.950775            1.14          1.64  11.459480  2.365977  302.714844
180  266.815643   3.987374  341.218201  0.311560  1.218061       8.157096    314.515106 -257.735229            1.14          1.64   9.630109  2.834312  623.916260
181  271.456207   5.308268  332.432892  0.338332  1.592129       6.883206    448.258301 -282.207062            1.14          1.64   8.992809  0.207964  614.093262
182  268.903717   1.445885  338.527954  0.335441  1.571273       8.228589    344.422180 -268.091644            1.14          1.64   9.909990  1.649857  596.110779
183  265.778442   2.359829  334.572052  0.311197  1.980672       7.751338    458.656097 -291.748260            1.14          1.64   9.095154  1.158950  363.824463
184  270.276306   5.970500  335.020752  0.315447  1.204111       6.170992    539.267090 -224.793579            1.14          1.64   8.758821  1.359817  299.787292
185  260.367554   9.070515  335.916046  0.342138  1.428632       8.264497    446.882904 -232.525803            1.14          1.64   8.483138  1.994140  676.705444
186  276.276733  -0.783097  338.759155  0.297628  1.248731       9.891692    254.514374 -289.103333            1.14          1.64  10.739706  2.628361  421.817413
187  269.591675   5.662716  336.137848  0.339141  1.104058       9.770479    230.073196 -238.057190            1.14          1.64   9.601857  1.147972  659.065796
188  271.676483   4.438076  335.739380  0.317748  1.089935       7.410575    440.668274 -241.295181            1.14          1.64   9.929865  1.836309  401.440216
189  269.694183   0.203099  334.249329  0.347594  1.821203       8.013876    415.386383 -253.470795            1.14          1.64   9.631923  1.833103  408.934082
190  275.242706   1.929142  334.994019  0.270747  1.315354       8.861288    361.271240 -299.064514            1.14          1.64  10.452964  0.967059  184.108978
191  270.100739   5.181544  336.099274  0.300394  1.184036       9.101418    292.960510 -262.375244            1.14          1.64  10.033472  2.329428  559.915466
192  259.042908   5.625295  337.430573  0.276090  2.169525       9.191559    468.429016 -274.227478            1.14          1.64   7.795511  0.732104  451.789795
193  272.346588  -0.379869  339.791595  0.306187  1.572031       7.398201    479.132324 -274.922546            1.14          1.64   9.286796  0.679013  129.552170
194  267.898529   4.029733  339.370300  0.291737  1.100642       7.412321    458.490784 -238.440750            1.14          1.64   9.538862  0.913652  369.686493
195  272.806580   0.538854  342.337555  0.335090  1.086093       6.384593    472.048126 -245.690781            1.14          1.64  10.375362  2.990107  487.812286
196  274.046936   1.411839  332.525635  0.340063  1.385995       7.638732    408.375580 -262.880280            1.14          1.64  10.263189  1.067331  338.353638
197  263.529724   4.230862  341.364380  0.348110  1.030214       6.578442    536.496887 -182.013687            1.14          1.64   8.381817  0.886260  488.229431
198  263.582764   4.177408  343.782166  0.294770  1.083230       6.667528    515.107727 -258.436981            1.14          1.64   8.739794  2.967418  563.899292
199  261.543304   8.238659  341.479980  0.257895  1.063810       7.030719    511.483276 -243.723160            1.14          1.64   8.597637  1.242501  662.588257
200  267.997772   6.502454  328.479340  0.337184  1.861130       7.555742    448.583679 -276.548462            1.14          1.64   8.602991  0.439294  399.807434
201  280.122009  -0.917073  336.688629  0.320771  1.203121       8.083611    340.702026 -236.461624            1.14          1.64  11.329961  2.476825  446.829620
202  285.345551  -5.543180  337.061249  0.344216  1.188723       7.269400    464.245575 -229.193939            1.14          1.64  11.475974  2.905806  226.759644
203  270.739075   3.711802  338.866302  0.303340  1.169623       6.813231    453.797119 -262.672211            1.14          1.64   9.827071  0.632896  481.287720
204  265.283325  13.558322  327.314758  0.339619  1.499338       6.094740    613.110168 -274.965759            1.14          1.64   8.856781  2.297513  399.009613
205  265.898621   4.219232  338.271271  0.265259  1.545583       8.358277    432.834961 -284.462708            1.14          1.64   8.861178  0.587105  309.277649
206  258.625458   6.776506  339.966217  0.313189  1.589907       7.119547    541.748596 -285.491699            1.14          1.64   8.158918  2.400311  657.917236
207  268.418488   3.189842  337.907867  0.342375  1.151143       6.398844    480.945099 -188.301361            1.14          1.64   9.463314  1.092783  622.100769
208  266.991180  -2.792514  345.086792  0.349061  1.428165       6.727643    481.100983 -199.804764            1.14          1.64   9.276873  0.964367  568.638306
209  261.633026  -1.501831  346.317474  0.308301  1.604214       7.479795    522.317078 -236.736069            1.14          1.64   8.461455  1.201548  406.291229
210  264.711304  13.483604  331.544159  0.268616  1.259490       8.482704    463.278961 -284.814453            1.14          1.64   8.966504  0.866467  458.742096
211  257.787323   9.114130  340.173645  0.303637  1.317024       7.069960    583.111816 -241.486282            1.14          1.64   7.434134  1.474683  614.736023
212  261.438965   6.064353  343.165619  0.265637  1.030993       9.968170    205.773880 -264.954071            1.14          1.64   8.227445  2.561869  664.176392
213  264.962219   6.350629  336.712708  0.314491  1.515868       7.011582    498.702209 -256.170868            1.14          1.64   8.637436  0.341885  488.945404
214  261.583771   1.963258  331.696472  0.321991  2.535966      10.426392    336.100891 -266.748138            1.14          1.64   8.244540  1.090196  565.270874
215  283.958191  -3.242860  341.965698  0.302345  1.082928       8.293532    303.705505 -287.772369            1.14          1.64  12.749167  1.519296  484.927246
216  272.796509   1.644543  339.439941  0.292337  1.213230       7.882910    392.946930 -275.102081            1.14          1.64  10.091421  1.756123  445.842804
217  267.604248  10.544349  332.395050  0.284847  1.172963       8.285822    385.251740 -280.899078            1.14          1.64   9.206087  1.302278  615.362427
218  266.555634  -1.126885  343.814758  0.308899  1.472901       7.593272    462.845764 -270.898804            1.14          1.64   8.812166  2.065156  419.476227
219  269.314880  -0.178438  342.987183  0.332606  1.145204       7.409143    406.413361 -217.183182            1.14          1.64   9.646606  1.271319  628.989441
220  276.574188  -2.141361  339.111298  0.321952  1.360382       8.013763    382.772125 -253.654312            1.14          1.64  10.442020  1.700149  340.585236
221  270.467346   3.219810  334.411957  0.312234  1.433423       9.257270    282.710602 -235.927307            1.14          1.64   8.835082  1.588861  592.569641
222  274.370941   0.869097  339.674622  0.321768  1.238180       7.179806    410.239716 -255.404495            1.14          1.64   9.356947  2.021547  493.356903
223  269.900635  -4.030091  341.974121  0.309591  1.901207       8.344215    409.807770 -281.420135            1.14          1.64   9.128921  2.334667  322.049744
224  271.374115   3.587468  339.014801  0.346631  1.057283       6.938623    376.678925 -190.235870            1.14          1.64   9.165700  1.439938  686.607788
225  276.080139  -0.729867  338.337646  0.307106  1.431444       8.714497    302.092407 -291.947174            1.14          1.64  11.055199  2.643089  473.118378
226  254.087601   9.564660  343.014587  0.280014  1.423238       6.327254    669.158386 -295.693451            1.14          1.64   6.743344  1.161048  684.498657
227  278.851837   0.997778  334.092346  0.302701  1.114062       7.213564    448.026306 -256.824554            1.14          1.64  10.400149  2.787556  274.643372
228  266.484619   6.297887  337.171600  0.314725  1.169194       8.074661    444.076477 -259.802521            1.14          1.64   9.395142  1.977726  501.425812
229  260.174500   2.827039  339.750641  0.347053  1.751141       6.630765    583.429504 -264.068268            1.14          1.64   8.926692  1.264053  432.167084
230  265.763367   0.397439  339.156464  0.302928  1.791804       9.019854    396.788544 -268.105591            1.14          1.64   9.089278  0.690088  488.955536
231  283.235809  -1.938928  335.384003  0.296857  1.170078       9.785702    247.999863 -283.086914            1.14          1.64  13.612035  0.534535  512.301514
232  272.414459   0.009115  339.886719  0.312652  1.227935       8.045381    374.095886 -218.379074            1.14          1.64   9.623260  1.603570  529.254639
233  268.397949   9.133378  334.573730  0.326922  1.037205       6.480633    499.282501 -247.180115            1.14          1.64   8.839684  0.927074  479.713043
234  264.660095   9.344847  335.799286  0.330978  1.096495       6.008003    595.552490 -250.266602            1.14          1.64   8.630774  1.776598  417.105469
235  268.359467   7.918985  325.869141  0.340925  1.726795       7.604189    466.015991 -249.644485            1.14          1.64   9.001895  1.062687  338.302765
236  270.811462  -1.667770  343.789978  0.332847  1.241760       7.038706    450.918152 -177.892380            1.14          1.64   8.956463  0.906786  517.234802
237  266.844788   8.050823  330.419739  0.321309  1.593182       7.137874    488.518463 -246.612198            1.14          1.64   8.899370  0.847867  429.022736
238  269.837463   0.845375  336.753693  0.338912  1.518393       6.424788    510.225250 -221.308823            1.14          1.64   8.651758  2.561976  380.993713
239  267.447418   2.688763  338.444702  0.307511  1.459777      10.216543    224.447983 -243.769714            1.14          1.64   9.326107  1.211624  659.706787
240  273.255707   6.415703  333.062592  0.293017  1.007099       6.356511    463.550140 -209.129303            1.14          1.64   9.940848  0.899704  394.925232
241  272.032684   0.072903  341.798004  0.282964  1.253650       6.443968    572.589478 -235.090591            1.14          1.64   9.573113  1.518435  211.795853
242  271.409180   7.657580  329.307190  0.339955  1.291430       6.267582    508.023071 -237.070221            1.14          1.64   9.502215  1.139326  348.276855
243  271.678040   1.965093  337.135834  0.331797  1.139395       6.682264    515.059082 -205.153122            1.14          1.64   9.530778  2.707328  341.290802
244  270.415771   7.690620  331.684418  0.276013  1.252868       9.432546    289.302490 -265.818146            1.14          1.64  10.016843  1.318265  578.651306
245  266.980438  11.108749  327.476624  0.338737  1.572107       8.530293    378.869934 -275.419830            1.14          1.64   9.558892  1.035409  663.617737
246  280.164307  -2.988874  340.807190  0.298943  1.196931       8.222714    366.503448 -250.649811            1.14          1.64  10.646983  1.302736  244.216995
247  282.840118  -3.042562  342.175140  0.322961  1.010713       8.632611    283.026001 -255.642822            1.14          1.64  12.542089  0.790873  578.196350
248  280.195435  -1.188407  335.495728  0.349211  1.190433       7.234628    394.047363 -268.045898            1.14          1.64  11.879292  2.302068  366.391876
249  272.698883   2.335427  333.705048  0.342332  1.426862       7.406999    423.104370 -241.968430            1.14          1.64   9.149897  1.722619  429.865967
250  271.930237   1.132420  336.569855  0.321035  1.427397       8.410307    400.852448 -251.633133            1.14          1.64   9.584152  2.958328  317.771790
251  265.243256   1.588093  340.175049  0.307110  1.640809       7.568496    485.831726 -270.550201            1.14          1.64   8.827902  2.585124  396.570068
252  272.110474   1.234636  340.192688  0.245410  1.325821       9.782842    302.620422 -288.886749            1.14          1.64   9.860115  1.172144  463.663116
253  272.685150   3.023077  337.527069  0.334368  1.047052       6.275237    471.403931 -237.636566            1.14          1.64  10.354812  0.699347  473.026581
254  252.677231   0.254428  342.727173  0.348569  2.095152       6.600272    662.898254 -207.788910            1.14          1.64   7.154345  1.472475  600.750244
255  266.872284   6.806742  332.953552  0.317327  1.503957       7.982859    438.789459 -261.162537            1.14          1.64   8.450837  0.369479  603.236755
256  262.808014   4.219625  340.621033  0.275019  1.602931       6.281785    690.096191 -297.339874            1.14          1.64   7.969671  0.807709  138.936401
257  262.780304   3.581512  338.281372  0.345965  1.635769       6.404888    529.889465 -241.576660            1.14          1.64   8.935131  0.915411  674.597839
258  261.991058  -0.788335  337.679962  0.323906  2.376885       6.623472    583.037048 -260.444702            1.14          1.64   7.589608  1.544409  325.654449
259  267.034851   6.370257  336.408752  0.341902  1.139484       6.123934    487.894196 -203.911606            1.14          1.64   8.866273  2.008353  642.181274
260  257.807220   4.671019  344.856232  0.302169  1.385553       6.232726    601.127563 -286.516022            1.14          1.64   7.533673  1.868423  640.688538
261  263.298920  13.179100  329.301270  0.339952  1.807678       7.194507    566.545410 -273.191895            1.14          1.64   8.102242  2.190784  409.604187
262  276.065002  -1.501539  342.951843  0.297516  1.148628       9.488746    218.097534 -243.444229            1.14          1.64  10.444121  1.731181  544.868774
263  270.439087  -2.699534  343.225067  0.313919  1.551979       8.190884    404.449585 -263.023102            1.14          1.64   9.093615  1.703644  430.986298
264  265.042816   0.880637  344.006805  0.329362  1.295115       6.835686    505.360809 -218.603043            1.14          1.64   8.797007  0.518515  606.491089
265  266.782990  -2.441058  349.297180  0.316586  1.105883       6.183717    536.522095 -235.925781            1.14          1.64   9.481606  0.426809  313.845764
266  278.893768  -4.613823  337.722809  0.337148  1.450447       8.694075    338.928131 -286.579254            1.14          1.64  12.421334  0.545045  406.496307
267  269.765747   2.721526  334.896881  0.349836  1.545600       7.387795    451.308197 -250.239655            1.14          1.64   9.750464  0.810571  357.105621
268  271.863770   1.375659  336.429993  0.309108  1.570936       7.946984    413.147919 -266.128082            1.14          1.64   9.533559  1.797474  342.018097
269  273.521729   2.027431  337.908752  0.322911  1.197133       6.888521    433.910553 -252.261383            1.14          1.64   9.990714  2.173057  403.540405
270  263.050079  -2.945476  344.595764  0.334533  1.654536       7.504485    467.237671 -196.253799            1.14          1.64   7.953619  2.373855  605.354004
271  264.879059  12.695072  330.691437  0.301774  1.368904       7.998908    462.179596 -293.070770            1.14          1.64   8.449996  1.466512  584.148987
272  262.789948   1.963816  347.550323  0.240689  1.113102       7.278945    469.375977 -291.613098            1.14          1.64   8.356613  2.041776  612.490845
273  256.281769   4.133037  343.706390  0.322898  1.302054       6.715361    638.463562 -176.871384            1.14          1.64   7.108610  1.447246  469.891876
274  280.245667  -0.742335  333.642853  0.315585  1.195857       7.063516    533.358215 -228.589569            1.14          1.64  11.636141  2.924140  208.263626
275  275.889709  -0.339639  335.192932  0.331330  1.407726       7.422523    400.846527 -243.749527            1.14          1.64  10.217169  1.635214  423.796051
276  279.646606  -1.726653  342.314911  0.280097  1.071913       7.057673    431.082336 -282.568115            1.14          1.64  11.109063  0.495487  129.431259
277  268.061554   2.830788  338.509918  0.347486  1.287945       8.331216    233.155945 -199.583054            1.14          1.64   8.897297  2.250286  689.086304
278  280.457458  -6.718013  346.416901  0.346382  1.215944       8.408826    377.003723 -228.596603            1.14          1.64  11.226166  1.120738  206.675720
279  269.158905   6.676196  332.244293  0.264880  1.634869       9.728486    338.084473 -289.342834            1.14          1.64   9.236414  1.091034  436.853790
280  275.067047  -1.378646  342.448425  0.330983  1.100216       7.259608    419.908051 -260.767975            1.14          1.64  11.220434  1.822067  438.773926
281  259.046967   6.157657  342.928467  0.258808  1.113996       8.867133    414.859283 -246.346985            1.14          1.64   7.982488  1.484749  697.611816
282  266.851685   0.386780  337.775024  0.328086  1.793545       8.574442    393.528687 -286.091431            1.14          1.64   9.429489  2.678079  498.352386
283  266.906677  -2.034602  337.986084  0.319891  1.922068       8.808221    397.069519 -239.644302            1.14          1.64   7.688997  2.586876  428.300873
284  260.510834   2.895630  341.441803  0.314105  1.572428       6.196366    660.217346 -215.435623            1.14          1.64   8.059038  2.612198  422.144653
285  268.157410   5.609666  338.548096  0.255248  1.106036       6.694424    556.740234 -260.250427            1.14          1.64   9.572347  1.061108  223.421707
286  267.683624  -4.301457  352.198730  0.288607  1.152447       6.709447    498.217072 -268.582703            1.14          1.64   9.930513  1.881531  391.795135
287  271.719421   2.381467  338.968079  0.319107  1.111249       7.981445    340.753571 -236.773529            1.14          1.64   9.919866  1.519507  619.458862
288  274.417877   4.004945  330.523163  0.347094  1.248548       6.935799    425.077759 -205.066696            1.14          1.64  10.010656  2.414870  496.400391
289  272.099976   5.378869  333.768433  0.309575  1.318970       7.897949    405.260498 -260.718719            1.14          1.64   8.974522  2.417308  430.480347
290  263.900269   3.723505  336.816193  0.317514  1.676816       6.519826    598.633118 -262.370178            1.14          1.64   8.926003  2.557148  379.906525
291  263.348083  13.350329  334.076080  0.293112  1.028681       6.857674    537.993774 -282.353607            1.14          1.64   8.426859  1.579630  544.433655
292  275.957001  -4.016448  340.385651  0.296349  1.581009       9.364292    320.909363 -266.570374            1.14          1.64  10.209081  2.119354  303.586700
293  257.156372   4.725909  343.519684  0.295035  1.410820       7.257502    578.768799 -235.317261            1.14          1.64   7.594558  1.550345  529.109070
294  263.088562   1.848968  346.374390  0.254153  1.226568       7.844934    446.878296 -270.723969            1.14          1.64   8.570975  1.528100  594.523010
295  276.045685  -2.072623  342.211426  0.262030  1.425505       9.461565    320.282104 -258.953217            1.14          1.64   9.405560  1.527565  233.672607
296  255.610931  -0.407128  347.161835  0.287986  1.965320       7.274684    606.765320 -258.622955            1.14          1.64   7.184091  1.866177  477.573700
297  263.146820  -1.257324  341.606232  0.310838  1.994401       6.397424    590.131531 -231.659424            1.14          1.64   7.691154  0.571609  207.548340
298  272.113251  -3.691997  351.889984  0.252110  1.038221       7.087515    538.482605 -260.436798            1.14          1.64   9.695374  1.953325  222.322418
299  272.108124   3.259423  337.781281  0.349588  1.017588       6.613492    468.225494 -197.904099            1.14          1.64  10.020581  0.223038  363.052826
300  264.073578   6.693202  338.593414  0.298268  1.159160       7.495553    450.435638 -220.081299            1.14          1.64   8.269382  1.848847  644.874817
301  269.238342  -0.427609  339.610352  0.343308  1.532699       6.123546    660.364990 -247.094467            1.14          1.64   9.222093  2.791893  286.111023
302  270.450104   2.357841  341.350616  0.292609  1.245663       7.416487    424.521454 -276.245667            1.14          1.64   9.461119  0.498421  545.432495
303  266.287964   2.039545  344.737732  0.335007  1.087893       7.219258    473.890411 -246.379288            1.14          1.64   8.981250  0.461003  595.087036
304  268.009277   3.052685  341.297943  0.327213  1.349904       6.063478    514.034180 -272.909302            1.14          1.64   8.991079  1.400283  514.614990
305  274.093506   1.656049  337.240082  0.274369  1.219742       7.275568    538.288086 -271.897491            1.14          1.64  10.196686  2.869647  235.056625
306  268.183990   1.691912  338.208557  0.336682  1.354447       7.266647    461.648407 -175.857529            1.14          1.64   8.716914  1.324561  462.295288
307  279.544403  -0.669402  337.929047  0.315205  1.091676       8.529265    324.865082 -234.296310            1.14          1.64  11.006940  0.795727  447.768127
308  272.361053   3.686095  339.018860  0.314493  1.101379       7.099276    411.203491 -293.221008            1.14          1.64  10.225103  0.881565  619.120361
309  274.137726  -4.790826  345.305603  0.321787  1.347745       8.706638    362.319977 -193.948166            1.14          1.64  10.313023  2.164683  430.189270
310  265.729004  -4.054992  345.460876  0.299460  1.770411       8.719023    415.476776 -232.540909            1.14          1.64   8.121600  0.931447  408.480408
311  259.949707   8.950347  335.091431  0.330111  1.644024       8.373080    426.765686 -199.431320            1.14          1.64   7.863701  2.933214  647.262939
312  265.154572   2.137755  343.948059  0.312532  1.167906       8.722909    351.607727 -252.833725            1.14          1.64   9.088154  2.598989  588.454712
313  271.972046   6.265461  332.763092  0.339983  1.136349       6.132048    517.990234 -214.728683            1.14          1.64   9.780581  1.491490  318.698822
314  266.667572   1.951424  341.298096  0.331768  1.292677       7.520294    410.845032 -231.139526            1.14          1.64   8.550985  1.778003  640.413025
315  276.150116  -4.951507  345.939026  0.274946  1.447739      10.300605    238.514252 -287.548645            1.14          1.64  10.562491  1.122044  489.927246
316  257.181519   7.014312  338.473602  0.336828  1.862585       6.284100    634.622681 -287.730469            1.14          1.64   7.644169  2.624691  551.118225
317  265.030731   1.468131  344.707001  0.309202  1.183322       6.193393    522.916138 -254.444839            1.14          1.64   8.917006  2.893238  566.175110
318  256.786865   6.464920  339.796539  0.319735  1.894652       7.475676    565.005493 -294.276154            1.14          1.64   6.946455  1.887661  648.132324
319  263.306641   6.032406  335.925476  0.318780  1.785544       6.175522    649.331787 -227.068558            1.14          1.64   7.619314  2.055749  349.669952
320  270.451508  -1.775448  345.713379  0.289043  1.279119       8.125912    403.070984 -251.620041            1.14          1.64   9.730097  2.834545  464.254974
321  266.491547   7.162598  333.248230  0.318244  1.573882       6.993404    543.515808 -257.585114            1.14          1.64   8.193228  1.471126  302.452911
322  273.837708   5.889169  331.073944  0.339405  1.231746       7.425428    403.361816 -241.786713            1.14          1.64  10.048277  1.603321  515.738281
323  270.335632   0.860034  338.976715  0.335596  1.470786       6.484266    464.047699 -259.323090            1.14          1.64  10.120620  0.264285  599.556091
324  264.257233   0.505717  345.478973  0.298312  1.336421       8.402523    398.644836 -259.535797            1.14          1.64   8.643851  1.319746  639.311218
325  268.107727  -0.152772  340.814209  0.333290  1.363131       9.232468    229.188583 -201.852509            1.14          1.64   9.329540  2.434860  613.350525
326  273.342621  -6.273872  341.319611  0.330722  1.876576       8.411313    373.075073 -299.685669            1.14          1.64  10.055433  1.289981  372.229675
327  273.202484   4.401888  336.905334  0.284477  1.039561       8.894373    283.468323 -281.632019            1.14          1.64  10.659828  1.330746  584.894287
328  271.579315  -4.038730  344.036377  0.315610  1.565654       8.202481    381.929077 -271.310425            1.14          1.64   9.880970  1.716646  491.857819
329  266.496765  14.055374  329.674133  0.311387  1.349552       7.226505    474.026184 -292.380524            1.14          1.64   9.052776  1.859087  603.942383
330  274.402008   1.888743  332.412384  0.334483  1.507162       7.832883    375.650665 -291.823975            1.14          1.64  10.479733  1.948781  500.203278
331  266.866669  -3.259918  347.765045  0.284352  1.394692       8.004730    456.412933 -291.218201            1.14          1.64   9.300735  2.176664  353.239868
332  257.473694  11.116772  337.460327  0.308204  1.701139       6.781483    619.092407 -275.162781            1.14          1.64   7.286781  2.186616  542.577759
333  277.653931  -2.562037  338.428650  0.316947  1.417089       8.343763    376.543610 -269.144196            1.14          1.64  10.689440  1.879319  246.969284
334  266.973724  11.038267  332.896057  0.341108  1.037184       7.834024    373.535431 -238.788010            1.14          1.64   9.180869  2.834688  641.344666
335  260.846527   7.117668  334.413361  0.325082  1.829385       9.592910    287.866974 -212.386185            1.14          1.64   7.929463  2.499813  660.817749
336  265.287476   2.377069  341.944580  0.295138  1.337540       7.782971    462.045898 -275.514679            1.14          1.64   9.462956  2.022341  449.961700
337  255.662079  11.031672  340.308685  0.287193  1.404066       6.125377    683.250854 -293.186523            1.14          1.64   7.499975  0.509444  402.369843
338  264.413177   3.847806  338.205383  0.332359  1.468492       6.589507    500.946747 -240.668274            1.14          1.64   8.416467  2.200317  617.703796
339  255.737198  -4.969007  346.470917  0.305822  2.248903       8.806239    521.894653 -268.688751            1.14          1.64   7.468854  1.817463  505.810760
340  275.181671   0.031261  335.293243  0.347897  1.339781       7.662749    393.090851 -295.411926            1.14          1.64  11.538226  0.642721  506.412262
341  257.986145   6.772662  343.809143  0.272946  1.275112       8.194191    449.532562 -284.536316            1.14          1.64   8.306684  2.839726  690.851624
342  269.046204   4.427579  332.428619  0.332448  1.655906       7.422037    441.223755 -252.335602            1.14          1.64   9.366599  2.025873  474.549011
343  267.452881  -3.409291  347.172394  0.258377  1.570953       8.744125    396.615692 -295.455902            1.14          1.64   9.178512  2.864795  413.903809
344  264.494659   6.770844  337.446655  0.334272  1.162689       6.189482    550.103577 -200.731583            1.14          1.64   8.795012  2.672637  466.914734
345  284.645935  -2.271978  331.294434  0.342735  1.079112       8.032815    347.629303 -231.854401            1.14          1.64  11.637473  1.710560  315.152222
346  266.717743   6.833694  333.953003  0.327217  1.370300       8.536550    410.805969 -260.618805            1.14          1.64   8.919608  0.991175  575.113464
347  268.177612   5.834612  336.900665  0.303652  1.194229       7.537904    448.973846 -221.852768            1.14          1.64   8.344865  0.499491  551.542480
348  276.828125  -1.990045  340.350067  0.319631  1.266660       8.667293    313.827423 -269.419250            1.14          1.64  11.252146  1.350679  509.862305
349  257.993805   6.276348  340.101746  0.344701  1.764495       6.460716    600.433472 -292.656525            1.14          1.64   7.847825  1.542624  665.591797
350  257.424255   2.979505  346.444214  0.301402  1.110663       6.607949    598.717468 -230.905655            1.14          1.64   7.746423  1.921975  586.872437
351  262.615234  -1.143286  338.534393  0.346664  2.054488       7.448380    470.816803 -253.599152            1.14          1.64   8.484915  1.897993  595.042664
352  263.228973  10.692094  333.620667  0.276492  1.686087       8.053255    485.456879 -277.538513            1.14          1.64   7.738172  2.321030  430.769623
353  268.724304   0.087586  340.703308  0.326228  1.358276       7.012558    490.317383 -210.287109            1.14          1.64   8.526535  2.343419  381.574371
354  262.051117   0.110069  348.710419  0.292817  1.128464       8.524026    382.643127 -218.098679            1.14          1.64   8.220044  2.362257  633.962769
355  276.263458   3.705285  329.130981  0.337474  1.155645       6.416629    569.869690 -242.981750            1.14          1.64  11.341356  1.781620  206.998322
356  260.360687   7.526078  338.466064  0.293136  1.389651       8.327858    483.952423 -187.807312            1.14          1.64   7.541913  1.810009  567.889893
357  258.450439   8.980707  341.014801  0.312737  1.191673       6.192300    591.297546 -267.825409            1.14          1.64   7.766834  2.975930  686.706909
358  281.245087  -6.058650  347.016327  0.338405  1.129643       7.107962    390.197327 -172.505676            1.14          1.64  10.270569  2.379249  465.591400
359  275.305878  -8.593225  344.351196  0.334444  1.780976       8.031694    451.546051 -245.734192            1.14          1.64  10.140807  0.967431  123.494576
360  274.945953  -1.046013  342.419525  0.300742  1.170987       6.931223    474.285126 -226.534439            1.14          1.64  10.403603  1.838715  287.029053
361  273.115967   6.214091  328.125305  0.334106  1.328664       8.538364    312.920319 -278.483185            1.14          1.64  10.410678  1.533633  576.065430
362  273.740967  -1.281657  341.287506  0.325887  1.162307       8.194323    317.395569 -207.044388            1.14          1.64  10.210609  1.583470  589.482361
363  273.179565   5.879610  333.425659  0.288890  1.119418       6.952897    435.732941 -258.335907            1.14          1.64   9.675260  0.221829  367.572998
364  271.436279   2.101070  333.442841  0.304697  1.644347       8.925527    347.295532 -265.655365            1.14          1.64   9.411716  2.542706  447.587799
365  278.654877  -0.134256  331.854492  0.328056  1.377889       7.374954    436.077332 -268.689148            1.14          1.64  11.488354  2.732386  270.087616
366  267.951294   1.771428  339.458069  0.279218  1.474806       8.952201    365.873779 -257.469299            1.14          1.64   9.076145  1.965224  484.914062
367  270.050354   0.715847  342.143585  0.342275  1.196391       8.496016    332.033661 -230.440796            1.14          1.64   9.410592  2.537278  543.638794
368  264.217896  -2.661579  346.642181  0.305254  1.546562       7.676004    472.085388 -206.662170            1.14          1.64   7.920382  1.153308  490.506104
369  260.531311  11.198486  334.494781  0.268523  1.525392       8.678903    474.204498 -284.782227            1.14          1.64   8.579972  1.590986  589.977234
370  264.145630   3.628238  339.558533  0.267231  1.588636       8.290490    497.068207 -251.588608            1.14          1.64   8.117791  1.316231  249.854095
371  267.752625   1.569752  338.159241  0.347659  1.317965       8.485675    347.713104 -164.543320            1.14          1.64   8.581092  1.811191  600.382019
372  276.055969  -4.145473  343.117493  0.339994  1.372452       7.317170    406.882874 -246.998840            1.14          1.64  10.901068  1.033661  412.924652
373  273.843079   4.073806  333.160675  0.314629  1.234744       8.216093    373.710663 -247.938965            1.14          1.64  10.218793  1.255770  477.900879
374  259.305725  10.714699  337.075897  0.270416  1.427522       8.135248    495.893616 -279.143188            1.14          1.64   8.344669  1.870917  642.786377
375  260.755127   6.939274  339.999542  0.294246  1.341356       7.698544    500.342407 -295.681671            1.14          1.64   8.173831  0.989799  661.297974
376  265.830536   9.339400  334.280426  0.318127  1.276300       6.370683    531.076721 -252.175552            1.14          1.64   9.713425  1.216949  415.799561
377  262.147705   4.697774  337.837555  0.300159  1.679905       8.862200    415.477905 -220.534378            1.14          1.64   6.998113  0.842370  667.565308
378  267.301056  -0.817680  344.827057  0.299327  1.370268       6.693188    474.154266 -283.793030            1.14          1.64   9.874510  2.181233  549.980042
379  258.513397  -2.231567  346.744720  0.327503  1.678517       6.253688    620.325500 -246.472916            1.14          1.64   7.637457  1.820721  488.139801
380  273.592041  -0.953389  334.702393  0.331161  1.589921       8.358965    409.192596 -235.783279            1.14          1.64   9.445712  1.713907  242.564285
381  276.823669   7.353942  326.398804  0.310918  1.166856       6.498502    469.356323 -267.554535            1.14          1.64  10.105310  0.960716  259.916107
382  270.428650  -6.336764  351.001709  0.302437  1.286452       9.934140    295.862793 -204.499466            1.14          1.64   8.409224  1.524051  516.543396
383  270.459442   5.063359  335.525116  0.283605  1.284670       7.163674    434.054718 -264.553192            1.14          1.64   9.587869  1.344410  526.211365
384  266.618591   2.428686  334.300934  0.323197  1.990497       6.935436    494.419800 -277.597046            1.14          1.64   8.880180  2.841410  398.301025
385  261.799866   1.721392  335.589233  0.344586  1.944631      10.814631    323.107819 -245.208649            1.14          1.64   7.563035  1.099931  578.118713
386  275.520508   2.706058  334.144043  0.318953  1.266474       6.243656    521.737000 -230.143204            1.14          1.64  10.151089  0.616333  104.235855
387  258.435272   5.387178  341.437347  0.341862  1.339202       6.226774    609.239319 -217.143875            1.14          1.64   8.041748  2.224200  599.457642
388  270.205261   2.036227  339.990295  0.284904  1.312132       7.221280    469.158875 -291.740326            1.14          1.64  10.003615  1.405237  306.383698
389  261.695679   5.001204  337.401886  0.319737  1.897173       9.106239    350.669830 -268.718170            1.14          1.64   8.377256  1.765326  660.105347
390  273.533264  -1.882935  340.246582  0.301103  1.461920      10.566805    210.426071 -253.498535            1.14          1.64  10.076311  0.840726  593.641113
391  263.422516   2.093768  341.841888  0.300543  1.434493       7.012613    509.056702 -269.627930            1.14          1.64   8.767485  2.613132  466.167816
392  277.464569   1.406093  337.830322  0.313127  1.049049       8.558569    221.277435 -226.249603            1.14          1.64  10.222624  1.500586  612.301270
393  266.186066   0.403582  341.942932  0.306337  1.588804       7.102912    530.378967 -271.370728            1.14          1.64   9.287256  0.722626  222.523071
394  260.842255   9.197429  339.866150  0.210991  1.202991       8.458857    486.615356 -279.618774            1.14          1.64   7.853212  0.340144  307.686157
395  273.041321  -7.760811  349.642700  0.321678  1.426095       9.050407    368.675293 -192.031586            1.14          1.64   9.347098  0.403619  228.830765
396  257.864929   8.985621  336.849640  0.342072  1.610799       7.341120    559.883118 -230.944183            1.14          1.64   7.727214  2.254588  668.110413
397  269.756256   3.260092  336.026215  0.322968  1.357660       6.514247    494.701965 -235.126312            1.14          1.64   9.308385  2.710871  393.593994
398  264.883881   6.666470  335.674774  0.325212  1.419876       8.883509    323.107544 -230.000031            1.14          1.64   8.189826  2.605674  623.007385
399  270.513123  -4.758219  348.744476  0.336899  1.138742       7.087916    465.082489 -188.705490            1.14          1.64   9.237283  0.403565  375.281189
400  273.930664  -2.901516  347.178680  0.314378  1.120484       7.422637    412.258423 -232.624146            1.14          1.64  10.018615  1.649518  439.190491
401  266.744568   3.021163  344.278137  0.271588  1.094207       7.518314    458.043823 -273.901520            1.14          1.64   9.175800  1.030226  398.105194
402  276.513397  -0.739961  341.963196  0.322991  1.056528       7.097636    419.674835 -235.269913            1.14          1.64  10.353559  1.197183  320.928040
403  260.724518   4.824757  342.238434  0.274892  1.412334       6.750737    564.499390 -266.436462            1.14          1.64   8.145640  2.457541  448.035187
404  273.117798   3.609356  332.403656  0.348997  1.357805       7.769290    377.422333 -227.747604            1.14          1.64   9.276388  2.549858  501.617310
405  265.324829  -3.505422  345.643341  0.349562  1.411149       8.832012    367.530762 -221.753708            1.14          1.64   8.821984  1.346038  627.333923
406  269.724304  -1.945889  348.097565  0.250331  1.243112       8.477109    385.711823 -265.996643            1.14          1.64   9.014761  0.986354  495.668243
407  263.828918   7.195715  338.677917  0.231362  1.259750      10.689143    319.219421 -248.151749            1.14          1.64   7.621260  0.778180  588.244995
408  275.609924   3.890155  331.116211  0.335245  1.177559       6.768340    430.885162 -222.622025            1.14          1.64  10.126367  1.633265  407.867950
409  258.397491   6.134289  339.900024  0.318850  1.760077       6.155956    641.048706 -245.736588            1.14          1.64   7.833393  1.142704  438.091705
410  259.653564   2.060577  343.510498  0.336792  1.509358       7.137225    530.882751 -255.018143            1.14          1.64   8.215291  1.419647  682.825134
411  271.768463   1.598877  339.782654  0.315011  1.057109       8.615981    335.988953 -187.756210            1.14          1.64   8.837608  2.183157  529.495789
412  278.440704  -8.064754  347.913727  0.301227  1.593376       7.131568    578.861389 -278.908508            1.14          1.64  11.219376  2.171309  151.867493
413  273.724762   2.261917  335.373566  0.325262  1.310224       6.746961    462.966705 -254.203934            1.14          1.64   9.514344  0.524885  252.337418
414  256.704376  11.439618  336.437744  0.279264  1.544680       8.956529    478.675995 -251.084442            1.14          1.64   6.942693  1.737856  693.463684
415  264.462738   4.389686  342.186005  0.271629  1.258520       8.060036    436.080719 -292.381195            1.14          1.64   8.972450  0.993884  628.536743
416  272.129822   1.423134  342.147675  0.260676  1.095642       9.017478    362.885315 -279.706757            1.14          1.64   9.965749  0.938653  275.817780
417  286.319885  -5.383503  335.447327  0.334326  1.271101       8.780347    303.332153 -297.524353            1.14          1.64  14.039117  0.319792  491.610382
418  262.096375   4.394097  342.586853  0.309137  1.228749       6.534655    546.491394 -230.790237            1.14          1.64   8.322046  2.162321  614.266724
419  271.429291   4.233407  338.423218  0.298336  1.084493       8.036566    307.313629 -246.887970            1.14          1.64   9.131953  2.446491  603.302002
420  281.292816  -5.245112  345.439117  0.322710  1.169572       7.798497    386.206482 -252.403503            1.14          1.64  12.429059  2.406764  292.430328
421  268.183044   7.720620  332.984985  0.342921  1.222874       6.707212    496.583221 -235.808365            1.14          1.64   9.677128  2.223141  547.083435
422  266.315613   8.499008  332.801697  0.284303  1.497675       8.530781    358.133972 -284.184570            1.14          1.64   8.900469  2.953570  571.292236
423  269.330994   9.250414  330.395660  0.279760  1.418025       7.942050    422.642517 -261.447083            1.14          1.64   9.101179  0.897953  512.953491
424  263.171448   6.653447  332.779541  0.315245  2.006062       8.138332    462.796600 -299.853729            1.14          1.64   7.667661  0.489277  401.958832
425  259.620483   9.816355  337.610474  0.292905  1.533422       8.034731    488.211517 -276.615967            1.14          1.64   7.656786  1.853519  678.068909
426  273.368317  -1.269438  336.538757  0.332976  1.565632       8.351583    385.634827 -203.383759            1.14          1.64   8.436585  0.432526  228.663254
427  274.955811   2.038320  336.973022  0.306285  1.087823       7.434244    389.223022 -235.014557            1.14          1.64  10.359067  1.592817  522.099060
428  268.715179   7.108513  333.729553  0.339390  1.207414       8.444350    339.218781 -239.532578            1.14          1.64   9.786341  1.410383  645.122009
429  265.283112   8.444038  332.295166  0.329517  1.427180       6.731376    529.645508 -208.468277            1.14          1.64   8.547324  1.675902  413.557709
430  266.378387   9.012437  334.206726  0.302551  1.212002       8.456142    335.112091 -267.060974            1.14          1.64   9.460201  1.663833  662.477600
431  265.666595   5.165396  335.977417  0.298581  1.517668       9.168758    347.012360 -274.812317            1.14          1.64   8.838425  2.292683  562.723816
432  267.731323   6.470989  335.056671  0.300531  1.402928       6.003181    612.259583 -265.886444            1.14          1.64   8.884611  2.364854  323.310333
433  271.032593   3.845386  331.354675  0.322915  1.611801       8.157089    419.674957 -255.674179            1.14          1.64   8.922380  2.731007  336.822632
434  261.687714   4.336790  331.167542  0.337198  2.533880       9.967754    319.606842 -295.619415            1.14          1.64   8.113746  2.278258  579.510803
435  254.033234   8.224573  337.646759  0.331140  1.791783       6.493411    683.703491 -207.730560            1.14          1.64   6.885089  2.475217  573.962036
436  277.809570  -2.900936  340.330200  0.296274  1.500211       8.214938    382.489655 -278.932831            1.14          1.64  10.675706  0.841289  193.980850
437  256.553741   2.743236  343.779297  0.325386  1.530633       6.018025    663.690613 -228.270020            1.14          1.64   8.046153  0.962149  459.196442
438  274.330841   8.848434  328.004333  0.275793  1.069679       8.519006    355.874786 -253.101959            1.14          1.64   9.918869  0.403291  588.217957
439  265.264252   7.386727  336.584045  0.323519  1.303763       6.535099    519.189697 -257.774506            1.14          1.64   8.728787  0.351430  587.687073
440  256.862640   7.833650  337.215057  0.337303  1.611819       6.165778    626.703796 -210.483551            1.14          1.64   6.983165  1.303904  668.410217
441  269.022369   1.821474  335.429321  0.333129  1.857031       7.410541    431.700348 -289.196045            1.14          1.64   9.807952  1.276879  488.580170
442  266.882782   6.024396  337.595703  0.280564  1.173620       8.211032    436.183899 -282.431976            1.14          1.64   9.789303  2.541296  441.707001
443  275.046753   1.455315  339.681763  0.260797  1.094259       8.243005    372.895905 -235.492264            1.14          1.64   8.865699  0.323336  260.569122
444  253.735840  10.154375  344.529175  0.214674  1.048325       6.168227    743.805786 -267.331055            1.14          1.64   7.428304  0.228932  117.011406
445  265.409668   3.247104  342.048248  0.243040  1.322927       7.246346    558.966370 -268.624603            1.14          1.64   8.436690  0.644865  130.681351
446  265.562256   4.190554  341.317596  0.336807  1.161253       6.928370    458.232758 -239.593033            1.14          1.64   9.144271  2.077019  636.539917
447  262.609833   7.894526  339.137604  0.289656  1.300004       6.038542    599.768127 -291.104309            1.14          1.64   8.233512  1.845088  425.673553
448  262.258270   6.285394  338.617249  0.306647  1.483747       6.592941    551.013855 -250.428268            1.14          1.64   8.425847  2.945293  541.006165
449  262.823151  -3.259169  342.089813  0.319631  1.987042       9.111916    429.909882 -268.343903            1.14          1.64   8.703869  2.184695  409.650177
450  256.472839   8.019428  344.099243  0.197226  1.157300       8.126145    609.016174 -290.172791            1.14          1.64   7.453858  1.787272  374.719086
451  259.576660   7.932661  342.094910  0.234822  1.060247       8.847221    452.668762 -273.975708            1.14          1.64   8.237517  2.004626  616.255676
452  260.184021   0.881769  349.057617  0.236580  1.063979       9.131550    364.269806 -258.304016            1.14          1.64   7.344935  2.032941  640.057922
453  272.418549  -5.981267  343.715363  0.337640  1.780888       8.943628    307.544556 -287.912842            1.14          1.64  10.088662  0.850052  623.283997
454  270.922516   5.231514  326.372070  0.342934  1.675221       7.052421    469.140747 -274.205475            1.14          1.64   9.811388  0.475616  237.984039
455  275.164246  -7.883010  353.990509  0.338838  1.061736       9.296773    286.172150 -217.213806            1.14          1.64  10.330494  1.304031  571.205627
456  270.122101  -1.163816  341.323517  0.328744  1.478676       7.551377    432.128296 -257.904297            1.14          1.64   9.326524  1.774635  415.831085
457  263.636963   9.069715  336.393433  0.282335  1.360079       7.604044    509.445557 -285.235504            1.14          1.64   7.982770  0.894334  397.251160
458  268.323364  -0.185273  344.764496  0.270870  1.397531       7.900874    431.042847 -294.988251            1.14          1.64  10.055018  1.293769  361.278442
459  257.485687  10.908581  334.867828  0.334368  2.052425       6.974824    583.225220 -294.611664            1.14          1.64   8.098017  1.141519  698.011658
460  272.079193   1.474346  339.565369  0.335501  1.279405       6.897177    460.323334 -232.315598            1.14          1.64   9.179213  1.978931  389.916565
461  260.120239   4.583201  340.256378  0.294859  1.557735       7.870432    509.055115 -233.544037            1.14          1.64   8.203630  0.658078  627.908081
462  260.401703  16.778481  328.865784  0.326465  1.381163       6.706350    649.216248 -236.729202            1.14          1.64   7.732837  1.891332  457.994934
463  273.373260  -1.191617  344.678680  0.319497  1.238967       7.100385    407.034576 -271.979523            1.14          1.64  11.102442  2.436860  519.073792
464  269.952454   6.576759  335.835541  0.295883  1.265679       8.130670    413.082001 -271.245819            1.14          1.64   8.590619  1.488269  394.712677
465  278.806244  -1.435081  335.581085  0.338364  1.306775       7.395416    392.436951 -268.711517            1.14          1.64  10.924485  0.323412  360.532501
466  269.155396   8.260206  333.447784  0.337308  1.130450       8.221910    363.574036 -292.983521            1.14          1.64  10.471784  1.120490  664.454468
467  264.477478  -1.461154  342.091278  0.324814  1.878233       7.993053    455.246277 -288.541016            1.14          1.64   8.962508  1.268605  378.968231
468  255.062775   7.738935  343.985962  0.261355  1.199839       7.256545    597.630249 -271.896820            1.14          1.64   6.618775  2.379292  698.263855
469  264.672577  12.798232  330.621796  0.329980  1.412340       8.641039    379.490631 -260.970886            1.14          1.64   8.536668  1.706278  657.660217
470  281.000854  -3.016992  338.179169  0.312012  1.310835       8.249496    344.311005 -286.177612            1.14          1.64  12.439384  0.402096  382.114868
471  268.955963  -7.082630  348.324768  0.305927  1.824818       8.158896    430.052917 -272.902649            1.14          1.64   8.961574  1.456777  340.649933
472  272.549988  -3.418794  345.962219  0.330575  1.215242       6.523354    491.156708 -222.209274            1.14          1.64  10.041971  1.046390  320.267212
473  261.030945   8.526466  340.402344  0.311848  1.120321       6.634065    563.950684 -282.314575            1.14          1.64   9.078358  1.970790  529.836365
474  271.878296   6.052453  335.856201  0.301459  1.032579       7.416381    422.775879 -260.879669            1.14          1.64   9.664218  1.387273  394.283325
475  264.414093   5.713110  340.951813  0.280406  1.078994       6.514328    528.408997 -248.037659            1.14          1.64   8.535070  0.240295  558.385254
476  271.437775  -1.802716  345.798187  0.304851  1.129013       6.663654    506.955017 -210.076172            1.14          1.64   8.892815  0.691336  226.631714
477  260.394257  10.394134  338.367737  0.266109  1.227960       6.536843    624.481140 -266.654877            1.14          1.64   7.331161  1.218876  367.798370
478  281.336365  -0.742419  337.345703  0.331963  1.036638       7.043817    427.328430 -223.399765            1.14          1.64  11.366253  1.631076  261.800201
479  265.107666   0.291184  343.195526  0.324663  1.499528       7.533817    474.386749 -287.743866            1.14          1.64   9.164261  2.304673  461.638397
480  282.061493  -3.384060  341.339722  0.301574  1.085017       6.727200    519.322571 -252.632751            1.14          1.64  11.597154  2.545137  209.902390
481  271.334381   5.921286  335.484985  0.305161  1.124490       6.098814    571.762573 -257.261261            1.14          1.64   9.300721  1.212119  239.765121
482  269.396973   4.817553  335.653107  0.337788  1.327175       7.133139    448.612793 -249.118744            1.14          1.64  10.072023  1.666198  506.069092
483  269.017242   5.155520  338.010071  0.317723  1.204544       8.586008    313.833496 -233.915543            1.14          1.64   8.905231  1.497466  644.393799
484  263.920197   3.301679  339.717926  0.299933  1.555768       8.421412    328.121918 -221.493515            1.14          1.64   7.685921  2.481707  647.705750
485  274.953735   1.869626  338.394348  0.305255  1.146171       8.025936    303.332245 -276.235596            1.14          1.64  10.557660  2.335220  545.242004
486  264.066254  -1.127717  349.736237  0.273586  1.146350       7.960458    458.748413 -265.409485            1.14          1.64   8.057533  1.830496  530.940308
487  267.135651  -1.668286  342.730469  0.346976  1.576874       8.419912    288.165161 -204.616486            1.14          1.64   8.272396  1.834667  657.383240
488  264.907715  -0.323855  337.802917  0.349328  1.806268       9.185435    319.610199 -281.148468            1.14          1.64   9.423242  1.290627  662.827393
489  256.146576   5.775438  341.922577  0.307390  1.390391       6.208219    673.398621 -222.426773            1.14          1.64   7.591590  0.535520  365.609283
490  256.456055   5.624431  342.633270  0.300521  1.703616       8.066492    548.036926 -250.678665            1.14          1.64   7.593765  1.993559  582.207764
491  271.228882  -2.082313  341.515747  0.342669  1.459146       7.919056    304.952179 -240.686127            1.14          1.64   9.867629  2.503679  600.744080
492  269.912262   6.754266  336.638550  0.246302  1.082594       8.594235    378.558655 -260.428497            1.14          1.64   8.923667  1.357562  495.973267
493  273.012512   1.167190  337.510406  0.329573  1.242448       8.307172    387.471405 -242.160751            1.14          1.64  10.459504  2.067325  417.710022
494  264.856873   9.873206  334.130096  0.321115  1.221125       6.042340    621.530579 -217.981949            1.14          1.64   7.901689  2.136123  377.394745
495  261.927155   7.938892  340.324249  0.284079  1.091762       7.219784    519.195129 -217.007156            1.14          1.64   7.583638  1.827909  591.724548
496  274.013916  -1.866334  343.633118  0.315470  1.154522       6.256975    522.277222 -276.093140            1.14          1.64  11.256715  2.148047  305.437988
497  271.124908   1.075962  338.677856  0.279728  1.509035       9.013226    356.270355 -247.468948            1.14          1.64   9.090726  1.516629  435.826111
498  263.420105   6.796359  336.739258  0.313014  1.635319       7.876482    475.353821 -290.208862            1.14          1.64   7.973724  1.761356  541.539185
499  262.450836   4.509854  342.573273  0.286318  1.024011       6.406273    606.305847 -176.617004            1.14          1.64   7.807379  2.160425  393.900238
500  276.439789   1.103135  333.172485  0.329511  1.447226       6.864002    459.891022 -271.524261            1.14          1.64  10.108271  2.215661  281.598877
501  266.072662   6.349569  337.912170  0.290194  1.079501       9.164086    331.881317 -223.448029            1.14          1.64   8.891255  1.857575  585.530273
502  271.435883   2.477704  337.350830  0.276127  1.349538       6.946145    540.349609 -261.705414            1.14          1.64   9.674903  1.405038  197.230667
503  267.773193  -2.430160  346.112793  0.335621  1.293208       7.593489    400.223267 -265.860107            1.14          1.64   9.835964  1.236691  644.699829
504  268.845886   4.271178  337.113159  0.258151  1.413523       7.374020    561.091370 -247.818588            1.14          1.64   8.577385  2.985172  276.802460
505  267.101685   6.657310  334.693878  0.323495  1.500478       7.403989    435.006195 -245.564301            1.14          1.64   8.971665  0.996606  636.237549
506  266.884796   5.816198  335.870636  0.316058  1.292274       7.355194    477.373627 -212.156631            1.14          1.64   7.785382  0.850478  503.164886
507  269.675598  -3.811711  346.624756  0.319228  1.293767       8.164640    409.195679 -205.003220            1.14          1.64   9.632929  0.429547  595.657837
508  265.332550   3.994641  337.833710  0.299626  1.381123       7.653816    509.088165 -222.074646            1.14          1.64   8.421219  0.814598  263.189514
509  279.040588  -0.527183  337.997894  0.289249  1.138196       6.263245    592.995972 -289.811829            1.14          1.64  11.661904  2.994917  239.657120
510  271.808594   0.365842  340.733093  0.329018  1.158751       6.602773    458.701447 -257.089294            1.14          1.64  11.214649  0.394619  470.656799
511  262.757507   4.714305  336.779510  0.344318  1.749334       6.962704    524.156799 -259.550507            1.14          1.64   8.029263  0.914343  503.638733