           lon        lat         inc      D1AU     delta  launch radius  launch speed    t factor      B1AU     gamma         vsw
0   -31.925955  -6.417871   14.759524  0.244427  3.408083      15.175412   1500.958130  208.357681  5.848994  0.386332  438.518341
1   -22.887844   6.812736   16.730083  0.266544  3.665495      14.540520   1351.811035  153.056290  6.292370  0.414783  381.679596
2   -16.096010  -6.548644   27.212858  0.244509  1.223433      14.893312   1539.128418  198.753906  6.822042  0.469564  368.083069
3   -16.633640  20.247030   19.695618  0.309405  3.752798      15.979577   1922.444702  231.112320  5.915021  0.623617  338.052612
4   -18.182001  13.523168    2.821532  0.292431  2.829816      15.292341   1643.805664  141.522659  6.646124  0.638145  427.687500
5   -14.472625  13.224255   13.673965  0.316584  2.526906      14.801538   1022.810791  140.699554  6.510626  0.269569  360.658630
6   -23.268093  14.260790   14.110836  0.289053  3.534980      15.637419   1442.888672  192.263245  5.897530  0.522939  397.538116
7   -31.271152  12.292994   23.710232  0.328339  3.226579      15.273108   1561.751465   67.159096  5.747519  0.436041  386.710297
8   -27.361980  -6.994744   17.219515  0.240819  2.995399      14.488706   1284.412842  152.561218  6.415137  0.219127  310.574951
9   -12.342972  19.872164   18.763214  0.310371  3.584016      15.432001   1425.622681  206.610886  6.028851  0.578218  364.970978
10  -24.263409   1.791753    9.625935  0.266989  1.645196      15.903172   1834.051392   95.085274  6.060947  0.646942  447.468719
11  -34.151230  -7.889425   14.967627  0.230749  1.936505      14.189638   1993.748291  209.075287  6.092655  0.352997  380.393951
12  -26.892212  -5.535052   15.520946  0.263119  2.652547      15.356529   1167.466431  185.652527  6.831307  0.332999  434.800323
13  -17.959093  27.556002   21.969978  0.348382  3.811780      15.622284   1713.854736  117.749458  5.365252  0.546628  299.302399
14  -22.136417  -0.730715   11.900640  0.249941  2.548497      15.614420   1781.519165  166.370605  7.720559  0.559624  407.906067
15  -37.331409  -9.187805   17.794420  0.234776  3.937129      15.250195   1610.531250  255.314240  6.226527  0.233766  357.554688
16  -13.093980   8.000714   11.421153  0.283118  2.362072      14.808925   1182.185791  183.763535  6.466853  0.412280  387.647644
17  -19.979189  10.642871   17.817831  0.280424  3.388835      14.965044   1612.057007  244.938828  6.779123  0.573599  391.898254
18  -28.315971  -4.510154   18.706341  0.247192  3.113582      14.733299   1889.432617  136.123352  6.259664  0.526574  431.717377
19  -34.745766  -6.827751   21.715815  0.244674  3.339829      15.767509   1554.474121  276.818695  6.453022  0.285563  376.086517
20  -21.284157   3.529188   35.717171  0.283547  2.543325      15.843597   1933.326538  154.618805  6.436709  0.455127  313.502289
21  -23.096867   9.759445   15.916437  0.306984  2.329359      14.117210   1483.315308  110.215927  6.165271  0.308382  318.871582
22  -22.026579  13.736750   11.644642  0.326296  2.318881      15.879003   1929.156250  153.088715  7.003741  0.649621  424.996674
23  -41.299988 -12.462875   14.125036  0.237964  3.265861      15.853967   1470.057129  262.045074  5.270754  0.214945  443.759888
24  -29.463354   1.455610   20.744785  0.257232  3.498093      14.764669   1450.167236  177.919067  7.322919  0.266796  314.762726
25  -26.083191   5.231325   13.999631  0.257321  3.205487      15.459128   1516.264160  127.216499  5.683986  0.333653  329.564056
26  -37.245018  -3.612564   16.148808  0.256923  3.261193      14.575505   1871.684204  246.185028  6.923928  0.364991  437.588837
27  -20.705004  13.284940   15.158084  0.278034  3.629597      14.301425   1524.940186  184.436111  7.316906  0.442264  347.986298
28  -13.905008  14.633284   14.092064  0.288438  2.990973      15.064286   1166.763062  230.960175  7.225753  0.275635  287.858459
29  -31.278597  12.488452   17.230942  0.301808  3.592325      15.668966   1438.996338  178.805939  5.766432  0.429534  412.037628
30  -15.386613  17.776043    8.512411  0.297374  3.813528      15.581245    965.095093  232.749817  6.479644  0.316392  363.809143
31  -36.168076  -8.001697    7.029190  0.229692  2.154814      15.896708   1813.862549  299.545013  6.397511  0.298623  370.852631
32  -26.607754 -14.837726   38.893749  0.258912  2.115955      14.671854   1551.713013  242.895325  6.623816  0.386537  413.990234
33  -30.091471  -7.365527   18.296242  0.243258  3.989083      15.588006   1513.492920  230.670776  6.016608  0.362061  405.649506
34  -27.010386  -4.511234    9.679782  0.249742  2.225792      15.696835   1402.524048  176.982437  7.601212  0.343122  386.462799
35  -22.423998  10.829453   22.259722  0.281270  3.795696      14.022491   1323.429199  140.406143  5.536736  0.472084  386.507660
36  -26.090502  -4.121161   12.674994  0.254077  1.188358      14.758316   1544.058228   86.769814  5.569263  0.495647  437.636932
37  -35.199139 -11.429614   15.236798  0.234665  3.139386      15.364292   1970.008423  142.537827  5.692286  0.375666  423.763702
38  -32.691486  -4.582947    8.511717  0.256343  3.338105      15.318289   1052.216064  152.371399  5.384062  0.201702  434.128021
39  -21.805050  -6.783721   12.238778  0.251040  2.441099      15.045584   1423.060059  134.945801  5.783467  0.479246  418.074738
40  -31.327791  -2.018429   25.172075  0.258785  3.239088      14.183457   1705.090698  166.507050  7.562677  0.449119  417.193420
41  -31.979614   5.809095   21.322147  0.284441  3.249188      14.868964   1528.266846  124.930336  5.488598  0.261351  299.758698
42  -36.426239   4.113187    8.198035  0.271516  2.941950      14.016699   1347.345093  171.210464  7.066110  0.264783  444.708771
43  -22.939495   9.355665   11.918885  0.284264  2.894297      15.677820   1673.844727  114.811981  6.664887  0.639702  429.359802
44  -19.400623  12.333493   35.952301  0.313582  3.883309      14.499393    999.631165  228.401321  7.411196  0.399517  394.033905
45  -24.492548  -6.642713   14.548621  0.250120  1.975682      15.467428   1223.346802  169.265259  6.457671  0.274770  360.573975
46  -29.610825  -8.723701   20.411160  0.255335  3.200447      15.794938   1113.120605  230.061569  7.219018  0.217758  391.020325
47  -20.664846  17.810560   15.802887  0.288997  3.959704      15.221441   1812.914185  216.769379  7.168100  0.579274  351.783997
48  -23.122593  -0.265197   21.790365  0.251125  3.541519      14.610097   1511.791260  213.774780  6.375687  0.443501  382.253418
49  -33.090424  -9.951164   13.801666  0.227650  2.384937      14.700488   1611.863159  125.277733  7.375628  0.293888  372.787354
50  -21.652208  -5.298062   30.493834  0.273004  3.010427      14.793978    946.500122  264.482697  6.711000  0.238368  401.443237
51  -15.755191  13.622546    9.236548  0.309646  2.471855      15.627158   1860.509888  138.670425  6.661092  0.747504  430.320526
52  -22.743073   7.291245   16.519491  0.263577  3.657771      15.219514   1459.999512  177.464615  7.199457  0.488634  393.398193
53  -20.982864   2.341090   13.084742  0.269352  2.362440      14.104906   1467.071411  170.143616  6.880145  0.529986  428.213165
54  -28.003094   8.964962   20.284609  0.302670  3.447133      15.403415    945.005188  183.704620  5.896317  0.289274  438.261597
55  -24.252766  -5.945531   14.490196  0.250908  3.540536      15.915882   1685.975464  225.743103  5.981930  0.552218  428.425079
56  -27.080244  19.191795   18.441921  0.318713  3.721912      15.413166   1995.462280   97.104195  5.360984  0.512639  338.655487
57  -28.963039   3.712623   17.876028  0.284104  2.909697      14.581950   1581.879639  200.835922  6.150965  0.519939  447.427246
58  -27.993042  11.777911   23.174124  0.298986  3.798278      14.919536   1690.053589  158.391800  5.214462  0.587963  403.191437
59  -27.246143  -5.707689   14.887758  0.217971  3.801424      15.365495   1808.094360  295.685516  6.969058  0.361003  330.031158
60  -28.933685  -3.566674   19.518356  0.273216  1.581902      14.868932   1544.868286   90.880424  5.484806  0.322358  375.856689
61  -28.407248  -4.480699   19.615932  0.225610  3.364309      14.292082   1929.029541  283.737885  7.013138  0.393653  347.212372
62  -28.236387   9.046978    9.349964  0.279886  2.777094      14.003314   1639.442749  146.900162  6.346505  0.400376  388.717255
63  -30.211235   8.136080    9.917333  0.299103  2.293399      14.259711   1592.680786  105.886406  6.236918  0.386871  414.794312
64  -30.808470  -4.918424    9.580284  0.249797  1.964841      15.051322   1269.545166  116.917076  5.220223  0.329011  438.462341
65  -31.424122 -15.881569   25.585400  0.247559  3.272358      14.264253   1247.887451  265.279388  6.838907  0.222224  404.460541
66  -34.033875  -7.517109   16.792252  0.245095  3.141908      14.620885   1605.415894  206.583786  5.245651  0.296737  389.902557
67  -26.749956 -10.033801   16.932642  0.224579  2.849904      15.757838   1843.910767  108.832077  5.262224  0.393458  353.318207
68  -35.926636   6.721545   17.244650  0.278637  3.647536      15.206123   1603.818237  113.649261  6.363386  0.315390  378.511292
69  -29.447788  -0.902271   14.622995  0.244827  2.660725      15.540722   1876.772705  165.372543  6.566566  0.468210  402.214844
70  -26.070620 -16.018915   19.538523  0.250141  3.194459      14.510895   1284.617798  253.479309  5.541248  0.250001  370.806580
71  -28.271736   7.569539   22.684649  0.312767  3.571679      15.389539    957.489319  157.460785  7.201812  0.245113  419.810120
72  -17.642963  18.284538   13.340876  0.313197  3.436700      14.984941   1184.998901  228.408218  6.260666  0.541157  413.683411
73  -27.313896   6.029214   15.959792  0.291185  2.180331      14.607015   1523.890503   95.654106  5.361622  0.316335  340.369202
74  -25.712139   0.724057   24.622440  0.275695  3.706832      14.158379   1702.117432  230.542709  6.463026  0.627721  449.266479
75  -29.459639  -0.104497   13.801562  0.235597  2.737648      15.348607   1661.585571  128.328491  6.229931  0.315886  326.652222
76  -15.870693  19.635765   17.083307  0.337564  2.662806      15.681632   1919.493896  124.595657  6.340084  0.488618  315.470947
77  -13.658895   7.356358   27.142036  0.295206  2.315694      14.732596   1054.785645  114.617218  7.321326  0.252588  323.519073
78  -30.791533   6.540607    9.225453  0.276387  2.444835      15.551063   1841.418457   78.081406  7.094190  0.379566  377.199829
79  -22.983446  -8.222739   17.939091  0.236763  1.939513      15.713826   1700.139893  123.459785  5.866910  0.390783  344.475037
80  -14.288207   3.433177   12.319896  0.239909  2.964107      15.182343   1713.255005  252.394852  6.541385  0.457260  324.073669
81  -31.750748   4.785194   30.258329  0.310070  3.777823      15.687789   1389.415771  223.271423  5.674928  0.513487  447.384216
82  -28.740786 -16.662607   20.954958  0.248684  3.529538      15.145750   1896.882568  173.443634  6.480329  0.476486  449.022308
83  -30.608515  -1.366571   19.678833  0.233116  3.683644      15.164683   1940.735840  236.605865  7.238306  0.401296  354.151306
84  -29.976028   2.201210   20.706322  0.280945  2.408252      14.723255   1653.022217  212.456863  6.583311  0.313547  338.535370
85  -30.063517   7.658065   10.021353  0.266304  2.830828      14.594570   1589.635742  224.340729  6.866718  0.356299  373.083221
86  -32.508560  -7.478166    9.313721  0.237996  2.948759      15.211823   1529.370361  177.850403  5.793084  0.309574  388.388550
87  -13.264247  13.608074   11.345676  0.269755  3.792994      14.160499   1973.557007  250.429459  6.117650  0.720348  390.171234
88  -31.974863   2.577491   15.214775  0.243134  3.740122      14.132065   1889.009155  260.082733  6.123268  0.366870  350.209259
89  -31.519827   2.935568   26.832886  0.299846  2.780480      14.629604   1782.550659  184.871811  6.921041  0.407672  376.681854
90  -21.711836  14.433397   19.074524  0.315345  3.309068      15.484138   1237.557983  100.148544  5.768500  0.502391  411.315857
91  -28.567770  -9.171808   10.224040  0.258031  3.139342      14.993421   1415.172974  119.802528  6.944627  0.400832  448.616241
92  -21.868734  -3.788655   30.849697  0.258019  3.135705      15.248424   1530.736328  167.818756  6.319370  0.559947  422.342560
93  -31.100199  -7.287406   17.402185  0.228591  2.594094      15.598399   1747.743652  174.790344  6.304373  0.323095  348.727051
94  -21.326817  20.416624   14.971313  0.311843  3.786433      15.169879   1983.380005  119.044296  6.483704  0.693555  376.516022
95  -34.198803 -14.678048   16.258717  0.239714  2.585936      15.374631   1600.801392  277.451294  7.422022  0.308341  420.517273
96  -27.013338  -0.999099   18.092745  0.261381  2.021921      14.249955   1674.008423  148.262085  6.971273  0.363589  358.866394
97  -29.879564   1.086725   19.061579  0.249190  3.703304      15.409244   1951.361816  196.771942  7.036179  0.380951  335.752441
98  -27.113409  11.999514   13.003666  0.305708  2.972909      15.823574   1612.130493  129.246735  5.366227  0.586999  440.090637
99  -31.274527  -5.940980   19.040346  0.237045  3.026630      15.019428   1944.250488  213.945923  6.347749  0.450753  409.634888
100 -20.976307   6.370587   25.705532  0.268224  3.363867      14.162703   1642.060425  184.601852  6.648932  0.468042  345.171417
101 -17.644110   1.235823   26.381701  0.262860  2.658983      15.045274   1482.482544  222.767319  7.068928  0.406582  342.201538
102  -6.656896   2.282941   24.681250  0.281997  1.254196      14.912119   1322.395508   86.258636  7.521379  0.645152  433.933167
103 -28.490698  -6.824082   21.541655  0.233980  2.490482      15.227044   1535.111572  168.430222  6.173493  0.245131  281.475861
104 -25.864536  -2.544035   18.329088  0.249217  1.757596      15.959097   1641.640991  173.398804  7.364097  0.405007  366.580353
105 -23.197126   8.095042   15.389318  0.292205  2.771667      15.208911   1547.623779  133.286255  5.539311  0.602027  443.718323
106 -26.993040  12.910481   13.608517  0.289597  3.123157      15.523589   1662.953247  135.743546  7.610705  0.373532  330.387329
107 -23.765936  12.172288   21.195078  0.333906  2.632332      14.462084   1317.423340  114.144188  6.019013  0.372062  378.969238
108 -31.430500  -1.188062    9.763386  0.242315  3.505049      15.357626   1458.936523   93.137863  5.965559  0.253927  335.502380
109 -27.832294   7.413708   21.385841  0.290949  3.578795      15.842171   1259.044556  176.767471  6.360794  0.408945  413.529907
110 -26.875446 -13.659141   19.160591  0.243204  2.694344      14.819614   1867.084473  162.223206  5.912524  0.486818  430.876312
111 -36.203770 -10.179258   16.988474  0.248122  2.966753      14.926024   1631.953003  202.565598  6.082605  0.312230  435.713440
112 -30.378351 -14.188916   14.508516  0.239568  2.681056      14.590479   1710.752808  190.859940  5.234239  0.304771  356.508392
113 -29.690006 -15.646260   19.517738  0.239923  3.476796      15.063690   1832.013306  296.484619  6.764624  0.384075  406.259155
114 -25.873161   8.155632  355.857483  0.260579  2.856076      14.249692   1177.734741  212.642090  6.059553  0.228334  353.689240
115 -28.185627  14.481688   10.434064  0.274386  3.714226      14.576850   1461.244141  157.045670  6.999034  0.288384  304.728607
116 -15.170435  15.788315   12.003197  0.341044  2.689175      14.629300    967.751343  183.297775  6.472860  0.408104  448.690369
117 -22.237658  -3.533512   27.908413  0.264289  2.270715      15.649603   1271.047607  138.693985  6.836635  0.367863  386.338379
118 -27.923553  -8.854129   16.634048  0.230379  3.670152      15.725502   1587.111084  217.465561  6.256285  0.395272  392.757446
119 -33.482666  -8.623846   21.614941  0.236868  2.266832      15.287354   1972.417480  176.064743  6.734194  0.338349  365.182678
120 -26.867571   8.045348   15.194834  0.251406  3.997060      14.808553   1284.683960  185.905502  7.080856  0.237235  280.979462
121 -33.023476  -8.886919   24.859194  0.251876  3.514033      15.125699   1347.442871  134.568619  6.463478  0.243991  383.297028
122 -24.610769  17.404629   14.726950  0.334927  3.049175      15.119598   1473.721436  137.055939  6.368142  0.458324  388.180267
123 -11.764764  21.345066    3.817869  0.303239  3.997415      14.611754   1706.883911  231.239792  7.428355  0.742759  398.225098
124 -27.084141   3.452682   16.995941  0.290718  2.152122      14.820093   1382.906860  119.572479  5.647686  0.342370  390.217682
125 -29.165081 -12.134747   15.223102  0.238557  3.579551      14.169495   1481.104858  229.641296  6.102325  0.292169  368.730255
126 -24.607687  16.356134   14.404224  0.308539  3.485702      14.491481   1666.376221  104.510590  6.815544  0.526530  390.862610
127 -19.029051  18.251938   19.775284  0.315528  3.767648      15.587717    978.194702  276.099060  6.461322  0.446026  407.256378
128 -18.277308   2.870236   17.756847  0.292108  1.722621      14.148081   1549.668823   91.528717  7.549108  0.615485  443.597778
129 -24.652431   3.329380   19.031559  0.245338  3.646892      15.164730   1630.445557  172.443588  6.258581  0.354239  309.748962
130 -39.101341  -2.965440   13.981211  0.251379  3.475633      14.417830   1506.101807  173.496307  5.869275  0.224486  399.006897
131 -25.842556  -0.453435   14.417434  0.275625  2.440930      14.790559   1192.393555  218.119766  7.848321  0.322673  416.008209
132 -31.784229  -9.559184   23.840107  0.241522  2.909255      14.663240   1762.727173  201.396652  6.577150  0.314608  359.932861
133 -21.098339   5.473631    7.187929  0.266114  2.951594      14.354131   1477.046753  279.194305  7.543947  0.563681  437.885315
134 -32.831070  -4.252719    8.838758  0.241850  2.313141      15.901871   1387.187500  231.799316  6.322979  0.246124  357.694244
135 -32.238831 -15.664064   17.747236  0.221913  3.121685      14.447492   1933.728149  190.413971  6.494787  0.343728  377.774170
136 -23.027494   7.577209    5.670815  0.258617  3.278809      14.612508   1179.911133  222.382370  6.732924  0.328720  381.327209
137 -31.313019  -2.765305   17.598852  0.258223  3.420870      14.993250   1652.466431  188.013641  6.302794  0.424542  429.231018
138 -39.975540   0.266729   17.632015  0.261688  3.243856      14.783739   1888.970825  214.453659  5.889709  0.289071  381.227600
139 -32.106110   5.276758   22.341536  0.301785  2.967471      14.855308   1448.114868  136.551712  6.115803  0.297094  358.541107
140 -17.709562  -3.000613   25.242975  0.238664  2.271152      15.143223   1686.013550  177.534332  6.753506  0.355938  287.367004
141 -25.353487  13.778864   20.179489  0.307651  3.335998      14.974312   1427.490112  179.284790  5.792448  0.430334  365.941315
142 -33.637890 -19.384840   23.276735  0.238424  2.273682      15.388894   1604.348755  222.038757  7.179237  0.298343  432.992249
143 -25.052103   1.622972   13.192833  0.241873  3.045369      14.616023   1951.699951  122.335052  6.488244  0.494893  377.154205
144 -23.260048   9.189714   18.540691  0.276358  3.204506      14.212142   1719.286987  181.048538  6.843266  0.491357  369.068604
145 -17.826563  -3.124148   31.669708  0.270688  1.724496      14.490422   1608.124023   91.763504  6.510719  0.474078  377.008606
146 -22.837513   9.478794    5.127551  0.268723  3.490881      14.199444   1811.160889  266.621399  6.153187  0.555274  408.696198
147 -10.867870  21.819481   15.218483  0.336582  3.147252      14.691336   1764.582153  192.044159  6.267708  0.816392  413.880402
148 -25.917030   2.184935   12.819652  0.278927  1.939417      14.286987   1277.547729  117.876511  7.212679  0.376404  426.921051
149 -22.641548  15.164948   18.380106  0.302710  3.770135      14.840607   1531.716431  127.189163  6.515985  0.642415  414.593567
150 -35.642067 -12.860047   12.911938  0.239802  1.565429      14.070463   1698.104736   98.798897  7.037407  0.264609  385.308319
151 -25.975954  -0.318164   15.943711  0.269327  2.583683      15.089972   1031.669922   95.489937  6.312974  0.294134  434.955994
152 -30.335066   3.600203   24.205696  0.282369  3.068872      14.032902   1564.884766  158.118896  6.623139  0.320761  344.772858
153 -18.839916  12.585287   15.457620  0.305830  3.770974      14.533676    859.741577  246.079895  7.437163  0.296352  444.083008
154 -30.069187   3.856080   20.666698  0.259571  3.720172      14.684983   1860.839966  172.866577  6.978474  0.421108  364.426239
155 -20.454552  13.334349   19.735792  0.306128  3.088908      15.814066   1149.767578  246.732666  6.934326  0.370702  365.663300
156 -27.688475   1.086082   22.145140  0.271836  3.561391      15.036014   1177.068359  136.788345  6.170116  0.350794  424.501099
157 -21.521994   6.275022   20.337486  0.301462  2.293896      15.297996   1130.511841  101.300003  5.478017  0.280165  362.404510
158 -14.407462  11.553690   24.122234  0.308812  2.581308      14.839398   1131.392944  105.415405  5.432573  0.409285  386.036163
159 -29.963526   1.763419   13.306174  0.271713  3.718374      15.419839   1011.118347  281.466309  6.112814  0.211869  423.905365
160 -27.588284  19.385492    7.868078  0.304505  3.652182      14.285110   1754.741089  169.139069  6.537898  0.526022  404.500122
161 -23.726383  13.643928   17.146694  0.288262  3.531018      15.343571   1903.152344  126.242027  6.308611  0.606321  382.282898
162 -32.021740 -12.152943   25.087633  0.252109  2.351378      14.769362   1489.030640  199.123077  6.341835  0.314843  417.845428
163 -21.881556   6.143373   19.339638  0.295123  2.218223      15.382668   1334.947021  146.093933  8.486127  0.329467  341.265472
164 -33.572220  -0.895886   28.844921  0.258110  3.574924      15.160862   1624.552368  131.465927  5.675541  0.247850  270.998383
165 -20.380316  11.929976   18.013838  0.322320  2.302758      15.416798   1652.491089  134.385452  6.484696  0.540509  395.662140
166 -15.613366   8.055780   14.220676  0.280086  1.978689      15.408281   1850.014160  124.422600  6.284824  0.453418  323.987488
167 -26.967085   4.274897   13.280305  0.229705  3.260714      14.870504   1886.416260  226.059402  7.090871  0.316189  266.677887
168 -27.908680   1.316204    6.755987  0.254824  1.737242      15.536893   1984.621948  112.743660  6.453047  0.551780  424.849884
169 -27.224735  -0.685147   10.268405  0.252837  2.064585      15.505733   1330.109497  155.357925  6.481862  0.304206  368.654449
170 -13.467980   9.949448   17.477205  0.306047  3.110649      15.514216    813.418335  206.364517  7.028368  0.295040  448.085419
171 -26.839375   6.707140   29.627621  0.294647  3.603196      15.364667   1877.023193  150.069214  5.718390  0.655942  410.356445
172 -26.382854   3.406305   12.704224  0.280809  1.925463      14.435796   1457.564331   80.519173  6.373287  0.392707  406.492218
173 -25.002522  -0.627970   24.220730  0.273833  2.459143      14.102503   1664.701538   93.597458  7.362564  0.444247  388.561310
174 -26.223448  12.826742    7.498706  0.332311  2.106189      15.550450   1434.097168  106.519585  5.808674  0.378882  416.288055
175 -28.865566   7.749422   23.479479  0.285658  3.772594      15.228696   1716.798218  231.800110  6.008733  0.441271  362.359558
176 -30.634392 -10.145861   15.353395  0.242110  2.663168      15.170551   1712.835815  210.707474  7.057724  0.461069  446.729706
177 -29.659500  -8.197721   18.124458  0.237133  3.721204      14.736340   1573.053467  257.078003  6.823517  0.388774  411.102173
178 -28.134356 -15.696840   27.430473  0.218509  2.917731      15.376470   1771.351440  117.661308  5.531304  0.311155  330.252014
179 -33.799168   0.378785    5.319253  0.257085  1.198219      14.218496   1627.066040   61.423244  5.751151  0.351489  421.106537
180 -32.006195   4.580905   26.131664  0.305757  3.247989      14.292710   1226.263184  200.548462  7.410369  0.387518  447.615112
181 -27.664106  -1.688642   11.077282  0.229476  3.091442      14.041107   1617.212524  192.917526  7.084850  0.315162  329.362823
182 -24.500996   6.352004   17.092726  0.270721  3.756995      15.630461   1473.024536  240.546631  5.982146  0.407827  367.696808
183 -17.343437   8.572040    5.561938  0.257677  2.260726      14.071044   1808.037598  193.135406  6.532109  0.354575  281.568817
184 -24.594448   2.167767    1.180691  0.222357  3.761151      15.467706   1508.606201  257.414917  5.859845  0.294469  290.079559
185 -31.425940  -2.470153   33.653519  0.259920  3.642004      14.045319   1912.894409  214.391586  6.092585  0.370708  328.914948
186 -23.604113  -4.812899   32.359680  0.247656  2.655936      14.864715   1585.228271  204.435211  6.700384  0.370865  334.598694
187 -31.164360  -2.931209   17.557426  0.235393  2.595098      15.668363   1670.617065  251.608124  5.878297  0.322035  344.294342
188 -18.602148  20.749979    7.974201  0.318712  3.269495      15.470357   1916.378174  101.010185  5.836850  0.655495  389.063019
189 -22.814604  -3.341639   22.681810  0.277838  1.610853      14.536260   1239.823364  110.697510  6.114911  0.453646  443.111969
190 -24.315676  -5.203859   25.509304  0.276176  2.366483      15.730099   1180.948853  153.136993  5.082125  0.403448  448.626434
191 -17.711456  23.672384   14.392699  0.329363  3.811474      15.085069   1338.086182  104.518013  5.706627  0.610125  386.661194
192 -31.976339   9.536219   14.969106  0.296552  3.543740      15.394835   1418.091309   84.614189  6.033714  0.415957  436.588623
193 -24.978544  10.902389   16.476690  0.339083  2.238453      14.885369   1561.635132  138.734879  5.886818  0.544123  446.303314
194 -26.432066  -1.963541   19.659359  0.268163  2.034625      14.358432   1965.566528   89.261971  6.599500  0.578542  432.170746
195 -31.171129  -4.302013   15.894295  0.234653  3.529463      14.770069   1594.084595  262.555023  7.110643  0.289086  342.871429
196 -20.270742   4.760153   27.504915  0.293710  2.558608      15.570778   1805.861084  110.054123  6.592512  0.811393  449.759705
197 -29.734596  -3.685970    8.096835  0.250495  3.076554      14.744152   1051.055054  161.539398  6.218651  0.201700  398.161804
198 -31.013693  10.417481   19.839500  0.303603  3.748564      15.845910   1231.845093  225.365295  5.837471  0.360732  413.745026
199 -26.982025  10.321870   22.195690  0.327155  2.687783      14.193089   1318.122681   86.429390  6.382497  0.346559  375.527557
200 -28.779324  -4.080598    9.920019  0.243602  3.422653      14.635696   1443.202637  140.866104  6.474406  0.354058  404.171661
201 -24.511852  -8.354964   23.855606  0.239291  1.953018      14.652911   1669.826416  106.406807  5.900952  0.449561  392.494690
202 -30.738735   4.215953    3.497258  0.263545  2.062609      15.159203   1498.661743  123.136490  5.710062  0.348497  410.213379
203 -30.170887  11.354425   22.093000  0.321177  3.705256      14.705724   1118.942749  172.535965  7.175158  0.406517  447.630890
204 -22.657530  -0.280308   10.305736  0.243967  2.674099      14.431143   1770.490601  182.114532  5.575444  0.519321  397.918243
205 -25.626501   9.590153   17.692101  0.300818  3.183603      15.139144   1684.932373  163.798477  7.373147  0.628838  437.924347
206 -26.745615   2.689398   13.952918  0.273516  2.073750      14.940082   1916.172852  208.532394  7.442930  0.542741  422.089325
207 -27.246264  -6.868775   25.042387  0.259460  3.160276      14.478413   1633.863770  148.931061  6.671593  0.499674  440.250946
208 -21.366594  14.630522   12.723214  0.255694  3.872899      14.075037   1948.236084  227.926361  6.199925  0.367329  250.634247
209 -24.702879  17.386435   18.400665  0.332845  3.381079      14.529876   1499.684326   64.489433  5.810982  0.620655  430.122162
210 -23.557394  17.801559    9.880786  0.312604  3.942155      14.544315   1004.525635  202.939941  5.895293  0.310471  411.300812
211 -26.150814   0.073384   17.254650  0.247786  3.883221      14.625418   1727.327637  205.570679  6.416893  0.487884  397.031891
212 -38.516949  -5.630209   18.437075  0.253065  3.229798      14.791969   1770.960327  252.074203  5.531249  0.308109  422.923981
213 -28.602892  10.683880    5.031051  0.288427  2.816825      14.845184   1277.507324  157.905426  6.978731  0.305516  400.612976
214 -27.769913  -0.040415   14.884287  0.243487  3.466264      14.516842   1417.085083  250.914673  6.216383  0.264136  313.845642
215 -17.619741  18.333155   18.694263  0.342073  3.131384      15.842569    986.128845  174.327255  5.749497  0.513924  438.526886
216 -19.296675   6.951687   22.003767  0.292780  2.709112      14.017617   1153.373169  171.950439  6.340540  0.527877  446.641876
217 -32.536945  -1.342529   15.196990  0.247086  2.379096      15.292252   1899.697266  146.030487  6.722039  0.370556  367.549530
218 -23.075201   1.895767   27.572878  0.268705  3.888751      15.160117   1262.067993  190.580200  7.581050  0.528644  433.327850
219 -31.283537   2.393618   19.220175  0.247752  3.758302      15.615933   1970.761230  233.455505  5.656224  0.495605  398.095886
220 -41.428719   2.611969   14.924612  0.263807  3.437756      15.991212   1673.749146  200.802002  6.759003  0.277347  422.934265
221 -30.952440  -3.828748   12.282494  0.241160  3.123110      14.862741   1517.277954  169.049454  6.213321  0.359059  402.254578
222 -25.437449  14.472952   23.495333  0.302284  3.636538      14.578137   1888.533203  164.857651  6.256899  0.569813  365.037964
223 -22.154547  -7.176603   26.899370  0.257704  2.490849      15.342216   1285.725830  172.395676  8.586221  0.443453  427.617126
224 -27.790564   0.610852   13.471041  0.246061  3.641919      14.759475   1714.750732  143.523560  6.910708  0.442072  395.885712
225 -18.423712  13.101477   12.482074  0.313061  2.556183      15.966269   1610.005005  128.471710  5.825551  0.665852  432.726593
226 -23.565516  17.945936   22.139267  0.319247  3.832438      15.515160   1185.545776  207.861221  5.887347  0.443693  375.375397
227 -25.145121  16.553473   16.128071  0.304990  3.483278      15.093559   1628.458252  215.714996  6.394328  0.400815  326.144714
228 -30.625471   0.188634   15.392201  0.268224  2.810180      15.328785   1239.204346  243.405106  7.444015  0.227922  354.720154
229 -28.946955  -8.001571   21.703480  0.239878  3.203737      15.708281   1902.514404  159.854507  6.308169  0.446027  399.416626
230 -18.739088  13.959665   19.367050  0.304807  2.686322      14.006137   1618.452026   90.018929  6.268282  0.344439  275.381470
231 -38.522194  -8.088231   17.051830  0.232945  3.398225      15.611301   1954.241211  215.221680  6.136539  0.296324  382.842987
232 -30.479845  14.439352   15.948446  0.318806  3.308291      15.903120   1716.820435   73.480820  6.151222  0.603815  441.407227
233 -29.010487   2.983620   14.117845  0.240774  3.012161      15.267551   1427.943481  154.871552  6.515462  0.219544  257.799591
234 -22.361515  -2.655676   25.641647  0.229778  3.517580      14.507519   1769.664062  290.055695  6.779661  0.347558  282.243378
235 -29.258055  11.490338    9.043224  0.309471  2.575094      14.690749   1097.319580  145.682877  6.770583  0.209521  374.173553
236 -39.860065 -14.461335   12.224277  0.233251  2.344844      14.968615   1925.785767  189.859070  5.055229  0.299528  436.712952
237 -36.702721 -11.783536   30.951408  0.240806  3.753450      14.036426   1907.342163   64.132751  5.935605  0.305910  371.608124
238 -18.931215  -1.105858   21.370449  0.263152  2.311885      14.448009   1675.176758  170.158051  6.641513  0.725703  447.880127
239 -21.909578  11.817409   16.048586  0.295723  3.039931      15.491913   1651.253784  155.959549  6.589752  0.579891  402.414795
240 -30.356100   4.602673    5.592531  0.237226  3.942075      15.942238   1602.128662  144.369064  5.564444  0.375350  380.422974
241 -35.264080 -14.409590   10.994773  0.236375  3.889796      14.062983   1728.543579  222.234314  6.298959  0.321154  420.296844
242 -31.552485   5.215425   19.732538  0.272344  3.787867      15.823587   1785.918091  180.276001  5.991497  0.535865  425.997009
243 -14.107619  17.914373   14.474207  0.307367  3.570156      15.475193   1595.420776  281.494629  8.521389  0.733459  407.268524
244 -23.404068  -4.974756   22.835276  0.257517  2.881785      14.342347   1637.883179  181.978943  6.883657  0.538083  431.574066
245 -31.123487  -4.842347   20.059246  0.248827  3.731697      15.131247   1607.304077  275.820709  5.334548  0.381183  410.244843
246 -25.511087   7.474616   21.432646  0.292478  3.534746      14.742612   1169.257324  213.330353  7.647457  0.474148  449.831421
247 -21.941238  -0.223183   15.148725  0.252946  1.866689      14.184099   1959.987183  212.663452  7.493145  0.471679  360.727051
248 -26.175642  19.530483   21.384974  0.326115  3.889750      15.430836   1751.658325  241.919342  7.171093  0.652901  389.794586
249 -34.232456  -4.755744    0.981052  0.243164  3.321844      14.954177   1626.503784  288.834839  6.361995  0.372078  439.184296
250 -23.151287  16.652403   18.298307  0.320103  3.489974      15.391632   1463.733032  143.907867  6.781979  0.653066  425.614258
251 -13.855386  18.920416   24.375366  0.339303  2.913894      15.137857   1582.622803  207.866470  8.044527  0.703932  405.173553
252 -38.166977 -14.245163   23.303892  0.239192  1.960330      14.077359   1979.621826   77.239235  5.450732  0.312091  420.843414
253 -26.912971  25.722736    8.621621  0.340216  3.894588      14.538149   1541.836060   75.055244  5.156799  0.501704  402.176819
254 -27.403580 -10.787697   14.582125  0.244318  3.229448      15.315073   1513.095825  247.974731  7.900969  0.410256  420.368530
255 -22.809935  10.541220   10.112598  0.242398  3.947721      15.338799   1806.255981  184.779022  7.304839  0.403215  304.890411
256 -32.344761 -13.658218   16.292379  0.208696  2.562961      14.883981   1880.105103  218.094437  5.817036  0.255565  282.677002
257 -27.940481  -5.688659    8.639381  0.226796  2.472448      14.139904   1452.503540  184.210602  7.047065  0.244941  292.449280
258 -27.519007  -9.345660   17.581778  0.245921  2.142169      15.267862   1792.530640  286.508179  7.815108  0.547619  449.399597
259 -17.113619  14.589001   12.565012  0.305503  2.609601      14.395820   1462.750488  121.086548  7.487985  0.356295  317.111908
260 -32.284405  -6.812584   15.349928  0.236787  2.011898      14.523711   1778.718506   86.491234  6.862091  0.311932  354.041382
261 -25.159250  -5.595667   22.214401  0.268569  2.429564      14.242481   1118.262573  150.394470  7.271064  0.222441  362.083252
262 -27.692831  -1.712129   26.598557  0.244138  3.294864      15.808416   1858.288818  243.792053  7.343181  0.399914  332.639648
263 -30.622812   0.645801   14.538572  0.258617  3.526232      14.745092   1624.226440  197.781479  6.504917  0.427666  427.106232
264 -25.100000  -8.387238   10.801835  0.237638  3.664106      15.215907   1618.477051  190.912155  5.865810  0.508015  420.653870
265 -32.028568   4.885431   25.029524  0.296172  3.128694      15.910164   1747.884155  139.737808  6.242023  0.491576  411.362457
266 -30.618876   0.857360   13.757712  0.236594  3.785549      14.606662   1990.400879  257.115265  7.531167  0.480133  400.311859
267 -33.703911   5.804900   27.399094  0.301663  3.726034      14.736267   1777.270752   62.929195  5.829765  0.588186  442.845520
268 -29.075207  -8.645274   13.704760  0.234282  3.930576      14.634726   1823.937622  197.632065  6.013551  0.443299  408.230621
269 -28.098194   7.188722   11.436351  0.255488  3.545141      14.431117   1857.088013  268.204620  6.240761  0.503338  400.364258
270 -37.275795  -9.857351   15.783753  0.244194  3.960226      14.330269   1556.302246  261.158844  5.861851  0.275582  433.777283
271 -37.769794  -3.341456    7.040057  0.227899  2.753978      15.405470   1706.135742  226.771347  7.158013  0.239033  345.803070
272 -22.284889   9.610337   13.399375  0.279397  3.977850      14.645237   1071.502319  184.976761  7.119697  0.415497  432.228455
273 -22.053482   0.992972   18.095961  0.283638  2.751136      14.204292   1059.343262  188.418869  6.519290  0.318118  421.876495
274 -13.425134  17.657608   17.740665  0.312203  3.299338      15.533446   1176.574951  214.662262  7.002574  0.596419  415.478790
275 -10.253588  16.899593   12.912907  0.314305  2.798575      14.780134   1319.579224  193.019241  7.389727  0.522199  390.184875
276 -27.283661   3.367286   22.325966  0.273534  3.985172      15.091788   1284.325195  194.384659  5.983879  0.432163  424.114227
277 -25.399208  -4.996829   23.827425  0.259193  1.557254      15.514995   1568.902832  154.250458  6.149089  0.435184  398.306793
278 -33.495449  -3.388897   14.955480  0.252347  2.968087      15.071597   1414.259644  292.512329  6.594720  0.262366  385.254456
279 -15.833597  16.871120   10.726948  0.285156  3.798535      14.173518   1822.676025  266.398315  6.323390  0.718505  392.671448
280 -27.330044   6.310900   20.258228  0.278395  3.293959      15.284830   1761.234863  180.218338  6.795148  0.537264  401.622131
281 -28.145811  23.635838   10.292691  0.336060  3.819596      15.104921   1284.152100  101.858444  5.696247  0.465833  421.650238
282 -19.651222  21.792397   10.027191  0.317228  3.465501      15.924911   1343.906250  207.458130  6.138607  0.308231  279.312347
283 -27.602188  -0.944873   16.815752  0.241425  3.798206      14.829777   1712.667480  194.675018  5.305058  0.472189  403.391632
284 -36.155804  -2.575741   10.025992  0.236758  2.818729      15.561194   1852.319702  222.293640  6.060071  0.349783  405.402191
285 -22.349354   3.241764   15.041198  0.271558  2.550188      15.339412   1589.109253  169.639816  7.132693  0.567069  422.316101
286 -28.172989  -2.745186   22.029121  0.258206  2.996583      14.399347   1761.693604  180.961197  5.640486  0.434840  397.212097
287 -26.640512   8.557366    8.425581  0.272449  3.135351      15.580781   1840.654419  177.522812  6.304610  0.571292  428.203522
288 -22.962790  17.185150   14.228789  0.313744  3.354766      15.247828   1301.987549  175.386826  5.352765  0.451130  385.748718
289 -27.704933   4.057876   18.023766  0.238844  3.839183      15.957870   1770.192139  113.391113  5.961954  0.340921  296.417999
290 -26.654114  -3.801257   16.851168  0.255664  2.022986      15.005554   1269.693604  118.112801  5.759555  0.260675  355.143860
291 -26.675934  -6.639505   19.229259  0.243849  2.837867      15.017092   1338.557739  124.055107  7.082286  0.304114  363.793640
292 -28.986774  -0.634254    5.117008  0.232420  3.215710      15.351635   1803.422607  162.240768  5.850148  0.472723  409.896027
293 -31.620420  -5.936240   19.178139  0.244303  3.422045      15.112863   1305.808716  197.381241  7.034989  0.221901  336.472351
294 -30.935072  10.364050    5.024620  0.301657  2.063218      14.519774   1308.843750   96.043404  5.681886  0.214359  342.738800
295 -15.473097  20.454006   16.951262  0.322410  3.207407      15.416789   1786.478394  206.455978  7.094187  0.597517  351.641327
296 -25.254843  11.113577   21.202969  0.276876  3.673840      14.674825   1389.365601  201.714188  6.856288  0.329731  309.725616
297 -26.891699 -10.369411   21.036713  0.246408  2.512882      15.065422   1661.582153  168.506424  6.529550  0.431244  413.705383
298 -15.808975  12.286866    6.938065  0.306514  2.387518      15.815135   1512.218628  122.924583  6.702427  0.612742  426.668610
299 -28.478119   1.475452   14.385460  0.254055  2.736394      14.549554   1982.704468  155.439789  7.055508  0.491907  403.514313
300 -30.466784   0.366568    2.560555  0.265892  3.419807      15.212605   1054.931641  220.246552  5.757366  0.201752  410.816345
301 -13.273225   4.654175   11.545949  0.272535  1.617101      15.015030   1340.589966   97.948326  7.341522  0.448068  378.230621
302 -20.310696  22.817932   15.341829  0.324421  3.658922      14.727292   1263.721313  185.742783  6.567528  0.318866  281.245300
303 -31.916805  -0.610357   13.191021  0.256079  2.332623      14.910438   1539.332397  191.574371  6.120107  0.348636  398.949677
304 -14.231008  20.806156    4.131015  0.328329  3.003963      15.950435    979.638550  120.511665  5.827068  0.239172  325.336487
305 -17.285805   7.984584    8.789237  0.266198  3.033491      14.516412   1659.933838  276.047791  7.229954  0.680073  428.250824
306 -29.875055  -2.127114   16.745483  0.255649  2.080441      15.307828   1964.458984  150.957825  6.001827  0.527813  432.470947
307 -21.304646  14.993798   19.699924  0.301798  3.850975      14.689953   1150.486694  214.465759  7.135198  0.479720  400.910004
308 -30.900209  -3.637261    7.422806  0.243874  3.602910      14.391359   1778.074585  174.145233  6.089610  0.407262  409.962830
309 -26.086489   5.748000   20.758825  0.270523  3.808017      15.811957   1365.790405  233.661285  5.064590  0.520027  425.777405
310 -30.662649   2.813692    5.049253  0.251508  2.563838      14.133615   1476.872314  232.200699  6.526671  0.395723  439.082428
311 -21.688282  15.463012   23.648340  0.308480  3.363118      15.242543   1866.016479  145.381332  6.753846  0.598667  358.943359
312 -24.602331  14.265097   20.105474  0.291576  3.790410      14.347195   1799.566162  207.133698  5.442497  0.492911  342.500946
313 -23.050755  18.558105   15.636077  0.338940  3.040447      14.837958   1317.360474  137.254044  6.177774  0.444183  386.087921
314 -34.602959  -5.178269    8.172958  0.251400  1.289966      14.174603   1558.249023  137.269089  6.477093  0.341179  446.432526
315 -29.971972  -0.484561   28.932186  0.245238  3.778838      15.684608   1689.315552  265.279205  6.732505  0.314402  292.422577
316 -26.349558   0.245731   22.493645  0.265345  3.565409      15.206676   1882.278687  118.209717  5.819530  0.659295  446.556091
317 -25.301603 -10.324100   12.227091  0.277794  3.277225      14.367921   1050.080933  191.245132  5.335519  0.270961  446.616058
318 -31.980282  -6.237962    9.632756  0.243682  3.761432      14.842034   1248.931519  193.318863  6.298104  0.262612  408.046173
319 -28.534042  -0.711322   15.388227  0.264584  2.787546      15.164907   1151.360107  156.251556  6.663286  0.352359  446.072235
320 -31.767435   2.267398   18.282965  0.282701  3.580935      14.035267   1086.322510  225.470428  5.028335  0.230875  423.282288
321 -31.451256  -9.555724   16.457685  0.229404  2.792424      15.242037   1888.967041  237.168015  5.625885  0.385938  392.517670
322 -22.062153   7.816019   23.535160  0.288446  3.522024      14.578003   1828.475708  203.540573  5.962058  0.705795  426.065063
323 -31.135147   4.025703   14.142241  0.238475  3.461377      15.075541   1779.087402  108.014420  6.234615  0.318191  312.558777
324 -36.265095   1.576200   11.749033  0.254418  2.753994      15.622158   1604.583374  243.590408  5.912351  0.326207  415.090454
325 -34.250809  -5.926569   24.610176  0.248834  3.289368      14.920909   1353.172485  210.990005  6.656102  0.212364  334.493896
326 -30.104074   2.684462   17.873955  0.259271  2.458526      14.762881   1874.060791  255.331192  7.774266  0.293126  279.448975
327 -22.465267  -1.586377   11.974592  0.239091  2.500124      15.917385   1675.355347  127.381134  5.454380  0.451891  372.251770
328 -35.189293  -9.785569   22.416504  0.253404  2.444702      15.617106   1864.176392  193.930679  5.409658  0.405406  447.909943
329 -15.074126   8.656609   10.000108  0.305097  1.771479      14.048990   1395.926270  117.406204  6.251473  0.496224  408.423859
330 -21.726017  -2.054543   24.273012  0.240481  1.994299      15.922649   1916.911621  127.256516  6.459191  0.422303  313.991577
331 -25.232798   9.316959   24.152508  0.288837  3.979440      15.529408   1726.051147  237.081619  6.045561  0.706677  430.627228
332 -31.388899   6.730527   25.173878  0.302766  3.430073      15.447698   1983.322998  125.290596  6.085703  0.671601  449.164307
333 -29.050190   4.582534   16.915232  0.282440  2.627867      15.526062   1580.777710  168.477554  7.086072  0.429410  402.867279
334 -31.652365  -2.167260   10.297979  0.255753  2.765267      14.296955   1336.088867  187.607025  5.755919  0.288766  415.323151
335 -28.992250  10.609715   17.647463  0.304157  3.355516      15.911325   1454.847900  189.697388  6.738314  0.462042  416.192230
336 -30.174379  -3.778996   19.566656  0.263792  3.898076      15.250774   1029.719360  258.929657  8.104875  0.257324  447.264191
337 -22.563677  15.206915    9.156208  0.293814  3.671024      14.646955   1738.743042  170.893295  6.163249  0.768817  447.855316
338 -30.861387  -0.031685   18.622553  0.245873  3.841022      14.831982   1714.845093  284.744354  6.124361  0.364098  358.424072
339 -15.968473  17.200602   13.641173  0.323422  2.890373      15.960879   1456.238281  122.182854  6.475658  0.718765  426.472107
340 -22.427416  10.126665   14.964160  0.277725  2.859932      14.193733   1921.312378  125.934677  6.574542  0.444805  332.180267
341 -21.479542  11.292688   29.072544  0.301393  3.733207      15.129407   1731.641846  200.237900  6.085729  0.881679  440.562897
342 -26.271917   1.571739   15.677958  0.271306  1.836186      15.689960   1593.103760  137.958237  6.618268  0.402329  377.858368
343 -15.362957   6.014590   16.606195  0.305927  1.473330      14.111415   1903.604980   56.898621  6.602985  0.637583  416.409607
344 -30.664268 -15.364206   25.980227  0.252592  1.708929      15.947352   1309.743408  174.501038  5.423977  0.311225  447.184357
345 -31.002518  -6.014601   16.524572  0.251464  3.709734      14.072190   1456.066162  279.899811  5.792095  0.324989  412.327576
346 -25.078482  -5.208479   20.165861  0.248725  3.069921      14.880164   1633.238403  282.782349  6.047864  0.464558  404.377228
347 -21.654417   1.120498   15.903393  0.289874  1.487647      14.998750   1077.922607  115.481537  7.286336  0.256345  373.911346
348 -21.138338  -1.049094   11.693572  0.264347  1.132847      14.674604   1964.063843  161.533630  8.829661  0.682054  436.846924
349 -31.904646 -20.984627    9.771542  0.260107  3.554697      14.553995   1784.387573  227.334091  6.114705  0.351535  409.507050
350 -31.772957   0.613828   14.059860  0.263320  3.241088      15.174233   1604.720459  206.729263  6.589606  0.440526  441.183868
351 -36.076660 -14.951698   13.855480  0.236826  3.326603      14.992640   1689.284668  270.699036  6.368013  0.245722  365.759918
352 -14.708879  18.242184   19.609617  0.298524  3.838790      15.134443   1101.515625  231.645508  5.998755  0.528398  393.713806
353 -31.652323  10.179820   17.892227  0.332261  2.698492      14.930381   1233.187012  125.933548  5.830998  0.363117  448.193359
354 -24.780687  13.960487   24.985884  0.331600  3.125828      15.633214   1655.237427  218.908371  5.418818  0.726396  434.736572
355 -41.681934 -16.191229   14.667312  0.240351  2.107880      14.496223   1680.831055  219.961563  5.928436  0.206172  415.544281
356 -31.138357 -13.828184   19.144554  0.233669  2.874775      14.992937   1489.876831  273.109192  7.684488  0.323816  410.664429
357 -24.223507   3.971222   29.088480  0.284457  2.947815      14.384715   1788.935669  191.179825  7.772513  0.541809  387.833862
358 -29.763676   2.980399   19.606709  0.270572  3.602187      14.926658   1763.701782  297.158508  5.507279  0.505944  420.577148
359 -26.380140  18.202457    7.630584  0.299306  3.932392      14.169067   1834.046021  235.523361  5.193801  0.616654  429.443237
360 -19.570562  -2.354736   27.505581  0.256703  3.060716      14.721117   1757.180420  176.384674  7.292332  0.621540  416.700684
361 -25.401411   8.959907    8.825842  0.283026  2.796989      14.015336   1854.520508  138.794601  6.908606  0.605998  444.416504
362 -24.468428  -4.442302   16.566339  0.240679  2.758541      14.907726   1869.945435  264.391754  5.980998  0.563438  415.736572
363 -14.066090   4.526740   13.719088  0.271021  1.887628      15.204144   1338.832886  197.150986  8.892454  0.382837  350.847748
364 -18.910818   9.199404   21.130545  0.269346  3.883274      15.116378   1275.617798  230.928940  6.787254  0.352135  325.738922
365 -32.159454   5.167313   21.606691  0.295335  3.936301      15.201883   1114.830566  193.476654  6.304944  0.256023  405.242004
366 -17.615166   1.852307   17.381281  0.263456  3.074941      15.853310   1687.877197  158.664825  6.724087  0.739391  435.911652
367 -35.138031  -7.526853   22.428370  0.252291  3.046530      14.319819   1516.245605  145.466354  5.692518  0.291426  403.754211
368 -26.067612   9.279874   18.860643  0.267960  3.582282      14.896223   1926.204590  160.316696  6.968785  0.419350  316.095581
369 -20.715569   4.728992    0.498673  0.263324  2.025099      14.274634   1264.253174  167.539276  6.470001  0.458697  430.830414
370 -38.246113  -7.658972  358.823486  0.245235  3.699523      15.471209   1662.850098  229.197113  6.476974  0.320503  434.705688
371 -32.078358  -5.782297    5.220125  0.257778  1.992690      14.964567   1434.918213  145.521805  5.336410  0.337088  434.378357
372 -16.598158  17.858231   22.628849  0.316584  3.670262      14.354727    922.874268  206.923294  7.518826  0.297902  360.873535
373 -24.983051  11.216172   23.954508  0.296353  3.567404      15.577836   1218.326294  219.034424  6.657905  0.281691  310.862396
374 -23.157763  11.478933   11.588281  0.290494  3.187762      14.637993   1233.645264  130.424438  7.059259  0.488222  435.197144
375 -30.051643 -15.270897   16.340275  0.247377  3.297070      15.017767   1382.142456  290.589325  6.462888  0.265642  389.418030
376 -19.820950  21.740612   20.266714  0.344437  3.606987      15.706369    946.972717  156.236496  6.344136  0.322638  369.942047
377 -24.971399  15.436002   19.521996  0.289207  3.791860      14.035845   1748.416870  153.970367  5.081816  0.466469  332.387756
378 -25.667942   6.672988   17.154329  0.280031  2.988872      14.309831   1780.154785  207.210587  7.869897  0.435519  364.990967
379 -26.818792   1.236986   17.322060  0.262977  2.591122      15.295713   1461.085205  121.719505  5.877428  0.357924  371.291901
380 -27.280218  15.342039   20.050703  0.303220  3.546645      15.487360   1869.489380  169.276108  5.970043  0.378366  282.633942
381 -25.099445 -12.380033   18.152451  0.217804  2.610902      14.565681   1691.259521  162.681168  6.892291  0.279079  271.263550
382 -39.459736 -14.041859   15.533513  0.222806  2.877404      15.794672   1790.051880  177.802979  6.836875  0.214158  345.816284
383 -20.046122   3.589471   10.755049  0.247146  2.744762      15.015360   1672.956055  116.965080  7.202252  0.401237  330.035522
384 -17.737625   6.125836   24.276615  0.276729  3.009744      15.309902   1645.695190  140.183640  7.509696  0.614797  403.225769
385 -29.120649   0.322165   20.628538  0.276611  3.065815      14.331676   1271.891968  177.245621  5.971129  0.270720  370.428131
386 -19.746403   5.670218   14.528043  0.296003  1.783211      15.016564   1310.351807   84.773872  7.477734  0.433510  408.705597
387 -31.843315   0.290834   20.348732  0.271690  2.316667      15.063980   1680.196533  110.343872  6.744253  0.307834  340.155914
388 -17.191984  13.523203   17.824383  0.344707  2.255090      14.731285   1210.555054   90.136482  6.218425  0.407020  404.759094
389 -23.823011   9.231104   31.639992  0.307606  3.833009      14.405742    954.470703  164.421616  6.807951  0.383004  417.949982
390 -36.243290  -5.000299   20.498846  0.245857  3.553971      15.027965   1745.737183  241.301071  5.498980  0.306474  382.141052
391 -28.074587   2.102378   28.763678  0.275806  3.802176      14.239292   1616.935059  290.370178  6.376658  0.526320  416.202820
392 -26.098936   2.491240   15.127424  0.254829  3.577364      15.641801   1660.917236  243.972992  6.986226  0.508325  413.914764
393 -20.976133  19.765520   14.648954  0.315829  3.885489      15.095544   1166.018433  192.425262  6.257773  0.389430  359.456787
394 -25.413187   1.248412   29.597668  0.267140  3.739321      15.750023   1316.891235  211.704971  6.816952  0.443824  398.596222
395 -28.000587   2.184686   13.297458  0.256915  3.751138      14.279045   1447.428101  158.175323  7.107758  0.348722  385.327057
396 -16.625181  17.838657   28.804752  0.326897  3.198519      15.883911   1822.481445  195.322861  6.996071  0.877975  412.818146
397 -24.955236  -4.903096   20.208673  0.255970  3.818412      15.178849   1810.860840  205.400162  6.479544  0.619800  447.638428
398 -17.030146 -11.551670   21.866762  0.237130  2.789116      15.944056   1977.947021  219.140518  6.711061  0.524305  363.737946
399 -37.459057   8.693567   16.890303  0.284166  3.755974      15.140899   1757.406128  231.584290  5.932287  0.270001  326.539154
400 -27.813864   3.397636   15.268840  0.292767  2.274622      15.081963   1248.113281  135.567139  7.347004  0.371850  444.908813
401 -16.153202   2.857676   26.092041  0.288058  1.701089      14.367701   1459.632568  129.717346  7.272895  0.346262  327.408905
402 -27.457773 -16.607147   20.857580  0.225176  3.315503      14.410947   1696.249512  125.426743  6.496782  0.288827  323.764587
403 -16.884096  21.524607   13.332395  0.323063  3.330267      15.547629   1801.041382  175.258301  6.065936  0.604189  354.132172
404 -24.737804   5.740036   10.504065  0.271286  2.920223      15.110958   1803.593506  144.283325  6.278596  0.642307  447.079498
405 -25.345209   5.342475    5.050690  0.240117  2.511925      15.552783   1691.748779  235.777695  7.290702  0.319244  298.486328
406 -29.989822  -3.279765   11.772292  0.232219  3.193316      14.974945   1792.874268  232.682968  7.056598  0.378748  369.393768
407 -23.026047  -2.330139   22.275799  0.263306  3.078040      14.050385   1104.838013  182.287003  6.528363  0.250533  367.635040
408 -16.752523  15.313002   15.609823  0.302218  3.209215      15.465816   1250.274902  151.837784  7.560450  0.345749  321.976410
409 -22.567440   2.325145   20.098459  0.274021  2.146699      14.649425   1799.023804  121.648178  6.751609  0.534487  400.253265
410 -34.954582   5.363077    9.608316  0.262002  3.522724      14.471479   1836.571655  267.837646  7.371876  0.394805  425.463409
411 -32.123775  10.470928   15.185148  0.286158  3.566549      15.177386   1444.015503   97.548256  5.831450  0.360843  394.395264
412 -30.613567  -6.154640   21.554304  0.262057  2.279304      14.878671   1267.533936  133.580688  6.030939  0.316207  431.776611
413 -31.486090  -1.847965   21.206287  0.267744  2.952262      14.492563   1326.557373  271.930511  6.995893  0.302153  401.211884
414 -32.086418  -8.790077   24.821648  0.228733  3.694824      14.988383   1826.503662  198.976151  6.280828  0.369809  377.155823
415 -32.022572  10.560965   10.493077  0.272344  3.322681      15.084252   1533.290771  118.532120  5.488300  0.315505  359.955780
416 -29.039392   3.425936   17.110266  0.276502  3.881728      14.761338   1146.004028  226.577499  7.395611  0.334671  431.847534
417 -33.212475   4.133530   29.657587  0.275749  3.873477      15.183695   1956.291138  208.827026  5.983017  0.401802  327.008057
418 -31.391199  -3.017487   13.693566  0.245022  3.015144      15.086014   1308.265259  237.239227  6.547553  0.226835  337.302032
419 -25.042177  -0.501509    5.520299  0.253581  1.388483      14.343290   1368.027588   98.641220  5.013462  0.342805  380.107178
420 -17.291357  18.444817    7.860062  0.298253  3.777989      14.411387   1899.228760  163.707443  5.201657  0.713239  401.908600
421 -13.653590  20.125998   24.157547  0.329285  3.528301      15.695755   1031.040283  160.422195  7.374579  0.436721  383.789368
422 -30.701675   5.502614   15.597834  0.275261  2.701740      14.421968   1667.798950  154.104355  6.025992  0.336860  349.593140
423 -36.645912 -15.123771   22.459654  0.255275  2.891502      15.729673   1461.124146  263.497162  6.443938  0.255443  448.291351
424 -23.860266  -3.883617   14.402441  0.233214  2.021361      14.604373   1875.418945  222.678619  7.692447  0.430852  351.573944
425 -34.861237 -16.154867   21.955664  0.225079  2.575161      14.436330   1895.834961  167.258240  5.842249  0.273329  362.524475
426 -26.227203   5.549614   15.048031  0.264390  3.196454      15.083533   1930.361206  168.652039  5.718739  0.461287  363.535309
427 -27.546970   8.800114   15.333054  0.282191  3.613911      14.962976   1737.849365  178.259277  6.222739  0.582879  428.719727
428 -23.352222   8.100587    0.330221  0.269707  2.541098      14.573403   1388.283813  159.798111  7.378151  0.450809  429.326996
429 -12.510310  10.409997   11.320575  0.319708  1.828668      15.872278   1774.358398  182.486710  6.767732  0.805313  448.382812
430 -24.601835  22.322105   16.682365  0.333461  3.859848      15.606721   1190.971680  121.469597  6.631781  0.386212  350.573273
431 -31.375685   5.573113   12.275193  0.286574  2.861889      15.770747   1255.661377  179.612885  6.409526  0.336519  439.790955
432 -26.087278   9.417186   19.665098  0.284281  3.899539      14.342220   1569.842773  115.821060  5.914326  0.619528  430.317993
433 -30.280426   6.239179    7.239861  0.246793  3.690303      15.365907   1791.284546  140.579086  6.320025  0.483232  416.899902
434 -29.062508   2.792110   17.281067  0.264401  2.696744      15.468551   1716.086426  152.704742  7.153048  0.443206  393.330261
435 -17.453554  24.002583    9.726633  0.326750  3.894804      14.827878   1555.100708   86.745979  6.483705  0.746982  413.002075
436 -24.311930  12.571780   16.324791  0.301956  3.088944      14.596122   1750.796265  143.379883  6.219069  0.633419  424.817688
437 -24.258429  -4.489228   21.943886  0.239498  3.595101      15.456200   1774.110474  232.238998  6.631413  0.539009  400.943512
438 -30.126982  20.105547   12.605408  0.326619  3.786820      14.912300   1962.715454   67.549408  6.047168  0.629559  432.072449
439 -26.447159   9.192335   15.914276  0.286179  3.170961      14.544168   1483.323853   63.184982  6.723654  0.563877  442.919159
440 -32.542667 -15.414428   12.338627  0.261571  1.986116      14.451104   1627.817383  130.927750  6.166760  0.253126  363.217957
441 -30.582630 -17.940664   19.624376  0.235240  3.475851      15.850603   1917.551025  148.763168  5.699280  0.395288  411.852661
442 -31.280699  -2.175308   18.015772  0.273253  3.113008      15.350583   1138.065063  206.596115  6.945234  0.236994  416.167908
443 -19.132427  13.237132   16.112530  0.284120  2.866137      14.424999   1970.857300  140.970123  7.165566  0.397060  276.842987
444 -25.455561  17.480871    6.503487  0.318020  2.811291      15.133112   1833.071289   97.933502  6.287745  0.411098  353.692993
445 -18.588011   8.361825   24.329231  0.301346  2.952894      15.832143   1386.014038  143.197556  6.179840  0.674509  438.173981
446 -21.481964  20.033962    2.136017  0.306904  3.127989      15.269294   1368.247925  119.862129  5.925802  0.398652  372.877594
447 -21.042467  13.569349   18.792719  0.298606  3.697144      15.625271   1246.107666  194.889206  6.903789  0.475581  396.576599
448 -14.355852  14.932280   11.159545  0.321584  2.590268      14.481848    984.965759  123.652771  6.817098  0.216844  330.965912
449 -28.373501  -0.098461   22.902086  0.263500  2.920778      15.796159   1802.997437  208.517944  6.542681  0.565586  427.433350
450 -33.467850  -5.383917   17.363998  0.251310  3.795309      15.049239   1559.462158  178.898499  6.237948  0.308454  396.596649
451 -23.894007  -3.860590   22.911705  0.256368  3.242243      14.296515   1438.556274  220.530960  6.812444  0.461920  420.034485
452 -19.229324  -8.752143   22.147528  0.234621  1.851644      15.246971   1519.079712  122.676010  5.746629  0.318613  300.901093
453 -22.119688  12.181297   17.864315  0.302468  3.714425      14.805182    929.228271  179.746048  6.670741  0.235649  368.435486
454 -34.470146   2.270744    9.758179  0.243253  3.620235      14.939833   1753.227295  211.493698  6.821002  0.391302  421.246613
455 -39.964500   8.407363   18.038120  0.292586  3.952836      15.980849   1431.490479  186.575531  5.785691  0.290671  420.149628
456 -37.605202   1.279511   16.074709  0.254906  3.828471      14.891402   1536.970459  216.303116  6.187066  0.220321  333.147949
457 -33.577347   4.728130   15.281846  0.301697  2.076466      14.713168   1841.981934  126.322762  7.344161  0.320956  360.202606
458 -24.137558  10.540714   10.296799  0.293163  2.928326      14.736771   1058.096802  149.455170  5.718481  0.240805  362.875427
459 -23.491207   9.261341   17.122793  0.287644  3.267600      15.805387   1166.537231  289.458557  7.218522  0.297404  347.408081
460 -28.067699   4.159029    9.533016  0.259003  2.683782      14.236719   1486.275757  164.100800  7.228488  0.369121  385.221863
461 -30.274675   4.899949   33.307194  0.298990  3.797406      14.584891   1209.843384  163.125595  6.326601  0.288720  347.135010
462 -18.825726  24.762697   11.771439  0.336290  3.979674      14.701739   1180.380981   99.607086  6.366035  0.459313  373.625519
463 -33.588402   8.009445   14.675634  0.268376  3.741905      15.540146   1419.867554   97.277817  6.281489  0.285789  358.432648
464 -21.225599  23.827469   20.463026  0.323444  3.762303      15.188467   1584.922485  176.569412  5.427960  0.384280  254.665009
465 -23.173571   0.964637   21.514793  0.270814  2.910037      15.721973   1337.652344  164.419571  7.570943  0.565127  449.654266
466 -36.751812   1.089980   11.139462  0.239672  3.822536      15.339119   1494.312988  164.928391  6.251559  0.221722  341.207886
467 -30.185640   4.711114   16.733166  0.266179  3.134818      14.797310   1728.980225   88.860924  7.053796  0.334867  336.124115
468 -29.255512   1.290344   17.353086  0.277088  2.337258      15.895391   1417.704102  127.353676  6.960328  0.375498  413.395081
469 -29.642166   1.697065   13.942688  0.259758  2.891150      14.239883   1667.787964  118.322609  6.629390  0.506602  444.627350
470 -39.437004 -14.689426    6.875455  0.249691  3.614844      15.180298   1715.787598  298.323792  6.130545  0.282855  443.308258
471 -30.992504   1.030291   20.880617  0.255731  3.069899      14.391112   1658.015991  195.843399  7.319411  0.295706  317.080780
472 -19.869970   4.839025   26.766251  0.296937  2.538349      14.792144   1015.466431  147.289825  8.171042  0.252542  363.209320
473 -23.251972  20.658901   17.256025  0.335731  3.563045      14.621940   1724.148193  134.583023  6.297587  0.705653  410.186188
474 -26.912413   7.939032   18.610321  0.288523  3.903866      15.339710   1283.009399  228.477570  6.303615  0.454941  431.849060
475 -26.094393   5.734628   12.970590  0.280868  2.971454      14.689512   1353.303833  174.775436  7.378673  0.483805  448.402588
476 -22.529261  -2.755574   21.563282  0.256161  1.947548      14.963489   1908.839233  184.707779  7.884505  0.475335  366.936218
477 -24.662800   0.286766   19.446630  0.298265  1.955990      14.116937   1110.385498  172.942444  7.421000  0.316829  437.151764
478 -29.985786  15.852361   11.237031  0.272753  3.965863      15.615385   1961.257812  197.331772  6.286868  0.428151  340.141846
479 -29.669577  -0.185853   13.619063  0.254857  2.627855      15.527904   1911.202515  277.697418  7.124800  0.521379  425.717804
480 -28.960808   3.095489   18.394230  0.282562  2.447405      15.162818   1900.460205  233.717392  7.220584  0.503484  414.497803
481 -17.584265  15.750484   15.444876  0.348767  2.257832      15.744957   1662.236084   55.520332  5.151664  0.507033  377.212616
482 -35.184174  10.855727   12.523805  0.298108  3.077800      15.050288   1889.106445  172.711014  5.994761  0.430026  429.072052
483 -25.039288  11.888482   30.356003  0.301275  3.853692      15.370859   1798.338013  116.379623  5.718270  0.630286  373.703827
484 -33.059494  12.391199   10.815227  0.306906  2.810664      14.745247   1482.159302   66.975647  6.353408  0.245741  339.644287
485 -26.914938   1.155773   16.449129  0.244843  2.222126      15.778476   1759.866089  147.548325  7.591760  0.308724  279.129028
486 -30.029753   7.549503   15.717882  0.276315  3.403380      15.851408   1445.177979  220.318756  7.292264  0.295536  339.633240
487 -20.648130   6.156730   15.274896  0.292627  2.066008      14.822162   1642.624023   86.843567  7.587683  0.575794  425.320221
488 -35.461655   0.385847   22.807789  0.266056  3.899506      15.294803   1418.122314  222.109344  6.474384  0.305284  401.361603
489 -25.692739 -16.427792   30.048592  0.257950  2.366889      14.079585   1089.051392  150.664215  6.330929  0.225430  414.366302
490 -27.524300   1.239295   14.745883  0.250224  3.233060      14.109324   1853.548584  247.112640  7.365331  0.389700  351.601654
491 -27.935520  11.473918   16.640099  0.289810  2.894068      15.026407   1925.794067  112.740295  6.323043  0.318790  267.409698
492 -20.250910  -3.922041   22.686741  0.235104  1.542909      14.075768   1972.919556   80.269440  7.217686  0.450752  330.319763
493 -37.237129   2.166759   12.159600  0.260642  2.858598      14.557022   1493.935547  231.188034  5.416984  0.216544  351.833618
494 -28.425034   3.894628   15.611979  0.273131  2.926262      14.056834   1826.061523  203.092880  6.554224  0.518551  428.557831
495 -18.427847   2.932574   19.770136  0.248251  2.608877      15.592709   1864.945312  137.573288  7.975161  0.434210  312.155701
496 -27.286186  -8.056479   23.633944  0.239081  1.870942      15.296253   1669.753662  178.849258  6.496016  0.420378  390.868042
497 -28.243887   2.812392   17.364058  0.244686  3.465165      14.577402   1490.238037  240.689178  5.317551  0.238364  258.878754
498 -25.399771   7.905478   24.929422  0.315141  3.377218      15.736388    892.408386  227.541687  6.161391  0.257852  424.824677
499 -19.610390  16.993820   20.168991  0.308823  3.667774      14.091958   1671.625732  189.991333  5.807731  0.662311  394.920349
500 -25.413864  14.632029    4.464619  0.288880  3.931081      15.155165   1255.320312  116.067223  5.936844  0.366573  405.840546
501 -39.407753 -16.826000   18.957706  0.227506  2.791493      14.285598   1803.804321  246.170029  6.286737  0.255919  420.071442
502 -18.709892   8.519525    8.424868  0.263130  2.251820      14.937608   1607.911621  115.514671  7.486209  0.370896  311.608612
503 -28.311867   6.679900   10.032861  0.273491  2.266640      15.058784   1973.076416  126.064384  7.447813  0.360257  327.434753
504 -23.525202  -1.215735   13.325511  0.233549  2.188005      14.854684   1760.976440  238.500870  5.030969  0.405782  338.515533
505 -29.911459   4.868034   24.979763  0.253716  3.944162      15.438089   1663.428467  159.650101  5.483064  0.304167  276.561096
506 -32.241913   0.739646    8.762730  0.263361  2.514637      15.933426   1380.973511  250.871262  6.226723  0.332203  430.807251
507 -18.901007   4.088524   18.184261  0.269429  3.829673      15.560257   1514.645020  224.618240  7.042378  0.630707  427.933960
508 -26.028494  18.309437   20.861259  0.327870  3.849874      15.629065   1466.659790  139.714508  5.260678  0.709494  428.080322
509 -26.169439   2.250939   10.750019  0.225544  3.359427      15.995329   1924.121826  238.444275  5.853511  0.337297  281.518677
510 -18.082270   9.901446   13.805684  0.279488  3.577926      15.110176   1471.866455  272.790070  6.660652  0.609242  418.127716
511 -33.546223  -3.478778   14.001456  0.244730  2.212250      14.541653   1619.656494  234.452148  8.111069  0.303309  376.615417