           lon        lat         inc      D1AU     delta  launch radius  launch speed    t factor      B1AU     gamma         vsw
0   -63.572971   6.363768  351.441162  0.273120  3.664886      11.565763   1219.939575 -113.922295  5.482224  0.451221  334.830353
1   -51.002583  16.402834  339.565582  0.289863  3.415791       6.841668   1125.256836 -148.325333  5.351859  1.217377  318.347748
2   -59.307678  10.525121  357.282349  0.309807  3.439626       9.505787   1508.883179 -107.218979  5.877756  1.134567  289.753662
3   -60.749691  13.210926  346.597900  0.284836  4.279906      11.795621   1206.500366  -97.798332  5.499185  1.193833  420.826111
4   -58.232346 -18.954447  358.512146  0.289601  4.067672      10.822527   1387.798706   72.621750  6.311984  1.729411  368.063568
5   -64.489578  10.478123  359.505402  0.321622  2.590033      12.874947   1137.885742 -216.192490  5.340514  0.624983  471.625549
6   -63.773979   7.599931  355.870422  0.342532  2.674589      10.987133   1212.052368 -106.300529  5.451004  0.741788  565.056091
7   -53.377136  33.534866  338.009735  0.274370  5.519574      14.864677    847.048828    9.694285  5.850812  1.540980  404.787628
8   -59.141338  19.692331  350.747528  0.270299  1.693665      11.825875   1534.093872  167.278885  5.421695  1.763713  358.040283
9   -56.373650   7.977154  345.936249  0.313006  4.203299      11.598357    769.026062 -203.755676  6.073452  0.603240  280.318573
10  -59.459137  -6.252874  356.301514  0.298221  3.970025      11.881405   1002.976746 -231.867355  5.034018  1.921852  501.562714
11  -61.243477  17.528244  351.677032  0.271635  4.693314      11.910060   1395.082031  -70.278709  5.371152  1.733284  487.462433
12  -55.943192  27.106964  345.411743  0.233992  3.914985      11.755271    994.544067  -26.049234  5.045703  1.129604  445.743927
13  -55.743584   1.946853  345.825317  0.279900  5.933315       8.261505   1279.531982  -53.438286  6.155726  0.930788  134.930878
14  -65.472870  11.081191  353.644135  0.252660  4.026736      14.206332   1611.628174  -66.949272  5.430007  1.669707  554.355042
15  -59.813740   0.282201  349.975281  0.344005  2.165719      12.445082   1562.513794 -113.257339  5.875746  1.242850  187.085281
16  -61.738209  26.035385  341.795624  0.337620  2.107808       6.783218   1602.122559 -204.444000  6.046666  1.411882  787.058472
17  -67.239464  -4.490180  352.780609  0.338020  4.054275      14.284144   1639.224487 -120.934082  5.667595  1.277464  505.749146
18  -55.033264  22.307211  338.529968  0.328026  2.374263      10.153592    882.780334 -184.667175  5.968360  1.684859  572.328796
19  -60.930508  21.438904  347.617126  0.327113  4.879217      14.373493    825.855530 -177.017181  5.320242  0.470538  643.117981
20  -51.853401  15.403337  346.377075  0.293029  1.647561       7.045477   1036.515137 -169.496140  5.172355  1.591809  459.191833
21  -63.047543   9.350518  350.275421  0.349448  2.234382      10.266585   1422.405884 -218.556427  5.819045  1.738110  691.305847
22  -59.655910   2.374190  350.417938  0.334463  3.034117      11.475888   1108.933228  -59.303234  6.087166  0.770789  294.545654
23  -57.412354  18.813690  346.751923  0.284506  1.955993      13.510056    791.434814  -75.961327  6.728894  0.705866  415.872864
24  -56.075253  -1.495299  353.488831  0.345621  4.210317       9.302752    953.512939 -170.099701  5.682299  1.959217  514.851318
25  -64.398643  24.296957  349.506073  0.248100  2.443617      11.772938   1282.381226  -30.283121  5.427058  0.359612  510.337372
26  -63.599751  11.270135  350.978302  0.344769  1.335578      10.938526   1508.170898  110.992516  5.186933  1.533520  635.661926
27  -60.095474  -8.862891  353.774933  0.323400  4.734788       7.867786   1045.803955  -51.564339  5.486094  1.204736  714.080566
28  -48.858742  20.786018  342.669647  0.323649  1.976718      13.544018    413.289337 -126.657936  6.402168  1.413442  714.859131
29  -61.996716  -3.220472  353.195984  0.308609  4.735449      11.948192    967.267517  -79.630127  5.677626  0.514753  467.130615
30  -60.861454  23.655262  349.042145  0.312108  5.568570       8.292918   1355.786011  -66.519203  5.813568  0.463624  511.040802
31  -66.367996  10.797275  352.979858  0.282059  3.580880      10.725652   1565.922607 -194.121765  5.995186  0.519627  361.510834
32  -58.815647  -0.377614  351.845490  0.318788  4.025016       7.675185   1096.821777 -194.610519  6.020168  0.361047  209.215057
33  -66.014854  21.970108  354.502472  0.322387  3.611045      12.655335   1253.552734  -75.375771  5.666557  0.213325  727.982788
34  -60.678925  19.410486  346.039612  0.304702  4.427527       9.516953   1366.790283  -85.884567  5.312325  1.256246  610.704285
35  -60.579220  11.189300  350.636475  0.236125  1.820906      12.591806   1531.571899 -201.005722  5.513957  1.327309  212.131165
36  -62.731979  17.270073  349.185303  0.251820  5.053784      12.829986   1468.350342 -229.086807  5.274335  1.382560  471.953094
37  -62.226101  11.365359  351.899384  0.337731  3.688619      12.226151   1254.285767  -68.741913  6.472950  1.876577  601.492126
38  -65.429634  16.886786  347.080994  0.325822  3.051399      13.760984   1348.027344  128.022980  5.604959  0.896693  639.024719
39  -65.803841  11.703712  355.121094  0.265674  2.213624       7.714849   1690.753540 -193.409958  5.073618  0.471771  371.919067
40  -54.693756  31.890326  345.088837  0.300155  2.393968      13.339929    915.399170 -213.177567  5.770930  0.370561  166.041626
41  -59.531075   0.112522  352.952820  0.282132  5.225076      11.951507    784.888672  120.450325  5.807729  0.441277  780.879639
42  -50.257439  12.777225  344.780334  0.295785  1.540897      11.476107    686.112427 -166.844986  7.135674  0.578352  144.340149
43  -56.071323  42.154503  348.677246  0.297903  5.579590      10.159534   1585.213379  -26.691614  5.065935  0.581916  245.413666
44  -64.467972  12.342376  358.505157  0.307448  3.782741      11.564165   1188.447144 -149.605637  6.123557  1.250217  739.532593
45  -64.864265  -1.284334  359.306763  0.243689  5.177277      13.639196   1052.223511 -188.023987  5.147373  0.525850  561.596069
46  -60.929417  33.682022  340.485962  0.274751  4.535937      13.329738   1252.866699   -9.348010  5.282553  0.620036  571.115662
47  -61.327724  29.786343  348.108215  0.238562  3.377249      13.329654   1675.573853  -70.658783  5.891476  0.843109  184.333588
48  -43.934288  46.311939  335.395935  0.338361  5.537371       9.296287   1591.253906    5.539504  5.451546  1.315133  315.402252
49  -55.552498  28.901089  344.615875  0.320995  1.788910       8.546079   1111.762207 -135.927292  5.404864  0.308858  201.459320
50  -57.792580   9.102889  353.197723  0.346647  5.905324       9.958693    829.515137 -231.570999  5.457691  0.308392  686.665283
51  -53.545673  45.423679  337.707550  0.308759  4.826917      11.300650   1442.098755 -224.852676  6.183194  0.766600  424.248749
52  -52.527264  20.661154  339.154449  0.349761  1.566563      10.176538   1052.897827 -122.834122  5.422843  1.733007  361.926147
53  -57.493690  38.063938  347.970490  0.334911  5.761468       9.527929   1208.425781 -121.158737  5.521624  0.613034  698.408813
54  -62.489609  13.522639  345.965759  0.347239  4.916142       9.411442   1209.516968   62.647373  5.412863  1.674419  741.737793
55  -57.824638  17.126585  350.033905  0.256484  4.186081      14.417765    963.434448  -61.151833  5.618173  1.766089  325.058929
56  -65.779884  18.715246  352.407074  0.270791  5.496933      11.522822   1383.236816  -32.777626  5.374053  0.671922  677.663818
57  -60.026680  19.748425  346.501129  0.312580  4.329966       6.359067   1478.126953 -157.556992  5.506351  0.488642  312.050720
58  -61.049389  17.409609  355.461945  0.318590  3.288805       8.453682   1532.339233   24.526768  5.804609  1.724436  611.494446
59  -53.160183  13.910723  342.515930  0.341891  4.834410       6.045129   1630.891968  -60.829628  5.963799  1.675485  337.001190
60  -61.137810  23.315435  344.235260  0.271740  4.771164       9.153075   1616.213989   89.890419  5.741526  1.713155  576.386780
61  -50.515728  27.509888  347.466949  0.259778  4.808540      14.833203    559.690247   77.036568  6.518272  1.112406  511.877625
62  -54.967869  31.647264  357.294891  0.323609  5.918180       6.081027   1364.164673 -223.919449  5.895711  0.617316  277.727081
63  -61.954746   7.449734  352.913544  0.291995  2.446551      12.671147   1162.697998  -92.258224  5.777828  1.017704  351.810699
64  -60.409481  -5.059361  359.869781  0.336661  5.701944      12.144526    945.443054  -80.573471  5.309640  1.757114  580.479797
65  -65.022659  11.020994  355.512421  0.278400  5.747570      13.863176   1279.188232 -227.181061  5.276926  0.643712  308.195129
66  -64.725990  10.127780  356.666107  0.306697  2.183314      11.770862   1260.076782 -194.040695  5.902718  0.887560  727.065735
67  -53.005428   1.798290  342.358337  0.320004  3.580175       7.551929   1259.401978  -92.230957  5.650170  1.460142  225.543350
68  -54.117371  24.726934  341.992249  0.318573  1.436237      11.072050    930.727539 -233.740433  6.636038  0.876283  331.805511
69  -59.341396  13.722178  349.332672  0.322096  1.362952       8.211008   1509.738525 -191.851608  6.442571  1.870766  589.766907
70  -58.397175  -2.169272  352.851440  0.322728  5.196304       8.145654    988.812805  -99.670090  5.490170  0.264351  424.277924
71  -55.472099  22.619865  353.923615  0.342794  5.145922       7.695922   1037.037964 -114.455383  6.375744  0.614614  395.040100
72  -65.297234  31.326187  345.510071  0.302385  5.904569      12.138151   1569.764282   54.398460  5.383200  0.246396  237.522980
73  -57.724083  10.045985  348.430725  0.274451  3.313673      12.944511    787.467529 -113.593880  5.492166  1.662131  456.689362
74  -59.196568   9.374094  351.248779  0.190123  3.409573      13.115524   1008.656067 -131.947006  6.083128  1.054935  247.966797
75  -65.106911  21.967070  358.616974  0.319415  5.269154      13.801401   1354.518433  -54.041470  5.587457  1.110617  718.010132
76  -61.485435  22.723776  351.255768  0.324151  2.939364       8.872419   1447.359497  -47.603729  6.286337  0.552523  387.884064
77  -63.580055  23.642464  349.581146  0.273090  5.913280      12.108082   1235.069824   60.738144  5.704456  0.388887  537.687744
78  -55.693512   9.064099  348.181610  0.308447  2.809357      10.330159   1051.146729 -172.161026  6.049872  1.292144  305.191742
79  -56.834553  26.541384  337.889160  0.240515  4.929040      11.271662   1437.427734  -63.369965  5.831558  1.154182  254.271942
80  -61.620743  19.810604  350.451324  0.345431  4.158915       9.696758   1246.296997 -120.336929  5.948102  1.237313  714.369934
81  -52.290905  46.978897  341.414368  0.348647  3.886942      11.928494   1200.761597 -212.336853  5.380048  1.549459  767.075134
82  -59.625256  -7.965189  359.776978  0.323981  3.104135      11.505849    977.758423 -213.745392  6.483091  1.366633  537.384827
83  -59.660046  27.324059  342.672577  0.324195  3.522144      11.946007   1120.032104 -146.069855  5.534667  0.955304  637.292664
84  -63.273129  11.440900  352.742981  0.307655  1.920570      14.090812    993.243713  -64.156662  5.148603  0.739157  523.737793
85  -53.657070  35.810608  334.219849  0.254434  5.351529      11.324747   1406.311157  188.582870  6.016975  1.388468  376.092682
86  -59.818211  29.826664  346.360138  0.273509  3.875384      11.197571   1491.207520  -89.828934  6.080729  1.763411  557.203125
87  -65.346313   3.325108  350.359497  0.279188  5.210896      11.611641   1509.836670  226.155655  5.495520  1.107666  534.403870
88  -61.657520  -0.229985  351.323639  0.307047  5.752337      10.105973   1334.945190 -243.350266  5.921120  1.284445  508.552795
89  -54.883675  13.968498  356.205719  0.299076  4.149158      13.557080    696.663086   89.451202  5.714833  0.658546  240.291412
90  -59.580921  16.329180  351.773529  0.290269  3.354215      10.331433   1336.393311   -7.761061  5.528765  0.701152  247.907379
91  -52.060146  20.574900  348.640869  0.291968  4.541736       7.197964   1055.720703  111.273666  5.847107  1.882890  518.816956
92  -61.680584  26.128693  349.831085  0.295529  4.993674      14.938219   1051.921509   90.924652  5.976446  1.323833  600.251587
93  -57.674889   6.663253  356.739838  0.275499  4.864769      12.206201   1118.014404 -180.317276  5.958065  1.690508  324.390717
94  -60.191711   2.869064  351.289856  0.342282  5.267635       9.301469   1147.318481   51.661793  5.224828  0.522403  373.579865
95  -57.557861 -23.826582  358.209900  0.271325  5.801715      13.323202   1357.193848 -133.287247  5.467316  1.526266  198.929779
96  -68.531563  -3.381881  359.041626  0.278386  1.606768      14.340043   1639.225464 -215.376694  5.135956  1.745816  738.646484
97  -58.856449  11.243340  344.920929  0.317837  3.415003      10.509118    988.459534   57.183029  5.465693  1.030188  476.663025
98  -56.541016  20.764166  348.878601  0.284053  1.263648       7.730103   1177.700317    5.603326  5.573127  1.056515  481.519440
99  -57.883919  13.052986  356.716309  0.292314  3.380785       6.498452   1616.573975   15.764447  6.199852  0.989904  284.084412
100 -64.367126   1.083717  359.302155  0.336293  4.497011      11.842650   1053.216553  -41.346321  5.892125  0.464832  665.101929
101 -57.910126   7.946781  348.875824  0.256842  4.067758       9.162172   1392.487671 -120.714577  5.927407  1.220637  275.493774
102 -66.386597   0.287562  355.093872  0.337191  4.550172       7.778528   1672.353027  133.445816  5.902005  0.545896  660.071045
103 -63.756443  11.980300  353.766937  0.334988  3.212587      10.968064   1310.355347  -95.257515  5.578082  0.995459  622.327209
104 -62.249004  13.527813  355.628418  0.320227  3.760412       9.838134   1323.943359 -216.643402  5.802583  1.025982  598.759949
105 -60.324730   1.074073  355.443024  0.321703  3.539914       8.188164   1513.532104  -20.092718  5.663422  1.755687  489.975189
106 -57.923359  -6.961884  356.766357  0.327638  4.826691      12.742890    709.650879   54.138233  6.608418  0.581155  405.225220
107 -58.931759   3.745341  351.885864  0.247910  3.779991      13.394618   1001.716797   -3.932865  5.060362  1.403321  268.934204
108 -54.802246  16.434336  354.172729  0.340093  3.007328      14.630661    558.115906 -234.009766  6.300565  1.182295  717.188904
109 -51.144268  24.183525  349.790344  0.335535  2.866110       8.226665   1341.052490  -17.029587  5.915483  1.306770  229.658463
110 -58.759750  29.080078  345.084442  0.273758  5.406055      12.289029   1125.243042 -103.842690  5.250034  1.440597  564.293701
111 -56.937138  20.042009  354.114685  0.248572  5.579355      13.794209    763.298096 -124.126587  5.848884  0.733767  432.217133
112 -55.668545  22.146992  349.172882  0.267084  2.609492      13.673751    665.099670 -139.060455  5.495791  0.985262  676.162781
113 -56.089279  28.674879  348.588470  0.304959  3.847106      10.097596   1412.734375   -4.313886  5.773688  1.095042  359.410828
114 -52.223045  14.682761  342.843048  0.264838  3.639167      13.468261    547.620178  -36.519985  6.676676  0.599985  370.430634
115 -61.301064  23.268993  349.014862  0.343738  2.429029      11.743165   1219.587769 -174.185196  6.095140  1.190504  659.405212
116 -62.299599   7.987579  354.721344  0.340355  3.282052       8.099381   1174.945190 -209.714981  5.622620  0.545249  730.157288
117 -59.133133  -5.281375  357.458160  0.340428  5.914263      10.781963    827.589722 -187.707520  5.107738  0.232403  648.734619
118 -57.323849  37.206009  346.447449  0.283352  4.996942      11.645617   1675.771240  190.775604  5.432178  1.829785  544.880005
119 -59.682487  16.243349  346.465393  0.269900  3.681100       8.553045   1325.156738 -141.862930  6.063126  1.277498  488.567352
120 -65.139374  21.895960  352.536499  0.329300  3.405565      12.381758   1242.668091  -81.225746  5.393427  0.307808  571.393433
121 -54.796440  33.324314  343.638062  0.329592  5.576206       9.927075   1104.375732  -83.540909  5.348218  1.072758  606.774170
122 -56.347633  -0.683274  353.777100  0.313390  2.583119      12.117674    695.187866 -194.904480  6.301070  1.127166  461.111359
123 -55.681568  32.762112  346.283630  0.324862  3.217354      10.018937   1219.494873   37.122154  6.395400  0.681388  379.852844
124 -61.237282  15.089379  355.566437  0.325062  3.779071      12.871786    973.465942    4.170363  5.215673  0.951743  624.507263
125 -64.333504   7.528131  351.930084  0.303138  4.153303       8.629178   1451.395874 -173.498856  5.150979  0.855206  547.430481
126 -57.986774  28.652769  346.936218  0.325524  3.615525      11.560643   1258.473755   54.427189  5.658317  0.994783  427.449005
127 -58.854134  -1.341208  355.954803  0.293033  5.435784      12.038306    963.902405   90.943169  5.909391  1.426598  446.879883
128 -60.120262   3.460885  353.511536  0.304511  5.530461      12.937732    968.520447 -230.349518  5.882475  1.035843  363.867004
129 -58.166042  28.476923  340.041168  0.292466  2.161278      11.209915   1277.447144 -244.225983  5.527324  0.509281  194.974380
130 -65.439743  26.388557  353.840302  0.304862  4.195320      10.134018   1664.505371  -47.116982  5.260463  0.248956  116.742599
131 -55.834831  21.110306  359.307922  0.318965  5.286953       6.259354   1519.442505 -249.365921  5.673542  1.747568  517.000366
132 -60.158070   0.475527  359.122864  0.312108  2.354338      14.577202    778.068726 -235.501236  5.344659  1.174489  545.418457
133 -54.246696   3.561864  355.783783  0.338100  2.567123       9.983439   1006.207703  -28.610329  5.615790  1.020133  236.257599
134 -63.427582   6.999300  353.093048  0.278508  5.657427      10.599163   1544.249634 -102.580048  6.464455  1.235649  479.156311
135 -60.223366   3.172677  356.529999  0.271869  4.137111      10.697925   1079.093140 -168.289673  5.591960  0.452188  225.866638
136 -52.013924  23.827007  345.767334  0.249227  2.418191      12.533292    743.142883 -229.756424  5.767435  0.715319  301.500000
137 -60.764332  19.365761  346.549194  0.335985  2.832162       8.949231   1220.851685  -73.301758  5.896114  0.623291  480.976227
138 -63.847443   4.302948  343.527191  0.344026  4.723329      11.405864   1221.744751 -190.474487  5.619759  1.192944  523.966125
139 -65.630585  19.221699  348.636139  0.283739  5.293996      12.428683   1350.182861  -91.308594  5.965666  1.063725  773.636536
140 -58.492214  16.252319  341.147461  0.344757  3.152289      13.027974    866.516357    0.373612  5.286944  0.984504  539.252075
141 -55.841442  12.072209  343.198151  0.294584  5.568820       8.138311   1215.183350  135.242218  5.782019  1.511300  407.328491
142 -53.247284  27.419811  346.416229  0.300551  3.700511       6.937865   1208.137085 -196.299881  6.509993  1.225839  484.329254
143 -59.835384  16.779648  350.061462  0.345496  3.469607       6.956615   1349.929321  104.477386  5.556664  1.637905  757.057922
144 -62.347717  27.717260  352.625092  0.306143  5.187873      14.984520   1028.992676 -229.716034  5.797589  1.308138  677.778870
145 -47.981968  -5.924722  350.066193  0.337463  3.096915       6.161102   1181.024414 -156.958710  5.929678  1.836592  294.291870
146 -60.436031   3.413251  352.966339  0.222434  4.600712      14.264333   1422.034546 -209.884933  5.296776  1.321325  125.852402
147 -47.592133  37.488468  347.114380  0.347079  4.432408      12.595739    865.666565 -224.647736  6.393188  1.539592  309.771118
148 -56.285423  30.862709  345.350464  0.295079  3.624507       9.819200   1250.974976 -185.774338  5.548829  0.611674  398.834198
149 -59.371368  23.590784  345.331024  0.228219  3.552472      12.322654   1139.093018 -145.198822  6.194183  1.487872  500.400574
150 -63.849178  13.880594  352.389343  0.305359  5.730920       9.791102   1384.315430   28.229488  5.433596  0.552815  369.258331
151 -66.580338  21.209002  356.623077  0.343037  4.430393      14.018394   1325.919556 -132.500809  5.108964  0.385344  706.032471
152 -61.281963  23.281965  348.697662  0.253901  1.414990      11.380633   1695.994751 -208.940231  5.020392  1.889287  514.231567
153 -55.165585  28.147755  344.622650  0.308417  5.917461      10.590467    993.089355 -106.320618  6.212383  0.559544  317.122314
154 -59.100399  17.493517  348.998566  0.326899  2.498614       8.341356   1446.181396  103.906837  5.174393  1.408812  453.975800
155 -43.593956  44.262455  336.642944  0.325563  5.351189       6.399082   1591.627930  140.415253  5.873964  1.641531  449.493195
156 -54.738647  10.314398  348.769196  0.279609  3.881423       8.868486   1305.252930  131.338181  5.489830  1.697402  305.590759
157 -59.977253   1.887883  349.106842  0.336318  5.572999      14.772177    643.940613   75.081604  5.951574  0.493846  748.289124
158 -61.125576   1.139319  348.589508  0.271899  4.016257      12.785154   1077.954468   29.412182  6.030850  1.102817  337.143799
159 -67.846146   3.076285  356.705231  0.332759  1.627297      12.548409   1386.339233  -19.114439  5.836600  0.729180  745.720642
160 -61.253540  31.854549  349.559601  0.279508  4.106841      13.986551   1454.006470 -125.424538  5.041517  0.945529  445.675201
161 -48.099304  33.238445  346.522339  0.339126  4.650754       7.346722   1273.679321 -148.459564  5.527887  1.801638  416.127594
162 -54.547356  37.917927  342.743347  0.286193  2.902364       9.480953   1395.354980 -114.292526  5.195210  0.687742  370.851257
163 -66.443016  11.253366  358.363647  0.270298  5.828015      14.263523   1322.799072 -217.331436  5.981337  0.861884  504.506531
164 -48.300838  40.069630  343.162994  0.318111  4.927777       8.792014   1254.553589 -246.691620  5.724525  1.552643  441.295135
165 -55.061523  13.783953  344.193542  0.289964  3.270842       9.829845    999.457275 -145.127197  5.444029  1.000319  345.155731
166 -62.699375 -10.666248  353.679504  0.319866  4.422405      10.938187   1027.585693 -160.112930  5.627122  0.446276  562.599426
167 -61.780769  13.148949  347.799988  0.301413  5.390664       9.819952   1310.447510  -86.816177  5.292341  0.486518  272.984680
168 -60.406864  15.174474  351.742859  0.256549  3.271772      13.479697    875.394958  135.742172  5.576448  1.243301  572.368042
169 -56.843758  26.725311  346.262115  0.305904  1.133189      12.774327   1017.235352  -41.499279  5.819659  1.743136  501.530060
170 -54.502903  31.673990  346.020538  0.339091  3.362139      11.606754    953.031860 -195.053238  5.696631  1.835732  574.727600
171 -59.332561  -2.808221  351.359711  0.344296  4.601808      10.039818   1316.259888  -29.644691  6.251389  1.428957  363.978851
172 -50.112549  37.128143  343.719727  0.294974  4.098795      10.607038   1592.708862 -238.197433  5.786467  1.687366  272.261261
173 -57.255703  30.820278  352.297882  0.323398  5.371063       7.386449   1603.849609 -186.091461  5.473173  1.071148  414.703766
174 -56.282581  32.318356  336.873383  0.302886  2.077386       9.118740   1124.419556 -154.094254  6.060571  0.362511  453.776398
175 -57.792385   3.448782  354.742432  0.296790  1.841825      12.013706   1142.314209 -167.647873  5.485116  1.081819  206.557068
176 -62.196526  13.064446  351.314575  0.336055  5.116969      14.035712    858.412964 -142.663254  5.625608  1.088605  649.150574
177 -64.604126  -7.842144  354.061829  0.317912  4.041049      12.199631   1191.530029 -244.226593  6.503098  0.690496  472.728455
178 -50.238121  35.029301  350.450073  0.317133  5.159094      13.301085    672.978271  -27.767406  6.075190  0.770897  425.247498
179 -63.940205  28.616041  344.841370  0.332096  1.782237      14.119905   1235.265015 -127.488098  5.589488  0.326688  516.834961
180 -61.083046  11.576975  349.619568  0.306361  5.247814       7.321005   1655.871826 -169.772232  5.185040  1.182236  439.996368
181 -54.575027  -2.762144  355.995148  0.324123  3.300672       6.699715    916.569763 -217.568329  6.114958  1.466417  600.971558
182 -60.530941  26.806561  347.052734  0.338965  3.284916      10.146280   1209.497070 -188.616409  6.491282  1.721616  770.329956
183 -54.459484  -1.413638  355.256927  0.286208  3.632664      12.585719    619.432556  174.776825  5.307670  1.237945  408.565369
184 -59.420116  30.345675  345.279114  0.300417  4.796882      10.531677   1605.733032 -224.028000  5.112441  1.247459  518.289734
185 -61.299393   1.146496  355.628082  0.249031  5.072684       8.325146   1295.140381   -0.346528  5.780727  0.863743  455.707367
186 -56.448891  22.118464  348.582275  0.297290  1.191625      13.028993    832.697632  -15.954946  6.601246  1.375950  568.252258
187 -59.617199   9.900100  354.199219  0.342455  3.615789      12.687280    803.333435 -205.393311  5.299264  0.206619  426.898224
188 -62.427296  28.362497  349.910950  0.292288  5.455594      10.774791   1458.479736  -62.665016  5.557738  1.299320  693.704773
189 -58.987198   7.277412  351.029083  0.291476  2.594586      13.757422    820.105286 -228.313141  5.114217  0.927057  300.358063
190 -52.431568   8.200293  346.233673  0.274368  4.121591       9.055076    942.711487 -235.874512  6.206720  1.229201  325.672241
191 -60.605179  -5.602757  352.095123  0.330532  4.800812      12.913753    777.655029 -220.106461  5.005633  0.855401  744.768066
192 -47.798733  24.503660  339.066223  0.329916  2.367720       6.805141    899.235962 -181.274841  6.304102  1.989442  575.247498
193 -52.229774  31.723209  338.649384  0.269084  5.811661       9.095594   1018.440674  220.440018  6.344810  1.488180  554.897644
194 -61.288700   8.958159  355.798767  0.339955  3.524861       9.960400   1044.544556 -235.586426  5.953785  0.241960  303.662628
195 -65.709770  21.202991  347.517456  0.298914  3.287979       9.784299   1619.813599 -220.664673  5.118440  1.017372  709.576538
196 -55.766190  20.944120  348.075073  0.333082  2.824044       6.601571   1469.000122  -38.110020  5.465580  1.071610  361.634674
197 -66.746315   7.547387  353.447815  0.293213  3.835273      14.276125   1286.814941 -177.715225  5.655946  0.793642  694.971436
198 -60.682404  27.636497  344.531067  0.270085  1.696678      13.733347   1224.423706 -213.068268  5.383101  1.647094  551.892822
199 -62.708256  -4.238891  357.501160  0.347440  2.726384       9.982846   1167.584351 -184.193695  5.521425  1.387854  762.551941
200 -57.359814  25.617512  349.409973  0.335063  2.656530       8.948921   1268.741577 -105.062157  5.608270  0.875352  451.951813
201 -61.841942  21.088579  354.187775  0.260653  2.302585      13.965427   1520.671997 -126.789993  6.105620  1.642950  381.282318
202 -63.741493  -1.785668  356.163330  0.316104  2.862151       7.158437   1623.633545 -206.683578  5.664650  1.570002  714.865723
203 -65.208893  19.474600  351.143860  0.317124  3.926723      11.100304   1423.072754  -78.054535  5.763588  0.712117  638.234985
204 -57.717518  32.509838  342.770874  0.332823  2.568095      13.420536    898.649414 -212.582169  5.380942  1.177886  732.876038
205 -63.280014   7.563155  348.079346  0.345992  3.094138      10.236294   1532.614868 -136.107208  5.432687  1.084203  492.459503
206 -54.710308  15.560005  343.945312  0.310313  4.019069      10.063838   1039.408569 -226.368530  5.550493  0.847588  192.935242
207 -59.438156  16.689970  345.859009  0.282715  3.727019      11.084317   1451.897949  162.300674  6.146245  1.124913  283.990082
208 -53.707901  35.542416  344.887268  0.277536  4.798664      14.013554   1142.545288    4.528093  5.107776  1.438208  311.470947
209 -48.659050  36.004425  341.874695  0.338748  5.070778       7.683278   1185.013306 -146.060364  5.403810  0.597957  266.907806
210 -63.455395   1.655112  352.411438  0.308533  4.122679      10.376338   1476.680908    1.984598  6.555697  1.625333  646.143677
211 -55.001003  12.719822  352.165161  0.211490  4.992753      11.999418   1041.366211 -161.181625  6.114506  1.319774  161.954636
212 -61.893097   6.743124  357.914093  0.309593  2.882601       9.431355   1255.813721 -231.062714  6.365340  0.941081  487.671082
213 -52.240818  22.647894  344.513519  0.342447  1.714069       6.725845   1019.867676 -216.196655  5.584078  1.369895  599.336182
214 -55.743881   6.038437  342.866974  0.307758  4.317564      10.312166    938.275146 -139.803360  5.531231  1.529240  380.941162
215 -65.311790   4.532636  354.048218  0.332406  1.564442      14.042171   1310.430420 -122.414429  5.650566  1.182424  597.750793
216 -58.782543  34.136894  355.581207  0.332566  5.939734       8.369142   1563.790771 -233.428040  6.080057  1.066797  568.894836
217 -63.844372   2.967859  359.513000  0.334653  3.990313       9.657187   1517.230103 -208.162674  5.513426  1.962490  723.461487
218 -63.288742  17.595585  355.994019  0.315108  5.225484       9.503818   1343.934326 -168.153519  6.228068  1.864534  788.753357
219 -53.273586  22.642378  351.229797  0.302421  4.029707      10.237035    852.489380 -195.062332  5.905998  0.770955  457.646240
220 -59.837238  23.375780  349.114594  0.290254  2.522129       7.502014   1629.018677   63.763477  5.808849  1.248107  569.546448
221 -61.671429  16.671310  350.717285  0.304472  2.472377      10.671399   1210.528564  165.706009  5.049897  0.792074  466.145721
222 -57.683109  29.508423  347.635590  0.277801  5.142651      14.597700    767.169739  -58.190434  5.284167  0.618423  734.268311
223 -55.165260  32.837399  345.465454  0.328288  3.180665      10.800008   1215.788208 -134.410736  5.254689  1.453598  529.390564
224 -55.907883  34.793190  342.807465  0.262862  4.357646      13.177140    875.089661   74.416077  5.096186  0.571017  777.307678
225 -53.568680   5.170817  346.040588  0.276685  4.450055      13.455217    596.303711 -207.589096  5.925842  0.508909  162.825531
226 -63.671455  15.553515  348.681274  0.318738  3.341041      14.953743   1035.359741 -102.362320  5.688235  1.945229  643.121582
227 -64.779381   9.030779  356.229675  0.303710  4.146411       8.672310   1224.672607 -225.539886  5.310294  0.323749  742.824768
228 -56.402004  -0.072652  347.785706  0.302514  3.922621      12.204689    777.698181 -184.049820  6.127746  0.800010  265.981628
229 -57.474010  23.184381  347.494965  0.273772  4.764902      12.137654   1261.728760 -163.624481  5.336952  1.466994  309.347900
230 -63.974232   2.085515  349.927582  0.310508  4.144447       8.785728   1607.265503 -233.716995  5.363500  1.961889  705.965942
231 -57.911297  23.669346  346.488068  0.282315  5.712996      11.313059   1107.291870  -13.947192  5.250976  0.747927  375.967590
232 -53.304390  21.284222  352.683258  0.323949  4.101111       6.619532   1058.794678  190.504410  6.014145  1.263898  506.725494
233 -57.960304  27.991821  348.536591  0.324934  3.321029       7.918938   1319.066284  189.053818  5.105013  1.521134  660.888062
234 -64.429634   6.201807  356.798370  0.268743  4.759724      10.172527   1294.249512   80.620110  5.496130  1.205412  685.336121
235 -63.295185  10.428493  354.904846  0.291257  1.342002       7.802854   1412.353516 -115.815750  5.575125  1.145070  682.986511
236 -56.848831  36.778103  350.201202  0.317880  4.546023      12.438040   1216.010986 -247.037399  5.303363  1.443977  617.966858
237 -53.224796  28.356739  345.689331  0.292641  3.733861      11.098667    800.208679 -229.400055  5.834288  1.062496  570.875488
238 -63.833138  -0.455233  350.223572  0.313013  4.164801       9.875096   1455.623169   36.818867  5.715518  1.969299  642.778503
239 -62.203083   4.935191  344.325378  0.297169  4.572545      10.758113   1379.297363 -120.962311  5.579960  0.655463  164.781738
240 -56.724266  13.742414  356.675995  0.348325  5.538769      11.040586    815.800842 -209.113083  6.189877  1.855342  638.955811
241 -55.496513  24.241549  348.909454  0.312840  5.018273      12.505551    763.208862  -76.521172  5.240573  0.958286  506.320801
242 -58.997398  10.902716  352.075897  0.236428  1.629406       8.620338   1405.345947   34.197624  5.337886  0.701996  159.270172
243 -57.772041  13.258953  346.058594  0.285107  2.252911      14.993141   1020.149902  -56.877422  6.564281  1.891077  269.136597
244 -64.653618  18.526142  351.679688  0.278781  1.383715      11.108224   1420.012207  -91.753387  5.304478  0.690786  483.712860
245 -68.091209  18.991310  352.242950  0.288879  5.694365      12.139577   1626.590210  160.867752  5.159511  0.357373  350.532562
246 -57.454639  18.696547  346.810699  0.322527  5.268430       9.154817   1241.662109 -223.581406  5.845551  1.360109  425.214355
247 -59.886784  24.011126  359.063629  0.343996  4.280301      11.572423   1038.585815 -121.889236  5.916965  1.526319  705.367798
248 -62.222832  25.737654  355.236847  0.329770  3.871667      11.388307   1621.132690  -39.096634  5.398928  1.046529  465.071350
249 -54.871990  38.603767  345.182739  0.322564  5.882535      10.327621    987.126953   21.822496  5.624434  0.400551  785.551941
250 -59.664829   1.957096  352.252594  0.326918  3.142851       7.479275   1448.036133  -41.433994  5.908862  1.980066  563.843445
251 -56.221088   2.497900  354.207336  0.325631  2.071706      10.049324    780.951416 -241.474976  5.925888  1.010687  601.563599
252 -59.390244  -3.523708  356.439850  0.272051  3.934088       9.422708    935.200623  -36.767078  5.407257  1.748210  681.617737
253 -50.189289  10.267034  341.727325  0.299369  3.179088       9.667378    780.094543  -76.629974  5.748601  1.570482  342.374634
254 -55.419914  11.374086  353.991760  0.228281  2.958014      11.839382   1043.694824  241.105652  5.886584  1.837321  285.091217
255 -64.903198  11.453812  353.830566  0.313531  3.790385      12.297442   1499.353516 -217.280670  5.704479  1.152942  537.730957
256 -63.386906  -1.614503  353.587585  0.278027  3.961105      12.293700   1199.625488  153.751282  5.588830  1.178699  506.738007
257 -58.877373   1.514516  357.224121  0.285285  4.423579       6.760058   1207.385376 -165.063858  6.036899  0.996404  484.345551
258 -56.564968  25.632914  348.483612  0.300591  3.168382       9.536710   1256.479858 -152.051147  5.661854  0.815105  314.232697
259 -57.707417  -1.988067  356.937775  0.290593  4.571178       9.319220   1361.766235 -223.841721  5.149981  1.630808  338.973755
260 -66.627571  21.358339  351.153625  0.286260  2.717174      11.280541   1608.907959    7.347684  5.349842  0.257155  273.102173
261 -61.742599  17.414478  348.069427  0.317503  3.916500       6.206121   1428.141235 -228.989716  5.599579  1.316903  741.876343
262 -55.698383  24.786802  343.500031  0.315084  4.846017      12.393105    763.040649   79.045891  6.552571  0.568824  716.861389
263 -65.603424  19.835203  351.601990  0.303225  5.072721      14.375369   1261.814209    8.595055  5.988683  0.496340  570.659729
264 -58.882763  -3.374299  355.554932  0.269249  5.364599      12.952086   1059.243774    7.391550  5.462284  1.631616  296.600281
265 -55.655041  11.959288  353.634155  0.341751  4.808908      11.351623    881.931702   25.908003  5.742342  0.904327  309.565277
266 -61.044441   9.555190  347.264740  0.291599  3.878167      11.665718   1469.115723  -70.787918  5.037431  1.787735  415.463806
267 -58.916840  30.733055  351.095154  0.318663  3.674726      10.277665   1482.489624 -222.747513  5.013582  1.077248  487.913849
268 -56.124493  10.575210  350.114563  0.310913  1.858681       7.352506   1053.460083 -233.926300  6.283736  1.049348  537.856201
269 -60.661716   6.867847  357.561279  0.294318  2.337066      11.531839   1209.336304  -69.694038  6.071297  1.226658  404.744629
270 -60.907593  19.214651  351.882782  0.300445  2.786961      10.976880   1369.166870  -95.011803  5.784409  1.169401  448.941589
271 -59.937267  -2.551384  354.143738  0.302247  4.892711       9.583031   1347.485474   74.031731  5.041596  1.840655  441.960052
272 -65.423355  15.075858  352.107849  0.259999  1.504214      10.327834   1244.244385  -84.589363  5.066160  0.206251  541.853455
273 -67.517998  10.446334  356.926605  0.334538  5.201148       8.203256   1629.753296  128.919861  5.807356  0.268386  344.212250
274 -47.319267  37.700359  330.807251  0.286449  3.527406      10.256682   1115.232422  176.555161  5.786873  0.882434  198.363953
275 -57.951176  16.080528  345.010468  0.289920  3.727694      12.685327    725.496643   31.675783  5.837993  0.607598  705.516907
276 -61.848282  -2.803886  358.728241  0.266203  3.056548      11.942998   1285.173462 -213.506332  5.888199  0.959022  333.461304
277 -60.595337  21.074455  346.157166  0.319164  4.376991      11.554726   1388.928833 -170.712112  5.286995  0.836916  307.374451
278 -58.448997  30.445957  347.135071  0.286716  5.990497      12.769710   1071.546265 -224.660965  5.282931  0.395789  426.786804
279 -57.011013  22.245243  346.267242  0.333307  2.121310       8.020645   1064.457520   49.680595  5.593517  0.811709  533.357910
280 -57.199162   4.482915  356.129547  0.319514  1.490039       7.683309   1083.312012 -169.941711  6.400605  1.110739  573.711304
281 -66.037720   0.728870  357.668091  0.342093  1.917755      11.267842   1289.904907   66.892738  5.193525  0.833184  658.149902
282 -63.538715   6.355055  354.461853  0.258490  4.339849      11.300655   1432.142822   47.581966  5.501570  0.979616  406.617889
283 -56.769379  21.958925  348.750427  0.327506  3.363829      14.389521    746.403625 -184.484451  5.301090  1.476444  531.467834
284 -57.654396  18.290373  352.092926  0.280659  4.920747      10.555045   1445.435181  -67.108444  5.833240  1.611062  319.353271
285 -63.156902  -8.090929  359.122467  0.281155  3.844481      10.013179   1445.212891 -241.752319  5.861774  1.032373  447.651215
286 -54.474220  37.488426  346.483765  0.298483  4.342365      14.109962    907.606140  -49.447128  5.159781  0.569486  364.620972
287 -54.815262  15.019747  349.176147  0.339064  1.525981       6.255507    926.770813 -239.239792  6.536814  0.532384  661.894226
288 -50.260307  38.126835  350.384399  0.344137  5.714339      13.215365    678.116516  -42.373371  5.302516  0.308082  567.541382
289 -59.725574   0.304152  351.116821  0.315622  4.363074      13.643681    841.842773 -166.061356  5.725246  0.581673  299.851044
290 -63.371635  17.922762  355.655853  0.317568  5.634799       8.877053   1489.075928 -185.618668  5.330438  1.294986  705.583801
291 -59.038685   9.102205  357.246948  0.242457  3.838267      11.660038   1366.984619  -17.713516  6.615821  1.913526  319.111664
292 -63.740261  22.256435  350.463104  0.267710  5.044839      14.334815   1066.043579   18.015509  5.192564  1.341736  709.589172
293 -52.377533  42.089111  339.127228  0.343531  3.886128      13.195941    911.540283 -201.788162  6.138424  0.367825  586.476440
294 -53.012177 -15.627095  355.533478  0.321857  3.987420       7.415140   1560.151855 -228.859009  5.989686  1.691334  266.907990
295 -59.267242  31.750256  337.140015  0.323844  2.560025      13.296798   1150.274658 -114.748184  5.285955  1.687956  719.550964
296 -54.078259  19.796629  346.955383  0.273384  2.209932       8.221370    859.316589 -211.817062  5.915628  0.431358  522.686646
297 -51.519596  34.485321  338.880859  0.270611  3.495018      12.144206   1025.348267   27.407904  5.516162  1.350766  380.463104
298 -59.781799  22.858240  342.545807  0.320997  2.676362       9.610671   1636.686157  -26.562660  5.688282  0.844455  252.429749
299 -58.623474   5.580765  352.692627  0.299785  1.477045      10.348334   1395.757568  -58.400669  5.780334  1.249117  244.635300
300 -59.683086  -7.241964  359.506042  0.275906  3.269375      10.842034   1501.240356 -249.032135  5.303433  1.806075  361.815460
301 -67.247589  -2.983174  358.201874  0.349797  3.928560      13.822637   1344.922852  -59.243996  5.653145  0.638342  581.851746
302 -63.041954  -3.655801  354.200806  0.349204  3.185128      10.262504   1192.807007 -169.371384  5.181311  1.677868  710.731079
303 -56.568630  11.463572  350.037354  0.310348  2.590289      11.005512    842.037781  -90.082809  6.323308  1.175607  559.260864
304 -55.357388  28.670696  347.857269  0.253107  5.282893      12.697632    985.417969  -54.776554  6.280626  0.661218  195.357803
305 -60.897095  16.055367  351.487518  0.295874  1.651304       8.961087   1363.898682 -142.713272  5.718616  1.094413  552.347595
306 -62.741879   4.931482  351.913177  0.308978  5.168435      14.173497    946.545105 -142.743484  5.354440  0.943501  540.948364
307 -63.217136  33.148014  347.636230  0.294695  5.530602       8.860145   1618.214355 -217.830902  5.150298  0.313647  515.718506
308 -61.131474  13.428776  356.582367  0.338418  4.343712       9.181913   1245.100342 -178.776794  6.294681  1.872985  779.741150
309 -52.796017  31.595045  338.507172  0.332702  2.745962      11.046504    821.271912 -146.831100  5.733858  1.426671  661.942688
310 -60.704868  29.344461  347.922028  0.317603  5.079537      11.700470   1265.857056   -9.349739  5.590357  0.536994  503.461090
311 -60.427010  18.114618  355.005646  0.323726  3.375411       8.999022   1407.782349 -180.534607  5.904568  0.954466  426.984161
312 -55.072842  37.877449  343.797546  0.310560  5.200141      12.965260    940.273132 -249.442352  5.293146  1.503406  636.259705
313 -45.038074  47.723907  334.592133  0.348654  4.560498      13.798414    886.404541 -182.960785  5.683444  0.571575  341.940491
314 -56.294186  36.232372  334.526337  0.321876  3.842002      10.210629   1513.031006 -237.620575  5.268778  1.449776  492.268402
315 -63.537949  -7.650716  358.871948  0.321918  5.061363      14.583056    950.844055 -224.514679  5.252426  0.242265  162.554321
316 -63.420593  18.344585  357.482910  0.327014  5.146237       6.080668   1568.644775  -25.589819  5.287432  0.644246  658.387024
317 -65.534164  -8.502506  355.393707  0.281263  5.267580      13.290215   1212.797485 -116.342987  5.895096  0.923079  535.299683
318 -66.482361  27.756416  347.400513  0.347723  5.365084      11.989959   1497.379272 -246.693344  5.074613  0.273648  416.416870
319 -62.495815  11.380214  356.035217  0.303759  4.405555      12.390572   1031.631226  -47.035717  5.411993  1.648273  752.333435
320 -60.713715   1.189891  356.261810  0.307194  1.067913      12.548142   1115.045166 -135.155533  5.267716  0.939828  344.990173
321 -57.348801  -6.586269  350.499054  0.312931  4.206731      10.893718   1010.549805  -86.380013  5.236145  1.320574  373.854279
322 -61.524975 -15.013752  357.821259  0.340056  3.606867       8.678324   1152.007446 -161.022598  6.228391  1.304949  780.323303
323 -62.538795  13.750860  350.130066  0.329651  3.598336      13.433866   1004.804626  -83.364380  6.257321  0.439916  513.211426
324 -56.810131  10.920405  341.057983  0.341470  2.964437       8.889729   1207.006104 -237.360916  5.844080  0.854391  236.204315
325 -51.941315  25.069862  341.969238  0.280068  3.469807      11.104125    729.506042 -113.346809  5.808589  1.079266  710.906555
326 -56.312061   6.527452  349.280243  0.327610  3.943871       8.338404   1196.088135 -143.344254  5.209634  0.824239  244.886627
327 -60.289513  -0.567683  350.028595  0.328631  4.491729       9.277617   1108.797974 -178.292084  5.703565  1.192649  571.456848
328 -57.015945  19.827705  350.694977  0.308294  4.472212       6.830551   1209.093018 -221.634125  6.109529  0.244807  159.522934
329 -66.461777  21.787373  354.608673  0.282296  3.329891      14.771712   1399.425293   16.989113  5.642718  1.467411  710.612793
330 -58.987553  -6.044533  356.394073  0.347131  3.524801      12.581096    720.170593 -176.276794  6.050839  0.995366  750.566406
331 -66.359215  11.732918  356.568817  0.299880  3.237179      13.023131   1306.328491 -123.327454  5.969724  0.585310  713.742798
332 -63.007587  23.901342  347.605835  0.316595  2.588379      12.909892   1207.213501 -239.728897  5.872803  1.536423  661.486328
333 -58.395405  23.357609  353.079803  0.335138  4.785931      11.733274    885.114563    0.107985  5.166507  0.557074  765.453552
334 -65.730667  -8.890507  357.562286  0.271703  5.146481      12.668685   1256.869873 -229.176331  6.302919  0.726198  616.169861
335 -63.854107  12.355371  348.556732  0.270408  4.507625      13.894379   1001.271362 -224.493469  5.319225  1.231180  732.858215
336 -59.224312   3.650032  352.678619  0.323558  2.310379       9.771600   1162.246582 -218.776001  6.411519  1.154324  383.354980
337 -52.795258  19.382233  341.925018  0.309390  2.204604      10.650593    824.073975 -141.119186  6.027070  1.920395  552.531982
338 -60.755306  25.164469  349.473083  0.307192  5.386571       6.503320   1360.766968   -5.057459  5.210505  0.490918  586.084717
339 -58.806488  21.357342  350.410736  0.299809  4.779850       7.817435   1646.170166  -72.432320  5.436471  0.981464  322.145721
340 -62.967819  -5.340205  353.232880  0.341465  4.078481      10.133598   1289.874878 -115.758095  6.339919  1.194124  542.244446
341 -55.041782  35.249294  333.523956  0.315339  4.699191      10.097939   1030.061279 -205.607452  5.488535  1.919323  737.806641
342 -65.813889   0.539065  347.520935  0.308448  5.004545       8.877355   1579.903809   84.504669  6.046496  0.330548  151.132263
343 -56.229630  17.955627  347.660248  0.302159  2.328693      11.872680    806.566467 -140.267563  5.715512  0.824598  509.042786
344 -58.637856  32.204376  350.962311  0.299851  5.788401       8.978065   1363.481689  196.713699  5.267145  1.759956  704.550476
345 -61.632980  32.872238  350.635651  0.321291  4.414894       7.480501   1646.080078   25.540815  5.204610  0.856209  713.962097
346 -58.492916  -2.347671  352.740326  0.331656  3.901372       9.551010   1123.725464  109.758713  6.033837  1.814940  530.356567
347 -63.139870  -1.406212  356.686157  0.293102  5.208562       9.883573   1552.591553 -235.971039  6.566694  1.263847  458.561676
348 -57.462364  14.774155  348.709320  0.270868  4.693574      14.291560    678.115295 -134.910110  6.715736  1.478149  610.541870
349 -61.451027  32.760983  350.936340  0.343165  5.112465      11.696251   1676.603516 -160.210648  5.129284  1.584431  642.462463
350 -52.698753   2.362645  352.743195  0.324552  3.449534       6.283654   1031.851318  -85.868469  5.956549  1.335249  404.007965
351 -58.967243   1.050527  355.522064  0.330749  1.530354       9.013799   1238.864258 -224.530075  5.366609  1.594881  555.098267
352 -57.845974  -0.157833  358.974884  0.326484  2.261060      12.441999    910.859802  -86.669144  6.138800  0.825992  276.453003
353 -60.251194   6.197099  350.653442  0.297799  2.499443      11.531857    873.941956  -19.452810  5.651284  0.406170  524.383545
354 -52.580200  -3.911726  345.714966  0.290375  5.715728      12.694919    528.577637 -143.999588  5.180168  1.005754  369.757172
355 -61.491489  16.839092  345.406769  0.303698  4.042696      12.764269   1219.819946 -103.031494  5.584058  1.750949  490.181519
356 -60.778931   8.929184  357.202911  0.279552  3.590315      14.096145    981.210999 -160.755936  5.998422  1.471370  365.113861
357 -52.257244  36.248611  340.035156  0.298885  5.691715      10.146741   1141.525269 -224.893860  6.252903  0.866277  384.810425
358 -57.096897  18.393723  353.802368  0.301803  3.008667      11.736620    813.272339  104.677986  5.528441  1.436526  585.610779
359 -58.902039   4.197451  351.344666  0.309600  3.386216       7.914853   1401.290405 -168.804962  5.976698  1.890541  523.494202
360 -59.838863  10.414791  348.231384  0.287876  4.590014      13.424404    848.593079 -176.866394  5.957535  0.725234  537.738464
361 -58.633900  -1.542780  354.080383  0.253629  5.806154      10.751283   1013.622925 -195.725250  5.841056  0.931314  320.669006
362 -58.899220  26.120630  343.112091  0.264854  4.645346       9.060730   1683.630981  -64.336426  5.827525  1.808795  583.622742
363 -60.003212  25.817469  345.874634  0.279087  3.024461      12.980326   1023.985779  -27.290506  5.274876  0.546600  487.923492
364 -56.399914  21.689493  352.235565  0.270364  4.577987       8.744754   1559.901489 -193.140350  6.104707  1.929601  392.816406
365 -59.552544  -1.412499  357.710083  0.224044  5.962739      11.415212    981.020569 -123.896873  5.917393  1.604977  487.765656
366 -50.189236  33.923332  344.762939  0.293183  2.783964      12.219485   1183.324707  -31.648348  5.237805  1.270540  223.651230
367 -50.874256  32.174492  346.885437  0.346953  5.908067       6.974437    985.517273  -19.524317  6.135287  0.282152  377.453491
368 -56.818928  18.496082  351.601990  0.339815  3.632650      14.164783    685.654175   21.037405  5.478685  0.625427  700.735718
369 -61.640266   4.340299  351.486847  0.315084  4.454878      11.271120   1255.165161  -99.735405  5.322938  0.964843  344.785217
370 -65.381271 -10.216300  357.121948  0.346293  4.727375       8.654926   1508.185791  225.051178  5.141539  0.473308  533.471008
371 -54.708790   0.986080  347.131439  0.288942  4.578238       7.422982   1391.760742 -185.349823  5.983986  1.854327  367.460815
372 -55.196327  28.029510  353.072479  0.321923  4.533998      10.203820   1133.385742 -122.315071  5.782373  1.342991  462.873596
373 -55.157661  30.389708  342.346130  0.231217  1.644584      11.267545   1178.486816  -94.555382  5.406105  1.026254  356.158234
374 -60.704494   9.636992  350.559937  0.286875  2.009400       9.164512   1343.097290 -187.747238  6.039098  1.197820  452.646759
375 -61.308517   0.940689  354.557709  0.343603  2.221435       8.276589   1249.696655   65.530922  5.597786  1.515633  723.063599
376 -66.373016   6.591255  350.361725  0.269611  5.275826      12.853222   1324.410645 -156.836868  5.239860  0.841718  582.557129
377 -57.702229  38.859982  345.737122  0.278583  3.956283      13.948334   1164.088013 -201.230423  5.901034  1.262512  616.143921
378 -59.891396  -4.469663  354.858398  0.310647  3.908907      10.655788   1003.988342 -161.470184  6.408115  0.259892  206.664795
379 -64.207520  18.501913  346.119385  0.315039  3.662327      14.424897   1033.873901 -202.109390  5.667233  0.383527  489.882721
380 -51.863754  28.325632  351.673767  0.298618  4.501176       9.725048    930.716614 -150.546448  6.610850  1.599134  482.222321
381 -57.654099 -11.477013  353.542175  0.316432  4.160862      14.309065    708.490540 -248.042221  6.139037  0.492799  171.277054
382 -67.557564  12.612268  351.099457  0.266411  5.568454      14.602748   1402.423706  -94.739349  5.034602  1.068746  721.298157
383 -61.248344  17.309320  352.916504  0.305552  4.363306      12.242079   1183.080688  143.632217  5.291980  1.503570  549.699280
384 -60.196373  33.220768  343.695801  0.319337  1.019014      12.307684   1419.772095 -217.243637  5.460342  0.920964  472.648560
385 -63.866962   8.982192  352.956604  0.240159  2.468069      13.124181   1248.149902 -154.330444  6.247884  0.420850  179.913498
386 -65.058426   5.406569  355.066864  0.311934  2.590334      13.827701   1134.908447 -203.295609  5.232837  1.206181  664.745483
387 -60.630280  20.985632  349.955597  0.287251  3.333746       7.940429   1622.299438 -117.331627  5.848547  1.146590  535.165771
388 -62.623466  11.038960  354.824646  0.241956  3.601808       7.615067   1475.438232 -243.820663  5.344544  0.584204  348.123322
389 -58.295414  23.912394  345.774597  0.343818  4.404121       8.626434   1202.155884 -200.620346  5.610499  0.814124  594.170532
390 -58.057453  16.378078  349.008392  0.275723  5.691677      14.992363    883.848938 -227.588730  5.776770  1.053245  252.281036
391 -63.541645   3.483035  352.504181  0.310293  3.350006       8.653187   1513.057617 -174.336792  5.604931  1.535861  701.387329
392 -50.235817  28.170919  343.241943  0.319315  4.022442      10.596955    811.811523 -119.860970  6.375820  1.553140  534.702026
393 -51.419167  33.226040  347.688568  0.335746  3.061469      10.965910   1049.961426   37.560257  5.773501  0.812645  321.546600
394 -61.126831  17.854696  348.963318  0.273183  3.425622      13.433959   1169.842896   39.976379  5.192450  1.523460  513.176331
395 -65.181358  -2.755653  351.718506  0.304527  5.245884      12.164448   1530.352295  -79.467186  5.727751  1.506168  526.781982
396 -56.115391  22.737829  339.938477  0.299483  2.892224      12.208237    945.278320 -207.720383  5.758558  1.720619  514.918152
397 -56.430717  14.465673  348.096069  0.297810  1.260670      13.417912    673.231323 -239.359528  6.091254  0.347078  500.281006
398 -62.740856   3.440490  359.406830  0.343508  3.940626      11.123238   1049.150879   86.884819  5.454080  0.586997  718.420166
399 -63.322880  -6.434252  356.397339  0.291819  4.296558      13.518102   1193.401611   -0.256300  5.284472  0.606284  274.071320
400 -64.283943  -5.726218  358.854187  0.321528  4.443023       7.735101   1374.235718  -63.623638  5.136988  0.945206  746.553284
401 -63.142101  19.480118  352.984955  0.269636  3.762628      14.885540   1027.615723    8.354281  5.632638  1.779232  680.071350
402 -63.510433 -15.899237  355.018219  0.332310  5.274379       9.967916   1473.647095  -72.705391  5.967505  0.608495  363.432678
403 -64.967102  -4.897246  355.029083  0.332008  3.818964      11.064411   1309.214111 -106.694809  5.275620  1.209498  757.271240
404 -57.836479  26.602476  346.842072  0.234115  3.461389      14.920871    929.351257 -247.117584  5.882108  0.633680  168.500153
405 -59.854034  32.143909  343.433655  0.313533  4.421336      10.267821   1402.671631 -158.264084  5.473127  1.110149  565.113953
406 -55.142635  27.125807  348.154114  0.317425  4.817507       7.038758   1622.748291  -66.406158  5.331054  1.229941  384.115326
407 -62.766323  22.094826  353.807190  0.277555  2.798898       9.890401   1676.931885   28.244024  5.540593  0.990687  448.217743
408 -56.724224  -8.907746  357.023346  0.292273  5.952693       9.590271   1022.269714 -214.707077  6.029111  0.515158  171.436432
409 -59.834621  21.251705  351.767151  0.299045  3.540475       8.386457   1211.950317 -143.117889  5.521827  1.371928  668.355408
410 -55.166924   4.072791  349.140564  0.253002  4.814838      14.050326    643.776123 -230.269958  6.022336  1.897563  356.842621
411 -59.112545  17.175879  350.733490  0.299207  4.723968      11.749459   1207.966187  180.074326  5.319961  0.890156  275.064606
412 -61.321762  21.246595  345.970062  0.338429  4.941471       6.804542   1600.778076   40.105663  5.552192  0.904021  588.696716
413 -62.472939  26.859098  343.285339  0.292052  3.466933      14.565951   1032.977173 -111.860893  5.055194  0.215361  744.282776
414 -62.757256  17.777905  355.893555  0.286294  3.814279      13.168377   1073.130005 -190.795227  5.937210  1.366341  675.802734
415 -63.801380  -7.916997  357.954956  0.293203  3.489720       9.797200   1335.926147 -117.873703  5.538422  0.702032  461.310669
416 -61.598911   9.767023  355.855835  0.288164  2.938665       8.939244   1266.102417  -75.638008  5.481832  1.476305  612.802124
417 -53.141682  36.123959  337.870636  0.229093  3.407707      12.443060   1080.048218  102.342430  5.523886  0.640816  244.748413
418 -36.861229  44.932293  338.123932  0.330214  4.507987      11.183479    783.469788 -203.061234  5.417285  1.586964  320.701996
419 -62.857178   2.280099  352.429230  0.277711  3.537302      12.389057   1250.575684 -123.024155  5.022834  1.709484  505.804230
420 -60.179714  16.298586  355.566467  0.335664  1.921142      10.574042   1103.199463  -22.526787  5.097215  0.860806  486.110718
421 -58.922089  22.510384  347.046753  0.243023  2.361686      14.047675    829.153625 -203.234390  5.441971  0.369607  379.327423
422 -50.041878  43.759850  337.518463  0.283444  4.625892      10.051792   1090.417236  -38.855812  5.121664  0.559004  512.683350
423 -50.107456  36.699959  337.083282  0.266979  2.449520       7.599981   1150.339233 -163.277664  5.499190  1.245400  546.215393
424 -68.088020   9.633274  359.824646  0.326835  2.687505      12.370168   1558.801025  -81.564827  5.656231  0.332927  429.872833
425 -60.891342  25.976009  347.100616  0.346647  2.303628       8.303705   1350.409668 -220.519150  5.167899  0.281184  270.203949
426 -56.134354   7.562811  348.421875  0.349580  3.133806       6.604038    928.270935  150.948517  6.447217  1.047117  720.062561
427 -65.598724  13.336493  357.478424  0.318080  3.707061       7.079660   1503.920898  112.396271  5.190788  0.394288  625.549561
428 -40.328171  15.392338  347.211792  0.272860  1.043056       9.490148    669.472595  117.732315  6.866950  1.747606  214.021149
429 -55.151550  41.691456  339.533264  0.312471  2.194138      11.814992   1619.053955 -203.218445  5.547339  0.575260  185.348465
430 -65.054276  14.077039  354.923615  0.282447  4.891919      13.744243   1494.089600 -185.048904  5.866224  1.534996  522.167664
431 -60.870098  -8.335373  355.173004  0.337901  4.805391      11.193756   1061.805054   22.221043  5.354941  0.921459  542.084412
432 -57.685719  37.848358  343.654388  0.283876  4.681692       9.787737   1431.693970  -45.899021  5.295818  0.731695  586.756958
433 -59.467468  12.713581  356.531311  0.314291  2.340968       8.680719   1365.882690 -164.485504  6.503878  0.841425  314.771576
434 -51.287655  26.449688  344.234589  0.300793  2.745403       7.769578   1152.343750 -199.928543  6.231682  0.795007  245.347992
435 -65.258911  23.566097  350.000610  0.272091  3.246918      11.087481   1318.446045 -100.238243  5.246537  0.330440  689.011963
436 -65.253815  20.464846  355.787506  0.333269  5.305461      11.141035   1430.355957  138.702774  5.797504  0.948976  755.739563
437 -54.884010  34.735016  342.732849  0.257225  5.426986       8.379723   1257.283081    6.990202  5.377057  0.484827  328.527557
438 -56.924622  32.753883  344.360596  0.294378  5.297945      11.618198    993.583740  -58.791679  5.696683  0.818413  784.537292
439 -49.557110  27.044495  339.025208  0.346542  4.573192       8.730966    844.916626   58.803875  6.287799  0.962642  482.683014
440 -60.712399 -15.782026  358.356903  0.312042  5.402956      10.294477   1282.116699   95.571617  5.260064  1.165268  468.040436
441 -60.069862  30.723818  349.435852  0.325457  5.111357       9.958204   1426.681763   96.729149  5.196607  1.026057  620.064453
442 -58.998066   4.831198  357.802338  0.294483  5.168324      11.349923    967.880493   37.388672  6.392811  0.538876  278.060791
443 -60.497341   0.498501  352.754211  0.342398  3.348685       9.030780   1117.165527  -26.916622  5.916245  0.732858  442.189453
444 -64.816948  18.162846  355.267975  0.307526  3.410747      12.876424   1195.160767 -143.679703  6.272443  0.200112  564.766846
445 -58.962849  15.274192  348.937347  0.240744  5.745965      13.286606    750.157715 -200.149643  5.377054  1.203448  676.151123
446 -57.456696  27.165134  346.693604  0.194906  2.716231      12.255538   1348.496216  -61.330574  5.286813  0.956917  204.792023
447 -64.857384  25.765102  357.504333  0.343098  3.991337      13.408284   1517.095703    3.224392  5.381307  1.675700  692.756287
448 -63.451458   1.152379  357.580627  0.318035  5.741093       7.750215   1358.522461   89.524300  6.013079  0.987550  628.026062
449 -60.743412  28.052906  343.510162  0.329206  4.392226       9.743915   1522.870850 -154.980194  5.432583  1.813814  731.462402
450 -65.197449   6.000984  350.163910  0.300906  3.466878       8.495805   1623.971191  144.187119  5.843418  0.766068  500.728027
451 -59.400837  15.061183  348.252625  0.338463  1.684900       6.089211   1292.649414 -195.604523  6.090222  0.840189  630.037170
452 -55.414188  19.215914  348.244415  0.340356  2.254535      10.680825    909.313477 -176.055420  6.245803  1.198875  533.289490
453 -61.892109  20.503305  355.869476  0.334662  4.233305      13.591550    968.425415 -225.567673  5.787273  0.562663  540.635559
454 -60.072628  18.549299  354.330505  0.347103  2.582276       7.079818   1555.891113 -210.849365  5.425671  0.695369  362.798798
455 -66.779335 -13.873160  355.914642  0.303476  5.398192      14.495315   1164.629395   11.658578  5.786081  0.228898  395.196655
456 -54.438419  29.245340  338.452179  0.338540  3.589282       9.829956   1139.703247  -67.246704  5.189290  1.471235  504.540558
457 -54.535351  27.996653  346.909119  0.329330  1.575017      14.548184    923.986755  -21.376972  5.881444  0.648327  127.233597
458 -59.996796  27.361176  342.483948  0.314494  5.141389      13.307703   1145.187378  -79.586678  5.924846  1.998053  567.687439
459 -58.590244  24.101694  349.143616  0.296640  4.656631      12.188680   1075.458984 -157.634521  5.795192  1.554928  497.431427
460 -53.829685  25.961634  354.317719  0.224120  5.191539      12.525545   1158.494629 -193.767090  5.734613  1.608077  222.330460
461 -59.816818  25.985268  353.853394  0.280757  5.811181      12.946123   1082.577759 -118.424934  5.458203  1.000883  553.535950
462 -52.909664   8.691368  348.614075  0.315579  1.675964       9.617795    808.918152 -231.686569  6.387176  1.032834  392.281067
463 -60.681683  28.088743  346.787292  0.292627  3.289183       7.778202   1689.760498 -100.347237  5.269377  1.892663  736.924927
464 -57.181564  23.004217  347.795837  0.336704  2.893474       6.257727   1441.007690    8.572148  5.709485  1.638296  648.727356
465 -61.387543   8.405372  349.764984  0.311695  3.400687      12.471216   1420.545288 -149.718384  5.560694  1.828714  389.931580
466 -65.100830  12.425486  352.832092  0.298707  4.565362      13.148417   1213.196167   76.360886  5.463665  1.204666  668.202454
467 -50.161453  25.462999  348.104370  0.287148  3.153929       9.868635   1041.703491   63.173729  5.404094  1.990631  351.475922
468 -59.925465   5.384459  347.252411  0.289000  5.376051      10.603968   1109.980591    5.102247  6.212278  1.228167  416.287750
469 -59.473473  19.138803  349.939301  0.315379  4.867877       8.280588   1227.823853 -164.613083  5.588052  0.763923  449.816589
470 -57.568031   7.787495  348.747925  0.330847  3.948569       7.249437   1414.068237    2.115093  5.790819  1.551250  451.897217
471 -61.833336   2.083555  352.334686  0.332264  4.487347       8.442240   1486.401123   49.441368  5.979031  1.486772  613.607361
472 -62.514660  -9.050106  353.934326  0.344977  5.530639      10.183769   1077.970459 -233.011856  6.264803  1.863240  796.254089
473 -48.193798  29.978882  343.907501  0.334963  3.888566       6.859247   1277.595703 -249.181152  5.726607  1.022335  249.654404
474 -57.439121  28.711483  342.057678  0.325799  4.211988      11.912811    976.955078 -174.601456  5.291481  0.458957  575.679565
475 -54.994587  16.733227  347.190216  0.255900  3.012274       9.576040   1314.400024   72.182739  6.578363  1.047057  168.863739
476 -62.404922   9.373029  351.546875  0.342604  2.374507       7.593106   1255.349731 -224.458466  6.136249  0.399559  448.254242
477 -56.631977  34.263847  344.192688  0.305919  5.683913      12.735769   1128.286621   -8.407056  5.849521  1.631018  586.779480
478 -63.066090  13.648492  355.728027  0.335163  2.879145       7.993516   1594.239868   13.613572  5.712928  0.837443  528.801575
479 -57.946037  -0.687854  349.884216  0.325046  4.930775      12.873578    685.447937 -236.171432  6.163697  1.167238  644.744751
480 -60.896809  16.885061  352.021606  0.257444  2.145981      11.837775   1152.554199 -248.409531  5.615394  1.242949  469.269714
481 -65.650208  -0.035364  350.990997  0.347084  4.217955      12.433273   1256.669556 -222.585754  5.989017  0.449261  330.345428
482 -65.725082  14.147454  355.099945  0.332291  3.116986      10.845428   1671.629150 -249.117310  5.140796  0.653027  466.022736
483 -50.347828  37.036304  349.681061  0.344032  5.674145       7.995506   1189.379150 -214.560089  5.205074  0.861965  314.996948
484 -64.110825   8.187410  351.746552  0.342315  2.285179      11.640064   1124.678223 -156.747391  5.527722  0.383077  501.071472
485 -49.991447  32.300587  340.751221  0.318914  2.217711       8.040302    860.285156 -209.340469  5.953233  1.757319  791.063904
486 -63.509476   7.534890  351.545502  0.324233  3.365698      10.428037   1380.905884 -220.213547  5.631361  0.756491  430.976318
487 -59.493382  13.689704  347.475525  0.317643  5.948759      10.045546   1047.729858  -39.974270  5.752614  0.312516  362.301086
488 -59.118832  14.140165  349.967682  0.296130  4.257682       9.822620   1359.075439   69.127808  5.325689  1.220390  382.640778
489 -57.689793 -13.112076  356.425812  0.280355  5.174264      12.499120    744.326965 -246.362259  6.395718  0.799486  509.101685
490 -58.979439  41.565155  343.013062  0.330995  3.273840      14.344497   1179.542847 -160.483032  5.608971  0.327447  673.332458
491 -53.409447   2.809805  344.588867  0.272892  4.097623      11.291031    686.130859 -135.028748  6.341338  0.551401  218.778107
492 -57.454659  36.049679  350.548004  0.318217  5.168777      14.871431   1217.746216 -187.808060  5.318826  0.733857  216.477890
493 -54.929554  30.568432  342.741302  0.285480  4.995576      10.568778   1237.618530 -190.442871  6.301120  0.961272  320.350159
494 -65.232269 -12.889664  354.449127  0.340553  5.863624       6.863890   1552.843384  -80.897301  6.069208  0.571525  622.928650
495 -56.139191  29.021257  349.854126  0.345272  4.912508       8.726188   1370.709473   86.614639  5.884192  1.531487  582.066162
496 -63.189556   1.894090  352.325928  0.333498  2.177226      13.131083   1069.683472 -150.546494  5.287988  0.943281  520.902466
497 -66.082306  10.267200  357.884705  0.284171  2.414062      11.614864   1607.630127 -174.161179  5.504936  1.368523  616.984070
498 -58.778015  -5.832246  353.431641  0.253087  4.725488      11.103905   1425.672119 -227.178024  5.499080  1.905619  291.052368
499 -46.513046  10.285752  344.345886  0.311643  1.653556      10.067054    647.425110 -150.301010  6.234626  0.772283  218.492493
500 -62.754070   2.627255  350.733002  0.336965  3.767456       6.881205   1633.951172 -183.895813  5.867496  0.579174  209.234985
501 -63.997974   8.576576  350.473663  0.291383  5.670924      12.783263   1504.783081  228.065140  5.229872  1.676095  526.499390
502 -60.227684  11.814097  351.060181  0.308314  2.592319      10.812520    962.916016 -245.270981  5.455958  1.092329  637.190247
503 -61.182682   6.556332  357.243927  0.302153  3.710166      10.095356    988.024597 -132.383270  6.088697  0.942027  799.064026
504 -54.452255  30.121826  345.782196  0.266040  2.332544      14.649809    798.231445  -80.241730  5.829031  0.873999  353.507874
505 -56.753300  16.373146  352.664856  0.336180  3.511398       7.188120   1631.292969 -100.205566  6.134904  1.659234  401.647400
506 -60.424763 -13.045280  353.134583  0.327199  5.249325      12.149466   1113.371094 -245.978073  5.890497  1.194434  354.068146
507 -60.878963  20.668867  350.728455  0.290036  3.728030      10.983020   1328.836548  -52.848507  5.316614  1.403791  507.538116
508 -61.411285   4.313200  354.574158  0.296571  5.163561      14.954754    774.326111 -142.993057  6.368797  0.336123  517.573730
509 -61.148117  22.049416  354.796600  0.322406  3.255653       7.925146   1591.145996 -138.811234  6.133766  1.935298  720.737610
510 -66.392998   3.865019  352.298553  0.295393  3.450937      12.318226   1544.492065  -32.383255  5.911350  1.653315  665.718018
511 -56.646004  39.257233  344.532074  0.341299  4.857410      10.278639   1544.369751 -147.301041  5.518023  1.576778  578.767761