           lon        lat         inc      D1AU     delta  launch radius  launch speed    t factor      B1AU     gamma         vsw
0   -40.391243   6.463100  342.375061  0.344093  3.854115       9.658556    502.355072 -110.253532  8.353749  1.296120  264.454102
1   -40.696320  26.273230  328.606934  0.291445  3.173136       8.094064    727.983398 -245.272385  6.330058  1.020686  325.580170
2   -46.198738   3.047326  355.930664  0.306222  1.303347       8.145222    739.437195 -128.062515  7.618612  0.809367  305.748901
3   -42.724072  25.312437  327.261810  0.285294  4.216599       8.427469    675.708130 -187.016449  5.056711  0.453605  306.659607
4   -46.448711  27.651012  341.242249  0.308795  2.633299       9.446486    927.707397 -199.058319  5.809070  1.126640  272.898315
5   -52.444328 -11.959752  354.415894  0.341447  4.920380       8.270785    779.714233 -216.655609  6.090784  1.158183  444.352356
6   -37.208347  34.078537  344.005829  0.342094  5.435123       5.569922    972.465027 -203.443222  8.115105  1.228351  294.543152
7   -41.043419  27.031395  335.685516  0.312050  4.514485       8.731744    827.885315  -52.811172  6.213845  1.839238  347.264008
8   -34.147762   9.704299  344.202942  0.337407  4.444058       9.360920    413.367828 -182.797562  7.353370  1.897595  393.355133
9   -46.384529  14.897298  343.318665  0.348633  5.531691       9.164682    819.943054  107.737312  7.338264  1.359482  370.110687
10  -44.511314 -10.200242  353.473877  0.307570  4.223815       6.030943    753.467346 -181.360504  5.806993  1.555819  398.038544
11  -52.912453  -9.733203  353.971222  0.341443  3.871990       9.141708    970.999878  -60.986717  6.865063  1.973119  345.954254
12  -48.372330   7.372238    8.854712  0.309641  5.904108       7.969723    725.902527   94.593254  6.072384  1.301646  356.338348
13  -38.585190 -14.824829   18.588739  0.331507  2.535550       5.892263    689.737915 -172.687332  5.637304  0.591989  357.627380
14  -30.393497  35.519215  307.253021  0.333133  2.175537       7.054363    700.815491 -163.057724  5.674055  1.373432  403.408264
15  -45.748737  16.450371  351.863129  0.304807  3.797510       8.640003    700.496155 -117.386940  5.096696  1.600539  386.759888
16  -28.199459  33.740067  304.545868  0.315135  3.191398       8.795448    577.177979  -94.992088  6.086584  1.216752  337.312073
17  -41.110268  10.305891  333.726898  0.291880  4.330441       9.256662    532.539917 -125.688919  7.813605  1.495126  306.024139
18  -40.485516   6.512076  354.174805  0.343892  1.137249       8.945610    478.731873  -90.846504  6.242933  1.512332  434.609711
19  -43.917126   9.308543    1.898187  0.337290  3.230150       8.510772    593.852173    3.719908  5.562633  0.914754  418.858521
20  -32.830147  -1.358851    3.955355  0.309039  3.920150       4.369344    739.877991 -144.464813  6.364387  1.935223  323.567719
21  -35.270947  41.903172  332.520508  0.306529  5.006612       8.762412    987.289368   37.853737  5.162911  1.916555  333.584167
22  -51.536400  14.168509  326.038452  0.335846  5.198452       8.340652    813.077209  -84.196022  7.170500  1.501158  379.634460
23  -34.998581   8.706738  342.062561  0.345173  2.549811       5.845710    614.700684 -181.076401  6.862215  0.352638  323.214203
24  -43.235546 -31.109665   28.816795  0.330973  5.049483       8.470223    925.891174   36.590866  5.563893  0.957202  276.009369
25  -11.815044  37.061867  273.166992  0.320284  4.168191       7.004615    793.700378 -221.357498  5.899169  1.993432  250.503677
26  -41.814850   7.401890    5.151977  0.342405  2.680181       8.477888    700.688965 -239.135529  5.110144  1.768428  306.843964
27  -42.586643  19.216362  341.754883  0.289889  2.139088       8.112515    622.057861 -218.302078  5.136523  0.926879  387.990601
28  -22.251389  42.287231  298.335419  0.305933  2.819160       5.583536    940.449463  -85.734581  5.939087  0.858439  278.635101
29  -45.525005  26.304239  335.328735  0.326625  1.002599       6.307151    836.933105 -179.598663  5.579404  0.742361  449.925507
30  -44.398674 -14.232463  355.385529  0.325879  3.992918       8.272805    740.406433 -240.143021  7.320045  1.897674  280.858612
31  -50.874477  17.319408  334.490692  0.326896  5.871605       7.365841    997.162659 -161.390808  5.233872  1.051982  394.090576
32  -38.564293  20.006546  343.463348  0.313066  2.608011       6.466108    834.802185 -141.709976  5.609950  1.378985  289.542633
33  -46.672222  17.342402  350.018097  0.332099  3.196874       7.564080    846.938293 -248.534943  7.043447  1.114053  388.266235
34  -14.819260  44.978676  287.514160  0.332622  5.787035       6.106219    769.138611  241.042450  6.833937  0.307193  331.279846
35  -40.617710  12.119310  331.163300  0.335780  3.938629       6.782172    618.715820 -230.895844  6.847507  0.648031  427.424408
36  -35.465927  29.125666  323.954193  0.347369  3.171539       7.989122    739.541870 -143.007843  6.592203  1.125000  294.329865
37  -38.886780  31.025482  324.145050  0.325403  1.275607       5.715377    999.241089 -164.969345  7.224640  1.558760  362.858673
38  -30.152485   7.170861    6.388489  0.339300  3.120107       6.928769    512.888428 -231.494522  5.186950  0.929826  275.610931
39  -42.748981  23.733179  319.878418  0.339393  5.454599       9.810692    680.545288 -134.378983  5.427925  1.822529  268.123718
40  -40.385178  29.221401  344.265991  0.339389  5.915337       8.578544    672.524109 -204.459686  5.764673  0.640121  401.315857
41  -18.350281  40.379108  307.552338  0.314062  4.574791       5.723597    881.300598   39.458557  6.184361  1.706982  324.659637
42  -49.564430   1.800364    9.751407  0.307396  3.555685       8.958739    975.316711  -18.230431  7.548095  1.832375  306.110840
43  -40.808205  -7.480068  357.790924  0.349854  2.023772       6.074083    830.959167  -22.669764  7.660631  1.192750  266.635620
44  -50.290958  13.277109  358.113220  0.344588  5.172371       9.295790    801.486633 -235.395340  6.576261  0.807426  371.926178
45  -43.094666  22.433479  336.173035  0.349229  3.688773       8.547652    798.292114 -161.335724  7.947101  1.794708  348.938446
46  -39.123871   8.769258  341.389801  0.292373  5.863364       6.806149    613.163879 -219.923996  5.154418  0.596181  280.142334
47  -48.503769   2.558285  355.225433  0.331556  4.698454       9.460141    889.420227  -29.510107  7.141541  1.492022  250.522186
48  -38.189281  33.462196  323.118347  0.293477  4.369356       8.762479    754.146240  -46.239529  7.837972  0.984068  357.991974
49  -50.536434  11.458113  341.044098  0.295428  4.163085       8.635740    954.494324  106.555283  5.831161  1.844398  332.699921
50  -52.010712  17.499058  351.023895  0.292925  2.858327       9.101427    890.765259 -129.737915  6.746755  1.002620  323.228455
51  -33.906570  41.351257  330.737122  0.348593  3.357676       6.570284    885.375366  103.102493  5.600214  0.950856  383.272156
52  -43.725685  20.284546  332.817444  0.270582  4.497358       9.797512    587.836487  128.034622  6.513178  1.235302  349.503967
53  -46.443180  31.644518  346.011200  0.344683  5.552999       7.894720    987.710938   -2.586937  5.537818  0.813915  366.289734
54  -46.579716   4.162530  359.610870  0.304745  2.876144       7.683415    852.569397 -228.078506  8.096804  1.000997  269.176453
55  -41.681171  -6.816105    9.014748  0.344974  3.702577       3.072111    827.155090   61.902145  5.450639  0.456050  384.338226
56  -30.832520   4.144467  338.892212  0.294532  5.624178       6.587122    535.044983  -48.218456  5.847674  1.213071  254.074509
57  -36.583679   8.891257  352.413452  0.334044  5.635268       5.574772    667.340271  -76.083694  5.272765  0.671529  257.509430
58  -44.058563  23.682505  328.567719  0.333320  2.477800       5.710282    867.297363 -137.847534  6.309140  0.697062  330.434448
59  -42.931232  30.349585  343.971344  0.338216  4.001471       6.841285    985.845642 -244.603424  7.606910  0.884435  270.875122
60  -51.362152  -9.335132   29.255753  0.348075  4.574343       9.756130    681.984924   75.488815  6.015557  1.609209  380.963898
61  -41.900444  35.527477  326.782867  0.295734  3.272778       9.760211    953.018127  157.017441  5.100608  1.251672  352.971436
62  -48.042332   0.987012  347.539703  0.322436  5.767969       8.907142    667.664917 -128.998993  5.015471  1.177052  358.205872
63  -32.185806  30.471703  325.200867  0.297855  5.420439       9.294168    507.546265  -98.261871  6.363830  1.207829  429.675903
64  -46.344067  25.414377  334.480591  0.346659  3.784671       5.110205    957.661804 -200.164001  9.241034  0.823510  418.339111
65  -40.030819  16.838211  352.803223  0.336851  3.734563       8.607311    755.767273 -246.582489  7.510630  1.556491  266.996063
66  -40.541977  25.579891  326.544556  0.327576  2.316091       7.874064    864.597534   31.378754  7.349554  1.346645  277.325226
67  -52.066051  18.829947  338.633179  0.315840  5.354723       9.356268    966.103516  -94.185066  6.456495  0.897769  271.118439
68  -47.787579  -7.311671  358.267029  0.323739  3.530784       8.410094    735.933899 -213.130127  6.028988  1.162212  411.086273
69  -47.369293  16.082598  342.431793  0.296296  3.437964       7.200267    762.435669 -188.875305  7.572087  0.609896  370.158203
70  -47.957031  16.983437  343.757050  0.314812  3.756692       9.908817    815.516174  -24.994341  5.902972  1.354108  327.025421
71  -19.992640  22.820004  293.981049  0.343655  4.464111       8.866936    425.726471 -112.462654  7.302334  1.006512  400.433807
72  -48.429714  13.682860  351.237671  0.346687  5.393409       4.811399    886.629883  -14.982141  7.213078  0.554502  424.441040
73  -43.776802  32.659794  345.420593  0.334924  3.064942       9.594577    823.358521 -134.855927  6.151513  1.678324  392.129944
74  -47.052177 -19.640099    5.015444  0.310551  5.616166       6.597646    982.169678  -48.521908  5.677554  1.271609  284.429169
75  -46.121368  -4.424894  348.593018  0.348694  4.016739       6.491887    932.462891 -145.420883  5.747103  1.830940  296.757812
76  -49.193142  11.302380  343.171875  0.338056  3.707107       9.583602    707.395752  -39.803616  5.292439  0.925127  267.310333
77  -22.111347  44.344551  291.769135  0.329659  2.126980       7.134192    878.926208 -173.945847  6.586597  1.080835  282.360504
78  -33.131622 -18.739666    4.107973  0.347585  5.934756       4.578547    645.212341 -124.060669  5.137692  0.421287  318.415985
79  -37.213638  33.944611  336.018982  0.326199  5.191113       8.503217    794.297729 -121.811516  5.992788  1.076588  343.450073
80  -51.898663   9.423257  353.494568  0.272476  4.408288       9.718653    939.592224  -14.394511  6.793877  1.649417  349.079010
81  -36.801182  33.960758  327.074036  0.341325  3.143996       8.520244    872.971069   15.466888  7.492212  1.931938  382.393555
82  -25.272942  40.678181  324.819122  0.314356  5.061336       9.535207    617.164978 -156.204956  7.055562  1.400112  318.265442
83  -50.037155  -5.206535    3.948923  0.314337  2.458092       8.368141    787.310120  -81.121223  5.164289  0.637795  293.923523
84  -43.165585   4.648216    0.711126  0.330122  5.395199       6.471070    879.991089  -10.472843  8.096194  1.597641  259.652252
85  -43.750690  19.684958  352.969421  0.346124  4.042055       7.904763    722.403564  -98.615715  7.058325  1.288875  335.984772
86  -33.664696  24.432816  321.009491  0.336338  2.120925       3.408940    967.634827  -81.346123  7.041823  1.922735  407.926270
87  -44.352100  33.497665  327.257263  0.330567  3.851809       9.640713    954.724854  -25.815504  6.807741  1.408415  347.667358
88  -35.453037  18.916412  342.115692  0.310480  4.505509       8.266554    571.648071  114.246101  8.375138  0.848908  293.517426
89  -42.689934  -7.664434  358.381012  0.338760  5.329913       8.169139    562.110596  -89.134583  6.870196  0.845831  326.346588
90  -40.848576  33.879402  339.100372  0.333251  3.712283       9.175757    762.239136  -78.687492  5.585258  1.165905  344.790222
91  -36.942368  16.169163  353.044586  0.317429  4.674409       7.295025    660.995056 -161.671707  9.418251  1.601745  308.999420
92  -49.733280  14.566006  348.335144  0.348004  2.149040       9.745129    823.106262  138.405457  5.424045  1.464857  367.235779
93  -30.494030  31.148117  323.235077  0.302619  4.039184       8.695039    553.409668 -149.186203  6.921950  0.663324  443.972534
94  -48.656090  27.042099  337.372131  0.335283  4.433010       7.615288    862.788635 -194.830048  5.550426  0.384816  438.979065
95  -42.527802  30.802980  324.397980  0.302384  2.573106       9.306641    730.090454 -230.044083  7.752769  0.537762  324.883087
96  -36.555668 -11.261877   40.831707  0.328266  5.952909       9.698741    436.172638 -114.081894  8.362898  1.902221  288.622833
97  -48.721733  17.377369  338.047729  0.330651  2.397464       7.001438    832.264893   30.106915  9.527377  1.068431  430.579926
98  -48.020901   7.058496  347.168091  0.308998  5.890692       9.084585    679.648743   -3.567431  5.683376  0.394697  326.464996
99  -45.196918  19.723047  344.545441  0.333142  2.816972       9.102095    694.439453 -178.479370  6.879319  1.734518  343.748444
100 -45.879074  11.159555  351.554779  0.337774  3.167152       9.627856    877.634949 -163.077560  8.685198  1.875261  277.990417
101 -45.253849   0.849431  345.404388  0.339815  3.175072       8.549061    731.645081  -36.785229  6.987703  1.586661  304.105377
102 -42.085823  13.426749  344.437225  0.332951  3.925488       9.713591    570.849976 -220.129105  9.344272  0.447599  341.582306
103 -37.181202  36.419201  319.374512  0.270062  5.018524       8.738543    747.460327 -216.279984  5.234382  1.694216  406.658447
104 -35.186523 -15.463116  350.153076  0.325242  4.436936       8.589475    420.428986 -241.453400  7.138492  0.337056  298.357880
105 -35.415161  -8.144650   25.167622  0.326326  3.781401       7.305791    547.862549  -65.709526  5.482124  1.367258  329.804901
106 -41.171806  31.815893  315.159149  0.344491  4.716233       8.352662    701.758545 -123.646950  5.321538  1.019770  407.488007
107 -52.388054  12.740658    7.149137  0.349298  5.538199       7.200876    981.975281 -190.282318  5.219068  1.243798  366.151825
108 -48.400288  -0.558079  349.055389  0.341453  2.753421       9.498630    690.971558 -242.699112  7.503447  0.667532  250.073349
109 -48.815182   4.985783    6.924965  0.315480  5.421213       9.258379    773.096741  -43.779297  7.879348  1.371685  269.998871
110 -46.388016  39.750252  328.005554  0.305028  3.624686       9.916388    838.351440  -75.442566  5.192411  0.260326  437.503082
111 -33.872124  15.935019  328.704803  0.321521  3.830945       9.599949    404.000153  -81.548630  7.804635  1.248382  366.591980
112 -43.348347  12.204505  342.255310  0.279628  5.564906       9.565675    555.597351 -136.834183  5.508127  0.747796  387.144318
113 -43.406090  -6.616932  357.221649  0.325673  4.252438       6.063582    842.078796  -60.269855  6.096202  1.358754  254.989090
114 -43.397034  22.798571  350.427673  0.309876  5.283147       5.214592    863.922729 -145.544128  7.303435  1.066895  402.750885
115 -39.667770  11.230579  345.672363  0.308784  2.284511       7.627441    622.471619 -171.309647  6.934121  0.763655  265.765747
116 -39.452702  29.928473  330.239868  0.339402  4.553208       6.638188    768.176208 -118.981689  6.651955  0.231376  362.236084
117 -37.643185  35.359562  300.089630  0.341757  5.857464       9.177585    724.854370  -65.668144  5.739101  1.908538  255.037537
118 -45.402466  18.203384  328.427521  0.339680  5.471406       7.210582    883.830078 -235.688858  7.537833  1.424349  269.612213
119 -39.168388  18.651878  352.304474  0.343588  3.262999       8.276808    655.580322 -226.621552  7.403633  1.494064  353.690002
120 -48.815880  27.524511  329.718323  0.347890  2.255268       9.801252    955.166565 -182.343811  7.569113  1.822770  356.247742
121 -46.699394   1.867617  353.936371  0.335230  3.878560       4.248039    940.595581 -229.961761  7.226906  1.381392  430.639618
122 -47.068333  21.213417  358.753296  0.329410  4.212162       5.692910    951.660645 -160.936523  5.056910  0.979985  323.568817
123 -45.216862  18.375162  349.942688  0.268165  3.332291       8.495629    721.928894   47.404987  6.151240  1.407313  348.772308
124 -36.859379  35.945007  318.979065  0.323926  3.631372       9.493807    731.309387 -184.310974  5.102287  1.092391  250.794174
125 -45.164345   4.691086  352.359680  0.309005  1.886220       5.090090    818.168518 -233.795807  8.834436  0.642796  293.343536
126 -29.163300   5.699424    3.787786  0.337951  5.160947       8.969769    412.870880 -133.471237  5.457647  1.149296  261.147797
127 -32.098049  11.369721  349.069733  0.342778  3.569355       9.080338    450.652039 -236.706238  6.375192  0.853261  432.117493
128 -50.010136 -21.546268   27.395689  0.299653  5.099611       9.513725    787.938354  -88.991096  5.513591  0.791721  323.421936
129 -49.256779  -1.649561   10.143232  0.325974  5.829286       7.004297    878.380005   13.515754  7.565534  1.052581  391.367859
130 -48.677296   8.333447  347.458923  0.314467  1.784941       7.249710    997.184570 -201.304398  5.495646  1.643291  315.070496
131 -37.089352  40.454220  328.594910  0.330307  3.242867       8.997832    906.811646  233.849991  6.137017  1.732946  347.113159
132 -40.847054  32.738438  325.589020  0.298316  5.968669       9.435597    729.517090 -117.296867  5.489361  1.288698  369.929810
133 -34.389450  36.211666  323.684814  0.326954  3.871636       9.148263    963.176941  145.187836  7.180586  1.816857  292.551483
134 -48.158897 -13.015658  355.086823  0.347644  3.123707       9.470412    859.919800  -84.111069  5.296613  1.694423  278.224731
135 -54.529697  11.324129  340.216858  0.309253  5.061041       8.758711    932.593689   65.144157  5.156485  1.276767  428.221588
136 -30.348774  33.406803  308.202789  0.332591  3.763955       8.975315    557.237915 -214.589691  6.861404  1.318312  440.895508
137 -46.099564  17.955275  347.928040  0.336366  1.591933       6.126350    958.512451 -185.907257  7.049271  1.389647  403.134766
138 -38.611820  44.672108  322.436859  0.308760  3.070773       8.793931    955.701050  114.241714  7.438933  0.667605  323.288879
139 -45.573986   6.747993  343.239990  0.331360  5.270600       7.589763    940.672485   26.751431  5.291885  1.406949  281.125061
140 -31.432072  31.214901  315.149597  0.323507  1.991323       7.114193    687.388489 -216.396545  5.931252  1.440720  389.874390
141 -51.066612 -19.802015   31.319489  0.327929  4.791957       8.430767    853.155579  -49.502449  5.908807  0.927645  336.168610
142 -51.167137  26.470318  328.255402  0.347640  4.482612       9.808737    908.326904 -132.225723  6.516416  1.149315  367.386444
143 -51.591202  19.310396  355.238708  0.330034  4.671781       8.407705    979.856384 -133.527069  6.748887  1.647530  380.154083
144 -42.058250 -13.831859   11.144313  0.348905  4.972239       7.519045    750.822815  -68.064491  6.714995  1.071367  321.854980
145 -42.604088 -22.772276    7.210699  0.307725  5.736223       9.081852    592.877502   25.242279  7.850531  0.755561  408.563293
146 -36.039497   8.481418  351.561768  0.318334  5.406803       8.590447    486.362793 -193.935852  5.119727  0.750774  260.909760
147 -43.675560  14.636467  349.439026  0.340352  2.276258       6.895187    733.699524  -14.977562  5.390707  1.335966  379.094208
148 -37.666107  22.926733  335.501007  0.296942  5.588782       8.800839    839.676697  -34.092747  6.487838  1.947966  277.510712
149 -38.660614  15.190163  339.342102  0.338117  2.483659       9.469360    629.769104  -93.132385  8.188460  1.891163  338.182770
150 -32.708038  37.343830  332.925568  0.340386  3.820608       8.101576    794.259766  115.207771  5.343328  1.732620  325.433624
151 -46.009766 -13.324222   18.939219  0.299058  3.723716       7.829235    767.729553 -154.018570  7.070850  0.882977  269.032227
152 -50.683739  -1.248905    4.895133  0.302162  5.762265       7.227879    856.080627 -166.937134  5.157385  1.015256  334.303314
153 -44.965580  17.391241  351.994751  0.345646  5.619126       7.664797    886.574890 -174.033295  7.081852  1.376310  376.348267
154 -33.417885  24.537750  321.551819  0.331728  2.038288       8.919906    564.379028 -238.415115  7.585237  1.228930  356.631195
155 -42.556374  -8.548275   11.504991  0.340263  4.071370       4.440948    998.635742 -151.352356  8.070910  1.076416  270.372589
156 -36.661240  23.169266  330.283234  0.324807  5.164849       6.851872    903.751343 -230.236984  6.787451  1.964380  275.430878
157 -26.637260  47.052074  298.734009  0.306921  3.429353       9.701021    834.805542  126.397102  5.587032  1.567804  338.552765
158 -37.833618  -2.509020    9.200187  0.288949  4.346739       9.395828    471.329102  -49.530869  6.658153  0.811029  294.949707
159 -40.221069   4.934639  341.735504  0.334845  4.873151       5.648550    758.204651  -14.282254  5.060372  0.955004  263.676147
160 -46.155964  16.982586  335.240234  0.323573  2.808158       9.785442    620.802185  -92.428329  6.864082  0.453557  318.897217
161 -41.147541  13.344325  345.385895  0.331436  2.336156       6.632066    868.239746  -40.497253  5.507226  1.666176  293.935913
162 -41.673676   9.774859  340.553680  0.330136  3.907486       8.705408    667.957031 -210.717316  6.571720  1.784488  358.870483
163 -38.067757  19.184059  352.590973  0.333354  3.424405       5.727297    776.558350  -80.468765  6.038737  1.272379  338.356628
164 -46.121162 -22.918518    1.486721  0.349679  5.233171       9.647604    686.267334   83.470222  6.364009  1.669547  369.931000
165 -50.386322  14.374114  341.253479  0.308751  2.936173       7.800545    761.042114 -217.873428  7.952737  0.491740  436.783630
166 -45.377312  25.796619  342.237335  0.342607  2.222061       6.809447    894.324158  152.790726  5.253871  0.916125  380.114899
167 -27.613577  37.945442  322.454071  0.339198  5.580548       6.119460    820.045593 -114.843834  5.221949  1.305956  383.958130
168 -47.647625  24.413454  341.747467  0.347279  5.850664       9.223637    857.186646 -192.351196  6.023918  0.470999  315.889832
169 -49.177990   7.575274    3.661547  0.317195  5.247033       6.452447    812.979675 -105.444611  5.597361  0.726661  333.065430
170 -41.200626  19.716120  338.029541  0.326406  3.977492       7.287517    854.676636 -133.857544  5.637885  1.567034  292.313904
171 -42.538368  14.149144  319.811829  0.295657  5.108736       9.285486    464.801025  -38.172668  5.924983  0.604663  346.317261
172 -46.285347  14.982930  349.256531  0.327755  3.918822       8.207030    745.388062 -117.812302  7.022421  1.578397  402.940704
173 -27.899797  30.714420  310.221283  0.298153  5.524027       6.889719    580.079590 -164.151520  5.443508  0.384498  426.408508
174 -48.485035  28.593712  336.458496  0.335935  3.501009       9.200563    753.622131  -85.175835  6.789212  0.233279  308.237701
175 -53.250282  18.157726  347.597076  0.298030  4.484095       9.535440    785.822388   19.943163  6.172391  0.263562  353.029419
176 -49.060829 -11.990963  355.371796  0.331947  5.924821       8.036557    782.690674 -104.988792  6.636341  1.743958  435.673767
177 -49.602161   4.986617  344.699860  0.323768  3.210642       8.475237    914.215881  -88.521179  5.818592  1.294460  264.147003
178 -40.736515  17.215891  341.468567  0.341742  2.830261       7.956306    604.634705 -165.298431  7.949394  0.293130  336.117096
179 -49.588951  -2.812666  342.112640  0.342006  5.647595       9.781881    801.778320  -56.804611  6.628669  1.977026  315.528107
180 -40.918819  11.697803  351.828217  0.327880  3.953853       5.799337    728.262878  120.763321  6.054937  0.648795  322.033386
181 -21.407110  51.785709  307.037109  0.338087  5.538695       9.207430    978.202942  -35.897415  6.376851  0.994380  304.434753
182 -50.304615 -14.278148    1.787693  0.349213  3.749832       6.422205    803.765259  -85.735947  7.350347  0.337747  437.280548
183 -40.840225  33.058239  329.361664  0.344501  3.073081       8.558860    768.847046   11.408818  5.902504  1.242419  441.491455
184 -28.702169  39.640671  324.380341  0.295374  5.081423       8.648724    663.018005   31.494890  6.100632  0.785433  273.011841
185 -42.248215  -7.972493  345.370758  0.346971  3.265423       9.902975    467.004547 -232.164536  5.850230  1.898877  358.341034
186 -34.043056  12.052135  341.583618  0.319527  3.176369       5.505538    659.089966 -139.302643  6.096907  0.723787  290.876953
187 -20.430820  39.043148  307.784882  0.349872  5.585651       6.867436    751.171509 -231.094620  6.203782  1.935972  340.945984
188 -24.908766  32.085247  289.810028  0.328861  3.926810       9.325022    502.815704 -162.793732  5.591245  1.812080  259.843811
189 -34.619183  22.571617  338.500000  0.304568  3.830970       8.084332    549.929810 -165.175644  7.066370  0.815542  352.058228
190 -48.458050   3.689182    3.293414  0.349466  4.800635       7.364238    834.773193   -6.326054  7.513705  0.718005  371.886597
191 -55.630096  -5.389307  358.199493  0.341407  4.648953       8.391324    905.338135  -68.762756  5.210684  0.507033  284.416473
192 -41.111095  -7.688137  358.056152  0.322006  4.979233       7.177102    617.977478 -181.479813  7.209630  1.696251  397.100708
193 -46.418514   9.578143  349.818054  0.346185  1.500834       8.327947    793.900818 -244.649094  5.850740  0.974486  256.018707
194 -46.275688  14.105680  339.819672  0.326403  3.340598       5.902756    895.271667  -19.635630  7.880598  1.005280  342.021637
195 -22.130180  43.179520  310.150085  0.340468  2.853896       8.977219    771.593567  -24.722652  5.301564  1.709697  282.295258
196 -49.275520  10.661857  352.289734  0.329956  3.947385       8.825744    935.069824  207.829544  5.095582  1.385827  302.079895
197 -48.180973   5.563948    3.559157  0.318320  4.596678       6.863013    855.537842   89.084076  5.484564  1.843628  398.496704
198 -42.414696  31.941013  327.218384  0.321501  4.318642       7.261845    943.386597 -139.623001  7.166481  1.342847  395.587769
199 -41.538551   5.589226  352.897034  0.323692  5.244256       9.405353    640.039429   -2.512097  5.141544  1.756167  252.494431
200 -39.541626  21.847816  354.973358  0.310441  3.791982       7.866959    616.343201 -159.798080  6.573223  1.989655  379.382111
201 -50.853764  15.049566  330.367676  0.343101  4.354183       8.526932    854.233948 -110.096657  5.271978  1.919418  384.376801
202 -51.076462  12.518357   12.757311  0.341369  5.290396       9.671235    655.677368  129.311386  6.887418  0.684353  318.483337
203 -32.577682  38.116596  306.765015  0.333248  5.258660       9.387356    596.029907  -78.457390  6.606539  0.292127  373.578186
204 -39.299408  29.768291  332.949677  0.346569  4.010808       8.925735    800.043213   56.278484  5.021288  1.119544  318.238708
205 -48.001686  13.721325  350.459503  0.264901  1.975677       9.139440    665.583130  -55.917282  5.621505  1.292200  405.514130
206 -47.398407  -2.948950  351.511902  0.348168  2.936835       8.264647    804.321228  -66.309402  5.661917  1.454647  341.460754
207 -43.428337  30.736223  323.949768  0.333877  5.966860       6.495462    861.276917   89.884079  7.923972  0.317484  283.210419
208 -41.015568  11.140054  352.294525  0.346919  3.766474       6.718884    640.531128 -207.616013  8.206920  1.053335  436.584381
209 -54.662327   7.738140  356.560669  0.325442  3.722189       9.613159    812.214722   71.430611  7.028979  0.564355  404.381104
210 -38.527161  34.905163  327.286194  0.276772  2.551608       8.789378    766.433167 -215.302216  6.170916  1.428473  340.582855
211 -39.150749 -11.622634    6.207355  0.344748  5.328982       7.714835    637.530212 -144.960724  7.638402  1.189814  311.412323
212 -41.811619  -8.979933  359.812897  0.301896  4.755686       9.461051    509.969971   20.362219  7.572057  1.171471  300.685394
213 -38.556675  29.406075  328.633331  0.340574  4.236110       8.396938    936.237305  -25.710049  7.115316  1.505535  291.182587
214 -43.367443  21.008547  341.498230  0.346793  5.701666       9.880417    735.761108   47.664700  5.799067  1.461761  364.669220
215 -40.577801  -5.397120  353.118225  0.341974  4.538302       9.771412    495.134949 -163.394699  5.125893  0.279126  321.992554
216 -35.571369 -22.041731   26.747101  0.304108  5.112596       9.641767    517.902527 -146.064926  6.312408  0.820311  322.515045
217 -36.694683  11.500775  325.778198  0.343059  2.353622       9.031249    467.427521  -12.009470  7.068517  0.471078  267.666138
218 -50.189297   4.875793  340.748260  0.310600  5.038173       8.447490    744.965149 -104.567162  5.538980  1.587940  372.184967
219 -36.074909  33.355480  324.975952  0.329176  4.695632       9.158764    610.716858 -131.394348  7.483592  0.490282  437.020844
220 -25.472483  27.848743  306.364807  0.319655  3.998758       8.972472    467.170563   63.834881  5.786312  0.792324  276.535004
221 -47.871258  32.908813  330.699341  0.338658  2.594161       8.603841    965.222290   12.802304  6.191984  0.567445  333.147034
222 -45.300106  -8.843578    7.426297  0.290745  3.454793       7.210442    756.089783  -23.731661  5.160627  1.809839  384.202026
223 -39.113560   6.950168  336.548920  0.345594  4.705869       7.261132    587.328857 -223.206100  5.644239  1.777518  388.019196
224 -35.750473  31.396229  347.485474  0.314260  5.520546       9.760696    507.605408   -8.425684  5.365212  1.348201  282.451080
225 -43.414978   2.225944  342.256927  0.317368  5.103902       9.110478    603.070374   59.086758  5.478683  1.248735  319.583069
226 -56.409176   3.129576  346.722900  0.336878  4.255816       7.864270    974.246948  183.000916  5.189137  0.663488  334.391052
227 -50.742134  -5.622158  344.215424  0.344306  4.433486       7.916702    860.827332  144.864899  7.003160  1.618520  331.197937
228 -37.765598 -14.892620  359.597168  0.258181  5.666122       8.405078    571.787109  -13.903141  5.627906  1.651424  251.453842
229 -48.986057  14.881242  348.714874  0.288003  1.626086       9.962980    704.541443 -151.766647  9.495542  0.830562  356.734314
230 -34.435936  -5.668569    0.505983  0.330789  1.366107       8.930045    529.510559 -140.075272  6.131347  1.933849  297.801208
231 -36.853252  36.180565  314.292969  0.323865  3.481722       7.704061    786.571838  158.885818  5.895223  1.226115  385.021606
232 -45.724781  21.582592  322.302338  0.318118  5.453298       8.808709    705.495850 -181.768936  5.047896  1.763133  364.279053
233 -42.403000  10.770154    6.570963  0.315778  4.918611       6.071511    725.650330 -193.054031  5.290726  1.481352  351.594513
234 -45.675293 -23.764238   16.787954  0.335301  4.353023       7.681303    929.064758 -231.041229  8.717230  1.317316  273.716705
235 -43.167854  38.848595  344.986664  0.340418  4.659147       9.096851    923.195068   94.452240  6.613464  1.447085  373.421906
236 -33.267494  35.301075  329.004852  0.337577  5.795664       7.065737    683.381104 -140.728836  6.111108  0.844031  398.962189
237 -43.229851  27.953268  354.443970  0.313897  4.397412       7.849362    824.092346 -130.037003  6.216988  1.214048  265.851593
238 -37.548847  33.635208  331.983246  0.321463  4.786830       6.801641    957.594543 -175.443832  5.602106  1.182245  267.296509
239 -37.853432   7.742174  351.673553  0.327460  2.771824       5.185652    741.725342 -134.008957  6.802124  0.988791  307.368988
240 -41.115074  30.461542  331.621857  0.348260  5.354403       8.388252    800.597534  -63.406536  6.513088  0.847331  281.751526
241 -48.964027   9.065207  337.381714  0.341787  4.428799       9.894658    723.843872  -58.033882  5.185038  1.753795  388.477936
242 -43.820145  23.856348  333.762085  0.311497  2.562819       9.588697    680.606384  -86.698875  7.173947  1.678259  334.046753
243 -40.438747  11.389424  326.277863  0.296452  5.760070       5.625595    773.215881 -183.468689  6.427298  1.406043  278.709198
244 -27.173565 -30.030153   22.030998  0.322601  4.843621       7.013555    604.425293 -248.856461  6.646712  1.148188  296.216858
245 -48.956776   6.723248  358.370270  0.331937  2.236798       7.695415    807.461670  124.607574  5.597970  1.439490  419.902008
246 -45.825401  14.670399  358.072876  0.332560  3.050495       7.560907    788.450623 -192.806320  7.046119  1.031842  312.609802
247 -45.095932 -11.048325    3.548783  0.334754  4.774297       9.548026    603.341248 -120.351593  5.562598  1.379170  376.798676
248 -37.628330  -1.360316  355.314575  0.303680  5.745956       5.747304    770.070496 -119.894112  5.527106  1.574772  265.337860
249 -46.149555   9.228977  352.814575  0.310629  4.548812       7.551115    759.334656 -221.781998  6.544862  1.052602  300.497040
250 -38.712536  17.451433  343.180664  0.316415  5.511358       7.465348    637.347046 -192.481445  7.627062  1.637980  406.248016
251 -43.717060   2.516031   19.658892  0.331521  4.901210       9.514496    492.326660    6.144668  6.048722  1.398383  387.857635
252 -42.962315  32.256908  315.866272  0.305964  5.614216       7.906938    888.614746 -224.927643  6.241244  1.487675  400.351105
253 -49.573124   8.045932  337.470398  0.336876  4.359920       7.793605    858.316772  -90.704742  5.698283  1.120506  334.776062
254 -48.652077   0.930794  357.243500  0.313506  5.256601       7.980022    937.384033 -151.469345  7.252642  1.499969  301.372681
255 -44.127129  21.954941  355.130005  0.325503  5.129976       7.107018    849.932983 -232.697601  5.010174  1.149320  276.344299
256 -51.269211   1.022671    1.358756  0.332082  5.296899       7.585866    839.113220 -244.695740  7.461668  0.855701  348.894287
257 -45.096592 -11.644528    6.360390  0.315335  4.800905       7.329347    940.144653 -190.772491  6.003460  1.822817  294.639679
258 -34.592621  28.780094  337.416809  0.325009  5.273242       6.318704    826.498108  -89.594963  6.118996  1.900806  326.067291
259 -45.523331  15.416884  338.353424  0.295367  3.414049       7.074036    828.116089 -134.794952  6.751528  0.968598  266.036041
260 -49.684853   0.542112    0.318269  0.344266  4.419071       8.776685    773.291321 -189.022827  6.654458  0.721565  330.162842
261 -52.111660  -0.710621  359.536957  0.346286  5.735501       8.162724    774.584595  224.461258  6.247736  0.299023  277.889526
262 -31.509245  31.825424  334.229858  0.296772  4.738280       8.530162    560.248169   50.909405  6.646302  0.603841  315.867493
263 -43.262100  30.125380  336.849823  0.293859  4.216892       8.227629    835.974365  -42.940536  6.004922  0.950853  383.942688
264 -47.394543  -1.004849  347.483093  0.320693  3.862249       7.499053    760.103394 -136.021347  5.751318  1.119871  282.059875
265 -40.789726  -2.637188  354.056549  0.338888  4.633226       7.655898    771.100708 -199.348038  5.370271  1.384977  288.334686
266 -44.895634  12.660603  353.569061  0.327075  4.027455       7.482306    767.189941  147.677353  5.637173  1.267168  360.885925
267 -33.718967 -14.234128   19.233189  0.349448  2.056522       6.117238    863.304504  -84.344688  9.613215  1.615553  266.130432
268 -57.653336   4.875252  347.985931  0.298414  5.856946       9.393028    898.924683 -214.168198  5.450023  0.531284  368.909058
269 -49.444679   6.765843  359.533752  0.256772  4.703634       9.103703    848.397766  102.243477  6.667377  1.844994  340.565826
270 -45.769466   3.004774    8.779009  0.299626  5.759599       9.672589    618.833496 -105.164886  5.668438  1.333341  297.546997
271 -46.098789   7.171219  345.097809  0.264154  3.453102       8.395162    715.338135 -124.411339  6.570191  0.978207  258.357819
272 -45.746456   1.820023  338.165558  0.340728  5.418861       6.405151    801.865967   64.527275  5.667988  1.943577  332.104858
273 -42.186077 -14.632876    7.408413  0.322521  2.783990       9.424293    587.192749 -243.643600  6.358254  1.914065  372.488190
274 -51.002316  13.207887  350.236816  0.324216  4.853643       8.835773    864.133057 -205.451279  5.009499  1.488501  365.739532
275 -52.869171  18.137320  339.472656  0.332132  4.634973       8.342595    949.805115  -95.798805  5.903093  0.725564  320.823883
276 -31.601027 -10.438931  355.767670  0.300901  5.730304       7.706573    450.505981  172.935165  6.173336  0.498053  289.135468
277 -50.182350  15.499498  346.500000  0.291119  3.410279       7.545818    980.337402  -36.137943  6.893376  0.770588  261.304291
278 -47.118965  38.752705  336.043762  0.339156  3.509187       9.403120    920.345581 -169.024811  6.098433  0.584731  414.278168
279 -43.563393  30.524906  337.636414  0.347913  5.279342       8.926561    724.681702  -23.811434  6.875377  0.665359  333.813843
280 -41.732452  23.421776  351.501404  0.349302  5.495283       7.043814    865.734375 -238.476868  5.917206  1.627268  262.936432
281 -49.125374  17.237577  353.584503  0.349572  5.190486       7.447258    919.918701 -120.047089  7.326317  1.104744  433.392914
282 -47.365883  25.904699  334.888367  0.324482  3.437687       9.350864    830.493530  -66.828003  6.142066  0.648095  383.676575
283 -45.037388  27.726633  336.286865  0.284465  5.756784       9.998413    836.939209 -144.475357  5.674205  1.997034  363.569122
284 -48.397858  21.894274  351.310730  0.340355  5.345284       8.595276    838.740967  189.908447  7.209611  1.708627  442.346863
285 -39.404831   7.779221  340.387115  0.314374  5.569983       5.996286    918.112122 -219.080872  6.239506  1.906375  286.265533
286 -26.356186  48.916897  319.721405  0.330901  4.508540       8.352408    846.919678   47.568848  5.927030  0.645006  335.380127
287 -47.963177  -8.262569  351.806580  0.332417  3.804910       9.643154    632.424622  -35.571877  6.407854  1.477990  364.034027
288 -47.715126  16.456367  336.221710  0.292576  5.553479       8.240621    819.587769  -68.536453  5.784770  0.853566  259.699951
289 -53.040863  12.806096    4.172451  0.293751  4.892510       9.418156    997.953857  -39.506920  6.672271  1.324636  298.338379
290 -45.403782   8.168112  350.955414  0.295205  5.614553       8.929587    635.985413  -68.062843  5.728066  1.099694  339.988068
291 -49.287514  21.373240  340.507904  0.282768  5.914355       9.428599    916.738464   79.340965  6.055178  1.346993  257.347290
292 -43.643715  -7.179531  353.094513  0.307939  5.814100       7.639822    692.721191   43.825954  5.491505  1.942208  301.593414
293 -47.739906  -0.101078  349.149658  0.339956  4.185176       4.694663    908.223694  -40.260746  6.549134  1.458813  432.537720
294 -52.091667   9.225279  356.784027  0.304644  4.132319       9.383956    880.196045   80.882317  7.651021  1.378711  291.359863
295 -50.535614  19.190624  347.456177  0.336250  3.939328       7.258316    980.783813 -173.202225  6.462106  1.056815  356.520416
296 -40.377972 -11.624901  357.202454  0.317177  4.734606       7.352750    830.443176 -189.225342  5.642015  1.648264  256.239807
297 -45.908978  23.711887  350.964233  0.292508  5.804384       9.881544    769.039856   41.197292  5.904017  1.818771  341.488464
298 -43.420395  25.526033  347.252777  0.338520  4.495671       9.844317    590.542969 -208.808167  6.862185  0.329360  351.002533
299 -47.164494  17.898693  339.075348  0.311199  3.101297       7.236754    927.237732  -58.980171  6.025586  0.866513  278.368347
300 -56.904484  17.880890  327.988831  0.347091  5.337377       8.810561    959.511963  -30.143528  6.771665  0.663545  315.416321
301 -50.031303   5.368012    2.016782  0.330958  3.834655       9.035432    806.772949  212.386414  5.196994  1.615108  448.830902
302 -40.627876  16.308187  345.398499  0.292721  4.637819       7.833553    637.531555   26.622160  6.384029  0.940199  351.361969
303 -29.233315  30.770016  328.828278  0.339637  4.270810       9.910477    551.153748 -137.449203  6.557324  0.534084  276.933136
304 -40.793770   2.074534    3.521869  0.346629  5.289723       7.584081    744.843628 -238.145416  6.119245  1.136742  267.941406
305 -41.407806  31.717676  345.309692  0.310383  5.856571       8.023999    689.568359   38.380947  7.792288  0.736687  424.164734
306 -41.063778  -3.367368    7.345343  0.301397  3.879941       8.788454    572.114502 -179.991318  5.501085  1.750454  311.080322
307 -43.768955  -0.141285  357.055298  0.291073  4.148498       4.936585    930.382019 -184.176361  7.136374  1.709258  374.048828
308 -53.520611   3.569539  351.709564  0.330232  5.194791       8.859646    874.094666 -211.033188  5.746080  0.999791  316.077332
309 -40.873871  11.301805  324.415924  0.342917  3.922361       9.354013    489.974670 -241.998352  5.949518  1.354235  326.915070
310 -27.045263  38.796909  324.777313  0.337072  5.448965       8.940203    544.319092 -204.415573  6.643305  1.055663  427.386139
311 -53.097130  -3.821250  352.788483  0.319933  4.679891       8.405290    965.830322   30.732042  5.828974  1.695421  364.039917
312 -52.648968   9.250389  339.817841  0.317772  5.706517       7.425676    955.924622  -15.835579  7.223902  1.190933  422.625031
313 -43.750214  -2.986615  342.276947  0.346025  5.777267       9.855330    511.602966  -52.446468  6.846806  0.655150  310.556885
314 -50.535465  -3.822855    0.267267  0.313857  5.817616       8.685717    874.265686  -50.628498  6.002613  1.008846  286.540161
315 -51.541054  21.673555  351.331146  0.269113  4.836704       9.661521    828.263245 -106.641106  6.203344  0.589771  299.730072
316 -50.725430   1.487052  358.536255  0.333284  3.237587       7.262300    755.206421 -210.125610  7.795368  0.357200  422.875244
317 -46.458504  -1.812078  358.230164  0.326400  2.450216       8.420328    632.864197  -40.414780  5.255507  0.810334  448.989319
318 -33.216396  -1.882220  357.620300  0.292355  5.814502       7.775097    492.561615 -134.661911  7.127550  0.853100  275.273163
319 -47.639931  -0.976765  351.175690  0.347704  4.210764       9.689854    652.742065 -110.580269  5.415713  1.847773  320.779938
320 -42.319519   1.951682  344.756958  0.342878  3.430130       9.510941    591.894165 -214.172836  7.309316  1.773890  369.919220
321 -32.787945   4.398022  337.245209  0.330926  3.746253       6.413083    568.432251  -75.531616  6.194469  1.567679  363.688568
322 -37.175819 -31.758173   38.623173  0.296389  5.546922       6.143709    841.479004   -7.460091  5.895057  0.928212  307.971619
323 -42.637375  12.069542  340.685425  0.339109  1.459844       7.800447    661.200989 -180.538803  7.028959  0.695935  290.162292
324 -49.808308 -18.678036  356.555969  0.343449  4.342891       8.135617    935.560852  -31.010269  7.673054  1.356168  312.753448
325 -29.499962  28.401915  326.431824  0.317617  3.683939       7.882089    574.147278   29.950500  5.191082  1.245660  282.279572
326 -54.520760   1.717188  345.947876  0.328758  3.394142       8.866299    957.475403  -22.385895  5.696105  1.125803  331.661621
327 -51.331554   8.144523  351.213715  0.264703  2.268072       9.483768    885.354248   -3.775528  8.936736  1.589155  329.574127
328 -36.332367  35.356396  321.297974  0.311710  4.754225       8.677084    725.134766 -182.320969  7.709726  1.240278  324.486328
329 -40.424564  27.190554  321.494904  0.339518  3.128911       6.869016    924.719788 -163.430054  6.962804  1.498583  376.936493
330 -35.909523  27.323023  348.587982  0.339032  5.687397       6.131052    607.717041   42.154877  5.225330  0.412796  427.826904
331 -51.938614   8.604005  346.676025  0.326479  4.484152       9.415782    906.381104 -196.606079  7.145630  1.518778  348.823730
332 -51.938614  18.852581  345.716980  0.318799  3.900385       9.026193    999.107849  -87.116325  5.311125  0.888279  330.309387
333 -47.330364  31.334412  332.073273  0.341467  4.273808       8.842177    937.624023 -241.272308  7.514536  0.929829  319.630554
334 -24.438658  45.696907  315.211151  0.346909  5.040461       9.609571    773.306641 -165.784683  6.052017  1.109168  317.721436
335 -42.304497 -11.862360    4.232661  0.295442  5.531505       7.105043    644.865967 -207.543854  8.793500  1.293839  390.587341
336 -44.042519  16.627047  338.227692  0.316795  1.512729       7.370986    991.214783 -156.577087  8.583970  1.591294  273.110474
337 -41.759739 -25.841591   12.682313  0.345649  3.454860       5.499968    810.793945 -132.411560  8.734977  0.698538  359.852478
338 -38.517952  27.896160  319.918976  0.332604  4.289911       9.357138    622.565430  -47.139717  5.668520  0.948000  345.127136
339 -44.623180   8.088485  357.731720  0.308933  4.292452       7.873775    989.531738 -193.999329  7.725478  1.738688  259.688293
340 -52.016052   8.668620  346.082153  0.309739  5.340487       9.394588    859.864075   58.501030  5.843544  1.272831  287.462128
341 -44.164360 -20.668974  357.191742  0.348601  5.314579       7.407676    708.083862  -17.847450  7.648984  1.640795  400.399017
342 -52.932957  -3.312693   10.152489  0.345960  5.263149       7.738389    907.925171  -39.907055  6.718280  0.746529  275.293152
343 -34.104336  28.629929  328.750824  0.342728  5.963747       7.711731    870.453979   40.052231  5.251670  1.718920  258.565826
344 -37.577705  16.155916  335.412537  0.329892  1.296126       8.060760    812.429077 -244.281876  9.289943  1.973555  287.142487
345 -49.897846  12.634054  331.757477  0.330981  5.769464       9.532368    951.982361  213.751221  6.943108  1.609074  286.899017
346 -50.374008  10.429628  345.534637  0.336800  2.530527       8.845759    955.421265 -129.204742  6.982511  1.537276  359.575317
347 -47.481140  19.282053  332.550781  0.240407  3.863866       9.417084    798.566223 -177.794037  6.304015  1.442194  270.369965
348 -42.946400  15.149242  355.940704  0.337925  5.397461       7.041932    690.771973  118.993553  7.304552  1.404748  427.873169
349 -38.612816   4.311162  353.907257  0.347903  5.754696       4.638454    814.780579  -14.538453  5.888566  1.436835  352.067963
350 -51.706718   3.048142    7.706098  0.310306  5.357746       7.950746    804.714539   66.209633  6.154431  0.501220  332.440979
351 -35.384495  35.931793  339.374634  0.348868  5.615486       6.193989    919.716064  -57.728611  6.654432  1.563473  347.192993
352 -44.059914  30.428104  339.374817  0.327522  3.504417       9.939471    749.148804 -215.285812  6.845239  0.364828  296.861298
353 -34.793842  22.286549  326.753204  0.334445  5.780855       8.327692    602.329773 -167.586685  5.577089  1.765591  255.180710
354 -37.331997  -7.629339    6.693172  0.280902  4.502205       8.977181    491.092529   25.631683  5.441884  1.008881  279.583344
355 -45.440655  16.698490  352.994263  0.278171  5.362665       8.966862    687.430115 -242.645523  5.296595  1.389679  343.387085
356 -41.030785  38.847008  339.598236  0.320805  4.755894       7.983346    797.244507  109.903145  6.787950  0.583279  404.944824
357 -43.452156  24.303673  332.040192  0.322903  3.016039       6.729927    867.132690 -219.427811  8.022017  1.181753  419.838654
358 -45.498703   4.947883  348.041656  0.337005  2.153264       9.787872    597.162842 -211.449417  7.902755  0.669434  280.960846
359 -42.467300 -11.985016   12.454700  0.312300  4.666330       6.909597    945.078369  -59.590126  8.107871  1.553113  278.969299
360 -31.640776   4.934482  349.086121  0.338072  2.045929       4.044436    716.853760 -133.173141  7.725429  1.274590  363.487030
361 -50.808369  18.613825  345.767120  0.346795  2.851371       7.608218    859.905151 -229.365036  8.070736  0.972050  449.652679
362 -47.059856  31.359930  333.085602  0.328147  3.317432       8.399394    924.203369 -157.973190  7.127354  0.784957  320.645630
363 -44.977253  10.549335  343.926605  0.343848  5.963972       9.215998    639.804077  -83.202698  7.272593  0.785875  298.234711
364 -29.873360  11.080233  350.747467  0.312462  5.541829       6.766843    562.313049 -224.683304  5.645864  1.780716  250.672821
365 -52.223515  -2.966540  352.784637  0.336301  4.534163       8.730797    855.103821  229.297958  6.276307  1.949832  422.335358
366 -44.313709  30.555725  336.956818  0.322656  5.387193       8.050815    862.308594 -179.945816  5.052023  1.015599  442.117737
367 -53.878582  15.109003  335.779572  0.345960  4.561851       9.259716    906.390259    4.091848  8.063218  0.620448  340.495056
368 -31.510807  35.144463  319.784271  0.322816  5.505049       6.887589    942.489624 -123.434914  6.573428  1.565015  311.216797
369 -43.772804  17.932726  331.563354  0.328299  5.220717       6.466356    806.812805  -81.169579  5.412990  1.042151  301.771881
370 -46.404026   8.123513    7.734739  0.328658  5.130412       6.660581    707.376038 -149.002777  6.209924  0.916728  403.937836
371 -45.654877  30.230955  340.987854  0.283317  5.561218       9.375710    865.858093  -71.686790  5.289196  1.174080  328.290100
372 -44.462807  28.557045  337.289825  0.324384  3.510961       8.702354    838.054504 -133.040695  7.723863  0.660673  318.244507
373 -47.540459  26.540916  352.580627  0.295334  5.156731       8.811833    863.070190 -189.080994  6.442289  1.722414  406.892120
374 -42.265873  24.577261  334.413635  0.320543  2.276927       4.735422    993.531494 -117.796532  6.762910  1.099093  368.812622
375 -53.330013   4.414491  346.935791  0.286149  5.431544       9.024917    855.965698  103.381104  7.200576  1.443527  395.333252
376 -51.966404  -0.293018    4.298159  0.341751  4.382515       8.745637    947.742004   65.350769  5.076932  0.945969  334.650574
377 -36.840092  36.242889  328.045746  0.277280  5.257912       8.697018    816.151794 -187.842712  7.619933  1.712595  376.855469
378 -41.855801  28.065567  344.572144  0.348948  3.071491       6.513141    834.921814 -129.600876  7.167088  0.743275  341.930573
379 -39.384438  15.964307  346.897003  0.326212  4.493257       8.684875    668.693237  -63.841236  6.137253  1.457502  313.898285
380 -46.185875   9.640335    7.526844  0.348750  3.539951       7.453671    717.372314   -7.867152  6.488109  1.627123  440.850037
381 -33.519711  12.289102  344.081482  0.341756  4.568055       8.331059    528.903442 -213.915634  5.763665  0.281132  301.899109
382 -46.540775  26.231245  334.893066  0.327134  4.764925       9.968462    708.616760  108.495811  6.382660  0.983838  421.069092
383 -49.086090  -0.288525    3.249485  0.319764  5.927689       9.431441    658.144592 -219.329758  5.572976  1.432814  356.886322
384 -46.265091 -23.063953    7.386908  0.330118  4.751239       8.479839    925.871216 -238.125717  5.642391  1.702804  389.171936
385 -42.005573  28.829952  332.704559  0.329024  3.608778       5.530722    854.449158  107.581810  6.484956  0.504827  389.258972
386 -44.470993  -0.382329  355.527802  0.346522  2.892610       9.600527    718.261108  -17.349384  5.717253  1.446694  289.704926
387 -11.001561  45.990566  281.368073  0.343177  3.188745       9.208005    712.547119   77.303642  7.441825  1.618350  335.398468
388 -46.775993  11.774445  352.327271  0.276180  3.945941       8.352240    712.579468  -15.245636  7.130554  0.640037  305.221680
389 -39.103413 -11.343890   19.457788  0.307950  3.697697       6.473655    690.504028 -177.113007  7.104105  1.616721  325.685791
390 -40.402805  -4.259707    5.791255  0.279617  3.350669       6.761251    587.351074 -146.608597  5.671810  0.593122  377.423157
391 -33.621426  35.880276  325.362244  0.329329  2.925266       9.751693    750.312744  -14.113926  7.227892  1.504737  301.800964
392 -28.503288  38.849453  327.983429  0.331066  5.966805       8.637771    623.582520 -188.363678  6.450861  1.054551  260.053162
393 -55.694622  13.350764  343.636200  0.318077  2.411420       9.851814    934.834839 -223.076874  6.129247  0.733503  388.063477
394 -50.874306  -7.181036   22.584711  0.326099  4.222837       9.256907    807.714783   59.137482  6.148155  1.187682  304.876892
395 -26.554758  21.853010  330.355225  0.297480  5.267720       9.933812    410.745941 -175.866516  5.491126  1.863560  350.315552
396 -51.677040  -1.963561  348.545898  0.341289  4.678124       4.587281    952.892822 -222.853394  6.687967  0.623079  373.718933
397 -41.535904 -11.625659    3.598511  0.349188  4.965550       5.553505    747.703003  -25.870314  5.684451  0.820242  317.629761
398 -52.465157  24.158587  338.926117  0.324933  2.404244       9.308918    863.468018 -127.555954  5.718760  0.464756  441.751923
399 -38.567707   8.709087  334.721649  0.311449  5.432510       5.594891    654.117798 -206.928452  6.403850  0.665836  268.115784
400 -48.778255   5.850161  358.007874  0.325033  3.488186       9.899351    624.269165   85.501984  6.965085  0.803416  355.382629
401 -53.610874   1.579426  350.413177  0.284786  5.426525       9.372470    844.671326   -9.022005  5.062319  0.620431  279.541260
402 -39.444855   7.596727  351.037384  0.302225  3.328854       9.774136    468.529785 -212.145309  5.778894  0.202637  405.762695
403 -20.637556  37.250851  299.408325  0.299198  1.431752       8.787976    555.543579 -215.027267  7.548596  1.226731  315.879456
404 -36.078537  22.419386  339.618927  0.347513  4.623034       7.901157    639.604126  -97.540276  7.051560  1.059564  342.723999
405 -50.202938   9.075725  344.640564  0.334272  4.353268       9.317746    797.980408  -79.077263  6.900565  1.093596  289.349945
406 -44.687927   0.579336    4.005311  0.228582  4.897039       9.223280    636.602844  -69.229088  6.738345  1.405304  273.576385
407 -39.157799  26.029427  328.493317  0.294570  3.243374       9.485518    769.966125 -123.233002  5.511161  1.394493  267.898254
408 -45.079914  19.812101    0.553150  0.328783  5.231597       8.114908    867.643738 -202.944855  5.885138  1.846824  299.007568
409 -56.736286  -2.986976    4.398337  0.312323  5.302554       9.694635    912.133606  146.290070  5.897273  0.839756  365.012085
410 -54.477112  -9.588993    5.877352  0.289488  3.652270       9.971369    781.896362  -74.255707  7.718441  0.435149  444.327850
411 -41.843311  -1.597952    9.935977  0.345285  3.413220       7.877432    778.634216 -194.524734  7.447078  1.837315  333.417908
412 -39.168728  18.348133  318.835052  0.314923  4.509508       7.096202    564.229858 -246.767944  5.846930  0.429832  374.995300
413 -38.567032 -13.957265    5.531844  0.292481  5.574531       5.037451    831.030518   30.319891  5.202417  1.260998  265.279572
414 -23.887007  36.854443  301.869751  0.334812  4.599532       4.258368    970.503479 -123.011147  5.426631  1.417379  296.186554
415 -45.616257  11.906880  349.115295  0.311547  5.613867       8.103093    676.946594  -49.145573  5.088630  1.361098  442.861969
416 -45.438305  13.829952  336.323395  0.303062  5.998747       6.639741    769.811157 -158.984497  6.085910  0.967443  388.225250
417 -40.473232   9.082534    3.766243  0.314246  4.492406       9.979034    479.873444 -118.664429  6.175251  1.267367  260.391174
418 -34.936398  14.510825  338.269775  0.312719  1.806054       9.854570    434.488525 -199.063904  8.546896  1.371200  396.566071
419 -33.265640  37.802406  309.144989  0.338680  4.970206       9.274758    798.877197  -86.295395  5.549953  1.879917  365.203918
420 -58.267429  16.234482  353.462616  0.323718  1.734168       9.792322    976.525635 -224.378601  6.264567  0.373736  423.223694
421 -46.298721  -7.288490  358.799347  0.302673  3.345908       9.044091    673.441284  -47.557453  6.883734  1.175313  313.526581
422 -27.997763  31.940187  333.048676  0.292400  3.448246       8.628983    597.707886 -212.157547  6.582957  1.565601  258.805695
423 -47.159885  21.813139  353.416077  0.327880  5.408295       9.369380    824.990479  154.904388  6.258327  1.080318  313.556549
424 -47.596294  19.045315    5.059350  0.339876  5.815856       8.717072    690.696228   39.928501  5.711909  1.232040  332.385101
425 -41.067627 -15.636316  354.028564  0.326638  5.137011       7.670250    662.559998 -113.627235  6.199756  1.990530  288.870453
426 -56.411217 -12.658887   10.653421  0.296159  4.031757       8.802394    956.461670 -238.314957  7.043074  0.367798  333.708710
427 -38.119999 -24.003004    8.678924  0.346832  5.303148       8.860496    553.665649 -106.348190  5.241743  1.938393  401.928925
428 -43.213528 -27.508909    8.383818  0.330558  5.854184       7.177650    874.330322   60.128502  7.068434  1.737718  383.344788
429 -50.248447  -4.093214  354.060822  0.321105  4.266762       8.685978    988.042969  -94.161499  6.004344  1.266535  289.339874
430 -53.211113  -4.735717    4.812409  0.283101  5.587168       9.054238    748.423889  -75.813980  5.327866  0.648188  444.335785
431 -47.630020  15.523193  335.653687  0.286750  5.263539       8.988732    864.751587 -110.736320  5.744009  1.985155  344.442780
432 -44.534222   5.327131  343.714447  0.337551  1.914531       8.380889    810.012634 -178.804825  7.451474  1.738058  266.204865
433 -35.494427  36.478069  320.474304  0.323260  1.254178       8.493185    801.078674 -206.391129  6.005215  1.022698  326.287384
434 -49.204613 -18.922104    7.878877  0.334706  5.419023       8.102516    924.362183  148.828552  5.998503  1.799075  367.597076
435 -47.279251   9.543941  350.926300  0.283651  4.448165       7.069914    911.418091 -149.618118  5.073960  1.375586  300.651001
436 -49.776890 -19.760790   15.846678  0.340297  4.345213       9.615840    748.017151  172.909988  6.466449  0.606607  357.158661
437 -33.216984  12.136549  327.915680  0.347152  4.606081       3.117613    919.916809  -55.479958  6.564888  1.356434  307.639679
438 -54.890961  -0.815558  354.560822  0.311870  3.863250       8.809061    900.691650 -171.676849  5.870260  0.953604  437.290771
439 -41.200111  -1.967767    0.235520  0.339467  2.088096       7.979221    617.363708 -220.390015  7.805971  1.189577  446.531860
440  -4.831046  45.061092  288.154114  0.349422  2.093748       8.880779    581.694031   81.500084  5.769628  1.063073  417.955383
441 -30.868887  51.924725  302.884735  0.327136  4.264517       9.663866    992.655640   74.075752  6.266948  0.566239  352.100952
442 -44.675823 -16.895193    5.182881  0.298233  3.814510       9.584753    596.126709   91.918884  5.999811  1.715779  346.516510
443 -48.269493  23.709438  335.605896  0.299908  3.796528       8.167725    771.337891 -173.708054  7.581028  0.512380  431.708496
444 -55.116390  -0.872360   10.492778  0.323829  4.700987       7.427466    943.468384  165.076370  5.855445  0.620916  447.523743
445 -43.858303  18.495487  338.982239  0.344085  2.500466       7.556108    885.137390   13.197081  8.734460  1.391911  316.555664
446 -49.484940  -0.533292  357.760071  0.325507  2.864969       8.060291    848.259827 -207.352768  7.241296  1.120560  356.280457
447 -45.350525  35.992714  328.309509  0.289765  4.449727       7.996388    905.093201  -67.050323  5.999825  0.607603  397.060455
448 -47.141968 -12.382645  353.319092  0.329794  5.590620       8.425673    978.601624 -218.541092  7.206288  1.621661  261.545990
449 -46.819252  13.602171  343.792023  0.335236  3.880028       9.843625    697.969604 -153.380386  6.771512  0.951031  323.263580
450 -53.006351   3.761772    0.035136  0.320532  3.359173       7.323155    893.140808 -243.017517  7.141445  0.283066  286.468781
451 -49.264763   6.361821  354.985718  0.349886  2.659540       7.044644    777.953674  -66.064232  5.208206  0.698267  390.802795
452 -31.455521   6.888017  337.494568  0.331253  4.333802       7.911326    459.913971  -89.667877  5.874375  1.125326  321.953888
453 -49.774403  12.872254  355.635071  0.307686  4.172428       8.148045    775.125549   98.397530  5.155679  1.374889  440.005737
454 -38.772938  10.973583  347.577911  0.313091  4.724713       5.550490    746.822998 -143.659363  5.817792  0.885142  269.132111
455 -25.949570  28.471645  335.512634  0.309766  5.246387       6.884201    592.264099  -17.105434  6.450659  1.882392  347.811981
456 -49.491028 -28.405546    6.602108  0.349692  4.528035       7.562366    881.549927 -174.132401  5.037582  0.574847  349.179169
457 -31.342245 -16.676300   31.871138  0.326503  4.470975       8.546185    528.898743  -83.040344  7.333041  1.585074  297.461670
458 -46.006535   8.975762  334.673553  0.289167  5.036835       7.285355    812.456848 -225.527344  5.024772  1.526286  261.607819
459 -40.425632   2.684165  355.512787  0.303112  4.665221       8.082272    603.416443 -113.790627  6.258928  1.787057  370.360474
460 -48.167072   8.437658  338.067596  0.311521  3.927495       9.210855    600.302795 -191.963776  6.118100  0.736347  430.282867
461 -40.481400  32.418251  326.032501  0.336742  5.230263       7.967509    847.730835 -174.347183  6.772047  1.974023  443.962982
462 -41.537407  31.923044  315.071045  0.287093  4.274658       9.589501    773.372681 -142.229630  5.953369  1.824275  347.597107
463 -37.142998  24.180927  347.022217  0.326731  5.888760       9.089731    606.225586 -207.605286  5.901026  1.718044  374.652161
464 -48.849831  27.992258  353.985748  0.322951  4.745482       9.422497    739.568909  -85.675194  5.055516  0.749875  393.628204
465 -33.417679   8.995403  343.495361  0.311382  2.862461       7.044068    520.372192 -187.465454  5.755937  1.127131  333.181580
466 -49.230511  -1.260394  355.133179  0.317488  2.578170       7.891574    752.701965 -103.982529  5.190546  0.754477  322.403168
467 -44.886692  -4.212620  347.166168  0.346792  5.293909       9.780637    493.376801  107.889549  5.506313  1.517972  360.039856
468 -35.324863  34.406216  322.115295  0.315788  1.978379       8.827674    799.473206 -228.711365  5.963138  1.640700  304.927368
469 -50.630135  17.137365  349.573212  0.312514  3.377106       8.327010    799.399292 -128.380096  5.805903  0.349562  400.335449
470 -48.104218 -11.212882  359.314331  0.322830  4.621634       9.356758    751.751892   92.341057  5.086463  1.837847  288.142822
471 -42.800423   7.694968  343.109100  0.320396  2.954869       5.631714    711.162964 -177.616898  6.195413  0.539955  315.130280
472 -38.750717  21.105467  358.416870  0.338051  5.083057       7.360080    760.318420  -78.173775  8.118781  1.685458  291.637207
473 -43.616589  11.384640  339.447815  0.311750  3.402140       8.466952    651.075012 -115.581207  5.353907  1.399700  402.306061
474 -31.920301  34.396683  323.645111  0.339572  4.758916       5.358401    902.082825 -180.515717  5.857265  1.680535  413.555023
475 -31.878750   5.441383  344.913116  0.334774  1.199381       6.483037    600.868835 -155.489288  8.150076  1.829964  282.430878
476 -36.260662 -18.477451   34.664608  0.323496  4.227782       8.284410    544.702637   40.427162  7.263357  0.610219  344.490173
477 -52.898388  10.233474    1.336861  0.312994  3.478392       8.207844    963.386597 -145.270279  7.504133  1.095470  311.914307
478 -16.179840  42.913483  278.422394  0.320787  4.499487       4.985337    958.842224  145.283798  5.599184  1.855350  372.315125
479 -50.177567  -4.825779    1.633016  0.308975  2.860176       6.247987    914.274780   47.699394  7.062191  0.702875  313.192352
480 -41.089157  34.920811  322.660858  0.340903  1.750922       9.268606    785.819275 -131.307831  5.235722  0.991417  380.618744
481 -51.845001   7.567876  344.538574  0.342622  5.643708       9.647171    924.348816 -172.534439  7.119540  1.836519  435.459167
482 -45.506325  17.710300  353.527588  0.337927  5.124422       7.419140    733.677673 -247.922394  7.058499  1.598955  405.222473
483 -48.651901  12.783600  343.951904  0.329711  5.708172       9.167635    849.132690 -101.827538  7.880053  1.639782  297.557129
484 -40.685532   4.369321  352.865509  0.317530  1.221083       9.256622    536.432007  -74.433861  7.701670  0.320632  301.508942
485 -42.340294   2.212423  354.593719  0.334639  3.671413       9.001803    587.904968  -94.450897  5.467063  1.272633  255.069366
486 -42.520638 -22.777828    1.922548  0.331662  4.920462       7.364770    742.837463   40.715488  6.269893  1.506586  315.809174
487 -47.348488   5.386113    0.898071  0.330679  5.156219       9.384336    755.395325  -45.886009  5.048506  1.219569  326.045929
488 -22.181461  27.696682  320.233368  0.331984  5.304778       7.063450    597.042175 -221.827408  5.278085  1.785208  253.836731
489 -45.770416  24.266199  333.540527  0.316690  3.375744       8.655095    681.046082   32.956135  5.014149  0.239469  363.017120
490 -26.034538  45.766819  318.838623  0.344108  3.689291       7.064101    883.499451 -149.676926  7.591329  1.558105  411.922729
491 -43.643383  12.597360  330.718811  0.346461  3.866421       6.860146    845.572388  -89.175514  5.288608  1.667399  334.240021
492 -46.278522  27.007841  352.382935  0.310730  5.545052       9.451195    799.296692 -157.094818  6.190084  1.418208  361.533478
493 -45.599506  36.215572  329.766632  0.270732  1.215596       9.446817    977.504456 -193.770920  7.244401  1.020942  304.523712
494 -45.639465 -23.794827  359.546844  0.334020  5.548216       6.409021    837.182617 -188.599091  7.438540  1.373050  380.762482
495 -43.703873  -4.188203  357.969116  0.342970  4.446478       7.093034    725.566467  132.644119  6.401321  1.296373  285.250214
496 -40.378796  15.317661  351.441864  0.319696  2.468767       7.612528    644.587646 -179.640121  7.872952  0.639609  270.610199
497 -40.153671  12.094425  359.337402  0.323350  5.316620       3.278397    968.730957 -200.977890  6.312022  1.824508  393.346619
498 -36.175655  21.581116  326.187103  0.339695  4.847858       4.618292    847.660522  -63.734196  5.149326  1.676156  374.731110
499 -37.642300  28.076035  334.141479  0.272973  4.361872       7.412308    725.758240  -52.652451  7.096880  1.063793  299.422211
500 -51.911171  10.417517  349.040588  0.348955  4.647572       8.511297    740.989197 -115.259285  6.053453  0.500576  390.852509
501 -31.577927  28.349024  337.387299  0.331680  4.216520       7.389754    544.206238   53.035511  6.842324  0.750925  407.014313
502 -47.529537  -9.169190    9.417933  0.279275  2.428106       6.927957    830.745667 -198.654068  5.429686  1.093498  338.046509
503 -51.685696  18.843096  331.595062  0.334932  5.088933       8.183551    832.621948 -187.459427  5.165216  1.122168  434.338165
504 -32.221767  26.634405  336.815521  0.347300  2.541930       5.446002    718.411804 -101.205040  5.415409  1.010614  381.891174
505 -40.346161  29.221792  323.260468  0.331598  1.859628       7.842848    752.299500  -66.817490  7.500789  0.707243  258.005096
506 -49.120361   9.194117  346.715118  0.290181  4.552306       8.339474    893.988037  120.702850  6.482869  1.610615  296.399780
507 -34.630890  -3.381437  354.874390  0.316548  5.636896       9.804779    427.318756 -138.529526  5.207722  1.152087  449.149261
508 -54.577316 -14.411357  356.893005  0.323622  5.258616       9.227038    944.707764 -122.403259  7.222831  0.946908  326.510834
509 -50.316204  20.929037  338.154816  0.285301  3.269247       9.995873    778.953979 -142.452728  6.717609  0.962799  342.953644
510 -45.642349  19.763681  343.179047  0.341474  3.345488       6.409914    753.508545  -84.102119  6.193577  0.201121  260.636536
511 -47.119640  11.437905  348.183380  0.321585  3.843944       7.510908    836.778198 -196.336807  6.496289  0.618487  264.570526