           lon        lat         inc      D1AU     delta  launch radius  launch speed    t factor       B1AU     gamma         vsw
0   -25.611448  16.347134   88.612694  0.325038  1.837278       6.082952   1246.638550   68.409439   9.163961  2.561599  164.396454
1   -26.803164  36.381321   59.714256  0.282078  4.251781       6.605443    806.140686  166.289948   8.726604  3.359785  104.316536
2    -0.340225   6.236898   23.874651  0.348147  4.148403       6.155879   1783.345215  214.952637   9.301049  3.780666  191.550644
3    -7.853938  21.510870   15.832799  0.254907  4.568739       7.661589    712.822021  198.920395  11.815789  2.496702  135.070618
4   -30.116434   4.928169   27.620583  0.281975  4.644839       5.763280   1006.381104  138.443970   6.366317  3.005857  255.729050
5   -14.953500  25.804588   59.795570  0.303898  2.237869       6.423073   1340.614502   95.816864   6.717351  3.193581  200.809662
6    -4.944366   0.936531   41.609833  0.333923  2.096063       6.641302    745.285095   84.289223   7.821385  0.384586  147.425980
7    -0.491454  17.917830   34.327728  0.326279  2.131613       7.380413    938.434204  127.693947  11.301822  2.941815  120.205948
8    -6.716050  16.498123   59.386154  0.258863  1.045343       9.599072    795.500854   47.504463   7.229503  2.685217  163.950363
9   -23.052849  24.045874   67.697151  0.335395  3.464328       5.946288    998.919128   45.333889   7.507154  3.724231  215.411438
10   -0.586801  41.364208   28.222227  0.296403  4.349268       5.693181   1397.278076  199.701721   8.640641  3.712660  180.903320
11  -17.401365  -3.286357   28.966986  0.304649  4.149456       6.671269   1171.495972  159.893677   9.557375  1.631344   99.448975
12  -18.694357  25.592524   53.242073  0.265813  4.973063       6.591496    800.632080   59.933388   7.750002  3.409371  157.903900
13   -3.151355  28.453100   61.822018  0.289268  2.061513      10.215284    722.858215   55.038006   7.319125  3.638223  130.699478
14   -3.750061  18.084869   17.360298  0.301522  4.303836       5.534235   1230.396118  188.803497   9.211092  1.932292  195.069290
15  -14.597647  12.291790   78.995964  0.294317  2.210214       6.334632   1032.546387  180.465286  13.033860  3.259020  173.282028
16   -0.688151  24.076088   18.294693  0.302895  2.837451       5.853313   1150.300049  184.891113  13.886782  2.352313  159.934494
17   -0.539123   9.849991   32.577080  0.296201  3.172286       8.686687    718.230713  155.872894   5.841596  2.332327  182.165054
18  -31.570972  26.057344   68.942451  0.333431  2.734246       5.992420    810.249939  102.804657   5.844957  3.487489  174.878738
19  -15.334273  23.775206   37.516571  0.349491  2.952759       6.562526   1117.493042   68.702972   8.753693  3.622721  201.811920
20  -10.665517  30.487885   28.643414  0.305632  3.557476       5.807528   1384.838257  198.291595  14.446762  3.327208   86.579948
21   -5.854880  37.627495   44.385967  0.228964  3.247552       5.442601   1584.659790  232.773758   9.263013  3.858932  157.493042
22   -2.006388  14.229210   32.051178  0.312458  3.533449       7.102434   1288.522827  220.687332   7.600030  3.351223  197.920380
23   -4.411911  34.022495   54.673050  0.326135  1.831791       8.082080   1603.680420   96.404373  10.974198  3.769188   84.016090
24  -18.125700  34.773834   50.324120  0.237225  3.117113       6.398263   1145.538208  105.882195   6.549160  2.515621   64.656998
25  -13.948309  29.847067  357.268768  0.290269  3.220466       5.123037    967.160034  163.603455   6.905392  0.911325   84.791946
26   -8.457651   4.498041   44.409924  0.288528  4.182372       6.270035    838.730408  154.947449   8.958699  2.378391  255.722656
27   -6.740810  27.050613   35.826805  0.293245  3.434762       5.311630    917.932556  210.658005   9.973305  2.027975  168.623764
28  -24.806587  22.741247   71.478470  0.268204  4.542187       5.313158   1442.647827  131.696228   9.880092  3.609504  104.154785
29  -11.167843  39.954762   54.562267  0.327855  4.113923       7.894688    906.619812  216.590042   9.677896  3.340039  145.929001
30  -36.051941  40.194691   81.486771  0.316044  2.397124       5.310168   1251.303589  131.541351  11.395469  1.916126  110.633858
31  -12.937998  49.744869   65.183395  0.293846  3.579079       6.914931   1421.765869  129.052353   6.330770  1.580484   51.701870
32   -2.561814  28.118765   25.933905  0.270807  3.713666       7.127165    839.262207  148.831924   6.102960  3.796615  179.571869
33   -4.732633  27.423773   21.269594  0.268574  3.673531       5.497572   1089.280640   83.591972   7.291493  2.120179  205.739471
34  -17.858147  -8.024197   41.851910  0.266220  3.412091       6.101782   1399.772461  184.731644   8.616051  2.367646  144.375534
35  -26.385712  36.656330   73.564758  0.310376  4.210737       5.538290   1242.483276  166.888336   7.071476  2.932861  236.936386
36   -2.006851  23.509312   42.013912  0.312970  1.489754      10.165325    703.766235   24.835203   7.611744  3.983852  221.185181
37   -1.176699  32.372620   45.392601  0.234615  2.772644       8.936140    991.476318  114.158325   8.200321  2.868798   52.068893
38   -2.496069  24.790907   32.679882  0.276161  4.730356       6.093313   1151.529907  200.423920   9.328588  1.567004   83.858849
39   -0.911246  -0.371371   47.812836  0.250082  1.130474       6.629872   1212.590820   83.470818   6.599329  2.516125   65.311119
40  -25.570179  35.797009   69.567207  0.265190  2.525693       7.402185   1193.181030  117.225929   6.976627  2.893566   76.012444
41   -9.649972  16.235525   41.034885  0.258292  3.137877       6.209347    818.295227  187.943527  11.793418  3.597557  239.834686
42   -9.385640  40.517296   38.269585  0.346190  3.531301       7.032355    942.444519  168.772003   5.878654  3.403817   56.779118
43   -0.834563  14.876979   36.739223  0.287790  2.221125       5.484085   1216.386353  221.832306  13.925361  2.675062  189.769882
44   -0.276448  29.774731   48.411400  0.283027  2.638606       7.763368   1088.891968  165.830139  15.155106  3.299587  125.480766
45  -22.499912  17.688223   44.920006  0.298085  4.795167       5.804268    810.204773  147.614685   7.982058  3.830399  165.269623
46   -3.349308  16.527985   17.650305  0.304697  3.863892       5.755922   1500.879395  165.445435   7.822505  3.432474   99.456718
47   -1.217658  12.742067   31.882467  0.302213  2.158827       6.615620   1003.205750  166.605316   8.960423  3.093778  302.870850
48   -1.207376  35.440975   45.178337  0.314330  1.987713       7.199803   1442.935913  121.852516  13.234224  2.571398  138.311493
49   -9.449337  13.289084   58.322945  0.230816  3.570277       5.179779   1163.485962  232.502182  12.130107  2.557100  101.203712
50  -30.199051  36.492428   96.101440  0.305702  2.370629       8.635140   1539.363159  126.748665   6.358927  2.599949   89.600670
51  -23.134527  -5.957234   34.547775  0.303878  4.826396       5.271004   1336.803101  178.800842   6.894607  2.459209  316.436462
52  -21.245466   0.595193   13.507010  0.312326  2.477011       5.478118   1038.175293  220.126389  11.081373  0.890673   98.911552
53  -15.146569  16.025913   70.085648  0.331764  4.453655       7.415319    886.344238  127.149704   7.636328  2.090603  186.631546
54  -11.242515  29.257793   46.040630  0.318653  2.874216       6.795707   1534.991821  135.883896  10.179096  3.570856  100.265564
55  -11.601666  43.569195   47.386055  0.257883  3.321475       5.976503   1239.259521  219.827179   7.683088  3.939011  184.512650
56   -0.032155  29.349642   31.463146  0.343689  2.242008       7.363166    837.509460  190.587234  10.755857  1.958073  112.108116
57   -2.305742  19.643969   36.723461  0.332326  2.846606       7.457841    886.002808  151.105682  11.861186  3.146344  289.200317
58   -2.064604  19.925234   38.637764  0.309129  3.849792       5.412896   1518.119873  223.510117   9.938456  2.943483  119.029930
59   -5.713398  24.774870   45.070053  0.239396  3.166801       6.134976   1662.284912  162.830307  11.842505  3.439669  154.912643
60  -20.132010  -9.478312   22.428665  0.290561  3.249043       6.877843   1136.169800  147.329956   7.328405  1.798191  108.598946
61   -1.698060  13.575830   22.857754  0.322834  3.584338       6.143183   1674.454712  146.533798   9.414596  2.949179  103.191948
62  -17.134148   7.987123   43.582989  0.342919  3.324728       5.874320   1092.259888  193.736832   6.173406  3.885536  244.475677
63   -7.051368  37.561241   49.974812  0.282046  2.125853       7.620807    782.142944  130.447189  10.205340  1.658858   86.009163
64   -1.720879  42.264553   40.213009  0.248587  3.893346       7.253968   1005.342468  212.003708   6.742172  2.864701  199.265076
65   -6.644462  -7.960182   29.700541  0.327885  3.532239       7.882197   1091.829834  110.476463   5.436705  3.810410  100.839310
66  -11.279312  36.830490   54.603848  0.268218  4.729817       7.057038    917.268616  163.761368   9.045221  2.278454  201.541229
67  -23.631907   3.032109   13.293269  0.339940  2.205782       6.487668    966.497681  188.309784  10.362457  3.173696  247.368942
68  -12.444884  35.412178   25.947639  0.292200  4.106132       5.827410    790.302307  111.822021   5.680693  3.789496  141.276108
69  -32.452778   4.077543   36.822712  0.286481  3.347804       8.585099   1309.314941   67.507751   5.854731  3.411767   94.420433
70   -2.205023  29.717386   36.658688  0.273486  2.287107       5.524956   1241.632202  104.160034   9.569474  3.161799  149.431396
71  -20.126465 -20.036404   18.769482  0.296333  1.858233      10.135870    906.922607  111.939873   6.040313  3.555151  101.052994
72   -5.964559  29.429728   29.264448  0.271432  2.795768       7.838345    767.326782  153.305389   7.991625  3.320212  189.037003
73   -4.244938  -8.194559   33.050674  0.224872  1.374764       5.710712   1539.750366  140.566360   9.735577  2.924195   89.920731
74   -2.177991  23.584764   46.556435  0.312671  3.303867       5.986822   1399.994141  161.176849   7.994246  3.164969   78.914284
75   -1.478366  17.508574   56.157089  0.309373  1.710132       7.277788   1287.247437   38.259422   7.488388  3.303319  237.837952
76  -12.549664  18.661766   86.200653  0.301610  1.071630       6.577827   1331.945679   51.825111   7.795881  3.451813  206.734116
77  -30.898903  21.220572   78.055824  0.295504  3.237993       6.855752   1055.514404   46.931541   5.334887  3.669302  175.317810
78  -24.297985 -25.078053   49.885517  0.278733  2.746056       6.832393   1097.492920  210.038925   6.462369  3.902398  335.185242
79   -5.268098  27.862474   31.723572  0.299752  3.045969       5.143744   1759.741821  193.027603   9.769137  3.747455  183.816086
80   -6.312538  25.530378   48.291660  0.326669  3.186360       8.442863    784.620117  150.078629  11.783700  3.668458   68.504349
81  -22.956516  24.074900   26.047068  0.339214  4.309804       5.662394    916.763306  121.575226   8.355734  1.756077  196.178345
82  -13.174976  36.298447   45.197384  0.279459  2.812517       8.306020    796.956238  139.651428   9.767638  2.895779   96.352386
83   -1.955862  26.220713   58.344349  0.249218  3.072070       7.987638    708.508545   60.386200  11.076703  1.926464  116.407219
84  -13.359868  35.046902   48.665028  0.266834  3.526787       7.585751   1172.454468  233.359436  10.269798  3.825493   56.920872
85   -4.321260  36.882668   49.342697  0.314576  2.329067       5.830226   1424.457642  146.584396   9.542958  2.100889  101.348663
86  -13.490909  -7.300141   65.263771  0.319333  2.492876       5.191528   1367.269653  204.456665   7.489270  3.265816  239.162537
87   -2.645344  29.896828   27.851618  0.285378  2.750229       5.348717   1789.612549  106.867470   6.432723  2.810369   87.713974
88   -5.531670  38.256882   46.609184  0.316501  2.715880       6.702106    792.196533  147.395340   9.864606  2.055953  154.512573
89   -1.027653  16.485174   44.188255  0.303555  1.939292       6.686686   1912.078979  173.546082  11.239425  3.874638   83.672028
90  -21.122673   4.988936   37.382122  0.321257  4.952221       6.062705    806.292664   89.694267   7.394787  1.088641  107.218430
91  -13.760726 -13.074934   39.813637  0.237503  3.505773       7.499762   1203.839600   83.084846   7.885658  2.355179   91.041489
92  -24.057880  -6.057870   25.420284  0.295167  3.914681       7.220751   1808.336914  214.099213   7.264330  3.807103  151.538269
93   -5.761158  23.236294   53.666122  0.312921  1.458537       6.001059   1207.920776   56.709892   7.443324  3.830768  269.264679
94   -8.173145  34.485699   86.858307  0.297995  1.554633       9.403228   1410.848633  157.413147  10.165974  3.237493   80.821121
95  -26.779652  35.443977   74.248695  0.286546  2.600633       5.886215   1318.268311  143.070633   8.515267  3.473654  137.342712
96   -7.948353  -6.220022   38.013004  0.297201  3.205276       5.972120   1031.216064  137.766190   6.083847  2.826069  189.136108
97  -11.762291  18.973509   15.143231  0.327608  4.091155       5.848626   1449.001099  116.385216  11.311726  3.476917  205.304352
98  -26.663754  27.215374   77.460884  0.232555  3.477649       7.007059   1352.024780  202.498032  10.820314  3.672348   86.061226
99   -8.327573  33.916420   43.900345  0.293478  3.593827       6.215163   1110.120972  138.207321   7.204675  2.335837   50.543690
100  -4.870010  31.536640   44.138889  0.308278  2.425745       5.011633   1660.429932  163.602509   7.038187  3.369270  210.676254
101 -23.514193  13.471827   61.746315  0.344160  2.314210       6.004861    820.832825   77.555946   8.673079  1.925037  103.098503
102  -9.860015  22.360489   46.569332  0.349318  4.278101       6.951655    873.777039  193.030396   9.364689  3.015415  202.813019
103 -27.435829  -7.442846   32.635784  0.348801  3.806081       5.863451    834.258362  161.065018   7.465384  2.627416  362.368195
104  -4.923814   4.807057   51.640320  0.321325  2.343674       6.381654    800.889343   67.545158   6.620643  0.912195   52.644661
105  -8.112790  13.519891   41.294060  0.240600  3.545944       7.580517    709.088501  124.902344  10.453504  2.924954  179.377594
106 -17.344351  21.658108   60.501774  0.306905  4.124328       5.685609   1068.708618  153.280350   9.387685  3.548175  135.902557
107 -42.279770  35.674046   87.330933  0.299549  3.427053       6.777923   1369.372314  189.185974   8.667282  3.972129   74.434357
108  -3.724566  25.986786   52.103470  0.271702  2.091268       8.219462   1082.955933  102.898293  10.030354  3.286726   75.820541
109  -1.701052  -6.214661   37.615414  0.338776  4.469600       5.991366   1152.269653  240.204025   5.308179  3.078438  120.926201
110  -8.715934  24.423931   67.681358  0.330418  3.293419       7.516792   1099.991699   98.764618   8.194845  3.887012  173.000244
111  -9.485984   4.226226   57.638130  0.331199  4.309003       7.309150   1001.040161  142.610428   9.970287  2.029599  145.136826
112  -2.355419  16.326298    4.857349  0.285728  1.904061       5.874757   1125.803101  142.863266  10.394836  3.045196  272.500275
113 -12.013723   8.621264   40.507565  0.262636  3.772143       7.060423    999.791504  117.556892   8.729420  3.979941   98.902702
114  -8.574420  21.037848   20.189697  0.256959  4.558536       6.952389   1208.777344  137.541077   7.090384  3.666797  177.406693
115 -20.560286  26.407635   58.860077  0.282210  4.250953       6.017799   1056.725464  172.229507  10.955248  3.735382  166.753021
116  -0.442953  10.859473   29.799669  0.313983  3.335835       5.824894   1486.753906  225.118607  10.708019  2.335726  103.335320
117  -4.170207  -0.046903   39.261921  0.239206  2.474186       6.808404   1083.030640  109.444122   7.475297  3.260092  122.547714
118 -28.197277  10.522883   29.726749  0.338022  4.780575       6.558790   1196.963989  215.689011   8.433687  3.084570  266.763397
119  -8.833062  39.460621   51.843014  0.290545  2.309756       9.514637   1147.158691  162.540527   8.080338  3.398177   75.289391
120 -24.917137  28.442497   50.617771  0.300354  3.741235       5.517891   1082.235352  126.562126   8.379111  3.427001  130.314240
121 -22.657291  48.402832   61.032825  0.345700  4.373390       6.284069   1340.102295  237.312729  10.603349  3.575707  133.103485
122  -6.803624  -7.729456   37.609592  0.260669  4.644993       8.549037   1017.368103  215.858673   6.168447  3.205344   89.916595
123 -17.205950   9.811979   46.230915  0.266177  2.651046       7.101278    915.309082  105.994987   5.119737  2.349468  182.222839
124  -7.432735   7.821644   13.573551  0.299708  4.475949       5.452936   1174.144531  242.338028   8.141576  3.522240  279.690338
125 -10.125587   5.284343   25.785847  0.341866  4.550662       7.151890    799.585449  179.527435   6.397777  3.622156  317.076874
126  -4.397923  34.881554   31.690159  0.209592  2.932502       7.665249    934.286560  100.272850   7.819812  3.000405   61.937225
127 -23.467567 -23.553841   51.784088  0.276937  3.040324       9.460317    950.378967  214.343246   8.744044  3.648925  191.474564
128 -16.659840  43.559483   56.588715  0.332288  3.350845       6.145221   1398.913086   60.714359   6.502702  3.227024  184.255127
129 -14.403807  27.543377   39.233311  0.305551  3.300479       5.133049   1292.734985   56.907276   7.175811  3.365562  167.131577
130 -28.324959   2.657338  351.712921  0.342738  3.091565       5.276667    971.849548  146.164474   7.668290  0.458750   96.094635
131 -13.368131   7.245758   20.958319  0.283122  3.588727       8.405649    739.346130   55.210442   7.339240  3.890522  211.230972
132 -10.323238  22.551018   56.978016  0.284155  2.573297       8.569180    845.266968  165.864914   9.161361  2.703079   88.673653
133  -4.074658  41.179539   43.896519  0.326116  4.534535       5.659058    802.928284  232.260559   6.356966  1.054588  110.763474
134 -21.461208  26.215214   78.005699  0.348376  3.154769       7.583087    850.786560  211.218155   6.191346  2.115109  115.933403
135  -2.120806  12.550678   40.363541  0.305684  2.260520       6.706192   1102.942017  100.690681  12.911559  3.552037  148.363190
136  -5.209899  44.000221   23.504082  0.293013  3.950054       5.967807   1043.727539  220.460358   7.869442  3.715309  119.383255
137 -18.511633  10.823280   17.697466  0.312558  2.586431       9.311580    740.153259  121.480431   7.565475  3.220427  100.679146
138 -15.958611  17.314808   13.245084  0.224041  4.107008       5.932477   1630.047485  179.029648   8.716403  2.711029   50.858166
139 -12.541553  24.428612   55.390190  0.309737  4.089856       8.171313    703.778198   69.050041   7.360893  3.944844  302.724030
140  -0.587153  43.168854   43.247952  0.339591  3.241750       7.699235   1078.168945  189.224930  10.548814  2.912915   98.636337
141 -12.951454   1.631035   24.040358  0.304625  2.863288       5.574405   1750.072388  121.003777   5.734383  3.086957   78.350693
142 -11.152162  11.565275   44.251877  0.216561  3.941599       6.999432   1382.883179  135.356445   6.594908  3.889143   71.855309
143 -14.143695   1.150662   27.523142  0.243401  2.226547       9.335823    927.162537  226.365692   8.223169  3.658391   90.678268
144  -2.952237  32.022797   42.998978  0.247985  2.540714       6.168838   1120.527588  152.487137   7.355016  2.117434  104.320511
145  -5.045444  22.978956   47.230736  0.340605  4.085927       9.479936    738.660767  120.692741  12.101693  3.624253   89.282387
146  -6.320534  -4.279940   12.651046  0.237077  3.946321       7.629528    860.286438  150.420975   8.909917  1.225069   77.403885
147 -18.034435  13.231219   65.450233  0.292769  2.569134       6.495277    810.720337  137.318771   7.609867  3.956208  262.883148
148  -4.770719  43.479885   34.317032  0.268653  4.326975       5.203334   1210.237061  199.310959  14.064229  2.681790  114.638100
149  -8.143054  16.685471   41.767109  0.248227  2.635693       5.730975   1650.559937  217.605896  10.819530  3.709898   96.139511
150  -2.324223  41.331841   48.706829  0.314091  2.627564       6.546104   1701.297241  155.599030  10.795339  3.519783  115.946815
151 -12.686558  -3.409542   23.121891  0.283358  1.404760       6.531546    760.255737  194.952637   7.928677  3.938970  296.048248
152  -4.765527  28.548767   42.371895  0.289063  4.194980       7.816480    715.558838  118.194984  10.136405  3.681261  225.129578
153 -16.886530  11.420414   48.457294  0.349486  4.575947       6.269515   1080.972046  223.287109   7.245456  3.013338   81.411293
154  -3.684119  45.139648   46.093864  0.347637  2.741108       6.681215   1891.956421  162.147888   9.825459  2.550215   72.669365
155 -12.298562  32.682396   59.261845  0.306866  4.452079       5.153805   1279.043823   66.916534   7.632862  1.937783  208.738480
156 -17.640926  33.389259   56.199440  0.341996  3.414588       6.946922   1162.002441  223.760086   8.680175  3.006387  112.250366
157  -8.296832  22.460045   37.034199  0.236538  3.178319       7.606922    784.491516  214.691788   7.250839  2.377876  101.305763
158 -13.174728  28.049156   38.234062  0.330845  3.222574       5.452656    803.638611  131.004578   9.956882  2.614408  130.366150
159 -33.562420  44.419312   99.364204  0.340183  1.693110       9.869897   1197.272339  190.326416   8.960615  2.002645  194.522675
160 -11.765147   8.098076   52.256184  0.228032  4.611903       7.655753    888.868835  245.013474  10.118369  2.743235  108.084442
161 -16.093880  46.918304   50.107250  0.286226  3.682238       5.811728   1335.148071  143.557037   7.056331  2.647457   90.019188
162 -17.278971 -15.914629   26.057421  0.257486  1.745503       6.042847   1054.966919  117.844521   9.520696  3.224623  222.496033
163 -16.949503  44.563381   43.508556  0.326363  4.364743       5.569221    742.245422  236.909271   6.608364  1.674580  111.011574
164  -7.119881 -16.658081   56.276733  0.341975  2.161170       6.413432   1607.713379  148.497604   9.955323  3.512484  257.202148
165  -4.257987  47.201641   42.884438  0.289349  3.542697       7.010484   1176.925293  190.177490   9.817716  2.488239  121.917183
166  -6.388494  39.118553   51.107117  0.271834  3.207725       7.444934   1076.440308  129.141586   9.255669  2.433948  136.485962
167  -9.468187  15.937645   21.232368  0.272089  3.558587       6.583679   1439.689697  225.952896  10.186251  3.058393  100.872986
168  -3.510614  31.119991   45.436420  0.292514  2.189888       7.076321   1489.915649   79.009949   7.435287  2.747285  104.693283
169  -3.172326  14.424448   30.910633  0.331562  2.777596       6.895945    916.506897  156.889282  11.277407  3.386201  342.066986
170 -45.101189  22.714178   91.704056  0.302072  3.131783       5.281881    976.994324  137.478394   9.545049  3.663494  164.389847
171 -25.255713  13.544477   79.085205  0.297238  3.877162       5.599989   1058.427368  139.306442   7.461016  3.461647  119.948875
172 -11.314030   5.150584  358.697296  0.321120  2.640880       6.805058   1530.031250  183.787323   7.625955  3.838770  260.672638
173 -15.054210 -10.169774   46.093719  0.266400  3.496102       5.632805   1652.510376   84.202217   7.856765  3.406168  129.755585
174 -23.961901  29.296839   60.297615  0.295356  2.896201       6.111770    851.617554  105.836784  10.662830  2.723857  102.574905
175  -6.625887  11.012391   30.782145  0.237805  4.190529       8.749445    789.817932   97.423393   8.273641  3.291574   53.053932
176 -20.855547  16.055304   71.846947  0.245010  3.558333       5.698277    854.829651  181.597961   7.996614  2.474041  160.448242
177  -5.644918  27.713388   55.456562  0.268231  3.726361       7.627369    768.215881  189.994995   9.499640  2.179830   69.697670
178  -0.854356  34.235508   55.779549  0.295979  2.556032       7.693546    833.921326  100.443207   7.167286  3.733849  377.297089
179  -8.231297  28.390045   35.497276  0.327376  3.547382       5.120955    897.240845  184.034576   8.354469  3.834299  350.244690
180 -19.380478  29.887688   53.302273  0.320751  4.842805       6.800227    915.283142  213.141098   8.265117  2.678547   50.385143
181 -14.957284   9.461068   37.764378  0.273795  4.668457       5.935953    748.636719  238.823334   8.920175  2.077452  177.758438
182  -4.367090  20.739042   57.127892  0.278311  1.912636       7.028905    855.993713   74.859795   6.849620  1.408407  162.919052
183 -11.724046  -1.449676   43.116566  0.301680  2.557762       5.056997    952.637024  223.669235   8.938334  2.319077  335.335358
184  -5.786147  20.797037   48.301991  0.272767  2.834689       6.256989   1213.586426  237.123245   5.111619  2.221640  160.965439
185 -22.909815  34.265717   65.462547  0.331713  4.331829       5.700259    999.338562  176.043549   7.480225  1.468863   91.456070
186 -16.938599  28.048513   63.291302  0.276779  4.200109       6.954800    743.309631  248.018143   6.689214  2.761885  127.530853
187  -5.612142   5.195137   12.590083  0.327297  3.683322       6.250834   1471.926270  118.760620   9.394345  3.798197  278.739105
188 -11.391966  25.672329   56.238411  0.281181  3.666613       5.566319   1877.970825  215.818359   8.416519  3.305484  154.279541
189 -11.195056  28.122097   35.955353  0.300587  3.195450       6.201478    810.853210  153.174973   8.035530  1.622115  161.053009
190 -23.020363  12.033423   73.466370  0.323700  4.461956       5.063153   1372.822876  180.274368   8.643496  3.664584  230.010330
191 -22.018097  -5.802094   34.191734  0.298317  3.464984       7.231956   1018.526672  151.162445   6.731103  3.333356  224.821426
192 -17.772032 -10.777331   24.678820  0.213506  2.304122       5.497302   1471.132568  225.940536   9.885778  2.999194  193.833832
193  -8.189382  41.344639   70.990173  0.258677  1.269332      11.868874   1444.331421  109.339569   6.866641  3.668403   93.298302
194 -21.534018 -34.720234   56.635330  0.349079  2.503373       8.241380    985.957642  147.441910   8.649808  1.509016  305.608734
195 -16.298347 -45.463062   64.209351  0.315837  1.352147      11.518993   1239.309082  203.858749   9.242410  3.111511  238.741684
196 -15.064538  16.747009   28.721905  0.347550  4.650506       6.806756    807.298096  233.643143   8.168884  1.792683   80.870918
197  -2.684669   1.630936    7.986336  0.324454  1.942524       6.591959   1643.768066  169.062469   7.626324  3.807541  198.273285
198  -3.786378  19.972374   29.626925  0.305587  3.155230       5.648019   1694.717041  152.773697   7.467656  3.722193  212.091385
199  -7.771603  40.857803   26.492197  0.299928  4.009645       5.057628   1292.822266  149.221161   7.163307  3.332887   85.517433
200 -16.844557  45.822506   76.138977  0.333820  2.783395       7.467470   1462.926636  138.489182   7.463140  1.512554  187.661377
201  -2.791046  32.273609   43.975937  0.322109  4.598328       5.872517   1141.104370  202.991455   9.962382  2.639097  242.043854
202 -12.533229  28.535168   46.226669  0.297440  4.534070       5.352521    746.428101  180.567017   7.766289  1.462073   58.806072
203 -22.230976  -5.791745   45.985985  0.322578  4.438013       5.815128   1354.662598  108.849541   6.290111  3.563884  249.282043
204 -16.659008  -1.793517   48.575066  0.312771  4.985931       7.473206   1237.916382  248.319092   8.017154  3.836059  119.763199
205 -18.611933  18.323774   20.431364  0.320178  3.300731       8.157955    731.961609  171.323044   9.063644  3.847964  253.130722
206 -18.777857   6.164251   50.501755  0.229071  4.871076       7.239159    971.403931   86.072365   8.513249  2.923963  101.939224
207 -13.973458  10.915062   23.482164  0.231437  2.338723      10.021043    727.803345  172.448410   6.136307  3.304977   94.579636
208 -24.158228  25.551620    9.972962  0.328068  4.216965       5.274417   1479.809692  206.701599   6.364326  2.538626  205.652039
209 -15.447220  29.244217   55.779663  0.335574  2.969977       5.471568    769.706604   81.069389  10.139511  2.696531  338.427917
210 -22.187916 -11.449042   17.348091  0.296735  2.543665       5.830358   1042.028076  220.561691  10.490175  1.403398  142.745224
211 -18.418310  16.710716   79.045647  0.303859  4.399242       5.239413   1035.437622  122.829575   7.195282  2.841032  219.546967
212  -0.331231   8.289853  353.066376  0.315953  3.059130       5.816630    917.917053  200.311905  12.272001  0.887618  195.017624
213  -8.531354  34.344925   41.180275  0.217155  3.127763       6.921175   1058.221924  230.315292  10.203391  3.384538   97.267303
214 -16.407375   3.820552   15.896631  0.243834  3.570251       7.351781    936.143188  222.194275  10.031812  3.168118  159.885178
215  -6.179315  20.607859   35.109169  0.314580  3.976130       5.224939    715.921326  226.932648  10.546326  2.499174  273.864075
216  -4.659998   6.195768   60.389027  0.277677  1.366445       6.124117    985.763794   74.452835   9.518209  3.650288  226.625549
217  -9.616033  29.635786   43.095848  0.317253  2.454920       6.914027    966.439331  114.557678  11.559698  3.321607  215.322678
218 -13.711915  35.473045   46.645947  0.294163  3.232731       5.289211   1171.752441  115.182106   8.270467  2.675957  160.407135
219 -15.699099  -9.995093   58.887264  0.331068  4.154305       7.984390   1038.631104  210.883118   8.288308  2.307803   74.236404
220 -16.945469   0.239126   24.025873  0.287139  2.579379       5.748452   1729.090454  147.251740   7.249104  3.976308  291.125732
221 -13.917170  44.080078   53.702770  0.268450  3.833510       6.810490   1157.409302  144.267090   7.867584  2.764451  148.269684
222 -23.017307  16.095146   19.680046  0.249498  2.612044       7.421681    805.118469  148.649841   7.159866  2.145934  108.378372
223  -3.538010  22.185579   40.224655  0.241127  3.668612       8.270156   1085.489136  146.990143  11.481416  3.558289   80.613976
224  -5.807929  22.838078   49.905800  0.231176  2.196145       5.591176   1236.919800  107.081886   9.584255  3.248757  173.483261
225  -0.920467  17.486345   18.777420  0.338463  2.364526       6.126125   1040.430054   81.552681   8.723241  3.008379  150.975861
226  -5.188418   7.217067   25.105293  0.314792  2.206748       6.302074   1516.714600  141.755814  12.116377  3.746908  128.345764
227 -12.128341   8.668075   50.375153  0.303356  2.956019       7.150904    711.580383  120.201950  12.050517  1.431345  111.529297
228 -13.335401   3.371081   12.367490  0.336815  3.287096       8.132006    730.163940  194.016418  11.043148  3.161167  167.894089
229 -20.469259  31.993206   47.735180  0.337447  3.305132       5.068008   1319.414185   68.144615   7.508611  2.912683  152.833206
230 -17.336487  27.683321   35.116768  0.269016  3.039813       5.186472   1736.653931  208.396103  11.331918  3.529399  105.457115
231 -13.813065  37.940140   37.752773  0.305593  3.908704       6.003767   1236.904907  172.316727   9.441930  3.353741   78.523857
232  -0.707387  25.030956   72.821808  0.299980  3.547986       8.318348   1286.399414  167.894592  10.010941  3.439560  140.200027
233 -12.600922  41.035702   48.812115  0.225271  4.128297       7.405034    944.520996  198.323914   8.446308  3.132229   55.170643
234  -0.053410  31.476885   41.784904  0.325091  3.940717       7.621470   1377.453613  199.774582  14.097872  3.455217  108.041367
235 -12.921700   8.107131   21.729322  0.348244  3.589190       7.170190   1040.775635   78.836624   7.376025  3.003349  228.161926
236 -15.021174 -14.261095   37.878742  0.233612  2.646910       7.523381    942.692017  198.467957   7.045610  2.743670  156.349564
237  -7.773648  42.933311   54.533089  0.303685  2.928828       8.510854    921.242737  146.107407   5.723492  3.471833  248.134811
238  -7.286170  34.754665   59.038040  0.282245  4.504350       6.881510   1497.630737  156.298035   9.682481  3.470690   95.722794
239 -10.246446   0.602388    6.958495  0.340540  4.004514       5.570852   1394.457642  153.460236   9.474396  2.161051  146.786667
240  -3.871237  36.830803   36.214336  0.259811  3.926113       6.737747    986.649658  174.324936   6.683103  3.802837  186.572220
241  -8.486449  22.520868   32.483482  0.211550  3.187841       6.208965    976.527161  175.011398   8.057559  2.889154  123.595528
242 -25.528721  14.811950   42.812298  0.333753  2.793695       5.371570    871.028503  102.252609   6.113998  1.937133  200.909042
243 -11.652020  38.300407   53.794167  0.220598  2.965180       8.279705    975.091980  158.386185   8.513003  3.137704   70.309975
244 -30.920765   6.631731   46.669338  0.349470  2.735588       6.842882   1190.224365   49.105946   6.264820  2.342396  102.691864
245 -14.514329  -2.922574    7.540648  0.271590  2.208225       8.082951    932.702393   96.885635   5.837162  2.165250   81.117126
246 -15.459729   2.878192   23.065500  0.231773  4.849361       7.413865   1082.105347   63.686691   7.636134  2.847504   61.335487
247  -4.873571  15.281780   36.190464  0.277812  3.536894       5.755754   1254.210327  217.022980  11.423278  3.158102   87.749214
248 -23.766146  34.666088   57.781986  0.342104  3.363643       6.525621   1305.667358  114.754692   8.249464  3.836669  121.785110
249 -23.549183  32.444065   72.691780  0.256232  3.203747       7.064489   1287.130371  144.586243   7.906794  3.461963   64.016037
250  -2.531523  39.938496   18.086290  0.311355  4.314757       6.210940    771.609070  224.062531   9.417682  3.807015  220.547195
251  -8.733051  28.646229   56.480324  0.349213  3.118821       6.525044    977.349854  144.917984   6.985498  2.790514  268.924805
252  -3.261683  16.481747   37.408665  0.274272  4.211482       6.086833   1035.229492  110.162468   8.413915  2.901866  187.964722
253 -22.289284   7.255734   19.948677  0.300622  2.787300       6.468007    913.300659  225.064484   9.281383  3.554998  328.669128
254  -3.598083  42.725094   39.459461  0.322727  2.944265       6.771598   1680.021851  214.430191   9.304042  3.994316  131.521790
255 -15.577540   1.043613   47.087002  0.345905  2.534229       5.856198   1443.065430   80.039589  10.303657  3.154759   65.499641
256 -25.789358 -14.115954   49.865974  0.286242  4.886260       8.272826   1209.784302  208.964020   8.646734  3.313510  159.542877
257 -20.756952  15.199903   47.422161  0.299375  2.838349       5.871203    817.291992  152.586136   9.352177  3.207264  236.202576
258 -11.057071 -13.818028   32.575436  0.267419  3.320668       7.027285   1355.042603  108.445061   8.834494  3.930421  148.714508
259 -11.843450  41.830101   32.917419  0.254117  3.787702       5.195373   1027.272583  206.815567   8.861627  3.932566  152.438324
260 -10.295448  34.531158   30.211296  0.315910  4.435791       5.082784   1223.621948  125.057190   9.291687  3.246191  193.573074
261  -5.763380  42.665714   42.789547  0.340448  4.146434       7.520179    813.196472  193.762680   9.450957  2.946928  104.501213
262 -22.033852  26.786049   64.510139  0.245793  2.351493       6.225966   1542.869141   48.764587   6.244115  3.524393   92.614372
263  -3.939976   5.854753   12.937214  0.293642  2.815730       6.920891   1040.354980  182.342789   9.086840  3.838406  282.604645
264 -14.122873  16.355705   38.181007  0.234270  4.709838       7.133414   1194.971558  232.326096   9.967334  3.541202  132.232239
265 -12.083290  -1.426261   21.184528  0.341198  2.634022       7.532656    955.253723  225.084488   6.178700  2.722910  174.943390
266  -3.571398  20.046446   60.543407  0.273261  3.463597       6.625109    867.395996   69.813774   6.281335  2.433861  150.120865
267 -14.230588  -1.327013   10.142724  0.223981  3.679973       7.836892    788.486023  156.963318   8.857721  2.949725  185.966202
268  -0.745467 -18.924183   53.736683  0.270124  3.785870       6.259154   1015.615540  213.900986   9.577412  2.493756   98.156410
269 -29.045635  37.282536   60.025597  0.286813  2.388515       5.527152   1419.455322   80.445992   8.531733  3.458613  123.930237
270 -19.398502  26.166260   56.768768  0.348474  2.442054       6.351186   1325.260254   43.657616   7.452259  2.921274  158.082947
271  -5.492083  24.204552   52.995785  0.301687  2.741210       5.787507   1542.543823  112.048088   9.482521  3.244946  155.236160
272 -17.876732  40.093319   61.761688  0.232076  3.589765       6.191985   1267.179321  176.216003   8.840413  3.657903  139.681274
273  -4.769593  21.457325   13.895268  0.297139  4.253581       5.231563   1084.958374  213.947968  11.177338  3.237381  316.640137
274 -11.597857  -3.104972   15.063531  0.239537  2.303909       8.269601    784.493347  242.193604   9.792713  3.202074  140.925705
275 -13.558828  25.615993   22.501713  0.342112  4.117106       5.379287   1937.593262  228.710419   9.341486  3.893376  135.396011
276  -7.049758  39.790417   35.561726  0.296859  2.461127       7.881415   1104.987549  154.884872   6.556418  2.686473   72.260437
277 -18.100891  35.573105   56.900280  0.342155  4.167067       7.282904   1262.908569  185.551392   8.217381  3.911596   72.823639
278  -1.051474   3.958510   33.834732  0.313320  4.870329       7.355869    705.581787  201.485245   8.858810  2.172624  202.961548
279  -9.306073  17.797338   37.968323  0.302546  2.121235       5.185999   1689.334106  137.658096  13.913224  2.671779  160.464676
280  -1.309821  30.192446   33.566067  0.334278  4.067214       5.156842   1377.294067  192.039978   9.105449  2.293164   61.178570
281 -12.890484  35.103874   34.990471  0.227469  3.491132       7.077358    748.035889   84.922577   7.919090  2.871735   75.190041
282  -9.245913  13.317396   16.535259  0.320002  4.131729       6.452626   1018.044495  210.863159   6.645684  3.073556  368.757507
283 -29.827312  26.766584   91.654648  0.253421  2.646375       9.728821    836.604370  127.705482   8.195680  3.443511  102.996239
284 -10.732741   9.556686   39.932331  0.248989  3.903574       6.023297    861.842834  159.579666   8.307955  1.305015   61.398972
285  -6.325175  35.476559   18.859270  0.296280  3.249901       5.144612   1466.618896  239.264282   8.609258  3.974234  212.584488
286  -7.740933  34.787952   61.202904  0.252720  3.309742       7.147990    797.263977  209.817734  10.319406  1.646215   83.507874
287 -35.300076  30.206638   82.239517  0.306486  2.468208       5.317607   1438.425781  127.430786   8.852757  2.978091  124.636848
288 -12.770399  37.040253   50.432346  0.249265  4.543828       6.054508   1543.260376  132.658859   6.355872  3.866230   69.580399
289 -22.649139  29.494186   45.823822  0.315700  4.563585       6.256169    926.085449  107.164879   7.912310  3.355952   87.055550
290 -13.969567  33.289875   56.425484  0.343148  1.529998       5.184560   1749.181763   46.193851   6.878482  2.847008  266.827515
291 -11.259025  -4.628445   37.763313  0.295183  3.252371       6.626227   1088.395264  164.077255   7.473613  1.766882  220.912827
292  -7.625769  26.431396   28.001169  0.290925  4.340735       7.428078    825.381409  249.103821  11.188178  3.898459  214.224030
293 -11.977892  16.768167   57.106655  0.298194  2.297303       8.559257    979.631165   73.896210   5.958165  3.662148   81.505806
294 -25.519169  27.855104   70.070007  0.223526  4.854717       5.856515    861.290588  221.862320   8.455282  2.408586   95.728844
295 -11.169139  46.361103   51.493286  0.247083  2.811112       8.799162    804.507690  114.167992  10.556597  3.708243  120.788818
296 -21.630871 -16.973675   27.800299  0.232294  2.435171       6.639743   1773.640503  239.928223  10.879126  2.671211  111.534760
297 -15.485367  27.306749   69.639900  0.234359  4.929103       7.870253    762.156616  210.592316   6.619374  3.665174  180.356506
298  -8.289207  32.749817   28.341217  0.270081  4.635845       5.622554   1686.315063  159.995407  10.258335  3.671814  101.654152
299  -3.389244  49.073528   42.724743  0.329004  1.926583       8.041204   1831.258179  230.880936  13.020379  2.811203  131.554764
300  -4.703572  18.260788   24.596207  0.337832  3.331352       6.722158    763.498413  138.396591  12.773488  3.528192  419.029724
301 -10.580133  16.712597   37.895969  0.251954  3.975745       6.875438   1032.155884  232.817398  10.711413  3.469783  130.477509
302 -16.151070   1.157067    9.375745  0.331216  1.908853       7.379761    706.850342  206.856720   7.822482  0.705445   91.894325
303  -8.363356   0.988519   25.369501  0.296668  2.775081       5.727547   1006.034790  213.298584  14.381401  1.293601  124.331360
304 -12.203087  18.280514   53.439823  0.311229  4.202862       6.395188   1222.209717  201.214142   9.735246  2.407368   78.545593
305  -9.938169  16.933277   13.127082  0.269370  2.705647       5.729908    841.615967  216.207733  12.683259  3.348835  314.302765
306  -0.599029  20.911173   52.736645  0.226001  4.994923       5.087988   1988.827759  141.850983   8.444360  2.443622   71.296394
307 -13.899197   8.216711   25.696508  0.296683  2.079909       6.766461   1411.743652  137.350677   8.134143  3.987578  189.066559
308  -4.411677  26.435453   41.355034  0.251715  2.561478       6.081936   1167.321899  183.990402  10.032146  3.369233  150.191086
309 -10.837810  32.590813   48.867054  0.341488  4.876715       5.867333    728.866272  205.027954   8.401732  2.884951  202.320221
310 -11.987352   7.073784  355.640656  0.313102  3.153872       6.848103    732.741821  199.290665   6.240180  3.502182  393.307953
311  -0.278756  22.086241   35.717819  0.230682  2.388863       5.565609   1117.010620   52.433483   7.750554  1.380666   70.196671
312  -5.696703  -4.706911   22.259142  0.238387  2.703995       7.685303   1294.913086  188.767944  10.219602  2.992177   74.487686
313 -26.326645  32.087074   78.087967  0.309299  4.534669       5.112658   1104.634521  153.687729  10.032961  1.796437  163.935394
314  -9.794786   0.553124   33.910549  0.340585  4.355633       7.055234   1151.297485   75.117950   8.408243  3.414624  286.213379
315 -22.607054  -7.306060   43.275787  0.324671  3.724929       7.120578   1004.442200  103.891724   8.947823  2.502727  212.546341
316  -7.074378  18.703650   41.864048  0.347599  4.405610       6.655468    866.155945  153.301880   7.313587  1.992762  268.962708
317  -0.768620  32.505180   14.289949  0.281460  3.774007       5.499196   1154.190430  188.955765   9.612844  2.916014  128.444351
318 -24.909145  28.521309   92.053551  0.346063  2.005637       7.696457    986.227539  177.138657   5.238081  2.648544  130.364716
319 -11.268693  -7.757564   33.658604  0.337986  3.464130       5.334130   1629.151855  164.954483   8.882867  3.023768  276.207428
320 -13.266064  17.492790   49.219662  0.217976  3.140773       7.649137   1064.781494  121.563988  13.461554  3.678819  102.781807
321 -18.086884  33.775475   62.810844  0.289538  3.391542       7.065671   1054.629272  221.593231  12.499144  3.076693  122.605583
322 -20.795298 -12.578452   46.450512  0.301556  3.183347       7.373800   1298.586548  181.326019   6.192410  2.419143  147.872040
323 -11.237031  18.030539   19.147549  0.301641  2.190189       7.213678    970.746704  153.953522   7.046989  3.071208  160.310043
324 -12.632777 -10.991271   30.868919  0.216760  3.347570       8.235534    706.378418  240.917496   9.687633  3.112394  180.481506
325  -2.100106  24.987595   40.027557  0.333152  2.989655       6.224225   1110.517090  105.173286   8.665533  2.459265  315.024292
326 -14.662677  26.924898   54.530788  0.348250  3.591219       5.749207   1202.605347  198.307129  10.054477  3.967572  165.884064
327  -7.009604  27.557854   53.864090  0.312128  3.800732       6.519383   1153.044189  248.515350   8.898597  3.392411  238.262924
328 -15.047716   6.750185   13.644800  0.274510  3.569115       7.961983    829.416565  191.505157   8.833628  1.244472  139.953583
329 -16.059477  18.119417   34.759983  0.316515  4.313966       6.170120    798.930542  193.101608   9.326560  3.788319  230.946320
330 -11.548591  22.606226   37.557808  0.315941  2.778666       5.624681    831.660461   63.913780   6.885069  1.622485  297.475952
331 -12.832047   3.698800   34.404125  0.256501  4.296219       5.582464   1541.670410  217.174728   8.202446  3.266121   95.849815
332 -22.228931  35.927368   52.712555  0.333106  4.053256       5.822151    882.129761  163.886261   7.995179  3.376961  174.258392
333 -13.026896  28.789047   38.292618  0.272425  1.891927       5.162832    811.326355   59.908527  10.185981  2.752229  250.610794
334 -11.061858  36.050549   35.284191  0.320795  4.510276       5.034914   1144.137451  183.952484   8.349491  2.037492   96.729141
335  -1.599982  18.109928   35.721622  0.253222  2.640533       7.654608   1082.006348  187.146652  10.851913  3.943076   60.296097
336 -22.968983  31.704599   41.624298  0.239770  3.405093       5.535824   1703.397339  150.303513   8.236544  3.904400   55.003754
337 -25.226068  31.174135   73.930626  0.229243  2.838576       7.677288   1034.480103  204.488449  14.685981  2.971966   58.112587
338  -1.605978   3.578571   22.573280  0.328337  1.690183       5.916164   1187.624634  134.629349   6.095517  2.108587  282.251770
339  -6.869509  11.041676   12.023782  0.317883  2.908262       6.925502   1035.870972  223.813965  12.238624  3.386410  202.330292
340 -12.188629  37.760281   71.661987  0.346612  3.945569       6.908726    973.381470  175.076752   6.694971  3.679897  262.452972
341 -12.702735  39.788872   65.858368  0.348835  3.192452       6.743510   1091.773926  249.227188   9.295706  1.327188   79.794762
342  -4.748682  10.779449   42.095867  0.299456  2.546083       6.775668   1019.587463  185.108917   9.481849  2.615294  125.856140
343  -2.329794  14.510707   34.754074  0.317279  4.569397       6.256364   1215.048706  192.800201   9.036227  3.854220  144.630753
344  -7.187791  16.623362   36.064293  0.298494  1.386752       6.680722    773.735840   30.598490   8.993318  3.438472  285.656769
345  -7.654564  38.976421   36.899876  0.301102  3.499070       6.566264   1209.869385  224.231720   9.073687  3.953573   97.315353
346 -19.156212  29.914423   58.202782  0.301482  2.522723       7.054502   1455.611572   68.559631   5.422466  3.844574  137.072540
347  -6.065285   7.067384   13.118566  0.341312  2.423727       6.239006    867.341309   31.473051   8.432632  0.374574  187.316193
348 -17.589546  21.386633   67.284683  0.304835  2.403713       7.796138    718.344910  104.094978  10.257723  1.362122  125.245163
349 -10.506444  12.942121   41.711327  0.315548  2.723634       6.346152   1706.247314  192.220612   8.483889  3.484582  138.892303
350  -7.163555  28.757015   36.639694  0.276013  3.499923       6.182734   1253.449707  241.449783  12.292799  3.366588   91.400177
351  -6.997139  15.522936  354.749176  0.258303  3.626391       6.869020    810.808533  140.415298   6.655363  1.060333   69.417458
352  -5.824764  21.584845   63.078915  0.225392  3.329528       6.487678   1191.070923  138.777130  12.482141  3.968341  149.402084
353 -25.098923 -16.287090   42.967628  0.263362  2.522816       5.023625   1336.557129  158.687622   7.657335  2.952421  259.568970
354 -21.607454  25.059629   45.680447  0.324811  4.184425       5.475843   1170.766113  167.358856  12.797769  2.936240  105.394257
355 -16.115286 -10.696028   30.512169  0.328573  2.476164       5.623211    937.144348  161.712753  10.970418  2.272912  306.081177
356  -1.924718  19.102285   47.138985  0.279821  4.376302       6.514965   1412.651611  133.547638   7.347607  3.926239  108.188225
357  -4.002695  19.560194   17.392370  0.309239  3.914326       5.396036   1163.103760  150.528488   7.478837  3.496320  176.754471
358 -13.197070 -12.095060   54.024632  0.291093  3.228714       7.378936    765.564270   96.963844  10.202015  2.768654  207.379883
359 -10.385528  36.532928   45.396263  0.309682  3.461234       6.747321   1579.254517  159.804855  12.008684  3.951305   64.167526
360 -38.984425  27.063141   87.207275  0.301395  2.628716       5.293406    993.903809  182.071503   8.467239  3.832306  219.494583
361 -26.248919  44.151363   67.533363  0.299828  2.878068       5.291928   1547.983521  128.826233   7.062287  2.772451  165.940720
362 -18.294569  35.350632   29.715578  0.328750  4.867954       6.896540    743.131836  145.353195   5.329914  2.689028   62.814137
363  -5.541199  26.149052   39.088787  0.319505  2.821383       8.506983    879.224915  128.922607   8.975837  3.705626   82.656158
364 -13.162950  27.786499   48.752609  0.276649  2.699347       7.820343   1001.651367   91.676949   8.844686  3.192071  118.467758
365 -19.363043  34.295254   72.065643  0.258410  3.007219       9.278824    825.105591  210.013702  13.879527  2.943127   66.800491
366 -10.363999  28.198957   31.670128  0.330053  4.226608       5.142940   1608.018921  214.339203  10.132281  3.621036  107.006599
367  -7.365452  21.499493   26.451326  0.278023  3.934582       5.997032    922.100159  102.628120   7.029200  2.412724   53.368782
368 -14.536623  13.357221   26.781754  0.275342  4.575338       6.325906    735.940125  189.522247   5.503416  0.858338  145.241714
369  -7.607276  41.201950   53.001705  0.347747  2.706166       6.015186   1002.219971   96.387489   6.964453  2.768047  289.816681
370 -34.433872 -37.306564   30.616600  0.342027  2.020835      12.723688    955.098938  239.236771   7.488661  2.934629  238.713852
371  -2.557497  10.431736   24.074316  0.250323  3.367827       7.120366    934.508240  209.799896  10.380438  1.950984   56.670235
372 -24.365408  -5.588709   46.869331  0.338120  3.044484       7.121566    883.784729  129.456741   8.399652  3.816072  228.648651
373 -15.228876  -9.807909   31.577635  0.265012  4.408424       7.241796   1114.740723  219.617569   6.589524  3.576777  138.954437
374 -24.153076 -21.967518   34.481430  0.264835  2.616284       5.425450   1598.843140  156.114624   6.627684  2.507187  284.987488
375 -27.266014  36.202209   65.773750  0.349925  2.647389       6.325268    856.369934  108.807411  10.457471  3.640000  146.214432
376  -4.021472  -4.661191   71.052216  0.319518  4.080095       6.606623    844.658020  156.284073   6.146894  1.409238  219.326324
377 -10.513910  26.852512   70.729843  0.344691  1.631988       7.825399   1277.063477   62.489647   6.859973  3.860667  267.061035
378 -12.678614  -5.788540   54.255703  0.285758  4.471790       8.475999    702.681763  174.803558   7.293788  3.275819  259.691620
379 -32.455208 -16.353977   40.857086  0.261758  3.766737       7.972654   1021.921997  210.668457   8.586698  2.846550  202.787949
380  -1.311197  11.466151  359.990356  0.272526  2.646078       6.191019   1524.125122   58.903706   5.980464  3.976942  254.756485
381 -16.055075  32.783504   61.375648  0.223390  2.656551       5.731655   1115.310303  219.282425   7.620607  2.942861  153.761017
382 -14.301153  10.985370   46.722927  0.284572  3.000787       6.016420    926.242859  167.722610  10.514115  1.540744   61.498379
383 -14.760544  23.574551   49.393581  0.340150  4.122038       5.069908   1589.926514  196.159515  10.052497  3.727931  136.874695
384 -12.224007  -5.460405   14.071973  0.248265  3.510545       6.436116    830.825012  248.425858  12.042369  1.837607  101.633698
385 -11.961698  27.092133   13.803783  0.324491  2.910199       6.343767   1483.765015  164.285324   7.239068  3.710252  165.995026
386  -5.525872  13.993665   26.920906  0.315018  4.561688       5.693476   1021.419495  236.796707   9.014954  3.841174  253.408600
387 -13.983698  -1.450431   30.385056  0.308995  2.834980       7.971868    712.445801  134.318451   5.256904  2.181614  232.605774
388 -20.346712 -12.282043   44.071575  0.296811  3.515475       7.384883   1118.787842  138.498352   9.783051  2.518775   90.356415
389 -11.940782  24.217241   66.115189  0.295358  3.036910       7.680288   1327.667847  212.686066  10.589611  3.544099  151.849625
390 -15.256805  16.870256   43.297432  0.293118  1.753785       5.163144   1345.391479   91.655106   9.990042  2.840886  143.200851
391  -1.999107 -47.523941   53.760014  0.305372  2.409463       5.171658   1991.279419  232.685165   5.453248  2.172660  158.797592
392 -15.984913  26.163952   75.709885  0.345212  1.744596       5.732913   1984.680786  148.059052  11.517615  3.506400  149.448532
393  -1.146667   6.258387   31.719101  0.265358  1.382251       7.570602    984.607300  145.397049  11.061414  2.422220  150.562042
394 -14.238551  38.650005   58.680180  0.272673  3.730208       6.683695    998.127991  195.675766   9.515903  3.231087  144.557861
395  -3.383049  28.054848   10.136355  0.250901  4.162218       5.982344   1227.546265  241.230850  10.416183  2.965419  132.209579
396 -13.908987 -41.120819   69.211487  0.234624  2.582374       7.381844   1435.644897  204.135086   5.844841  1.563773   98.612724
397  -5.692606   3.084272   15.773085  0.302051  1.900664       7.620478    732.835510   56.909424   7.959557  1.913959  197.393570
398 -22.734358  -4.733654   41.911930  0.347878  3.073920       7.653165    904.587158   94.980560   8.137572  2.171421  181.866653
399 -15.733963  14.117053   45.969597  0.329166  4.578474       7.336452    930.193542  220.854309   9.953791  3.627325  170.875305
400 -12.935004  15.128006   31.684982  0.328560  3.526819       6.966308   1782.633423  189.990372   6.085851  3.908787   64.573921
401 -16.003193  22.047131   48.169067  0.322177  2.659372       6.699705    706.485291   56.957230   7.424792  2.050567  212.140808
402 -26.223341  33.373138   63.946167  0.302623  3.663521       6.276860    843.241455  154.580734   9.900275  1.639771   73.080902
403  -5.774773  39.733120   34.299629  0.248359  3.633284       6.070899    810.206604  228.285446  10.712388  1.451343   55.870186
404 -20.332117  -1.753345   37.195713  0.294514  2.734142       5.951436   1126.971558  122.877632   6.895890  3.298175  227.592499
405 -15.514865 -37.492989   46.061329  0.303502  2.501998       9.168958    755.379822  199.065720   7.150017  3.627442  322.440399
406 -12.208658  19.292179   35.945160  0.234684  3.414909       7.043135   1086.372192  198.536438   6.101068  3.886275   94.690079
407 -24.108784  38.330349   74.456734  0.294828  2.119366       8.808539   1217.361450  241.882355   9.829221  2.987755   68.582420
408 -25.402836 -23.154806   58.069675  0.328580  4.673416       6.897470   1194.546753  206.244965   6.843250  3.782217  310.451385
409 -15.993155   2.825637   49.640862  0.292811  3.339770       5.196873   1556.533936  143.155426   7.899371  2.599773  139.020798
410 -10.400323  46.159630   56.277683  0.320661  2.613778       9.097098   1105.117798  121.315323   7.005868  2.169713   97.325722
411 -19.784342  20.450472   25.833849  0.210794  2.843719       7.861480   1122.177368  160.555084   8.803858  3.611822   51.887711
412  -5.342807  22.747555   40.508743  0.325634  4.284543       6.488836   1084.789185   90.651375   7.407341  2.899709  208.702713
413  -0.543504 -19.398407   39.246490  0.331172  3.481385       5.598259   1479.402588  204.774933  10.863265  3.925990  199.067078
414 -11.819169  21.438570   37.009853  0.276259  4.752862       5.277555   1857.330566   99.772285   9.020875  3.966287  198.677094
415 -19.197523   5.654811   43.591999  0.255832  3.209824       6.998789   1531.328125  112.887093   7.057449  3.285922   50.496330
416 -14.561090  28.788725   27.556137  0.343389  4.651317       6.393550    732.991638   82.092499   8.207094  1.356734   57.862232
417 -19.117243  34.689194   62.674553  0.305378  3.291583       6.553450   1057.098267  108.716957   7.801248  2.505160  107.826157
418 -33.667576  42.151592   67.535744  0.291857  3.541262       6.353566    700.514709  136.749603   6.867817  3.562697  111.491127
419 -13.992526  21.166845   36.948704  0.249123  3.812221       8.019812    991.808105  239.351471   8.728566  3.908066   75.072899
420 -12.887284  35.339893   74.159866  0.329056  4.047773       5.853469   1238.233887   62.043495   5.400733  2.664721  232.857605
421 -11.141783  24.470465   31.190937  0.257757  3.293681       5.125674   1016.184082  197.608017  13.048862  3.034760  216.681900
422 -18.990562  22.843861   29.664068  0.244575  3.723499       6.772523   1556.263794  223.718201   5.600869  3.620250   52.546921
423  -2.485561  22.240671   40.220188  0.299066  3.863861       7.199453   1432.917969  194.073074   9.863656  3.194546   87.774734
424 -11.227460 -15.832713   30.894024  0.337185  2.926654       5.384410   1093.954712  227.670517  12.861758  2.263328  149.399750
425  -2.528835  23.904591   29.000111  0.296989  2.152114       5.592780    729.819702  100.095009  11.072860  1.487549  179.165619
426 -23.853912  -5.851332   59.326569  0.316738  3.081024       5.915603    807.084717  172.600937   5.379020  2.445636  246.156021
427 -19.698507  27.203428   60.274460  0.261251  3.842077       5.614352   1609.977661  243.367004  11.583108  3.886144  135.888275
428 -11.723729  34.194653   48.866058  0.286198  2.853597       7.860721    762.340088  145.071381   7.690018  2.702685  105.460594
429  -5.504328  15.482259   24.106855  0.258089  3.964428       6.754159    954.416870  116.089783   6.932148  2.545010  140.823792
430  -7.243648  -1.502008   59.484123  0.316413  3.656974       6.379849   1323.282471  211.696899  11.290120  3.920090  103.845924
431  -1.452357  28.626146   55.489632  0.336429  2.709469       6.006449   1580.774780  116.792747  10.208356  2.850025  197.298599
432  -9.703030  28.130131   31.645052  0.284946  2.580307       5.705667    700.109314   90.076012   9.488071  3.284802  305.611206
433 -10.114236  35.511528   31.638596  0.287547  2.286547       5.428102   1260.735474   80.169250   9.263759  2.307652  148.133209
434  -8.047935   4.500966   68.267937  0.267925  3.607308       6.592563    794.809509   79.398232  12.198324  2.981584  253.441940
435  -4.789660 -15.488608   48.820076  0.345147  4.784027       5.041274    944.956055  158.150528   9.977830  1.162748  163.156052
436  -4.178579  32.163563   29.959827  0.296402  4.250230       5.133778   1051.678101  210.028656   9.883747  3.335661  182.817749
437  -2.978329  29.308451   37.525078  0.311013  4.095670       6.753318   1233.079956  235.177856   8.643453  3.686456   82.476578
438 -16.387222  34.777393   65.802536  0.306733  4.997075       6.534369    890.093750  170.114624   6.212686  1.870923   72.066956
439  -8.856014  19.226904   56.850788  0.257957  3.761813       9.144808    737.233582  136.710999   9.189945  2.163763   63.958622
440 -18.192562   2.485126   19.818251  0.305278  4.096311       6.932453   1440.106689  178.567307   6.600587  3.638976  117.912560
441  -3.478358  37.351070   48.197193  0.334216  3.160796       5.833106   1206.914429  204.872543   9.887108  1.663156  119.181053
442  -5.001951  -7.182806   30.700232  0.335840  3.783465       7.795260    864.530823  213.214279   6.978777  3.823030  292.367126
443  -8.030367  25.147133   42.499245  0.240927  2.833261       6.022333   1661.165894  204.949478  10.143740  3.140840  105.779633
444  -9.537305  40.078117   39.211746  0.300915  2.952504       5.188352   1549.549194  170.467392   8.344326  3.587366  202.865601
445  -8.147404  34.768017   35.015491  0.281323  3.203224       5.154145   1062.253418  160.310089   9.809013  3.225391  235.395279
446 -13.785784   8.003280   23.872381  0.232430  4.948108       7.658642   1234.349731  161.577118   8.475079  2.903723   69.504440
447  -4.496104   9.797237   55.226006  0.309887  1.810736       6.536919    876.196472   96.127121   8.604965  2.281369  314.148621
448 -17.578798  -6.513859   37.119385  0.305929  4.684475       6.335675   1238.943237  122.229927   8.134808  3.394478  138.386490
449  -3.443678  25.248095   24.663622  0.270081  4.883399       5.062501    712.480774  156.041382  11.294970  1.005832  170.406616
450  -5.159887  37.596447   29.778065  0.266575  3.255031       5.565824   1453.006592  124.673470   5.145564  3.128823  110.591217
451  -7.875960  13.040997   18.810427  0.289788  2.490152       6.991329   1185.411255  171.015533  11.464529  2.502318  133.024139
452  -2.222885  20.600327   68.069748  0.312498  1.219118       7.925189    729.721069   72.872772   8.779584  1.985633  108.568314
453 -18.507956  23.718380   59.673141  0.203647  3.008433       5.674351   1369.239746  197.791306   9.402761  3.706084   84.484169
454 -13.748299   7.304709   23.831944  0.285238  3.655411       7.432318    922.199585  137.827332   8.286736  2.692219  185.870758
455 -33.942947  29.673401   83.681221  0.243585  3.344406       6.816302    833.781067  114.057037   9.075356  3.598153  119.381981
456 -18.446114  21.303444   59.073326  0.271227  2.860862       5.135945    845.677368   75.346321   7.432292  1.747416  200.792007
457 -21.319777 -20.239296   38.780025  0.328091  2.624310       5.575116   1522.575195   81.738091   6.253197  3.990321  335.901428
458  -0.515301  23.677206   60.214214  0.243050  2.003420       6.543853   1499.833496  190.073669  10.972455  3.219896   87.405495
459 -26.955938  47.836830   70.368240  0.327369  2.800246       8.313370    731.881775  151.051956   8.402231  2.484133  150.486069
460  -1.997808  17.818552   14.240527  0.258078  2.638057       6.437274   1614.522827  178.416351  10.676990  2.821967   71.967354
461 -21.712416  -2.007075   63.855373  0.232855  3.037105       6.774075    781.905029  187.679077   9.496789  2.183382   96.666031
462  -2.343974  32.502075   10.139333  0.328052  4.121706       6.762345    944.204041  223.056183   8.880112  2.847877  131.773605
463 -24.179451 -17.346716   19.623709  0.327555  2.817019       7.647288   1954.095459  239.375137   5.683836  3.768239  103.579987
464 -18.894426  -4.046330   51.640293  0.221163  2.320094       8.387589    831.325256   51.953335   7.742166  3.250247  124.336090
465  -6.581432  25.314936  341.945312  0.334451  3.549797       6.849414    795.961121  230.568344   6.036180  0.838034  255.046646
466 -14.610744   0.281229   23.070654  0.291553  4.836106       6.336051   1890.059937  180.926575   7.713122  3.480455  142.189743
467 -13.026109 -12.873790   44.872913  0.347940  3.463215       6.042907   1103.123657  181.932968   9.144304  3.115055  254.743408
468 -20.476137  -1.117331   23.876736  0.277738  2.759932       8.084876   1087.596558  108.494125   5.297403  3.184363  193.518234
469 -11.284451  17.907782  339.196167  0.253011  2.397413       8.352555    784.054504  182.249786   6.881315  1.541172  127.752907
470 -23.499983  41.527927   54.327324  0.279011  3.624730       7.433664    717.028870  193.499802  12.248681  3.939103  104.964539
471 -20.995407  35.409260   62.820030  0.327608  4.286499       7.389338    700.378174  171.207687  11.622201  1.529887  167.251312
472 -24.126238  -8.797182   28.414530  0.322447  2.311954       6.803027   1308.794189  180.627274  11.819283  1.740934   75.087883
473 -18.135214  29.835491   82.020874  0.314591  2.057678       8.855189    969.436584  180.557892  10.162470  1.832874   98.394981
474  -1.833510  -1.952141    6.032330  0.306754  2.196769       8.665484    917.071960  191.364151   8.850653  3.957637  136.769897
475 -14.989589  30.241848   58.756973  0.277192  2.290515       5.878379   1733.186279   68.047195   7.630710  3.353967   97.981628
476 -14.169764  26.628883   42.558426  0.325683  2.598210       6.963124   1038.388062  125.161469   6.499410  3.734165  179.591690
477  -6.266861   6.326269  357.533508  0.215229  1.911543       7.953173   1088.545288   87.873047   8.633396  3.285636  140.998215
478 -22.022251   5.191998   35.202473  0.280006  4.863600       7.023016    856.676636  249.459915   6.699636  3.287547  171.156158
479  -7.778602  28.410423   51.095806  0.270019  4.429362       6.532333   1246.632080  104.738190   6.614953  3.562694   98.256874
480 -21.476957  46.484085   56.448303  0.285446  4.938433       6.089705    807.094238  139.572357   5.219805  3.633539  172.657715
481 -13.052300   8.008664   33.009743  0.298577  4.592589       7.397627   1207.222046  197.155457   8.493807  3.288977  173.550369
482 -10.943501  19.050423   39.889141  0.246594  2.859818       6.616260   1470.990723  179.890976   8.079026  3.669979  110.005646
483 -23.057518  -4.074800   42.852814  0.314543  3.992123       5.413145   1029.412964  207.171371   7.635918  1.393011  138.324921
484 -14.290615  10.203524   40.784039  0.248494  3.989577       6.608293    910.471069   78.542763  10.215778  2.983571  142.907623
485 -32.847130  30.206688   81.894775  0.282551  3.450043       7.541250    800.225708  146.332001   5.762626  3.497865  144.061874
486 -13.303338  23.317045    9.360188  0.317327  3.572012       5.654368   1078.374634  234.979202   6.962543  1.462442  121.757988
487  -7.903580   2.765567  357.718170  0.313304  1.086081       5.262230    809.842529  197.713776  16.303247  3.586251  524.734619
488 -12.828516  36.507675   76.432755  0.315881  4.022323       8.101630   1540.531860  141.053558   6.266512  3.712201  182.430695
489 -21.239761  -7.018482   12.489842  0.219245  2.599671       7.180296    867.623474  244.317368   9.556244  1.844864  151.947784
490 -22.687052  11.078997   75.101822  0.270445  4.541136       6.867453    989.848572  127.882751   7.870987  3.402348  133.409500
491 -14.427271  -6.967764   60.122398  0.316930  2.597261       6.490863    837.423157  116.894073   7.135905  1.944741   82.961227
492 -15.482093  38.639099   44.815834  0.240501  4.485134       5.742145   1377.571045  194.382629  10.873207  3.676819  110.000778
493 -15.909416  44.847301   51.034042  0.231586  2.924837       6.905328   1461.121826  166.240860  12.412747  3.644700   55.237282
494 -17.009689 -17.273733   25.069971  0.324197  2.666454       6.274630   1091.655762   44.933975   6.993851  1.684579  204.046722
495  -7.591491  18.704159   27.964844  0.338667  3.947141       5.870264    850.622437  197.337158  12.615981  3.772965  298.345886
496 -16.188690  -3.115633   40.555981  0.252286  4.639907       7.550686    765.734741  126.318115  10.671831  3.869764  237.388184
497 -21.756832  16.718246   76.785851  0.312677  4.708685       5.661026    871.161316  156.047424   9.862914  3.221193  210.371704
498 -13.635460  20.791454   76.066963  0.214041  1.659548       8.781030    966.355286   86.125473   5.636880  3.399851   56.131531
499  -1.736085  28.692795   53.433228  0.319541  2.185948       8.101027   1148.554688  179.633270  11.936309  2.783783   84.645813
500  -9.473007  -6.119202   28.404238  0.251753  1.839246       7.114128    948.295044  105.668015   9.393652  3.391468  167.538254
501  -6.920437   6.806119   33.394073  0.274734  2.712028       5.177340   1601.713623  160.592667  12.770411  2.667543   87.715271
502  -7.657129   3.425188   27.091887  0.335049  3.954861       6.881816    842.656616  155.236511   8.819473  2.104589  352.094116
503 -15.597065  37.990353   73.543907  0.274573  3.035852       7.482100   1467.820068  162.229492   6.140883  3.222683  108.007652
504 -15.584042  18.774837   30.204451  0.342427  3.799622       6.749453   1496.770996  212.863007  10.266966  3.859852  126.254211
505  -6.957040  24.099604   58.433853  0.243396  4.694006       5.848135   1809.326538  130.539902   7.254187  3.980687  126.036598
506 -19.524668   3.392220   33.302063  0.290242  3.631374       5.329971    984.257751  164.219177  11.275209  3.345134  283.794800
507  -3.571608  38.767139   42.880836  0.259903  4.571776       9.087268    712.331726  206.092743  10.904252  2.521364   89.664017
508 -21.850132  -9.963382   12.703961  0.277090  1.524427       6.413383   1096.302612  158.088303  13.748505  2.267887  284.982025
509 -15.329185  23.572420   18.743557  0.269523  3.358212       6.370735    981.786743  142.033783   6.091873  2.720378   94.796356
510 -11.787920  -4.265100   38.322292  0.336353  4.399195       5.504461   1131.936035  224.120132   9.423158  3.015804  346.266388
511 -20.373655 -22.683361   21.870287  0.321402  2.023205       6.915851   1334.646484  164.582474   7.308646  2.159151  242.236359