           lon        lat         inc      D1AU     delta  launch radius  launch speed    t factor       B1AU     gamma         vsw
0   -28.684290   4.886730   20.500023  0.332473  2.605023       5.721187    854.243225  118.492432   9.018407  3.105021  380.735992
1   -23.187284  -9.672374   34.520897  0.348937  3.293108       5.614676   1216.046509  189.277283   6.651813  2.048824  221.178726
2   -16.801605  24.961006  352.398010  0.322224  4.424476       6.985014   1103.059692  203.842133   5.669147  2.422090  244.406891
3    -3.646428  35.552761   40.632229  0.347181  4.272990       6.206656   1650.875000  224.372391  11.632050  3.642503  169.142792
4   -10.046018  28.171442   27.792772  0.254834  4.190588       6.791714    814.429321  248.996246   6.265706  2.046732  134.841049
5   -11.864589  39.318172   49.685394  0.272164  3.895009       5.718628   1139.279663  234.378052   8.066571  3.260795  170.243118
6    -7.416962  28.131824   41.092091  0.320410  3.025218       5.067342    943.341003  102.087097   6.639292  1.461792  185.253052
7   -10.265973  44.341228   44.286869  0.345974  4.707985       5.704671   1042.704346  148.833221   6.262563  3.555667  110.220375
8    -2.828035   8.991294   16.570414  0.263829  1.495862       6.853428   1189.550293   98.971245  10.141039  2.334109   62.955372
9    -7.612868  -7.593203   58.045967  0.284027  2.415148       5.387489   1649.016235  130.691559  10.116068  3.911083  238.966599
10   -7.792560  32.057983   41.557281  0.320149  3.662884       5.151801   1434.321533  234.312469   8.045637  3.526048  226.562790
11  -15.698106  36.153175   74.061180  0.272281  2.960231       8.362159   1291.219360   28.991028   6.289736  3.774162  181.298691
12   -4.569152  13.341902  359.703156  0.245869  2.914731       5.510135   1268.882202  239.783371  12.240214  3.007787  214.468765
13  -19.515886  11.575057    5.606114  0.307130  3.138860       6.456818    999.171570  117.402527   9.937527  2.387509  254.673218
14  -16.040873  24.205601   57.433384  0.309237  3.282619       5.221650   1629.004517  153.705185  11.563520  2.992903   81.927109
15   -7.596679   5.120992   48.325203  0.307217  4.096663       8.371330   1009.884888  112.391304  10.804282  3.271124   55.412895
16   -2.283579  27.741810   42.617073  0.322660  4.126738       6.653323    960.058167  117.591217   8.381289  2.658279  258.496429
17  -27.615978  33.316078   44.886627  0.272363  3.237478       5.130319    886.084473   67.385582   6.394087  3.064387  127.600006
18  -10.765600  29.489653   43.675949  0.258761  3.136660       6.484216    980.053894  194.847229  12.974830  3.922733  132.721252
19  -14.025026   0.763634   37.727474  0.345853  2.494534       7.187598   1339.015625  224.012711  11.704354  3.335663   82.085754
20  -20.830395  36.211143   62.731594  0.347202  3.400308       7.228299    899.311340  194.364746  10.059853  3.257376   75.059654
21   -0.247629   8.622003   24.394985  0.272768  2.233666       7.969690   1014.055542  229.433319   9.683935  3.665894  104.750694
22  -12.133985  16.597349   50.332157  0.326333  4.323774       6.175151   1125.231567  177.625854  10.153999  3.966637  113.292465
23   -0.943809  36.173988   29.389902  0.328500  4.529047       5.609521   1542.918701  224.540985   6.831169  3.636308   86.169624
24  -16.322136  37.287704   63.245026  0.321148  2.386038       6.883794    896.902527  105.475449   8.087089  2.417925  159.519150
25  -16.127340  16.022289   54.140297  0.257487  4.914401       5.709713    867.369385  149.717529   6.559051  1.698143  114.276688
26   -9.282602  12.201514   61.431740  0.250784  1.255334       7.179274    997.870972   69.141434   6.583827  3.604815  236.268280
27   -0.041371   4.025383  356.439087  0.327549  1.805034       7.154711    761.087463  195.062347  16.875086  3.395889  447.642303
28   -6.272241  25.667740   29.331099  0.279038  3.616322       5.688693    858.441101  136.789383  11.538695  2.884427  278.796051
29  -16.169941  27.412041   55.564487  0.344637  3.688120       6.213377   1029.390625  168.154816   7.552685  3.198062  174.878601
30  -19.461891  45.291893   53.291687  0.324845  2.753360       5.806813   1101.904419  127.421600  10.121478  2.838592  181.532837
31   -2.950633  21.262760   74.724411  0.299325  1.355631       5.867112   1269.608154  239.859497  10.223696  2.977412  151.012604
32  -28.494724  38.781284   85.679520  0.324610  2.854532       8.549407   1638.265503  200.355576   7.977444  3.277758   90.736595
33   -3.034717  16.538710   28.287836  0.305942  4.556253       6.682942   1073.444702  204.316864   7.473446  3.194480  192.421402
34   -9.313574  35.848331   45.323223  0.303194  4.671356       5.821709    819.757935  153.795685   7.180992  3.337070  229.974060
35   -2.272564  -0.246263  344.230560  0.340807  1.666134       5.782045    739.390015  225.654022  19.816343  3.876830  509.699280
36   -2.795076  -4.877429   45.059635  0.201837  4.249930       5.480873   1576.312500  164.189087   8.834402  3.451523  168.957275
37  -27.519201  25.407688   80.806488  0.338905  2.032634       6.120782   1087.511475   62.638092   8.809258  1.725858   78.035736
38   -7.484876  16.241993   12.484513  0.340892  2.822477       5.466496    845.700256  236.337616  11.265710  1.899498  239.532654
39   -7.333430   6.243816   19.528210  0.305899  3.908889       8.140163   1507.588623  148.715042   6.839809  3.773914   56.144348
40  -24.695921  26.786951   72.487137  0.324934  3.075034       5.954651   1551.684570  135.175430   8.439635  3.533470  115.979088
41   -5.173314  12.178352   40.378548  0.266715  1.842058       7.361668    881.534607   85.447693   8.268984  2.843451  131.937820
42   -6.389535  37.912403   57.567196  0.320552  3.142810       8.320116   1430.725098  113.213264   7.241245  3.486580  101.682274
43  -12.199258  22.469412    3.932034  0.308483  3.605441       6.409735   1180.361206  175.437485  10.078573  2.663551  142.892883
44   -9.406270  12.791740   17.545952  0.334569  3.698267       6.009029   1077.843750  200.805908  10.062464  3.813062  295.038605
45   -2.689157   1.562792    9.768778  0.344763  2.756190       5.246491    853.382202  233.025101  11.919721  0.579199  325.574066
46  -25.095652  41.009609   58.927692  0.313386  4.588725       5.223536    774.197205  184.095062   6.875064  1.999910   54.233643
47   -9.241516  32.934090   62.079666  0.278792  3.524612       7.673895    832.773254  111.718193   7.779119  2.620683  215.443954
48  -17.917025 -16.973036   36.918228  0.297054  3.367288       5.238357    956.924011  225.704132  10.557056  1.487624  186.955841
49  -17.807953  13.840131   64.359230  0.241586  2.518378       7.137811    824.082886   60.523502   9.565075  2.770125   78.412506
50  -14.673849  32.646210   61.696278  0.306693  3.355567       8.034842    762.761475  152.815109   7.727943  3.848989  146.075928
51  -22.018961  47.857815   58.101429  0.344479  3.619946       6.875737    980.387329  209.875504   7.691826  2.693084   86.103188
52  -12.364234   4.870863    5.054860  0.301945  2.596540       7.196559   1102.399658  242.538956   9.122223  1.822218   57.154041
53  -27.774632  23.978024   41.981255  0.341640  4.216989       5.610531    801.421936  182.881393   5.189660  2.210604  149.693085
54   -4.052232  36.690987   41.283566  0.327730  2.439660       6.269334   1401.586792  189.348633   7.121767  3.344586  208.507812
55   -9.007564  40.940315   42.901821  0.260922  3.450972       7.012175   1275.841431  217.341812  10.629846  3.922359  116.919601
56   -9.464826  25.139997   59.414989  0.254095  4.684682       5.938080   1296.613037  144.330490   8.556314  3.411874  190.986618
57  -18.129910   5.579200   41.539871  0.318828  3.448091       6.597058    705.011169  211.953217   6.902813  1.712572  184.650070
58   -0.436349   3.443385   50.252254  0.269335  2.618891       8.599789    708.700439   73.218704   7.770108  2.596442  200.886765
59   -8.013904  -1.039830   47.841358  0.308261  3.535012       5.650880    742.932556   92.653877   9.715466  2.017316  239.304993
60  -18.242901  14.840894   35.418827  0.311642  3.738379       6.064417    961.949036  238.882172   6.810555  1.787447  136.590256
61   -8.171597   5.121518   35.843895  0.254870  2.865951       7.985077    842.481628  201.502777   9.840296  2.908298   98.008507
62  -15.667427  22.611065   42.372185  0.341921  4.108269       7.742063    750.235596  187.141647   9.851480  2.897929  180.374252
63  -10.424082 -13.748996   22.307880  0.218227  3.592922       5.818021   1286.350952  156.150589   5.871956  2.364415  150.037018
64  -10.397103  39.739780   46.173717  0.245457  2.612626       5.927219   1050.971313  177.191437   8.235582  3.327405  138.761200
65  -15.718282  24.706718   30.141260  0.269204  3.857758       6.451414    813.158203  127.995239   7.555027  3.341512  249.483780
66   -1.760003   1.687212    6.777624  0.313813  1.666855       5.652158    735.090881  207.629120  15.745503  1.599160  502.004028
67   -6.336069 -10.177693   20.227648  0.274486  2.188231       6.482380    736.091064  188.717178  10.522489  2.274901  207.655457
68   -7.354032  39.545269   44.166546  0.226232  3.301820       7.111488   1698.609375  147.561172   8.231826  3.272818   55.028072
69  -20.356365  31.763851   40.212467  0.337482  4.532306       5.022507    910.294495  169.360260   7.946792  3.888955  337.054047
70   -4.872698  29.809765   56.860737  0.286085  1.864447       6.643341   1028.641479   88.091400  10.684905  1.893942  165.285294
71  -21.325186  29.758055   47.514057  0.345641  4.064485       6.591345    782.483887  200.861359  10.887977  3.929654  172.417252
72  -14.262099   4.814157   45.379993  0.259446  3.678489       6.982571    945.778625   49.428547   6.786243  3.362665   97.022568
73   -5.911607  43.434864   18.386213  0.306727  4.401181       6.373934    708.065552  193.492889   8.509273  3.838654  185.599731
74  -30.229675  35.132328   65.790710  0.282107  2.759842       5.652845    967.064270   83.420761   5.384187  3.505930  196.199493
75   -3.051941   3.351187   35.388176  0.251953  3.344144       5.899905    977.309692  133.181808   6.077421  1.929981  103.488228
76  -10.524339  26.823830   55.186638  0.338616  4.778475       5.695637   1145.178833  154.280396   6.157295  2.143027  183.785812
77   -0.034984  33.271873   38.452023  0.296469  3.236841       6.439055   1724.820190  123.687508   9.446363  3.667062  195.133759
78   -3.354232  30.539211   16.424627  0.311254  2.794178       5.923779    924.775391  172.121384   9.194976  3.123096  307.315308
79   -6.255142   0.302182   39.355694  0.336696  2.605198       5.971584   1217.165894  163.526230  10.872175  3.969886  198.887619
80  -27.904837  10.949402   36.314911  0.318186  4.235270       5.359053    813.191406  178.687180   7.559715  2.905327  241.710983
81  -12.272627  36.365017   68.511124  0.328601  2.355201       5.740710   1343.610107  167.227417   8.670099  2.243970  117.258469
82  -18.100676  31.030067   64.797722  0.270988  3.640599       5.803772   1728.682617  221.932877   6.569363  3.661121   55.509960
83  -17.114801  22.439402   36.038391  0.246756  4.512699       6.849085    929.105896  186.607971   5.339812  2.571061  127.551598
84  -12.425075  34.545029   30.811724  0.316433  2.562669       6.516567    739.362366  162.376678  10.332533  0.890631  127.240181
85  -11.597458  34.528252   48.577610  0.271779  3.106665       6.043584    933.991577  149.390045  12.016845  3.495683  201.952469
86  -13.533433  38.882336   57.699688  0.337555  2.132314       6.567272   1014.199646  195.867401  11.596587  2.120779  145.212357
87   -6.691845  30.449495   49.608200  0.322081  3.357859       6.545836   1098.030762  190.151245  11.855936  1.875242  131.508774
88   -9.401380  35.683655   63.824688  0.349628  2.427895       7.598587   1022.288452  231.864731  12.480469  2.687500  126.163406
89  -12.077351  14.735775   42.241512  0.290075  3.992802       5.970225    784.142212  109.269287   9.311309  1.980153  204.922775
90   -7.506369  10.840030   33.039597  0.321040  3.665927       6.584290   1219.643433  186.518127  13.326519  3.791072  155.685944
91  -10.950703  20.891912   22.320093  0.338478  4.268086       5.744726    990.312683  235.871048   8.362289  2.533374  170.966187
92  -24.807222  45.377571   73.667809  0.316869  2.849516       8.729515   1103.960205  165.289368   9.458445  3.239769  204.733643
93  -15.925997  45.340107   51.097843  0.349800  3.926026       5.829988   1135.171753  163.075333   7.726848  3.849033  205.755127
94  -11.799036  -6.529778   34.882721  0.302977  1.469910       7.227449   1058.840576   44.105957   5.474010  3.271174  250.272446
95  -21.698036  10.339009   51.515778  0.236868  4.601763       5.791586   1499.972290  112.735519   5.051879  3.802283  123.394447
96   -8.246845  26.470215   36.268021  0.311482  4.017502       5.706616   1097.736816  171.826508   9.835377  3.664824  164.659790
97  -13.712223  -2.151518   57.892052  0.347041  2.404060       7.689860   1061.193359   78.594360   7.864007  3.955636  207.017441
98   -1.691549  16.471079   59.211082  0.338506  3.081521       5.273717   1048.458008  116.658867   9.170857  3.119875  325.544037
99  -22.312164  12.687815   54.874649  0.336183  3.611060       5.399595   1130.041626  145.651489   6.258724  2.650887   71.793365
100 -10.866256  15.035240   25.374012  0.254328  4.048712       6.486152   1098.368896  144.876495   6.644534  3.788142  203.872742
101  -5.938965  24.896021   31.485146  0.305924  3.415689       6.534671   1511.137817  113.820908   7.338439  3.533695  107.999252
102  -9.443092 -11.616953   29.035238  0.310669  2.655700       6.444158   1988.948975  213.695953   8.208133  3.495151  136.492966
103 -13.320013  36.636192   60.629269  0.327024  4.948159       7.253149    897.202820  227.834549  10.483135  3.982584  256.779541
104 -12.782265  32.381481   50.671177  0.316397  4.515507       5.420941   1252.737427  164.636658   8.317440  3.652327  128.733124
105  -2.821827  13.131917   33.351112  0.339274  1.802088       6.386022   1390.159668  145.088211  14.737115  3.654724  231.541641
106 -14.814101 -32.493031   43.969028  0.286342  4.091345       7.284728   1063.053467  124.627022   8.218589  3.067257  259.465790
107  -9.909933  46.275379   44.630138  0.349937  3.422718       7.252172   1104.128174  161.942902  10.676397  3.375200   91.735077
108 -10.985651  33.773003   72.947464  0.271963  2.799657       5.782918   1146.748413  150.183517   6.087336  1.484368  130.167480
109  -7.109204   8.601894   29.698549  0.322029  4.192915       6.355849    845.719421  126.407852   5.120046  2.694579  270.563080
110  -3.002484  16.648546   18.001255  0.343565  3.004143       5.133676   1097.177612  143.530701  15.652342  2.519320  213.099640
111 -14.122593 -13.130682   28.789623  0.300911  3.693672       6.382213    771.423584  177.513123   5.832133  3.125413  283.887512
112  -9.466107  47.144093   56.417919  0.337840  1.822621       6.940526   1553.672974  116.484428  12.378167  2.637486  187.598679
113 -21.278196  40.673069   67.308334  0.315460  2.364373       7.456477   1679.347534   95.482529  10.242453  3.353214  115.830818
114  -2.846564  39.885075   36.649273  0.291492  3.033289       8.294506    734.829163  132.131943   8.299829  3.373893  200.602097
115 -12.257769 -14.748508   60.573128  0.332245  4.940029       6.663656    891.919189  126.836372   9.541312  3.353177  224.678711
116  -3.544131  22.155848   56.958782  0.264693  4.161651       6.589141   1383.427612  101.323334   6.993930  3.603813  197.274933
117 -18.644514  27.241341   63.578838  0.271792  2.706902       6.450179   1353.235352  178.150528  13.087278  3.678372   89.722496
118  -7.721493  27.208340   37.874817  0.297179  2.944299       5.639456    822.328308  147.037827   7.553050  1.845536  183.806152
119 -11.182012  21.208313   27.284834  0.217881  4.302695       7.776450    777.981506  180.948059  11.517392  2.297321   99.779694
120 -15.664872  22.256552   51.624386  0.250851  3.202506       5.561990   1819.028198  123.000031   9.930540  3.349114   63.607922
121  -7.383621  47.388111   43.462479  0.283273  4.633951       5.224850    844.019165  140.926208   6.799095  3.175937  226.893356
122 -20.584595  27.603830   43.484344  0.299910  3.737444       5.068598    827.363403  231.890854   8.602167  1.689255  146.322693
123 -20.913483  27.781818   66.462624  0.201599  3.689705       5.908003   1463.664551  138.444061   7.986536  3.853823   79.102890
124  -1.328512  14.929282   19.019379  0.252722  3.363042       5.197920   1290.641724  228.731079  11.120951  3.333703  180.879303
125  -6.587411  39.346157   54.187813  0.335911  4.162687       7.368369    816.537170  120.117363   8.141426  3.129966  315.477875
126  -5.410497  49.597576   52.342396  0.317691  2.922953       9.366771    969.824402  136.641556   8.511894  1.561888   81.382515
127  -9.358925  33.629711   20.876780  0.281632  3.823362       5.962997   1556.417114  167.085876  10.855796  3.843717   56.432793
128  -6.202709  30.427862    5.073122  0.306359  4.979300       5.271749   1019.312500  204.690582   7.965077  3.645773  271.649017
129  -8.072305  35.959549   53.092411  0.322480  2.998968       6.917201   1033.940918  147.797791   8.073503  2.313527  132.313370
130 -17.175283 -19.734690   64.796890  0.309360  2.192109       6.114501   1470.700073  167.501266   7.510332  2.769896  237.866653
131 -25.109785  36.735516   64.058594  0.233135  3.788578       5.398274   1932.223633  192.732498  10.340521  3.738485   70.989731
132  -4.281195  28.653683   10.143621  0.330475  4.032095       6.378748    904.190430  209.308182  10.325488  2.126264   80.779472
133 -11.126263  36.382973   52.723907  0.272055  2.349868       7.814831   1069.613159  156.570755  15.792271  3.253104   66.786148
134 -24.558264 -31.939236   14.549829  0.283781  3.087783       8.650790   1008.176208  183.380997   8.654876  1.390782   53.066723
135 -10.013563  28.641592   34.343052  0.331743  4.075762       6.873250    794.782349  245.448776   8.708136  2.258391  168.402664
136  -3.584239  20.662565   38.818863  0.307091  2.630534       6.095881   1856.799927  164.363129  12.476045  3.751757  192.898193
137  -6.182138  29.319994   14.742750  0.302004  3.925637       5.020115    935.683777  187.775314   8.172811  1.224353   64.256241
138  -7.532719  40.704987   49.407871  0.277080  3.813166       5.418479   1182.155518  180.308578   9.611195  3.823580  260.259369
139 -10.168359  -4.741067   36.082096  0.320192  1.780988       6.419333    873.778503  166.454300  10.517969  2.739941  334.772583
140  -9.808720  32.298893   48.718723  0.278794  3.525082       6.175697   1845.731445  123.198174   6.219794  3.645920   80.807999
141  -8.231398  41.107677   61.183262  0.339111  1.925859       8.899965    972.252563   71.797676   9.828914  2.602607  226.984406
142  -2.225870  12.700950   46.584641  0.302208  3.264593       7.415395    846.790833  159.688904   9.702163  3.156544  182.717224
143 -29.430183  38.988525   71.921974  0.261634  3.522977       5.666901   1140.027588  200.498550   9.238163  2.630505   66.740211
144  -9.236734  25.702343   44.324966  0.315097  2.860002       5.817079   1363.430542   62.973961   8.095578  3.306820  245.036163
145 -10.954968  26.548937  353.830109  0.301799  3.694369       5.184167   1278.642944  211.984207   7.795414  1.959324  199.754501
146  -2.911905  12.846976   27.245321  0.308511  3.261781       5.294212   1121.713379   84.723351   6.484597  1.725926  265.730377
147  -1.364213   9.208566   34.810299  0.209549  4.014216       6.034781   1188.585815  128.628891   6.783381  3.281341  156.686966
148  -1.556453   3.773827  357.323242  0.332384  1.465471       6.819559    832.762817  207.636948  19.998566  1.284324  406.316162
149 -27.783211  21.591713   80.505836  0.320262  2.313996       6.114345   1217.801147   53.801834   7.529247  3.771870  222.864441
150  -6.318076  14.054840   41.094723  0.254024  3.596529       5.846672   1549.877808  243.740479  12.835781  3.889799  123.579437
151 -18.475561  20.778748   83.222443  0.274185  4.748995       6.580484   1001.005310   68.912285   6.190489  2.866300  139.404099
152  -7.899786   1.061357  356.148499  0.285233  1.327699       5.864875    853.898071  166.918915  12.650679  2.909300  439.562225
153 -13.207760   2.846127   17.943937  0.304404  3.276142       8.040990    828.732727  209.145416   7.838333  3.314691  132.768234
154 -10.011863   8.493547   44.001854  0.265896  1.768815       7.581025    787.907104  109.563210  13.354442  2.805864  128.552689
155 -15.815248  -6.034057   13.957137  0.325326  1.916840       5.838633   1245.033569  147.754456  10.424231  1.787822  175.759140
156  -0.243751   2.308087   16.595879  0.323415  4.415763       6.527862   1284.108643  163.139771   8.356627  3.192202  242.764481
157 -30.712481  38.629803   78.051956  0.295428  3.148861       9.450828    778.112427  145.244507   7.588735  2.806421  126.708328
158 -28.318521  27.827734   62.694424  0.210191  3.391301       6.359129    818.309937   86.047340   8.522944  3.002346   88.259224
159  -7.524715  24.989494   36.318211  0.268961  4.533935       6.563370   1316.805908  153.193802   8.573201  3.608927  172.580017
160 -19.420448  39.469288   72.763725  0.284251  4.424680       8.290292    940.500610  117.782051   5.043698  2.429502  142.172852
161 -11.181386  28.631212   73.037575  0.332576  2.089422       6.387428   1247.848022   90.820496  11.014372  2.415808  122.667847
162 -18.115570  29.516090   60.697304  0.308599  4.041780       5.418304    917.090942  167.502853   6.460499  2.440751  204.909760
163 -20.472462  44.465630   58.609158  0.261611  3.453927       6.999858   1336.089722  170.472809   6.637541  3.847726   86.743828
164 -18.455187  49.499817   62.488293  0.329209  3.896707       8.323712    948.220764  203.223709   7.856103  1.587472   98.283470
165 -11.766712  25.594585   52.816753  0.277777  3.235345       5.594500   1588.333862  134.603790  11.002580  3.871752  164.076248
166 -16.676964  26.742516   47.286942  0.328427  3.007940       5.725819    721.672729   92.155586  10.238459  0.908762  190.438004
167 -10.678267  45.005051   53.502598  0.306947  2.066581       8.749038    993.646729  117.471420   7.893775  3.842546  157.041290
168  -7.424450   2.164096  358.210999  0.325709  1.379199       6.500176    782.578735  205.345596  17.416622  3.051127  463.380829
169  -8.834748  31.978401   58.661354  0.319618  2.978657       5.140124   1091.476685   59.043110   6.137776  1.200935   75.607582
170  -1.784032  27.230274   43.934097  0.301636  2.361861       6.433832    904.618042   21.276749   8.103659  1.399650  110.894691
171  -6.197004  -0.077333   55.694939  0.307023  2.035558       7.203926   1211.306641  130.137238   6.943336  3.862304   94.218483
172 -18.626091  16.088064   45.305634  0.296399  3.835505       6.828447   1062.571533  152.491226   5.617280  3.683273  190.465378
173  -8.368463  21.324877   47.101730  0.310426  3.778114       6.158536   1192.428955  137.991928   8.425184  2.869965  121.456474
174 -34.751877  16.736860   80.394653  0.336702  2.316527       5.446047   1197.460938   84.947189   5.571317  3.006475  178.838501
175 -11.067475  28.406019   35.852203  0.274117  3.824630       5.347678   1025.621094  136.459183   5.751704  1.288719   97.537621
176  -4.513727  30.082762   42.519295  0.304802  1.506965       9.646842    717.143005   62.350945  11.921516  2.078611  102.223808
177 -21.622850  -9.393410    2.151293  0.329426  2.654565       8.237326    940.353455  110.572350   5.284174  1.563517  129.403809
178 -17.475887  11.074992   33.362778  0.291713  3.926102       5.647800   1281.318848  169.761307   8.801523  2.072027   82.596161
179  -8.293151  20.367477   62.518608  0.306667  2.906183       6.870330    749.116272   96.490562   7.812777  2.148097  122.066368
180 -38.058006  39.296288   82.804451  0.232147  4.116151       7.337313    913.548462  219.974106   8.483257  3.726038  105.410316
181  -2.214509  11.153482   35.996193  0.313475  4.144927       5.322778   1804.828735  243.310623  12.224320  3.877586  115.502350
182  -0.782460  24.395943   26.411007  0.287849  3.730164       5.291311    890.411316  226.018234  15.885416  1.175039  120.679245
183  -3.616045  13.680227   57.633327  0.273653  1.591015       8.640087    935.354065   44.190475   8.036986  3.950150   93.985771
184 -17.715927  23.600361   49.610905  0.349059  4.361083       5.986061    918.899963  243.515671  10.874050  1.423907  109.735199
185  -2.764336  12.595709   18.377443  0.338481  4.844016       8.206968    782.666626  217.950714   9.322622  2.169113  203.310165
186 -12.491676  23.383537    4.412593  0.246155  4.191963       6.005568   1243.250854  213.684036   5.455155  3.703894  135.502426
187 -10.977129  22.593500   34.855301  0.327397  4.017474       6.472097    781.933044  184.935822  11.879929  2.779957  243.437271
188 -15.441804 -16.781504   32.802307  0.215580  4.487050       7.910218   1049.231812  168.150589   7.829385  3.244947  116.752281
189  -9.231920  12.560944   44.557560  0.234343  1.599023       5.876631   1110.572876   72.513885   8.024436  2.244585   57.173656
190  -7.136611  39.196514   45.962200  0.338735  3.914895       6.401275   1287.381836  172.092972   9.957002  2.398663  100.099991
191  -6.570352  23.600622   52.088909  0.346101  4.118405       6.133230    885.337036  140.919312  11.147738  1.602078  118.916451
192  -8.532534  15.860479   24.879919  0.229673  4.221280       5.337338   1264.086670  125.980453   6.253101  2.972674  184.997940
193  -9.811598  42.137005   68.186348  0.328932  2.237570       7.543272   1860.511108  159.920929  10.586657  3.129781  112.555542
194 -15.886350   2.976040    4.622401  0.298440  2.775943       5.429800    807.582458  201.478088   9.479139  0.745930  111.345894
195 -17.803482  12.163713   31.308834  0.281969  2.620728       6.919757    784.958008  199.604996   7.090687  2.885978  294.540466
196 -16.348745  41.628826   54.389206  0.304971  3.422690       6.905603    802.385925  198.452118   6.574143  3.289860  126.542770
197  -3.480309  32.254536   38.813862  0.239855  4.659705       6.621373   1007.529907  161.114410   7.237236  3.187983  158.188370
198 -20.958319  39.425018   66.047432  0.269577  4.084050       9.496361    742.758545  190.848663   6.792787  2.903061   58.997780
199  -7.455773   3.952769   17.655603  0.305154  4.090404       7.139804   1022.075378  208.124664   8.232396  3.942150  128.054443
200  -5.206193  -1.234449   10.833886  0.341646  1.407493       8.198078    707.151123  151.148590   6.774045  0.858732   76.951706
201 -11.023931  17.869694   36.316208  0.258647  3.922256       7.736028    785.483215  101.051086   8.395706  3.657699  257.224182
202  -5.293924  30.888016   39.188892  0.286241  2.733090       7.484430   1303.289917  126.741074   7.243180  3.710481   65.868477
203  -9.355672  32.133041   61.620678  0.275576  3.495868       6.327535    818.678772  103.497375   5.294409  3.243435  299.395264
204 -21.941677   0.841724   62.624386  0.253275  4.821968       5.806870    872.971680  188.401611  11.084906  2.305902  154.824188
205  -8.786499  31.967190   42.719814  0.233402  2.131796       8.364384    710.428101  103.793907  10.645541  3.372670  137.052109
206 -13.170535  -3.173941   33.578175  0.337088  2.488773       6.537490    922.416504  140.048416   7.663301  1.974685  162.082809
207  -5.152201   9.949322   29.654789  0.263917  3.849225       5.673442   1451.908569  163.699005  12.366930  3.550352  263.432220
208 -17.859762  17.540703   64.318565  0.311924  4.358695       6.780265    884.227173   94.082886   6.420412  2.251045   69.338516
209  -7.300018  20.282280   42.554695  0.341254  2.600323       6.080693   1614.505127  194.456818  11.309262  2.894161  105.479866
210 -13.432244  10.047081   32.499512  0.297823  2.021473       7.366967    978.960815   67.101372   6.543410  1.956793   97.321266
211  -5.330607  24.161444   58.600979  0.306354  1.823198       6.586422   1324.088013  105.070335  10.913035  2.206059  108.451118
212  -0.066838 -35.788925   47.571930  0.285522  4.533462       5.074492   1205.944580  148.788651   7.919343  2.132075  204.388885
213  -2.941536   4.232172  341.371918  0.317072  1.392070       5.984231    969.341248  237.752045  17.071445  2.550630  424.327026
214 -15.425282  30.186502   77.852318  0.322259  2.504225       5.103925   1039.894409  145.133881   5.258990  1.639911  173.972351
215  -6.096070  -9.920829   44.895329  0.327495  3.099470       7.776019    825.420105  177.881897   6.215510  3.075074  251.012619
216  -3.348525   1.901571   52.534760  0.342568  3.771692       6.431006   1647.765137   35.230076   7.582797  3.754937  167.260956
217  -7.030668  15.370858   24.049973  0.341100  3.993740       5.131329    847.191284   72.242493   8.260375  1.041623  189.414337
218 -10.058005   5.643440   56.480862  0.249499  3.331081       6.609981   1013.163086  220.989273   8.287759  3.256625   92.120827
219 -21.826153 -12.170743   74.894608  0.240045  4.165763       7.505630   1002.037231  191.768219   9.358260  3.701851  107.809425
220 -12.118734   9.246037   48.152660  0.282432  4.160419       5.127007   1234.166382  114.846260   6.222794  2.948834  218.473221
221 -25.406328  -0.994426   45.146610  0.308424  3.694251       6.170103   1535.904785  191.644104   5.010883  3.738047   96.531990
222  -3.891135  22.136473   43.861752  0.229923  1.669367       8.183477   1076.060181   76.376030   6.627158  3.048184  156.925018
223  -7.210843  20.442244   42.725159  0.268687  3.200663       6.109807   1242.193359  182.011002   9.212368  2.904047  130.676376
224  -6.964720  19.474155   32.653774  0.265360  3.025662       5.945478   1253.829224  135.009949  10.074755  3.856714  175.144531
225 -20.951658  37.049110   65.873741  0.288642  3.666346       7.920403    729.647949  158.693130   6.891274  2.363926  117.976097
226  -5.349666   4.372159   25.480331  0.275525  2.422348       6.948521    946.524719  190.402084   9.223513  3.628307  134.468597
227 -31.157818  31.340351   51.995262  0.266156  3.869479       5.498303    828.222778   94.021919   8.798709  2.188593   98.179054
228 -15.841092  36.610943   64.630524  0.345213  2.067580       7.394607   1510.156250   65.842491   7.646762  2.640652   67.065514
229  -6.793367  36.174809   38.888485  0.294656  4.605908       5.095199    772.429077  241.080780   9.333741  1.877374  158.786575
230 -13.539240  21.907625   34.662842  0.331766  4.656704       5.432160   1354.852539  192.226547   8.991004  3.067623  113.625580
231  -8.073620  18.763142   24.241257  0.335914  2.822528       5.458675   1252.328247  107.881294   7.690754  3.251086  303.256958
232  -7.611459   5.358236   68.098038  0.256302  3.783728       7.103673    984.036865   92.671700   5.309548  3.433775  133.679306
233  -4.185588  -3.793130   20.277512  0.326291  1.563447       6.054918    714.487244  174.223083  12.112035  3.445149  412.829773
234  -3.614108  26.844107    9.371944  0.320458  3.954048       5.310954   1131.967651  212.548294  10.150328  2.951259  255.110321
235 -33.323479  18.417049   94.557693  0.243628  2.911320       5.929277   1063.036133  119.957809   7.118497  2.301799   65.373795
236 -11.280180  19.303495   47.398510  0.235371  4.499764       5.150075   1932.673584  248.992752  10.057249  3.705672   57.044975
237 -12.469908  36.642254   63.515404  0.302205  3.332469       5.105662   1685.600464   94.769341   8.112251  2.039633  113.153839
238 -23.892138 -12.077631   38.973289  0.259575  2.807771       9.807964   1045.136108  217.776611   8.038713  3.424968   87.561409
239  -2.936773  19.722837   31.039406  0.290272  3.840613       6.338563    865.146484  218.890839  10.301827  3.230444  208.122543
240 -12.709301  38.284458   48.219246  0.335560  2.955358       7.860898   1013.665771  139.444717   9.164586  3.946665   82.221123
241  -2.299084  33.545708   44.153706  0.335523  4.254776       7.259255    803.942932  183.553070  10.088087  1.415456  184.392700
242  -1.181463  21.466763    1.630743  0.343364  2.518464       5.094706   1230.271484  173.592896   9.973083  3.909784  382.889404
243 -13.372631  29.108215   45.659351  0.231687  3.012113       6.740422   1012.825867  233.060806  10.529399  2.908448   60.205318
244  -5.826872  18.863895   19.289406  0.281275  3.315849       5.688650    751.925781  245.405212   9.699355  1.180226  163.192230
245 -17.488142  15.954820   33.267124  0.275632  2.973994       5.314454   1385.188721  141.698151   9.178204  3.424210  247.577957
246  -8.599559  23.835270   44.764618  0.237186  4.043497       7.944684    745.572632  235.801071   6.596318  2.650545   80.156204
247  -7.942603  37.257473   42.492245  0.278695  2.817096       9.315410    739.421448  126.140938  10.225697  3.832247  111.855331
248 -18.858603   7.592015   38.702671  0.257803  2.360024       6.323218   1531.028931  164.561783   9.446465  3.103290  175.495483
249  -2.429292  39.951569   57.882595  0.306426  3.446670       6.040530   1911.947144  169.984482   8.818897  3.698351  228.236145
250  -3.998804  34.696175   30.501410  0.295857  4.658902       5.823259    909.997559  204.516357   6.649641  3.321122  155.097687
251  -6.565771  16.108688   46.456844  0.291949  4.828610       7.884055    715.926575   28.798460   6.711418  3.511070  278.322845
252 -28.018978  27.767771   89.985672  0.325107  2.491320       6.635566   1310.013794  187.220062   8.338039  2.703922   91.298035
253  -6.800099  44.698154   52.057232  0.256663  2.939775       6.801088   1210.883789  199.235764   9.911003  3.488750  160.805145
254  -1.967780 -11.786521  350.747284  0.327907  2.157131       5.573801   1002.575867  166.325592  14.671290  2.815056  399.703857
255 -13.983534  33.782360   63.688763  0.275149  2.158785       5.534911   1282.517334  189.984863  10.290064  2.452513  131.409851
256 -23.155384  25.299774   57.274525  0.296879  4.922719       6.560140    732.685913  185.253754   7.394324  2.465687   54.308983
257 -10.795610  26.403059   50.604847  0.332950  3.423720       5.724955   1035.458496  188.086212   9.061766  2.017748  125.960716
258 -21.587822  -8.772790   18.350000  0.290559  2.254231       5.686866   1380.340210  180.282837   8.364200  1.827013   95.586014
259  -4.022327   7.333256   33.127632  0.311243  3.521327       6.222714   1368.728149  122.501518   7.624810  3.312674  187.200302
260 -10.301874  28.956617   47.177067  0.315705  3.350405       7.038345    999.045166  186.801346   9.923618  2.619275   84.708046
261  -7.007880   5.290654   52.713608  0.306246  4.078530       7.060514   1027.993042   28.850727   7.169625  3.228675  245.652374
262  -7.631454  39.016415   55.625786  0.305367  2.016010       7.132726   1733.772339  104.308022   7.941550  2.691774   64.458923
263 -17.331610   5.155618  351.894897  0.337728  1.241474       6.757213    951.408691  235.595139  13.208344  2.672226  412.598267
264 -15.145828  47.185154   26.678068  0.247333  4.920346       5.858554    707.579773  215.051422   9.116893  3.710555   91.060265
265 -11.809052  -4.217588   33.864162  0.319952  3.649598       6.514461    830.729431  237.621475  10.003860  3.336884  338.184662
266 -15.861627  -5.860715   50.822803  0.302302  3.535720       5.967097   1221.927002  120.197083   9.599533  3.592961  184.733902
267  -5.080589   6.878507   23.709894  0.269535  2.178829       7.833701    809.322144   59.029488   9.548964  1.198422  133.499481
268  -0.257948  11.890275   27.817408  0.322617  4.503272       5.023982    723.528625  236.663589  13.036542  2.517120  330.902161
269 -10.714025  16.714809   45.886715  0.290287  2.627061       5.963751   1046.402588  159.935364   6.333547  3.545962  155.515213
270 -20.700733  30.622787   72.475883  0.251380  2.335362       8.388728   1415.577393  169.099304  10.370377  3.666636   74.616386
271 -10.402075  38.019566   41.351299  0.228744  3.848073       5.754832    843.417175  214.491104  10.482779  3.192091  145.785706
272 -16.122686   7.294763   15.345429  0.313801  2.692101       6.952391   1235.055176  246.482910  12.002747  3.233783   70.572609
273  -1.764494  23.402264   18.674881  0.284960  3.633946       5.833656   1869.654419  108.720932   5.574306  3.278539   74.182320
274 -38.254028  25.539646   84.476196  0.331008  3.734450       7.096240    857.030151  101.313019   6.056722  2.450734   71.266838
275 -34.424023  15.898857   75.267426  0.335071  2.875528       6.191736    868.414917  107.664154   8.332779  2.839959   81.699371
276  -1.328682   7.968579   34.470928  0.309116  3.634998       5.006484   1603.513184  129.053253   8.934539  3.503667  264.936890
277 -11.667834  27.431120   66.247780  0.300897  1.513551       5.499479   1130.509888   74.511993   9.634527  2.541879  236.755737
278  -8.927393  24.028078   37.921276  0.349704  2.144245       5.658717    976.720398  221.287857  12.397999  1.797989  103.310608
279 -24.825539  23.891853   76.012482  0.262333  2.366145       8.434416    881.902893  116.562683   7.868383  3.701980   68.835670
280 -14.496192  26.827171   63.364498  0.266109  3.184129       6.770879   1161.855835   90.480019   5.786430  2.185309   95.692413
281 -12.540030  30.936438   54.273861  0.299264  4.175122       6.141404   1096.019775  149.867798   8.835798  2.153118  177.187347
282  -3.928137  31.344683   45.409424  0.254532  2.575130       6.918931   1306.783691  172.202316  13.313966  3.194443   54.104988
283  -3.530382  32.332565   30.468693  0.281161  2.926667       7.031278   1057.704346  153.629395   9.491605  3.814899  231.491608
284 -10.906815  13.485156   81.203384  0.305704  3.742533       7.166896    990.280212   44.697155   7.045100  3.873409  167.398529
285 -17.341881  10.303568   34.691368  0.338966  2.863304       8.559731    950.531677  188.574173   7.449256  3.098012   84.700874
286  -6.407601  32.532276   26.381256  0.305202  4.552209       6.071017    793.250977  183.855316   7.046582  2.946871  149.436462
287 -14.271449 -29.548862   33.041702  0.223862  1.921960       9.397277   1332.939331   92.494446   6.417643  3.867704  113.141594
288 -11.319984   7.297560   10.654763  0.328950  2.293841       7.930935    805.802551  173.700241  11.229978  3.501311  212.156998
289  -2.404028  20.430599   44.243969  0.317103  2.612288       7.529276   1435.817383  181.929382  11.875971  3.376006   83.060822
290 -12.243501 -41.590477   55.610104  0.294288  1.610356      10.646934   1368.292969  155.062363   9.366892  3.178900  123.549698
291 -11.729551  33.605186   36.840626  0.329137  4.123255       5.137449    871.768799   93.514694   7.239342  2.099296   68.395378
292 -12.298854  41.381237   58.392578  0.312248  3.257201       7.737391   1123.072632  207.002304   8.536194  2.359226  129.286606
293  -9.933781  33.068333   53.181580  0.262120  3.290715       7.239708    977.833740  209.367645   9.761474  2.927631  118.489937
294 -14.709800  40.505577   54.154629  0.295305  2.694563       7.328034   1071.912354   92.904541   6.096527  1.908262   64.010185
295  -7.255785  16.282494   16.328825  0.238021  2.549716       8.198378   1269.747925  127.753456  12.319299  3.721992   60.582958
296 -15.399059  27.675209   54.876648  0.294194  3.037667       6.485401    973.060059   71.178062   8.007765  1.879966  127.628899
297 -23.917160  41.279125   62.908291  0.324420  2.673510       5.929694   1148.989380  117.422592  10.190617  3.601810  240.776810
298  -3.719147  18.740908   28.414421  0.269283  3.667007       5.827154   1210.913208  145.972214  11.680203  2.379449   80.981972
299 -17.022160  23.201967   34.805328  0.256904  4.219136       5.346736    728.892517  120.009811   5.643390  1.164217   84.090820
300  -0.683016  10.623891   55.694832  0.254877  3.213659       8.175851    729.297974  141.493591   8.516497  3.232692  166.268677
301  -7.144149 -17.304710   52.802135  0.326756  2.850767       6.441602   1481.040527  162.238129   9.130564  3.823842  196.956924
302 -10.644552  47.115715   48.040344  0.313729  2.358677       6.680714   1457.979248  128.420441   9.347765  3.846509  186.724792
303 -18.881573  37.527866   54.142605  0.284894  3.590114       6.349008   1017.034546  107.144325   5.950216  3.469966  126.001762
304 -19.268707  29.509754   40.359631  0.230097  4.420779       5.311836   1151.031860  134.467072   8.541997  3.076906   99.207024
305  -4.748354  29.165894   55.220135  0.317550  2.006553       8.542829   1034.338135  139.626526   6.216013  3.028018   96.623413
306 -19.154367  20.347517   42.939159  0.282446  3.258132       5.193045   1790.406616  134.880402   9.302902  3.927780  134.152069
307  -6.072351  38.195820   36.758228  0.257387  3.753723       5.784286   1089.733032  168.266876  13.103951  3.261717  168.236237
308  -9.345216  18.507891   25.334555  0.269865  4.853059       7.220212   1062.754517  160.174133   6.450902  3.298046   75.000999
309  -7.012054  37.806442   48.927048  0.329114  2.391222       6.437067   1038.619873  114.416580  10.638790  3.465251  212.947571
310  -4.897745  44.368660   55.940582  0.326091  2.150522       8.753310   1822.326416  167.621292   8.401269  3.286979   74.649826
311 -16.125998  37.444183   38.033627  0.281592  4.393590       6.349865    729.328308  200.530304   8.496592  3.815596  179.521515
312  -5.871232   3.681242   29.638811  0.235639  4.215899       8.537262    745.483459  233.205170  11.784510  3.469796  124.153801
313  -4.515410  29.900457   31.649454  0.349976  3.777230       6.118639   1397.335083  234.489166  13.854958  3.416266  107.823936
314  -2.721922  23.516310   10.907704  0.264821  4.997660       5.000084   1533.254517  232.963593   9.614038  2.275457   92.353737
315 -19.867601  32.182869   62.058197  0.334829  2.519810       7.248183   1013.317871  111.426559   8.987428  2.597551   89.231102
316  -3.560848  22.358721   11.204298  0.245661  3.702398       5.117941   1262.375122  218.101257   8.501348  3.419461  236.774170
317 -14.651926  35.560753   50.049908  0.282459  4.910902       6.615956    952.092590   92.305374   5.175546  3.245988   86.006935
318 -18.258642  19.483164   31.554802  0.215778  4.874052       6.025319   1465.623901  134.887817   9.407923  3.376292  112.115135
319  -2.235333  23.786028   11.012185  0.247286  2.492569       7.139828   1178.509277  153.669037   8.484977  2.924991   76.718330
320 -10.048398   9.342951   14.979152  0.310607  3.874861       7.743848    769.120056  229.691254   6.968006  2.846914  156.825150
321 -15.803844   8.438962   41.637730  0.325589  2.992048       6.883512    945.184143  217.670792   9.539724  1.744672  121.577477
322  -3.507750  22.503994   27.337605  0.337960  2.873446       5.255431    806.367737  141.299347  12.717527  2.196859  333.987701
323 -18.827019  26.037870   53.878696  0.311506  3.238193       5.945737    854.268250  175.491226   8.270676  2.244600  140.382385
324  -8.910024   4.502173  353.934692  0.305804  1.749369       7.049347    868.620850  214.422806  16.667435  3.889030  303.482697
325 -15.866689  34.003983   62.744061  0.328319  3.426402       6.653703    919.583496  166.918381   9.212043  3.550672  333.952698
326  -1.843978  21.645786   23.332550  0.307192  3.570482       7.949972    701.318970  172.223099  10.678663  2.351225  127.856636
327  -7.497774  32.885902   51.662815  0.349727  4.435425       6.052277   1388.746216  197.771942   8.249903  3.123348  184.252487
328 -28.358784  23.573196   66.120720  0.325765  3.021528       5.196248   1393.565186   73.430450   8.159858  2.819858  101.668266
329 -34.519577  36.378666   66.853325  0.343946  2.466771       5.312331    760.172791   82.081879   6.620487  3.182297  187.061691
330  -3.936936   4.413754  351.077515  0.278422  2.201194       6.612173    795.443726  204.063309  12.654456  3.833326  457.484894
331  -0.741802  36.247768   41.232132  0.249053  4.908819       8.564580    840.775452  186.656784   7.709068  2.666986   87.077812
332  -1.674628  13.310871    8.854681  0.311000  4.309352       7.342695    771.625671  241.375961  10.224533  3.582862  362.206329
333  -6.037943  10.606339   71.279579  0.236382  3.738964       5.872667   1433.444214  156.366425   8.639100  3.760864  157.895386
334  -5.526168  26.839821   13.178664  0.303113  4.157757       5.344080    909.085022  164.952469   8.605458  0.903202  185.856979
335 -20.360054 -18.053360   36.622341  0.329533  2.751786       7.469983    913.939087   89.628967   7.103506  2.551241  322.879669
336  -6.802132  14.580731   20.713272  0.285730  3.740084       6.662065    831.006226  194.288269   9.658069  1.654700  179.713806
337  -7.496858  29.294117   50.101028  0.319519  2.763120       9.138959    828.687927  167.672119   8.561568  2.862212   88.759567
338 -11.054766  27.640526   47.567013  0.315596  3.213952       5.204686   1515.624634  195.259399   8.538803  2.212918   79.059898
339  -4.555040  29.251022   52.133759  0.264375  4.539493       5.322949   1347.106323  138.946701   7.188356  2.519256  149.774139
340  -1.932410  34.381889   22.291862  0.272170  3.383519       6.598526    788.087891  163.214432   8.714087  2.818191  164.471115
341 -30.062248  11.652343   89.271149  0.208971  3.480819       5.755755   1125.952515  174.832199   9.453653  3.346101   77.054390
342  -3.169342  21.643522   27.217777  0.321867  2.813734       5.525096    776.786133  201.349640  13.165278  1.059656  141.190277
343 -11.209754  23.400688   17.624928  0.299099  3.450917       6.967414    824.993530  161.201920   7.753412  2.419782  219.396103
344 -23.545044 -28.025480   31.393932  0.313668  2.072462       5.637932    963.686523  129.433182   8.393338  0.579388  134.753555
345 -16.219641  28.769703   58.654663  0.313061  4.737397       5.530475   1560.219971  124.169060   7.220379  3.930083  214.145111
346 -18.296452  23.153048   46.911144  0.319784  4.915827       6.712934    785.548340  133.020416   8.883680  3.842581  185.478851
347 -12.877875  41.314003   78.500549  0.331473  1.552047       9.225581   1567.903687  176.598434  10.779222  2.440520   69.157730
348 -20.649580  22.953373   73.633675  0.328842  2.774196       5.321545   1080.668091  147.663483   9.155085  1.693152  174.892151
349 -13.027027  26.703253   51.060036  0.311156  4.722157       7.340663    751.492859  197.245468   7.136513  3.007765  142.915527
350 -14.474677   3.783559   32.244839  0.313669  4.296745       6.474287   1173.184448  118.345543   6.636046  3.071021  160.338242
351  -1.759614  17.356291   47.790253  0.230330  2.068566       6.446731   1588.217773   89.616005   9.875074  3.039469   90.957771
352 -11.838170  35.951149   47.189342  0.248065  3.508089       5.006603    852.514648  201.448334   9.986374  1.880710  157.521561
353 -11.894042  29.987499   50.921654  0.317231  1.812824       6.988677    851.905212   94.080734   8.497623  2.870609  250.317612
354  -7.005116  28.786549   35.073414  0.210174  3.593606       5.268836    708.352661  147.009369   8.628867  1.838656  171.595856
355 -11.626144  32.646069   49.783527  0.319834  3.011872       8.715306   1001.554199  134.422363   8.034847  3.986743   67.904816
356  -4.358578  24.507406   11.287164  0.302612  2.002146       6.194715    906.418152  122.378822   9.390225  0.964695   89.654411
357  -0.186655  39.229599   37.471439  0.348242  4.694230       5.490822   1465.291260  241.530457  10.054668  3.529991  148.674988
358 -19.490822  33.901295   45.833508  0.348747  3.283288       5.453326   1023.783875  106.633972   9.566708  1.651017   69.917313
359 -20.117046 -13.177505   37.003525  0.298838  2.234802       6.198836    899.661743  175.259445   7.830282  3.460359  320.497253
360 -12.110040  33.169579   39.411446  0.303323  3.789240       5.348444   1137.656128  162.320175  10.365074  3.134246  254.124512
361 -12.475127  13.239021   51.092339  0.290404  2.996770       5.043372    993.071533  154.218430   7.711143  1.346438   73.124359
362 -10.028023  38.455696   52.220284  0.343558  3.701370       7.021740   1159.285522  193.324326   6.511497  3.737923  269.274261
363 -40.086441  32.633846   88.061592  0.327381  3.159282       5.771741    842.290710  149.174500  10.364930  2.153862  166.879822
364  -9.752614   7.280993   22.270071  0.295268  1.984395       6.808630    857.391174   97.272484   9.612442  2.027439  151.154007
365  -2.543666  28.792652   50.672745  0.265681  4.968619       7.219931    701.981689  245.103500  10.744212  2.760074  192.802078
366 -12.056051  42.666565   77.417343  0.295695  1.706711      11.334752   1386.617676  211.355515   8.535524  3.193105   67.495277
367  -9.925910  34.933277   44.258991  0.345041  3.597448       5.307293    944.075745  190.947662  12.030629  1.674813  201.952072
368  -9.673877  15.203046   35.553696  0.292659  3.892887       5.673177    836.873535  217.117462  11.738653  3.565042  220.439270
369  -3.405863  32.412754   60.008694  0.237530  2.320783       7.895960    916.191772  185.962158  10.993726  2.891462  174.245804
370  -5.354365  17.402447   61.007732  0.332663  1.545647       6.444181   1008.786377  129.662064  11.920858  3.686855  281.180573
371 -15.839348  11.326890  356.269775  0.327946  2.097734       5.427280   1204.934448  203.222824  10.857158  3.541876  390.369415
372 -15.364231  31.736292   58.915543  0.277108  3.375615       5.290343   1438.644531  156.896011   9.615867  2.865635   82.630035
373 -20.462772  30.772038   59.059864  0.267823  4.840394       6.771633    732.223022  202.362183   6.418387  1.974411  110.324554
374 -10.897157  25.246910   49.374859  0.324960  3.364406       6.609499    726.558960  179.889267   9.746387  1.443372   86.698135
375  -7.668579  40.232857   43.352104  0.251452  2.978906       7.083177    780.848083  188.424500   7.035989  1.534474   78.830917
376 -17.159098  46.856964   55.378605  0.341281  2.242760       6.918051   1115.280762   92.973022   6.437419  3.423119  256.392181
377 -25.246616  30.907661   68.510353  0.282082  2.010227       6.762322   1235.134399   73.109161   6.147498  2.914290  138.834473
378  -6.657081  34.131962   57.516068  0.349784  3.588561       6.035582    927.781982  173.011795  10.161941  1.024967  161.599854
379  -4.304899  13.475575   25.407419  0.344140  2.565258       6.133315   1529.292114  183.280579  10.603190  3.471067  248.425262
380 -16.209633  30.745840   56.377838  0.220044  2.980880       6.615907    813.410645  189.263214   9.214073  2.208408   57.108467
381  -5.454793  31.003090   31.569675  0.245111  4.306327       6.841526   1350.060669  224.326248   6.552962  3.267219   66.915108
382  -6.988824   6.407196  355.710052  0.331687  1.575825       7.113858    892.586548  198.711700  18.228943  3.761823  357.652405
383  -5.845613  19.595068   15.589140  0.283336  2.057220       7.180959   1757.082275  131.797379  10.806096  3.755065   98.415611
384 -10.500064  45.914185   36.944767  0.344162  3.791960       5.636446    943.231873  200.964401   7.800363  3.213342  149.014832
385 -11.718356  40.883419   57.517899  0.306167  2.975870       6.478231   1132.349487  183.098221   7.487059  2.816867  225.036606
386  -5.536233   6.201894   53.024784  0.259501  4.901364       6.716192    787.988403  203.296844  11.929351  2.689191  154.624695
387  -8.744131  26.514124   40.577122  0.300210  4.215285       7.970382    917.282593  212.598312   8.539033  3.294020   57.937782
388 -29.029112  48.880760   82.150230  0.299350  3.183288      10.318829   1436.896729  207.838211   7.217829  3.664526  129.302795
389 -12.228511  45.920376   47.273468  0.316822  2.858379       7.820281    716.543457  113.220894   7.191935  3.526402  254.795822
390 -12.600091  26.188654   49.292316  0.247586  3.133034       7.599566    711.389526  170.279144   9.666291  3.574254  136.511749
391 -33.123352  31.047974   84.365730  0.314688  2.930415       6.658626    800.530273   61.250298   5.628743  1.939485  191.393478
392  -2.180124   6.056932   44.931934  0.315701  4.509827       7.180395    761.367249  218.175827   8.558365  3.625637  385.199097
393  -1.497845  24.480556   40.556007  0.342035  2.432984       6.438816    787.701721  195.610855  15.318828  1.997857  296.760559
394  -9.185607  26.444950   30.850451  0.268052  3.928144       5.882556   1319.628174  221.238068   9.804078  2.298475   65.637070
395 -24.495317  31.291677   47.711803  0.317089  2.130475       5.009593    834.963562   26.741190   5.846584  0.974952   66.204269
396 -21.765703  10.509769   36.264286  0.308292  3.429863       5.437502   1279.370605  144.912704   8.593042  1.815343  196.586441
397  -4.543491  23.487577   43.256519  0.311188  3.142570       6.349190    738.797058   -1.914117   5.277408  0.672984   91.118919
398 -14.260376  20.553965   39.769627  0.225699  4.659829       6.183426   1718.328613  154.818024   8.363148  3.759836   56.501125
399  -5.098719   6.475797   58.677364  0.316942  3.798467       5.560776   1357.071777  195.745453   6.535936  2.790491   66.814926
400  -5.470710   9.192002   10.092545  0.275374  2.074128       5.460341   1464.366821  216.567780  12.324905  3.474002  254.409286
401 -34.897953  26.892599   65.061310  0.303672  3.832310       6.095848   1019.884338  136.214737   5.492762  3.022757   60.158211
402  -1.913491  25.078947   57.830307  0.344624  1.596463       5.478760   1569.913574   79.219955   7.671552  2.006316  201.203293
403 -22.378508 -17.927544   41.897926  0.313915  4.376907       6.016238   1002.006042  200.859482   7.559864  1.413756  154.274200
404  -6.002980  26.475554   49.363457  0.315527  2.009995       6.312935    769.485413  112.460037   9.724258  1.636505  181.740234
405 -16.303207  43.024109   68.509117  0.324991  1.813438       7.645074   1486.717285  180.460175  11.922192  3.090834  163.490936
406 -10.756881  40.449314   38.119884  0.232834  2.995851       5.732255    914.123657   75.551689   6.307250  2.662323  129.956818
407 -18.824253  16.743435   49.495445  0.298891  4.483111       5.270829   1325.126465   60.199699   6.515242  3.760421  131.298157
408  -6.231065  41.016548   35.983032  0.328017  3.090558       5.642570   1015.202820  181.819046   9.536999  3.779585  164.580719
409  -4.432114  10.081371   62.885971  0.264405  3.998991       6.115263    748.801331  115.719627  13.524814  2.302308  226.275101
410 -16.587938  10.113460   47.496967  0.300166  3.838392       7.145103    705.439941  170.160263  10.316955  2.553874  251.005920
411 -10.792360  -6.543249   38.609695  0.254920  2.647630       7.737982    841.378052  215.206009   6.007273  1.574456   84.635757
412 -15.388516  38.427189   54.905125  0.255215  4.228171       6.420485   1214.333740  224.866699   9.307520  3.875111  106.778610
413  -3.176645  34.411091   53.054214  0.268793  2.308157       6.662329   1470.085205  202.171097  11.818120  2.679677   63.331009
414  -0.151093  32.795967   54.185871  0.293175  1.730502       7.060890   1773.156372  129.613419  13.030486  3.066621  117.885063
415 -21.054804  31.190996   50.210278  0.267195  3.237473       6.210650   1451.183350  126.529068   9.131685  3.462761   81.550507
416  -4.059219  30.838442   52.423595  0.347985  2.661085       6.074193   1537.014404  125.450150   8.770882  2.449451   78.347626
417 -10.603458  -6.178330   27.657667  0.323861  1.133016       7.446280    768.229919  195.494019  13.820340  2.783321  232.878128
418  -7.814411  16.921320   30.954672  0.282918  4.660736       5.998242    996.317749  189.012161   8.675096  3.576317  177.789124
419  -2.911010  45.728970   37.595398  0.264269  3.125418       6.848125   1330.249756  168.826630   9.955147  3.197965   76.415260
420 -16.841232  15.160411   23.584696  0.246835  3.411868       6.958992    738.233887  167.945786  10.641520  3.443381  258.309204
421  -6.598034  29.679720   32.809097  0.234123  3.170913       5.754495   1092.569580  113.814842  11.566315  1.938356   57.012646
422 -10.986937   1.282293   17.978357  0.281040  1.934740       8.680741    799.964050  123.908997   7.036445  3.198693  139.585739
423 -20.868607  31.136120   49.328541  0.304918  4.662925       5.555919   1288.889160  214.036804   8.288124  3.345956  141.868744
424  -0.487087  21.422379   69.682549  0.311806  4.761367       5.736520   1710.081787  176.660706   7.486938  3.857226  168.978180
425  -0.751605  35.075321   19.288399  0.349808  4.599204       5.594326    997.215271  207.363464   9.236834  1.671254   85.933411
426 -11.181618  34.526749   45.652569  0.269118  4.069204       6.801148    882.813477  196.894531   5.098810  2.889507   95.842934
427 -19.563450  26.985037   69.825531  0.269872  4.996253       7.191104   1191.338745  217.971481   7.411416  3.125536   64.077522
428 -14.611609  30.505945   67.222824  0.319058  3.041998       9.269783    728.742798   78.189301   9.346594  2.588466  106.757454
429 -12.316000  38.331375   84.246483  0.314152  1.557536       7.346827   1373.891846  124.686089   6.691548  2.892991  250.259399
430 -16.640528  27.099566   11.671878  0.245156  3.389184       6.763288   1276.409424  210.006500   8.135510  3.094094   84.208580
431  -9.176051 -10.335740    5.069547  0.305980  4.372426       5.413740   1346.244507  249.173752   8.446779  2.208671  121.441910
432  -3.216263  34.870445   38.799854  0.285329  4.064072       5.216022   1592.236572  175.637115   8.099684  3.478551  169.668015
433 -10.370317  14.791619    8.355371  0.337083  2.808436       7.032909    906.638306  164.624588   8.289112  2.882344  281.485046
434 -12.090120  23.592566   24.894724  0.266580  3.744593       6.531868   1436.322266  206.564194  11.965721  3.748886  107.951859
435  -0.095638  35.590435   43.878204  0.247950  4.169879       8.294490    812.802368  221.321625   9.612992  2.927782  139.226730
436  -5.466478  34.708641   50.339390  0.324425  2.579671       7.393301   1002.189270  203.708527  13.627616  2.826641   94.430260
437 -13.035513  28.632370   42.759335  0.327734  4.427356       5.332159   1164.241211  180.438797   9.312326  2.502483  159.951096
438  -5.465253  17.770153   20.339493  0.311546  3.046953       5.092736   1027.408936  186.040909   7.791312  3.089441  254.238419
439 -18.414331  21.142687   41.912495  0.340713  4.875438       5.623011   1054.133423  151.566391   7.148495  3.913735  278.487549
440 -19.352716  45.324074   71.612556  0.342854  2.273468       6.158352   1442.638916  156.985519   9.034163  3.462958  277.864716
441 -21.776291  23.485542   67.753021  0.286013  3.192013       5.279148   1345.414062  151.157471   5.912249  3.081643  145.681625
442  -3.819823  31.599400   52.834080  0.341738  2.611389       6.615809   1463.240479  170.758270  11.223581  2.262573  138.365280
443 -16.924028  22.786652   41.458435  0.293483  4.548514       5.925470    860.732605  157.297745  12.413205  1.881536  201.683197
444  -2.468581   3.109036   37.716652  0.296089  3.400700       6.220151    823.229431  114.127213   7.853177  2.041162  181.723602
445 -18.407747  29.330408   27.481462  0.306899  4.656069       6.557989    927.278320  152.664337   6.102942  3.421366  102.742516
446 -16.872971  29.181271   49.446144  0.270573  2.853164       5.426529   1178.237427   98.888580   9.727822  3.138417  171.573807
447  -2.240528 -31.895578   69.540497  0.226972  2.710180       8.249401    718.575317  241.346313   9.196579  2.617770  239.498474
448 -18.477335  39.091160   51.379635  0.325738  4.289018       6.524282    720.309204  217.955048  10.037916  3.360411  193.776245
449  -9.370048  31.564987   39.790344  0.316508  1.946303       6.471282    842.850891  140.235458   9.536931  1.911077  121.326500
450 -11.548215   5.417756   31.016155  0.312912  2.747423       5.823365    758.548340   81.082672   8.283987  3.964089  394.181854
451  -3.251869  19.110708   40.129513  0.266385  3.144247       5.380995   1763.748901   79.422340   5.527859  3.883424  161.751038
452 -14.371386  44.533997   48.486336  0.238367  4.425095       7.111763   1264.916382  226.833466   8.303718  3.700505   74.374588
453 -17.063318  21.177725   52.476929  0.292071  3.211663       5.227138   1153.953979  124.754646   9.483705  3.752600  219.225998
454  -9.796632  34.017021   54.642281  0.309155  4.326606       6.362804   1344.009277  203.269623  10.371867  3.949250  174.647537
455 -13.204696  21.108261   54.600983  0.329091  3.626573       6.059118   1028.619873  201.123856  10.672926  2.967033  193.541107
456  -3.213345  10.374252  356.846497  0.291156  2.125676       6.036840    846.330017  193.095352  11.378998  3.936163  430.833038
457  -7.706122  23.552494   20.348488  0.342924  4.196148       5.335362   1694.436890  209.208450  10.648927  3.193084   88.275368
458  -4.558747  26.206543   52.459267  0.337523  1.529780       8.058795    857.315918  214.356125   5.907094  3.990779  281.165405
459 -11.737262  16.464962   18.238256  0.324529  3.302699       7.310030    729.123962  192.858536   8.942395  2.831122  163.924744
460  -9.899353  31.085321   27.636620  0.269451  3.353003       5.352912    827.264160  103.589073   7.319280  3.056833  143.916031
461 -33.511063  22.701927   73.064568  0.348580  3.093613       5.927289    724.132935  229.595428  10.758044  2.143216  213.955231
462 -20.836857  41.974262   61.273392  0.310054  2.525742       5.716365    784.651367   52.329449   5.676007  1.068024  132.300064
463  -3.645759  -3.448001   21.799797  0.311611  2.641116       6.281185   1212.221436  116.988350  10.837928  2.814710   89.534142
464  -1.743264  40.319565   49.189495  0.299213  2.278841       5.927474    797.559998   78.371849   8.619654  0.626627  125.594925
465  -8.724131  -5.958839   17.372631  0.271925  3.492256       8.312653    950.042664  194.272369   8.576193  3.698497  194.290298
466  -6.987687   4.215917   44.301380  0.310047  3.290854       5.697493   1550.601318  146.424118  10.182679  3.441418  137.399368
467  -9.284916   7.218997   21.470083  0.266053  3.999702       6.123685   1605.408691  150.660919   6.879487  2.742826  113.107544
468  -5.972094  20.550470   29.727816  0.279505  4.228622       5.844614    892.026917  179.047165  11.378003  1.281407  200.274673
469  -2.532191  -1.697801   50.107891  0.278942  1.822356       7.657671    812.462769  151.046707   8.878236  3.257915   99.398773
470 -12.437499  27.480766   22.468048  0.267109  2.868113       6.419762    752.214417  146.382843   7.024512  2.891109  208.264664
471 -32.923721  40.576111   70.420364  0.302992  3.532357       6.161837    974.751465  110.543205   6.348356  2.606235   97.094650
472 -24.779034  17.167475   30.885029  0.330937  3.407413       6.168070   1160.759277  232.912216   7.889904  2.189158  155.305313
473 -12.978255  31.979298   50.219200  0.312625  3.574749       5.304342   1725.511475  134.728180   7.129792  3.895345  207.400848
474 -14.131106  22.385010   23.898067  0.261497  3.392233       6.024569    766.786438  227.319138  11.722520  2.223886  263.540680
475  -4.434880   7.107771   21.159742  0.315950  3.537720       7.303719    758.988647  202.164078  11.933242  1.171536  149.180084
476  -5.828224  15.404763   11.843273  0.277454  3.610038       5.679667    929.119202  248.431808   5.915911  1.588341  304.729675
477 -14.656771   1.285621   33.401794  0.331803  3.283465       6.418228    888.664673  149.501160  10.427843  1.296487  137.890396
478 -24.137449  41.337456   63.353123  0.347347  4.077346       5.840627    982.889771  134.385361   5.823779  2.315954   67.461884
479 -23.370796  37.289314   58.777557  0.321000  3.103399       5.321302   1073.307129  220.316086  10.392935  2.357712   81.119751
480  -6.698582  32.945690   43.102158  0.301649  2.195226       5.534253    717.831177  122.452141  11.777609  3.894933  341.640320
481 -28.563736  29.065317   76.465294  0.271473  2.300717       6.092782   1341.234741  141.918915   6.224695  2.269962   76.784706
482  -1.393297  38.089306   64.306366  0.320778  1.990416       8.244659    908.217529  140.368408   5.338601  2.921397  262.983521
483  -6.543438  43.647392   47.627502  0.323164  3.351123       7.584816    819.984497  115.042023   8.595551  3.357397  228.401978
484 -13.662708  -8.738221   29.038252  0.315867  2.349463       6.524950   1105.392578  114.909195   5.614531  3.935102  303.941681
485 -20.402931  19.284403   61.697998  0.328620  2.036396       5.167496   1575.000610   92.462006   8.046813  2.846971  232.475616
486  -2.885368  31.908010   42.061684  0.342992  4.815835       5.536231    840.933594  227.277298   9.078005  2.687567  210.133987
487  -0.599702  18.944994   51.786942  0.235065  1.985742       6.205904   1078.598511  110.697311   9.325889  1.880813   84.743057
488 -29.817884  45.031830   74.008423  0.261609  3.149655       5.999531   1325.522583  140.702393   5.782543  1.993839   65.481522
489 -12.563818  41.240788   43.626335  0.227648  4.470687       6.545595    889.859131  232.853745   9.122134  3.097019   59.872601
490  -8.856777  -6.405638   39.402824  0.297638  3.805989       6.624328   1100.972534  116.950897  10.754763  3.569602  278.445770
491  -3.879204  38.507034   21.237518  0.267728  3.505502       7.045706    717.686462  185.035889   9.407975  3.671406  138.709686
492 -19.898371  31.406778   65.854782  0.310548  3.818751       5.684399   1384.404907  171.766327   6.987411  2.119127   88.903748
493  -3.010555  38.273174   44.072910  0.305329  4.386891       9.330964    763.043640  146.595917   8.884112  2.468357   94.614693
494 -13.127802  30.479403   43.193829  0.263463  4.470134       7.381163    755.388550  166.300934  10.557282  3.975060  213.864883
495  -9.418735  41.116146   56.185612  0.307118  2.310560       9.807622   1262.571289  133.938065  10.224564  3.815517   94.502014
496 -16.266382  -2.117724   26.472851  0.301491  3.110192       5.256944   1464.757324  236.839615   7.264000  2.874543  178.603287
497  -4.141253   8.151959   48.515812  0.317285  4.634747       6.304973   1261.214966  158.407227  11.118368  3.848597  166.640213
498 -16.180532  43.103344   46.385113  0.234715  4.533735       6.337330    757.100342  201.996323   6.742798  2.732708   94.121002
499  -4.478512  25.050287    7.120432  0.221076  3.268993       5.615906   1368.263916  216.197174   7.446009  2.954938  151.406128
500 -22.516720  39.728962   64.957726  0.260412  4.639332       5.690130   1589.754883  244.413177   7.636860  3.643386   65.487434
501  -8.197428  19.588665   49.719841  0.253654  4.255394       6.364331    857.003662  146.376221   8.694253  1.326431   53.203934
502 -27.866138  20.082058   67.813210  0.312813  4.671445       5.761043   1715.176880  155.823425   8.673305  3.560719   53.442932
503  -9.828778  44.210655   55.389492  0.272425  4.064027       5.782138   1637.270874  216.459686   7.020425  2.429223   92.795036
504 -10.724805  34.502064   52.276993  0.310585  2.737139       5.016900   1576.915771  122.049057  11.612869  3.945164  275.790833
505  -2.563727  32.935165   24.134659  0.269745  4.327075       5.408884   1168.578979  127.750565   7.416677  2.447388  139.426605
506 -10.240117  34.514988   52.838379  0.298427  3.818545       5.879247   1173.911011  159.840195  11.390754  3.211612  145.155884
507  -0.019551  28.557589   37.251720  0.313337  2.876691       5.409474   1638.751587  176.265228   9.647344  2.206325   60.083027
508 -24.158117   4.310386   23.184368  0.275561  2.480571       6.354272   1928.692505  153.246674  11.014455  3.594401   93.427635
509  -8.855864  45.945656   51.719833  0.313839  4.375432       7.265527   1048.985352  131.247253   5.874777  3.714532  310.830322
510 -10.821825  35.288849   55.717113  0.239079  2.952585       6.490856    945.333740  130.105270   9.583116  2.754544  137.142776
511  -3.024663  27.807661   26.437138  0.308756  3.581542       5.095888   1505.070557  187.233597   7.679325  3.028672  127.026062