           lon        lat         inc      D1AU     delta  launch radius  launch speed    t factor  expansion rate  B decay rate       B1AU     gamma         vsw
0    36.602608  30.916813  205.973648  0.118651  3.090127      20.346691   1364.568604  -57.230667            1.14          1.64   5.159900  0.938415  443.447998
1    24.259304  13.675568  201.132355  0.067355  3.661816      16.440351    442.530212   96.453522            1.14          1.64   9.590627  1.566626  393.142914
2    37.177410  20.751453  212.969574  0.090330  3.453145      12.937325    782.137268 -211.056763            1.14          1.64   6.146159  1.362887  455.580933
3    23.362797  24.751364  217.648209  0.066819  2.430238      16.660175   1247.110596   -7.516065            1.14          1.64   5.434572  0.281733  216.410263
4    11.103385   3.199729  217.467941  0.067157  2.963581      23.362247   1354.218384   63.367184            1.14          1.64   6.558753  2.327967  312.663208
5    31.190430  15.654027  209.517090  0.098229  3.041187      13.685373    409.625366  199.724869            1.14          1.64   8.265222  2.612499  482.034698
6    16.704300  38.259415  239.560287  0.120853  2.976228      22.893837    711.405334  194.836945            1.14          1.64   7.015615  2.019983  448.208954
7    43.815868  22.348148  198.249054  0.133938  1.474757      20.350851    719.243408 -184.315918            1.14          1.64   6.983675  1.231132  511.662781
8    34.371548 -19.057583  169.589523  0.120263  3.754934      13.141089    953.712158 -240.411880            1.14          1.64   5.475585  1.366264  419.546753
9    25.769451   7.752672  201.131897  0.106669  2.098805      20.042963    959.827209  126.112572            1.14          1.64   6.847522  2.137541  364.296417
10   13.941816  19.895212  202.616547  0.136644  3.429394      24.107063    971.259460 -123.796974            1.14          1.64   6.611738  0.299797  187.224655
11   16.972422  23.658037  223.384003  0.079779  2.980492      17.712193    873.274475  -99.642189            1.14          1.64   5.623682  0.389205  264.541687
12   32.504681  29.826424  220.848419  0.064413  3.211263      18.855907    999.366455  -78.359665            1.14          1.64   5.918829  0.383416  351.826782
13   17.667267  30.596746  225.318878  0.098363  3.488495      20.373041    865.108337  248.437347            1.14          1.64   6.689601  0.786249  355.692932
14   25.663843  21.239431  216.345764  0.080369  3.105620      22.411278   1498.213379 -165.603302            1.14          1.64   6.753837  2.048439  374.268158
15   29.353533   4.344483  196.642776  0.086056  3.646205      21.437498    906.687317 -199.848465            1.14          1.64   6.361968  2.399119  371.374817
16   29.903933  14.535690  221.687119  0.152991  2.568850      11.455207    967.641296   91.868843            1.14          1.64   7.291549  0.444651  318.293182
17   33.283234  10.107284  197.138733  0.057385  3.632848      20.186234   1111.236572 -219.786987            1.14          1.64   6.187691  0.522330  304.194458
18   26.030285   6.377208  175.307678  0.100533  3.248314      19.261433    749.549561 -149.232300            1.14          1.64   6.388007  2.186130  373.014191
19   16.954971  28.349676  233.379211  0.129454  1.159699      20.287682    536.381409   63.203587            1.14          1.64   6.106349  2.031431  409.873840
20   23.964178   8.677049  187.444000  0.118841  2.713221      18.271231    546.796021  -49.735382            1.14          1.64   9.141213  1.327102  364.376221
21   28.970430  11.329778  190.942200  0.116525  2.633620      21.514498   1193.223877  -66.327332            1.14          1.64   5.546446  1.132555  340.351501
22   41.616447  13.390560  191.821915  0.083842  2.947337      17.742746   1053.018188  -59.607883            1.14          1.64   8.142797  2.511816  476.872894
23   22.028740  13.181757  208.574631  0.117799  1.561825      20.328985    856.310730   75.336296            1.14          1.64   7.326763  2.635286  366.327148
24   12.393555  26.495075  227.717270  0.153082  2.807845      11.840762    707.636719  -61.783234            1.14          1.64   6.197720  2.777307  399.006958
25   29.238449   8.395502  193.449844  0.112855  2.203225      11.871489   1039.858276   86.218857            1.14          1.64   6.530345  2.214525  388.551605
26   32.304211  32.751659  217.740463  0.072382  3.982205      10.702370    719.533569 -141.954666            1.14          1.64   6.497775  1.295776  483.889801
27   32.707531  22.161963  218.957169  0.112768  2.972238      24.733896    612.776794   72.535912            1.14          1.64   5.878096  1.633801  428.924957
28   17.360571  11.818901  211.099182  0.060377  1.740926      20.069876   1010.610962  -84.851463            1.14          1.64   5.802477  1.795149  332.542328
29   20.699085  11.302201  187.207672  0.102320  3.660581      10.428925   1280.744019 -233.638092            1.14          1.64   6.550665  2.247705  358.892609
30   15.613200  11.894859  213.143524  0.070583  3.270519      13.748147   1400.544312  210.145782            1.14          1.64   5.980691  0.669121  263.966278
31   36.327194   2.670616  205.808502  0.142896  3.927489      23.812994    440.313416  -40.281940            1.14          1.64   6.902050  1.959659  448.829041
32   26.296579   5.660332  189.026001  0.104975  3.238008      12.566787    813.242065 -153.113907            1.14          1.64   6.652685  0.862690  335.676697
33   34.624199  32.749905  219.395767  0.099779  3.070883      14.841377    842.906921  190.988983            1.14          1.64   5.286129  2.717859  512.064453
34   35.096104   1.026609  195.787643  0.137895  2.441660      23.309889   1228.715088   40.402538            1.14          1.64   7.982716  1.360345  379.681305
35   33.613720  29.772583  215.605881  0.111293  3.403567      21.244272    913.134216  207.268188            1.14          1.64   6.903505  1.067076  439.638306
36   42.455132  13.408839  187.109711  0.099119  3.735590      22.169144   1183.202148   -1.375815            1.14          1.64   6.438177  2.694782  472.711792
37   22.129108  21.945869  211.583527  0.118723  3.800215      15.888211    993.699402  109.315712            1.14          1.64   7.331389  2.546615  389.958466
38   38.935162  19.837152  197.766098  0.107227  2.084011      14.415998   1178.519165  172.716888            1.14          1.64   6.097349  1.074591  439.193176
39   12.953538  31.085196  231.531494  0.134074  3.054744      24.245102   1178.406616  149.280136            1.14          1.64   6.203704  2.351284  380.996857
40   40.607841   6.341133  191.546738  0.090590  1.926439      15.468898    490.023376  -81.308624            1.14          1.64   9.728283  2.870896  513.932190
41   45.376640  25.910549  208.006393  0.152677  1.398678      22.201393    909.057800  -68.298462            1.14          1.64   5.323079  0.303667  446.128479
42   23.041401   0.532509  192.638336  0.061744  3.641480      19.247629    679.633423 -124.720428            1.14          1.64   5.714684  2.375062  356.843323
43   48.537998   5.276491  188.415222  0.117402  2.209908      19.879807   1220.985474  170.822372            1.14          1.64   5.250268  2.604162  530.813965
44   47.247868  24.341196  203.568680  0.134906  1.147162      22.949450   1067.458252 -114.639633            1.14          1.64   6.389102  2.309518  564.967224
45   38.993401  18.837078  211.428085  0.123990  3.909689      16.533440   1024.583618  203.451752            1.14          1.64   6.145905  1.530205  444.693146
46   29.826454   7.092116  204.947937  0.114267  3.093620      17.234915    453.420349  138.971008            1.14          1.64   8.303664  2.563730  413.283142
47   28.356916  18.730326  213.889374  0.096693  1.555107      16.678972   1380.148315 -161.183731            1.14          1.64   8.384592  2.500140  403.292633
48   33.588684  21.995676  203.278259  0.069823  3.923938      22.452482    714.713013   49.363754            1.14          1.64   7.429548  1.907561  435.006104
49   24.791832  29.760960  216.026733  0.150332  2.455925      19.972353   1169.268066  118.087349            1.14          1.64   7.569575  2.593679  426.198608
50   17.563177   6.449688  214.440125  0.133501  2.273480      22.550303   1420.289795  168.595947            1.14          1.64   7.186381  2.155404  326.600616
51   41.275803   1.086345  182.197601  0.087197  2.659020      19.348751   1122.276123 -170.957657            1.14          1.64   5.975047  1.955148  436.725586
52   26.201693  18.531963  224.960907  0.142017  2.711489      18.836899    439.228210  -17.659262            1.14          1.64   6.794836  2.117316  429.317200
53   33.583080  14.339665  193.833191  0.097440  3.262283      19.072037    969.967712  211.031540            1.14          1.64   5.511399  2.468577  416.179230
54   32.521366  18.213621  212.534698  0.103248  3.324152      10.128991    822.932312   58.852352            1.14          1.64   7.749823  1.327832  419.995575
55   30.628361  14.128978  200.287186  0.102758  2.438540      11.011471    482.036774  -78.079750            1.14          1.64   6.866738  1.938488  440.440887
56   38.533123  23.162571  198.670197  0.107785  3.243669      17.434774   1087.432007   69.407829            1.14          1.64   8.810807  0.800196  426.234863
57   22.635946  -0.069337  213.024414  0.201724  2.118876      21.369364   1247.729736  160.041245            1.14          1.64   8.417865  2.626125  361.988495
58   47.149792  14.418768  185.555435  0.140651  3.349834      18.882229    416.044830  -38.648121            1.14          1.64   5.329390  1.821873  608.830933
59   18.864540  16.845984  219.960678  0.103565  2.697051      15.543412    618.683167   14.203269            1.14          1.64   6.092188  2.682663  378.174805
60   19.292358  24.132084  203.982254  0.155191  3.046278      14.558220    819.374634  135.123703            1.14          1.64   8.790973  2.213648  394.678711
61   32.773540  15.274097  190.216049  0.136658  2.884211      13.716771   1031.888062   46.327534            1.14          1.64   8.096897  1.013612  381.748077
62   33.372131   7.238605  199.580475  0.103450  3.648624      21.307949    618.436157 -197.953690            1.14          1.64   7.273357  0.276895  296.096313
63   29.823046  13.517929  216.296097  0.122483  3.089241      19.540594   1193.193115    0.039729            1.14          1.64   7.002448  2.121490  384.531189
64   23.238878  22.460979  202.665268  0.137577  3.974785      22.880890    576.735840 -200.555145            1.14          1.64   6.309034  1.066590  368.137756
65   37.073307  16.237146  212.754486  0.113255  3.374832      16.945583    836.282532 -217.073120            1.14          1.64   7.106017  2.584477  452.837311
66   39.205898  15.867361  201.683075  0.078062  2.173543      16.581331    798.048157   11.177232            1.14          1.64   8.349358  1.973328  464.292542
67   35.324886  33.431789  203.985184  0.193512  2.606274      14.380421    520.529541  -34.896454            1.14          1.64   5.226523  1.120858  599.432739
68   19.235092  29.624170  215.258560  0.149195  2.882076      13.708569   1472.185303  100.280991            1.14          1.64   8.122037  2.360809  415.775085
69   32.053341  12.914909  205.753708  0.098234  1.899673      19.785818    815.078430  115.648651            1.14          1.64   7.186817  1.553649  395.650665
70   31.205328  15.324825  225.529907  0.162817  3.975172      15.759887    521.276794   86.383240            1.14          1.64   5.118275  2.093113  414.894623
71   20.074585  16.269745  220.979630  0.052747  3.449053      23.468958    666.760437 -165.486771            1.14          1.64   7.010412  2.994440  365.123322
72   29.447451  29.908003  219.688736  0.120348  1.629355      16.212200    912.410645  -63.581139            1.14          1.64   5.669694  2.799172  460.300110
73   37.800179  13.761689  190.650146  0.155878  1.471618      12.808824    505.739075 -105.865082            1.14          1.64   8.466411  1.037718  483.780579
74    8.816050  13.942276  205.708755  0.143288  2.161839      15.511629    843.471680 -164.396088            1.14          1.64   6.037758  2.065875  350.870605
75   37.192276  18.242886  196.182968  0.153796  1.108213      20.695791   1328.859741  -25.215441            1.14          1.64   7.655436  1.240312  439.742065
76   53.337597  16.206062  192.106369  0.074065  2.960799      16.779783    872.349304  -15.275238            1.14          1.64   5.579342  2.942395  628.590820
77   37.559872  27.649174  204.151230  0.116254  2.157424      23.264894   1491.320068  101.062073            1.14          1.64   6.643243  2.169102  486.037445
78   40.954857  19.322454  215.542984  0.198769  2.376258      19.246037   1191.471191  166.228668            1.14          1.64   6.324636  1.279975  468.346161
79   34.362381  17.155010  202.887451  0.081526  3.274399      16.225311   1155.308228  -39.191872            1.14          1.64   7.524870  1.015879  381.312531
80   28.967731  28.211809  206.939941  0.137505  3.600825      15.489078   1434.863159 -106.437492            1.14          1.64   6.299132  2.395858  432.644348
81   35.522861  36.124413  216.309906  0.080642  2.645581      19.190449    880.994019  195.608170            1.14          1.64   5.683341  2.416683  536.254089
82   23.703556   7.426803  186.847488  0.103893  2.333362      17.492180    855.489502 -117.151634            1.14          1.64   6.385027  2.843764  369.115906
83   38.741356  12.815655  217.220352  0.164196  3.944801      12.010295    819.384521   38.073128            1.14          1.64   5.495607  2.942245  459.081390
84   17.491507   2.007348  217.882919  0.129033  3.675558      24.295595   1268.232056  187.498047            1.14          1.64   5.948430  2.496109  317.452942
85    7.104322  24.527840  221.936462  0.184657  2.563083      12.556993   1097.678101  -51.753559            1.14          1.64   6.579648  1.753759  367.654938
86   29.057087  13.449148  202.622437  0.123887  2.646292      10.202913    470.069153  -87.228386            1.14          1.64   5.400492  1.655378  431.593903
87   28.409483  30.864346  223.786636  0.116997  3.619105      13.183311   1155.881592 -133.088257            1.14          1.64   6.104076  2.244126  456.812897
88   33.077801  16.135408  209.554535  0.079139  3.572094      20.278717    885.746216 -171.550125            1.14          1.64   7.048401  0.330601  286.400635
89   26.497805  15.187476  201.095200  0.090146  1.864226      20.337147   1022.634705  -84.257889            1.14          1.64   7.753761  2.105866  376.024048
90   23.699556  11.531473  204.548233  0.059848  2.229934      11.872176   1067.355225 -163.245743            1.14          1.64   8.177418  1.999522  369.531158
91   34.261112   0.315810  180.472504  0.101894  2.257328      14.948902   1388.514282  175.908081            1.14          1.64   8.131835  2.034727  395.106384
92   28.416454  26.099798  210.731674  0.070699  3.733861      15.052911    920.010925  151.262848            1.14          1.64   6.435221  1.215266  408.798645
93   18.795244  29.688854  219.585373  0.149628  2.624927      10.611986   1372.527954  -40.891315            1.14          1.64   6.731749  2.811894  425.907440
94   21.700518  19.006872  200.052032  0.145128  2.448889      10.891238   1036.010010   95.485207            1.14          1.64   8.041230  1.429933  378.759460
95   46.823990   6.372377  184.364380  0.081564  2.516507      15.609093    547.187805   68.033501            1.14          1.64   7.375182  1.605285  567.202942
96   38.390369  18.661686  200.420715  0.081301  3.467997      14.351816    785.228333  210.849991            1.14          1.64   8.016350  1.300022  453.038940
97   28.039877  18.413630  207.214386  0.078212  2.675725      21.192812    944.188171   -5.335329            1.14          1.64   6.727309  2.864191  396.908203
98   17.482683   5.509106  223.109207  0.146537  2.291126      21.540623    692.890137  106.202843            1.14          1.64   9.003810  2.975469  350.501648
99   26.281445  17.929073  200.322235  0.118374  3.454147      18.817568    690.526123  106.192368            1.14          1.64   5.981617  2.113197  387.094727
100  35.797348  -2.665725  181.060028  0.102392  3.612004      15.736185    953.733643  -25.616957            1.14          1.64   6.660338  0.888864  374.921692
101  24.618795  22.419134  209.911728  0.115028  3.696247      13.569445    471.633606  159.728226            1.14          1.64   7.400469  0.914969  419.045135
102  34.592846  15.891520  208.539703  0.114828  1.960534      12.408126    647.771790 -118.317322            1.14          1.64   6.380544  0.721731  412.919037
103  22.166355  37.971237  233.260178  0.075451  2.493093      14.255584    408.135010   48.646126            1.14          1.64   5.761817  2.205080  546.784180
104  28.001831  16.050602  217.542465  0.091396  3.021357      24.101709    819.915283 -194.706161            1.14          1.64   7.405083  1.264953  359.020691
105  26.686493   5.401198  221.436371  0.165068  3.638347      11.015946    614.797302  219.586304            1.14          1.64   5.908794  2.018479  382.135803
106   8.352876  23.020248  219.770676  0.136449  3.331955      14.088759    823.807434 -191.095932            1.14          1.64   7.259100  2.312005  367.009735
107  12.900027   8.543549  221.598389  0.087345  1.708944      18.956909    520.614502  163.318375            1.14          1.64   8.474075  2.294708  347.199860
108   9.342945  20.313759  220.014404  0.132244  3.067862      20.892420   1208.603516 -214.045502            1.14          1.64   6.289888  2.670425  344.914032
109  41.386578  19.390728  203.137192  0.051526  3.835568      11.074598   1121.343384  -77.014969            1.14          1.64   6.424800  0.511363  400.557190
110  20.583956  13.187037  221.276962  0.122139  1.391035      12.938491   1171.419189  -12.267004            1.14          1.64   5.006817  1.789805  368.030151
111  46.216873  13.948268  187.865234  0.115723  3.295701      18.910456    766.324646 -151.210129            1.14          1.64   5.241358  1.546354  508.274658
112  38.551910  12.600394  203.499695  0.104014  3.157666      13.848120    887.942261  -24.051874            1.14          1.64   6.752151  1.684009  441.611847
113  36.046593  35.678158  202.224915  0.195835  3.229672      20.231110    633.901794 -174.801651            1.14          1.64   5.181213  1.936959  540.304810
114  20.105036  12.795288  208.252609  0.112992  1.197502      17.210238   1193.605469  143.290359            1.14          1.64   6.758062  1.773794  343.811066
115  19.658113  13.595398  221.759628  0.118044  2.155679      20.985104    830.245361   37.420765            1.14          1.64   6.381238  2.141468  353.618713
116  16.816317  36.846489  215.086487  0.238985  2.832059      17.114372    534.707153   39.537479            1.14          1.64   6.116704  1.813794  471.429108
117  18.718140  24.902557  226.415878  0.120782  1.460326      14.974774    475.147491  230.784164            1.14          1.64   7.300039  0.826885  399.599274
118  24.394403   3.836195  210.698990  0.144617  3.423525      15.715386   1334.286377   70.762772            1.14          1.64   7.614011  2.638755  360.122223
119  48.351147  21.421978  196.717545  0.120253  1.123138      14.729984   1265.512573  123.332634            1.14          1.64   6.974105  2.016197  568.532104
120  28.790480   8.163559  196.891281  0.105712  1.884199      17.585276    663.747803 -228.068466            1.14          1.64   7.685348  1.086121  362.615967
121  32.238995  26.120274  205.451248  0.143963  2.505939      18.063879    501.567780  -95.293625            1.14          1.64   6.552642  1.974940  490.545227
122  35.098091   4.132512  182.917770  0.123402  2.720409      16.748587    547.803101 -175.501633            1.14          1.64   7.240844  2.435983  431.314178
123   8.961446  46.965755  245.653580  0.125983  3.747334      15.798886    906.133179   61.335190            1.14          1.64   6.530500  1.685763  512.946228
124  27.301840  25.922855  214.323929  0.077467  3.729797      20.488081    614.469299  143.890656            1.14          1.64   5.265784  1.954369  420.561218
125  20.933077  13.515302  208.519058  0.066098  2.790766      22.481115    901.181824 -155.716187            1.14          1.64   7.216953  1.810376  344.534637
126  21.775278  31.728716  243.669250  0.148223  1.924004      14.780193   1309.670654  153.233536            1.14          1.64   9.323531  1.171903  410.758392
127  41.481686  -2.049801  187.235428  0.134256  2.317506      11.821109   1356.824829 -204.963242            1.14          1.64   6.239085  2.183393  467.428375
128  36.013523  19.286263  208.463348  0.088373  2.189929      14.806261    737.054993   28.174219            1.14          1.64   8.692561  0.900135  427.145844
129  35.734997 -16.557507  196.596710  0.276185  3.134012      24.300833   1459.819580 -150.479355            1.14          1.64   6.218453  2.771509  394.965973
130  14.759138   1.795044  210.709427  0.090407  2.784738      19.969538   1294.336792 -110.637627            1.14          1.64   7.879178  2.971219  337.330322
131  29.803764  11.462250  202.434830  0.080629  3.212480      15.108366    862.643555  112.926186            1.14          1.64   8.956675  2.109327  390.799255
132  35.450230  25.756876  190.422714  0.235066  2.622902      24.288023    408.307434   -7.917336            1.14          1.64   5.130371  0.644878  566.624207
133  28.712503  12.756393  209.788925  0.109004  3.190784      19.882835    630.785278   42.667103            1.14          1.64   5.384488  1.296211  377.129364
134  26.732243  40.864838  234.668091  0.075750  2.504696      20.860462    767.629211  188.001877            1.14          1.64   6.304698  1.076066  495.043610
135  19.428995  17.201633  230.593292  0.108049  3.935591      17.079966    565.956909  -60.092316            1.14          1.64   6.588394  2.192556  371.752167
136  40.446999  25.822315  198.950790  0.124237  2.521709      10.414723    678.496887 -119.058220            1.14          1.64   6.146660  2.132103  546.594421
137  44.388130  29.402733  209.992691  0.107434  3.909031      20.839869   1172.717285   54.645184            1.14          1.64   7.011845  1.231453  523.772217
138  46.739620  -1.748833  189.014023  0.266497  1.257150      11.423804    723.089233 -155.044724            1.14          1.64   7.373353  1.192768  564.093750
139  54.931595  23.161905  196.044037  0.118408  3.885746      11.402330   1281.315552   66.427361            1.14          1.64   6.909515  1.946899  685.537903
140  21.713352  15.626334  213.471329  0.086688  2.556380      19.587217    805.475098 -102.884521            1.14          1.64   5.683901  1.031934  331.635742
141  47.227642  15.406764  184.120392  0.135506  3.006191      13.066603    891.868774 -158.375076            1.14          1.64   7.298635  2.724432  554.499268
142  33.623821   1.912521  197.786957  0.135794  2.602998      24.172628    688.901978 -183.282043            1.14          1.64   5.917462  2.051662  401.145813
143  37.499660  26.120605  211.942291  0.062622  3.172704      13.530279    546.372070  119.778389            1.14          1.64   6.653902  2.702384  526.310913
144  22.822580   5.593450  186.923996  0.071501  2.609997      21.850679    761.910034 -142.069916            1.14          1.64   5.149896  2.195503  353.153992
145  27.777822  10.927724  205.911484  0.094903  3.445256      14.872350    412.289429  -74.106369            1.14          1.64   6.113596  0.565142  466.914612
146  44.357502  15.377730  186.311966  0.098135  3.616501      23.433781    607.723145  248.772003            1.14          1.64   5.710371  0.715747  488.893097
147  16.887379  42.334679  238.974762  0.115884  3.566591      17.794563    552.588257  245.780762            1.14          1.64   5.183320  1.597378  510.869141
148  28.723530   8.027692  190.229431  0.085074  3.564485      13.776634    819.018433  139.804886            1.14          1.64   7.170882  1.462250  374.906189
149  29.896370  17.388205  199.256134  0.104560  3.992473      23.171621    485.584015   42.806507            1.14          1.64   6.991327  0.970119  393.290619
150  27.477470  22.386824  218.630539  0.092755  1.394939      24.001144    674.746521 -116.646202            1.14          1.64   5.655396  0.853709  369.799774
151  27.335016  25.384533  212.060760  0.084809  2.515855      23.824440   1093.505371 -115.684166            1.14          1.64   5.518142  1.566862  393.877533
152  35.597729  -1.913890  188.893509  0.114465  3.083781      10.764094   1193.863281  -41.798733            1.14          1.64   7.393743  1.975118  421.147156
153  31.792181  37.302704  224.154449  0.064864  2.864002      13.442877   1213.180176 -198.143692            1.14          1.64   6.873200  2.142071  512.370178
154  39.331215  -1.775247  174.364059  0.100894  1.913527      15.454206    912.828491  -71.048424            1.14          1.64   5.006422  2.403294  448.423187
155  14.206442   6.021425  195.634628  0.064945  2.867884      13.941174    649.994568 -168.794754            1.14          1.64   6.608827  0.638295  295.999756
156   0.110406  16.698130  238.027740  0.135079  2.658436      19.120943   1302.626221 -108.588753            1.14          1.64   6.181358  1.174997  298.019745
157  46.793907  23.524797  206.876434  0.107036  2.686880      13.986276    926.800476  -87.392021            1.14          1.64   6.039942  0.945283  542.372559
158  28.127234  33.874569  214.324158  0.151527  2.322322      22.886168   1142.375854  -29.762379            1.14          1.64   5.316948  2.671666  480.914398
159  12.196625  13.568112  220.751709  0.082542  2.528680      18.710949    844.822937    4.564319            1.14          1.64   5.243305  1.117595  309.472198
160  22.792212   4.973456  204.865814  0.092744  3.948855      23.688120    983.094055   34.025455            1.14          1.64   5.370271  0.788057  285.152374
161  29.412323  22.270948  224.442459  0.127436  3.929533      23.168955   1333.602173  162.320267            1.14          1.64   5.109146  2.510376  404.556244
162  24.839365  25.228235  207.066727  0.162925  2.625305      23.418537    884.479736    5.306021            1.14          1.64   9.047808  1.539826  386.277802
163  30.789795   8.452607  194.722443  0.082729  2.301867      22.799997   1139.270630 -249.900711            1.14          1.64   5.562809  2.141498  378.049011
164   9.010054  43.737099  234.677994  0.192044  3.457978      14.358997    821.062744   84.562935            1.14          1.64   7.031823  0.931682  460.311615
165  42.687313  32.680962  218.773987  0.128910  2.916523      14.608253    941.626709   41.807022            1.14          1.64   5.169434  2.506113  593.738037
166  36.030785  27.601572  204.073975  0.126073  2.807042      18.774973   1104.646118 -197.306503            1.14          1.64   6.149638  1.969830  474.419464
167  47.829002  25.298422  192.360229  0.188697  2.059058      21.833460    851.246765   24.107687            1.14          1.64   7.033426  0.925401  566.203247
168  26.199923  11.755380  196.098358  0.122036  2.483590      12.762046   1270.783325 -102.412376            1.14          1.64   5.291930  2.740584  386.908386
169  44.344734  -8.941987  174.978134  0.103518  2.536926      13.025639   1139.068970  -19.181234            1.14          1.64   6.161579  1.687734  481.491852
170  22.014589  20.435064  225.586426  0.057024  3.015689      20.272501    630.327393  -56.349247            1.14          1.64   6.280205  1.338699  365.003174
171  39.942688  17.865803  197.478104  0.114314  1.022072      18.351236    789.551819 -219.945923            1.14          1.64   5.347106  1.782185  471.571808
172  36.690559   0.726616  180.725296  0.065167  2.217449      14.581446   1248.026489 -205.868027            1.14          1.64   7.670164  0.887228  365.164001
173  34.622326  13.229850  207.762558  0.092625  3.474352      16.950113    689.814392   95.890556            1.14          1.64   7.096493  1.784411  421.119690
174  40.982231  -0.486469  206.824112  0.215900  3.757098      15.199222    518.437012   -7.783561            1.14          1.64   7.041088  1.804547  458.462433
175  21.125299   2.387868  207.405258  0.121646  2.586461      13.968059    421.432922  224.356415            1.14          1.64   5.844316  1.787181  385.622162
176  44.363338  16.230768  197.031265  0.103913  2.470809      13.742132    825.441345   19.498905            1.14          1.64   5.291980  1.100674  485.945984
177  37.387512  29.411121  206.423676  0.107080  2.677448      11.985361    814.850830   25.670105            1.14          1.64   6.636298  2.129449  521.081177
178  18.773039  23.120893  200.867294  0.205714  2.505965      16.473034    530.978271    2.878247            1.14          1.64   6.220787  1.110418  383.240967
179  35.667316  25.789602  202.334381  0.131233  2.844069      15.570553   1498.888184   91.962402            1.14          1.64   6.026535  2.953500  480.661652
180  33.600201  28.930393  219.386200  0.108761  2.209260      12.318206    748.211548  189.614944            1.14          1.64   5.553968  1.482396  472.630798
181  53.419167  10.411086  188.456314  0.111893  3.389957      18.655586   1028.227051  -62.036518            1.14          1.64   8.157573  2.483732  608.841125
182  30.115112  29.540224  214.268448  0.091405  3.439985      16.848625    688.284546 -163.400009            1.14          1.64   8.144845  2.096179  457.070282
183   8.600136  19.229086  214.272369  0.112844  3.741393      16.746902   1343.509766 -103.942703            1.14          1.64   7.515012  1.794586  327.913971
184  33.927322  10.272169  180.485931  0.114195  3.583417      12.738814    530.779297  151.594223            1.14          1.64   6.380662  0.969903  420.767059
185  31.926931  14.685473  203.256378  0.098964  3.414487      15.491164    456.057739  -57.816296            1.14          1.64   5.989544  1.149896  450.022858
186  49.972019  13.353518  194.383209  0.070437  3.483328      20.112316   1143.479614  135.579468            1.14          1.64   6.287173  2.945456  568.450867
187  23.789001  11.097887  204.312469  0.058741  3.876738      14.258860    622.707214  112.589409            1.14          1.64   7.347649  2.487844  385.087036
188  20.088541  30.265070  224.488739  0.108780  3.708974      21.188334   1041.232666 -104.432274            1.14          1.64   5.482356  1.797997  393.719543
189  36.783981  23.670794  215.385834  0.112485  3.636571      14.039445    703.668640  109.246689            1.14          1.64   5.971276  2.195713  477.741150
190  22.301283  10.084956  217.922394  0.113786  2.763845      17.123867    830.765442  113.891930            1.14          1.64   7.272769  1.271766  341.390411
191  13.309646  22.017498  224.496216  0.073227  3.658274      17.823366   1478.664062  -33.797703            1.14          1.64   6.115796  1.357034  326.386353
192  20.483576   5.313414  197.540848  0.107864  2.730062      23.537317   1368.119751 -149.827637            1.14          1.64   6.022283  1.844924  320.196167
193  11.076093   8.561863  189.258423  0.131125  3.556639      17.942137    424.343262  182.640350            1.14          1.64   7.069786  1.379734  344.159912
194  18.163391  36.237633  240.730270  0.076819  3.335368      22.685329   1446.965576   84.590439            1.14          1.64   8.172323  2.547657  428.185883
195  41.049393   0.895297  188.089691  0.104106  2.922432      17.060171    571.822571 -248.923157            1.14          1.64   5.066203  2.974649  476.583832
196  20.627710   2.167842  201.499481  0.110748  2.873351      10.871568    754.982300   64.625931            1.14          1.64   6.134393  2.689117  372.705841
197  32.205711  19.985010  210.156631  0.094011  2.245992      18.670288    825.618713   48.752090            1.14          1.64   8.108421  2.169091  426.538818
198  44.355312  16.286360  196.329880  0.086646  2.503440      21.285944    790.443604   -3.091685            1.14          1.64   5.846371  0.465369  428.681793
199  24.223202  21.951008  219.568085  0.059212  1.523535      10.174640    533.813477  -42.338821            1.14          1.64   6.063756  1.123309  404.437286
200  35.540813   8.659193  194.721634  0.112168  2.347961      19.029930   1307.926514   80.712257            1.14          1.64   5.641150  2.108289  406.414948
201  19.303503  -7.316211  208.548965  0.191842  3.103333      23.256548   1483.490967   27.190535            1.14          1.64   8.514600  2.493641  324.360687
202  33.452236  14.085217  194.226257  0.103277  1.762497      24.449963   1423.920532  -98.040298            1.14          1.64   8.225998  2.143551  399.836090
203  44.010502  13.944875  191.205597  0.100049  3.574423      22.151785    915.713745  179.472412            1.14          1.64   5.188018  0.825498  442.321869
204  48.542530   3.461314  189.347885  0.120740  2.280592      14.504722    892.028137 -142.862000            1.14          1.64   5.851235  1.757262  533.888611
205  43.147053   9.782817  193.510300  0.068017  2.653089      18.261997    727.105530   49.573551            1.14          1.64   6.235967  2.208444  484.087769
206  36.608833  16.530882  196.688187  0.055134  3.043914      15.471046   1084.501465  -83.951454            1.14          1.64   6.227429  1.539294  425.376007
207  27.314198  20.281395  238.145325  0.182294  3.251919      17.384699   1107.765747  211.536469            1.14          1.64   7.470024  1.913609  383.965729
208  10.508337  23.554115  237.732803  0.091203  3.227666      18.658081    751.426270  170.368195            1.14          1.64   6.547411  2.220953  363.506470
209  38.770866  12.789293  202.961746  0.100296  3.660232      23.346512    464.155640   57.621731            1.14          1.64   5.441625  1.848596  499.967865
210  38.272758  36.921230  217.588165  0.073351  3.722565      20.621853    595.901672    5.990281            1.14          1.64   6.910066  1.350924  581.900757
211  19.983946   2.689641  198.511322  0.098520  2.118669      19.512337   1281.428101  162.865326            1.14          1.64   6.353846  1.053576  300.174835
212  26.974600  10.896840  183.862686  0.164748  1.950541      20.736841    683.444214 -124.955589            1.14          1.64   5.427700  0.629150  333.297119
213  52.935299  16.492651  186.431915  0.133519  3.074130      23.037420    893.093994  190.412003            1.14          1.64   5.036270  0.638099  561.308655
214  16.637516  17.627792  204.483749  0.188747  1.634680      20.490831   1065.636963    5.232669            1.14          1.64   6.852683  1.561402  349.992828
215  40.466358  32.054989  203.818588  0.122237  3.356114      23.538313   1056.281250  -85.345955            1.14          1.64   6.534655  2.806479  541.218262
216  40.307533   2.291539  196.930069  0.126112  3.499894      18.719034   1399.241333  -44.410187            1.14          1.64   5.293629  0.859000  385.312073
217  41.612404  31.810120  209.314972  0.104349  2.685063      17.101675    632.032654  110.249908            1.14          1.64   5.441236  1.904096  568.854736
218  39.949951   6.251374  187.763443  0.079013  2.623154      13.383587    572.666382  -50.970459            1.14          1.64   6.658829  2.118282  473.189789
219  33.833408  35.391190  207.251602  0.129429  3.871408      17.111038    760.065491 -133.911377            1.14          1.64   5.194103  2.611409  531.045227
220  35.670155  17.784000  205.423126  0.056896  3.417065      11.664296    606.984863  147.428986            1.14          1.64   8.011550  1.495401  450.796936
221  35.731304  22.598261  199.296692  0.126330  2.795455      14.198891    748.018738   -6.783101            1.14          1.64   5.985698  1.360046  458.010681
222   5.175096   9.703721  205.622116  0.136699  1.743061      14.961361    450.223389 -162.462738            1.14          1.64   5.239607  2.201980  362.001068
223   6.997265  30.156397  223.552460  0.190274  3.313273      11.985319   1086.477417   36.265621            1.14          1.64   6.764570  0.629450  306.563049
224  23.408051  17.393497  222.767487  0.092571  2.705092      14.461949    855.496399   91.688934            1.14          1.64   6.928452  1.408199  367.140259
225  20.950378  36.572098  222.890488  0.171708  2.792622      17.351093    559.126831  231.515121            1.14          1.64   7.041910  0.569460  438.479980
226  47.182850  24.281811  202.305374  0.069263  2.236056      16.122526   1125.800049  146.252014            1.14          1.64   6.614030  2.979476  575.658508
227   4.669372  16.344543  220.885056  0.121858  3.270128      19.932020    717.240967 -245.369354            1.14          1.64   9.533973  1.599489  323.167847
228  44.365074  -5.385441  184.906540  0.125761  3.118181      19.251860    742.571960  187.387115            1.14          1.64   5.192128  2.503550  497.843109
229  29.285807   8.886841  192.230225  0.078404  1.952159      16.079098   1058.577637 -249.761749            1.14          1.64   7.430265  2.819578  389.097717
230  53.541504  10.309084  186.971817  0.070835  2.193274      17.546421    750.269043 -201.943939            1.14          1.64   5.679583  2.795788  619.915588
231  42.803944 -11.790305  173.499924  0.107751  3.445307      23.502892    641.373718 -185.463272            1.14          1.64   6.678666  2.166790  474.953156
232  36.461159  12.635182  202.982468  0.097962  3.178162      19.044195    439.945557  -35.362049            1.14          1.64   6.731728  1.599250  495.360107
233  34.092484  16.022980  213.529251  0.127356  2.641533      10.535650   1425.460205 -107.784859            1.14          1.64   7.422764  0.552723  334.210236
234  20.053167  18.625967  213.020828  0.085561  2.567155      22.190573    781.781860 -186.215744            1.14          1.64   9.680135  1.313763  342.331635
235  25.192192   8.488509  204.469818  0.113195  3.252270      17.597654    881.977112  129.520111            1.14          1.64   6.476799  1.081695  334.518616
236  34.980667   1.645626  187.691757  0.105756  3.292388      18.853712    906.272400 -241.142349            1.14          1.64   5.483756  2.712263  413.053345
237  15.876081  19.028059  212.210419  0.126830  3.124224      12.171623    882.949890 -123.023216            1.14          1.64   5.820942  2.561317  373.122986
238  32.188663   9.534159  191.111389  0.053560  2.745987      15.811282    625.857605 -219.466492            1.14          1.64   8.697020  0.292827  311.656158
239  27.239302  21.749460  206.736984  0.109009  3.423282      16.525396   1297.483032   81.751793            1.14          1.64   7.039767  1.695099  390.442200
240  54.984646  24.665264  192.294022  0.126031  3.011965      18.360859   1137.574585 -142.713074            1.14          1.64   5.709449  2.751290  694.304199
241  24.318346  44.889694  226.388489  0.161442  2.690445      10.955807    706.388306  118.024628            1.14          1.64   5.650599  2.492504  585.780518
242  28.814110  30.919201  221.112946  0.064149  3.189777      15.121108   1387.775513 -236.347214            1.14          1.64   5.861269  1.279231  418.749268
243  49.253700  12.923140  190.300079  0.087380  1.190932      14.579939    652.997742 -121.505470            1.14          1.64   5.958426  0.844897  553.683289
244  -3.278971   2.590157  201.439850  0.102282  1.649444      11.983621    830.908630 -156.314484            1.14          1.64   9.813930  0.477723  242.815765
245  36.100449  33.726868  217.625595  0.079594  2.882989      17.000910   1244.430054  209.285446            1.14          1.64   5.719050  2.323764  515.294556
246  22.263760  40.811840  223.064651  0.151854  3.581406      13.989450   1055.868286 -111.588371            1.14          1.64   5.004735  1.975188  489.827301
247  33.274979   2.472460  190.739105  0.065684  2.874260      23.418394   1373.436523  -52.527603            1.14          1.64   6.975197  0.711999  311.349030
248  44.971111  13.156497  192.014664  0.115690  1.423707      15.685464   1137.440552  128.073822            1.14          1.64   5.585489  1.832384  495.132477
249  56.753826  13.412963  184.140610  0.091134  3.517541      15.380731   1398.735718  -12.495133            1.14          1.64   7.150278  1.925845  673.169983
250  28.457483   8.743597  213.326218  0.113310  3.156875      15.786647    573.178955 -100.361763            1.14          1.64   5.010587  2.098242  397.513641
251  43.067539  14.294364  205.014038  0.145581  2.516138      13.506927    861.090881 -142.296997            1.14          1.64   6.446703  1.801249  505.607513
252  36.928688  37.077282  214.095993  0.130590  2.363399      15.845305   1139.331665  241.941879            1.14          1.64   5.436896  2.985611  563.236267
253  38.434704  14.768972  200.465622  0.060112  3.477992      18.367428   1058.990356 -243.182404            1.14          1.64   6.953329  2.643342  448.803192
254  17.061724   6.532791  207.216858  0.076941  2.240367      13.390717   1009.045837   60.484859            1.14          1.64   7.853162  2.305156  348.105927
255  16.316378   7.051069  200.547791  0.080417  2.518418      17.810915    657.321716 -229.952805            1.14          1.64   5.814367  2.259527  346.778076
256  42.332165  20.597084  205.076797  0.116378  2.867251      14.095737   1181.791992   30.613161            1.14          1.64   6.903256  2.378234  499.396118
257   5.861463  33.662872  248.286331  0.099024  2.824026      20.152609   1168.550293  119.615829            1.14          1.64   6.958560  2.194924  397.270752
258  12.502846  16.229033  220.946686  0.119202  1.767591      11.969645   1312.925537  -71.209747            1.14          1.64   7.499017  2.277141  350.694153
259  51.203472  22.662254  194.439285  0.112685  3.406321      11.616060    956.421265 -101.606438            1.14          1.64   6.977666  2.700218  633.241699
260  15.332801   8.440905  215.370148  0.106530  2.772898      18.175858   1226.935913  -78.860756            1.14          1.64   6.630929  2.078104  326.672882
261  41.472778  -6.550603  179.926361  0.094618  2.471159      15.263155   1086.678101  109.509384            1.14          1.64   5.973917  2.425796  472.433014
262  22.914200   9.182088  192.957245  0.065415  2.363486      20.785580   1386.474976  198.273956            1.14          1.64   5.437155  2.891848  355.714417
263  45.705318  15.122690  197.938751  0.107073  3.650656      23.012609   1117.903687  -22.892279            1.14          1.64   7.597176  1.434260  477.482788
264  22.850937  14.090019  207.114014  0.101415  2.521512      18.176817    902.431274  -89.948639            1.14          1.64   8.345619  1.100580  334.386810
265  32.640263  18.171358  191.020248  0.153032  2.983741      18.793961   1285.055542   54.389954            1.14          1.64   8.475193  2.037092  410.162231
266  17.465811  15.192912  217.597626  0.059645  2.413360      18.738842   1006.956787 -120.623947            1.14          1.64   6.268273  2.233163  346.019958
267  20.025042  20.490051  198.852463  0.156218  2.802719      12.886724    650.626648  -53.792423            1.14          1.64   5.948566  0.979899  371.694366
268  26.719923  24.249329  201.845596  0.130642  3.493950      20.862543    616.877075   89.389122            1.14          1.64   7.564435  1.886295  409.623871
269  22.229389  37.952679  230.925720  0.088633  2.943399      22.151201    654.789978  156.155518            1.14          1.64   5.270949  0.409399  399.891846
270  33.391266  10.502893  204.194916  0.182840  1.042780      16.730101    544.175171   10.920720            1.14          1.64   6.552818  1.863976  460.639069
271  32.601349  19.706451  191.298813  0.174641  2.345566      10.852523   1101.850220 -200.869553            1.14          1.64   5.604969  2.264151  453.698883
272  30.616459  21.019583  211.229935  0.101820  3.678296      24.311876   1295.319946 -123.634529            1.14          1.64   6.131680  2.447380  402.933502
273  27.762346  12.559108  209.813126  0.079962  2.169446      14.158244   1284.051636 -107.971199            1.14          1.64   5.100620  2.187240  387.009125
274  46.597027  14.996420  190.996231  0.081100  2.515708      23.566921    793.360718 -192.725403            1.14          1.64   5.678596  0.856178  484.322815
275  25.462570  43.668552  225.627304  0.130506  3.676833      21.817747    788.955139 -107.984718            1.14          1.64   5.084906  2.063218  526.221863
276  42.188023   8.056214  193.234070  0.111785  3.692477      19.257872    581.621277  195.921036            1.14          1.64   7.155325  1.683222  471.309326
277  27.389326  11.998425  205.879654  0.133943  2.292597      13.257047    403.780731  -77.514923            1.14          1.64   6.031781  0.420301  483.928253
278  32.722496  14.887466  208.053421  0.143249  1.226306      22.996971   1117.884399 -117.919113            1.14          1.64   6.463414  1.988764  405.828094
279  37.983677  25.607027  209.639481  0.085712  1.724958      20.406681    797.527710 -188.665085            1.14          1.64   7.751107  2.025119  483.141663
280  47.862228  11.935513  187.912857  0.096707  2.979227      15.026442    891.525818  -82.841743            1.14          1.64   5.903546  2.698944  544.222107
281  32.476517   7.185397  196.266525  0.115364  2.739291      11.511682   1007.580078   96.578819            1.14          1.64   6.814238  2.850836  415.311401
282  21.598705  23.515648  212.602829  0.091398  3.806668      14.502434    599.414001   70.292595            1.14          1.64   6.995064  1.599397  395.769379
283  20.939642  15.351330  209.916626  0.099687  3.225292      10.664321    451.090240  -65.936096            1.14          1.64   5.567672  1.655422  400.159546
284  41.284443  16.704636  199.547302  0.098376  3.839202      15.889310    519.584595  -93.679008            1.14          1.64   8.496706  0.691944  515.625183
285  24.978882  36.932301  224.899307  0.106759  2.362460      13.981596    905.993164   66.484756            1.14          1.64   5.895780  1.521246  479.617340
286  31.457935  24.208586  211.998123  0.057196  1.804086      23.593090   1417.419922   14.614956            1.14          1.64   7.117181  1.041307  373.356964
287  52.563133   7.613547  170.727798  0.174675  3.896554      17.409376    868.409119  140.118332            1.14          1.64   8.209791  0.462593  517.773499
288  44.582867  15.438722  193.017166  0.074777  2.474535      12.378926    872.679199   57.355324            1.14          1.64   8.140202  1.928539  510.023102
289  42.558510  -4.201401  171.709946  0.114895  1.087899      12.439041    947.593811  -22.730364            1.14          1.64   6.391668  2.997241  505.871124
290  32.339386  16.820309  204.374619  0.109992  3.136343      10.989952   1212.612305  185.999100            1.14          1.64   5.289009  2.609535  429.039917
291  -1.720895  22.138334  268.359192  0.101043  2.254098      16.233150    940.109985   70.776604            1.14          1.64   6.901507  1.078572  321.329865
292  25.551924   6.536604  221.850800  0.177233  2.619135      15.199137   1047.776245    5.808728            1.14          1.64   6.977620  2.044207  372.639069
293  22.469805  11.451693  216.660950  0.106052  2.737399      11.652955    559.932922  115.048615            1.14          1.64   5.597029  1.178474  367.118683
294  25.305452  24.681221  226.567078  0.053607  3.775801      14.313956    973.087769  212.662231            1.14          1.64   8.222678  0.276044  250.810715
295  25.799711   8.393857  197.825333  0.072153  3.313485      23.977110    494.134674 -115.689735            1.14          1.64   5.798204  0.841998  344.012451
296  42.316319  14.256455  192.456329  0.071579  2.886753      11.491981   1022.270142 -165.372894            1.14          1.64   8.519535  2.803469  500.801575
297  50.924114  19.214853  188.905731  0.134403  2.081318      21.256817    667.019714  -30.948517            1.14          1.64   5.259806  0.348995  612.422546
298  28.216696  13.120657  207.904236  0.075815  1.921752      13.084363    457.064819   49.975979            1.14          1.64   6.704574  1.099808  419.026855
299  29.447590  33.923893  208.304291  0.188844  3.012898      22.174391    887.845520   -8.580362            1.14          1.64   7.838235  2.709307  476.507690
300  17.366171  17.224657  234.720566  0.094016  3.165575      19.011581    925.381348  180.631851            1.14          1.64   8.182975  0.690332  290.620514
301  19.638376   9.215457  204.527679  0.052165  2.054409      11.445392    583.627930 -124.689217            1.14          1.64   5.109939  1.995529  364.884552
302   2.332987  23.833715  256.175690  0.106547  1.356886      13.235269    971.941833   76.975113            1.14          1.64   6.161408  1.022774  331.284729
303  32.429707 -10.514765  179.649002  0.179995  1.859981      22.793938    792.820251   54.800316            1.14          1.64   5.824440  1.892279  411.663147
304  37.677189   6.900833  186.067368  0.123797  1.519009      17.173000    449.624237  -73.678864            1.14          1.64   5.391636  0.543750  521.674866
305  34.368279   2.730080  205.088242  0.161291  3.521481      18.182796    973.919800  161.742081            1.14          1.64   6.121954  1.749586  387.950806
306  38.686340  21.317326  195.969177  0.132047  2.932438      18.383707   1246.029053  121.113083            1.14          1.64   6.090556  2.026483  465.635529
307   2.293042   7.590554  209.699432  0.086821  2.462131      10.435438    922.733459  -35.674896            1.14          1.64   7.772278  1.988320  336.439697
308  28.237537  29.502731  215.340317  0.078183  3.909358      11.031306    504.471710   28.708506            1.14          1.64   7.684591  0.223742  468.664764
309  21.739124   9.048532  203.649231  0.078171  3.659441      22.002113   1308.701538   49.177383            1.14          1.64   7.434977  2.417051  340.120392
310  12.167216  10.394519  225.895920  0.079505  3.372957      24.476713    831.092834 -132.805496            1.14          1.64   8.381516  1.817184  317.241943
311  37.249905  19.797916  201.734695  0.111483  2.879954      18.724958   1079.527588   -6.897831            1.14          1.64   8.054173  2.586344  449.602631
312  12.565016  23.180725  214.174805  0.139042  3.060739      12.399098   1102.477783   18.414375            1.14          1.64   6.170818  0.619762  298.251068
313  12.565524  29.608959  237.116623  0.106931  3.488844      22.256477    715.896240  170.730453            1.14          1.64   5.309408  1.665616  376.092560
314  20.164213   8.879863  203.240128  0.071557  1.325210      21.167429   1009.050964   87.229378            1.14          1.64   6.720206  1.792737  329.693390
315  40.940002  16.290047  197.957870  0.078695  1.657797      11.732026    612.180359  -86.937256            1.14          1.64   6.384117  2.016775  500.504333
316  24.488167  26.532398  217.512772  0.100509  2.853158      19.183065    523.116211  159.050308            1.14          1.64   8.180709  2.915639  434.461670
317   8.807851  29.363134  237.529984  0.143601  2.325192      15.929283    770.511353  -33.759602            1.14          1.64   5.264220  2.108449  397.305756
318   8.567730  -3.865068  231.228867  0.096163  3.640352      17.357840    536.191040   46.904266            1.14          1.64   7.884429  1.695779  327.680573
319  51.078125  22.275002  196.982361  0.062392  3.971024      18.078217    720.185608  -61.265690            1.14          1.64   6.592521  2.461774  629.910217
320  33.516808  39.964405  218.784363  0.123892  2.599578      13.333953   1093.893677  -62.669518            1.14          1.64   6.231385  2.252873  558.894348
321  22.698362  30.702953  225.557312  0.119376  1.998491      17.011787    664.137878  -24.405676            1.14          1.64   6.678630  1.569463  425.892975
322  29.333473  17.434530  198.928009  0.110363  2.749536      20.862211    718.633911 -142.377243            1.14          1.64   7.032230  2.912132  412.742096
323  35.188808  23.043180  210.229370  0.092303  2.696000      24.659527   1074.350098 -193.857758            1.14          1.64   7.227586  1.475980  414.744171
324  29.321869   9.814831  205.521240  0.104717  2.581597      20.841715    427.467285   76.822853            1.14          1.64   5.644036  1.546749  429.215485
325  30.153973  24.494164  214.449814  0.082936  2.937098      15.109787   1015.136475 -124.233459            1.14          1.64   5.922949  0.777140  374.679749
326  10.935757   7.674780  197.290756  0.111060  3.508937      22.689066   1132.218750  -73.534492            1.14          1.64   6.046459  2.934365  323.004669
327  25.199181  24.166117  213.935242  0.087794  3.038752      10.361787    815.841003 -155.543808            1.14          1.64   6.461071  2.223870  423.186371
328  37.398388   8.281235  213.130478  0.182842  3.143147      14.827923   1424.521851  -66.731361            1.14          1.64   6.837163  2.575214  432.486633
329  21.749926   8.309134  221.906143  0.115980  3.606022      13.241381   1142.822510  101.865410            1.14          1.64   7.404004  1.136740  319.634552
330  43.301456  33.300430  209.496033  0.090491  2.596925      12.631637    911.481567  134.688095            1.14          1.64   6.409723  1.968740  590.381104
331  45.080196  18.107725  196.571960  0.086694  1.200536      22.361034   1429.120850    6.796079            1.14          1.64   6.650260  2.079656  500.153931
332  20.984102  20.404774  210.045303  0.104597  3.236237      23.654173   1070.393677  -38.459908            1.14          1.64   5.965334  1.632369  352.588654
333  31.260494  29.033482  222.746109  0.079197  3.635358      21.592836   1272.435059 -166.242279            1.14          1.64   7.049657  0.834019  389.959290
334  30.249081  40.625336  227.630646  0.084294  3.195951      16.740810    850.680969  -20.139107            1.14          1.64   5.877903  1.741116  526.339050
335  21.250280  17.126364  224.490646  0.078694  3.520323      22.767414    738.805054   66.112061            1.14          1.64   5.986905  1.662537  349.624237
336  34.534840  22.085020  207.345490  0.095561  2.827490      13.576116    485.885040  124.126793            1.14          1.64   6.778165  1.542997  503.478058
337  17.105715  22.972382  235.971268  0.099506  1.302326      12.880496    879.780151  -19.330070            1.14          1.64   5.743716  2.678983  392.117706
338  37.605770  14.078795  207.909042  0.128401  3.246592      21.540525   1339.531738  109.109474            1.14          1.64   5.977759  1.068846  390.855469
339  38.664463  17.253031  203.238861  0.094238  2.026447      20.075209   1428.675659    5.044587            1.14          1.64   6.030671  0.914398  392.957458
340  34.445110  31.401237  217.002121  0.064673  2.056634      10.581844   1369.336060   53.313087            1.14          1.64   5.725606  1.609865  475.673309
341  23.883316  11.621061  200.756409  0.088080  1.136564      24.088087   1297.484131 -132.969620            1.14          1.64   7.532524  1.845560  341.688202
342  34.837330  21.231010  206.947983  0.060621  1.612303      24.673874    475.102448 -153.868805            1.14          1.64   5.533248  1.389135  472.900696
343  15.691686  25.354536  243.060745  0.121646  2.653067      19.419292    556.650269   68.366211            1.14          1.64   6.780933  2.766657  392.155914
344  26.449192  17.398134  224.423752  0.098482  3.378657      18.670300    922.719666   -5.285914            1.14          1.64   8.702736  2.820720  398.065735
345  25.468630   1.242376  208.078598  0.165124  2.806724      15.235336    902.745789  -39.820976            1.14          1.64   7.181184  1.600646  354.855438
346   8.130781  26.491358  233.841949  0.114603  3.069853      13.849215    696.335144 -117.429459            1.14          1.64   7.494901  1.616208  374.656433
347  37.527061   2.600804  184.679840  0.117700  3.913806      18.401979   1310.996094  -64.581757            1.14          1.64   6.105571  2.823032  426.781708
348  55.379234  24.921757  191.893829  0.126850  3.268687      22.184504   1213.740112  -70.057594            1.14          1.64   6.207474  1.690130  682.647827
349  43.672024  16.623003  190.003250  0.115122  2.829850      24.711351    404.906494 -145.319443            1.14          1.64   6.394204  1.518902  578.896301
350  29.930304  25.743561  204.261536  0.144754  2.662115      10.398964   1134.959595 -148.732941            1.14          1.64   8.626580  2.856023  456.343903
351  36.596416  14.704585  185.778671  0.141278  2.739620      21.923754   1419.014160 -241.754028            1.14          1.64   5.255118  2.484622  428.905457
352  34.431515  18.606550  201.365341  0.064842  2.575118      19.927496    900.145447 -213.836304            1.14          1.64   8.483892  2.695601  438.192780
353  32.474014   7.670903  200.103195  0.142826  1.443951      16.471375   1065.431519  113.725334            1.14          1.64   6.321879  1.338440  389.727203
354  44.583443  14.096835  183.046524  0.138856  2.985729      16.332924    889.673706 -105.529541            1.14          1.64   5.571859  0.355234  407.854828
355  37.247257  17.467680  201.022659  0.094636  2.160448      12.904981    727.089172  141.010681            1.14          1.64   5.811810  2.749991  466.928802
356  27.449892  15.683160  191.746933  0.144172  2.941337      16.070185    411.520447  -91.662918            1.14          1.64   5.537114  2.209304  450.023468
357  29.989319   3.650596  189.175278  0.085415  1.464168      23.380751   1361.058960   67.648560            1.14          1.64   5.801396  1.376649  342.797150
358  44.413792 -12.131076  209.917999  0.298516  3.982745      20.371714    538.104492   62.185688            1.14          1.64   5.149950  1.914603  430.111084
359  12.911364   7.344205  200.074921  0.129890  1.046677      24.256624    422.631775 -234.872299            1.14          1.64   8.122259  1.994332  348.451782
360  24.821789   8.981809  215.096024  0.118795  3.530272      15.945626    722.874756 -249.434280            1.14          1.64   5.159644  1.791115  364.036560
361  11.279347   5.552865  200.251602  0.064300  2.740289      19.242985    932.202087 -112.310417            1.14          1.64   8.502689  2.123310  323.930634
362  34.704784  11.255174  187.733307  0.111802  1.964932      12.724463   1080.128296  -84.920975            1.14          1.64   6.036828  2.606650  437.103729
363  44.146904  12.329281  197.870575  0.140525  1.559003      20.334856    752.264832  160.398849            1.14          1.64   7.458778  2.169930  504.973145
364  41.436306   4.806362  194.678635  0.104192  3.932753      13.084197    855.629639  -40.273106            1.14          1.64   9.190733  2.047785  463.940033
365  23.883215  10.447901  195.863007  0.102905  2.886670      12.404016   1069.914673   74.415245            1.14          1.64   6.135937  2.438767  371.810730
366  37.590813  14.906644  197.696304  0.076450  2.664663      14.130658    925.988220 -166.317947            1.14          1.64   7.067591  2.297412  447.597626
367  12.650137  37.210075  241.061478  0.125516  2.987865      18.610518   1018.974670   15.326393            1.14          1.64   5.485322  2.799768  438.964752
368  17.247988   0.862039  234.682022  0.179034  3.011462      18.606827    486.149200   14.341202            1.14          1.64   5.914267  1.595894  342.278473
369  22.173147  23.373768  222.249680  0.096999  3.300025      14.645330   1078.342285   49.080227            1.14          1.64   7.125997  1.114419  355.591705
370  40.094971   3.043577  191.233826  0.126137  3.804325      16.912003    406.061188  -90.606667            1.14          1.64   5.630746  1.486439  527.949829
371  33.109169  28.224144  221.084122  0.100147  2.490628      18.548090   1280.879150  243.257568            1.14          1.64   6.098896  0.498665  357.481476
372  44.613586  13.335015  205.520401  0.206705  1.938583      10.977275   1105.472046  -77.203102            1.14          1.64   5.727095  2.153739  540.837341
373  29.631683   2.890329  210.199799  0.178970  2.831954      21.798542    941.128967  172.345261            1.14          1.64   5.306267  1.172575  343.815521
374  40.395664   9.064268  180.977905  0.165424  2.176055      18.412701   1064.753540 -100.334625            1.14          1.64   5.923151  2.027383  455.626038
375  26.726812   5.386860  220.528992  0.178951  2.713641      18.823284    999.703064  146.346375            1.14          1.64   8.468916  2.753800  375.715271
376  22.814091  23.449539  206.763107  0.143035  2.903273      14.658229    874.218994  -33.818600            1.14          1.64   8.139860  0.747014  351.127106
377  30.522270  24.951790  212.110794  0.059378  3.597616      12.528180    418.637573  124.683784            1.14          1.64   7.799039  2.930502  505.501160
378  15.284831  17.526209  217.742569  0.123277  1.948487      16.241343    779.032471    1.439665            1.14          1.64   7.295317  0.749241  309.215973
379  26.885530   5.462790  199.869324  0.115192  2.677401      18.857311    582.220276  -89.054260            1.14          1.64   5.035952  1.197346  360.425781
380  25.432142  11.897919  215.237305  0.127153  3.050829      19.032938    457.245850  105.553200            1.14          1.64   7.235764  0.341955  340.871735
381  38.346588  17.166082  208.905640  0.122736  2.902379      20.841286    742.771301   40.667191            1.14          1.64   5.988360  0.847043  421.033295
382  41.330067  21.951225  202.279114  0.103644  2.813281      16.794676    971.228455 -150.802460            1.14          1.64   5.541631  2.822837  504.993286
383  31.427565   5.917994  195.143448  0.078741  2.550164      15.397070    690.314209  -79.539917            1.14          1.64   6.022974  1.261651  387.592102
384  43.866638  24.529921  198.382919  0.097254  3.735421      15.792235    694.049866  -18.988619            1.14          1.64   5.447679  2.101335  550.810608
385  32.919918  21.472828  221.189636  0.139953  3.051011      18.139683    913.340210  145.432236            1.14          1.64   7.510138  2.432058  437.387085
386  25.986858  16.062759  204.935135  0.090920  2.204713      24.867830    874.478943 -191.523514            1.14          1.64  10.089560  0.935838  327.316010
387  14.987154  -4.601127  195.423645  0.155649  2.153678      17.323687    558.418518  118.278397            1.14          1.64   5.466084  0.899157  324.123901
388  29.726166  21.007177  209.943146  0.053401  3.685079      21.972347   1443.200928  168.893387            1.14          1.64   6.029125  1.868794  391.881256
389  21.775517  36.036163  227.177826  0.106498  3.592473      19.531631   1280.913818  -15.134564            1.14          1.64   5.699185  2.227196  446.833374
390  35.556770  17.122732  196.898560  0.101260  2.442578      20.908072    664.340576  -60.451046            1.14          1.64   5.482101  1.666731  435.058350
391  43.739086  34.010124  213.043915  0.122743  2.607748      17.159166   1183.668213   80.715141            1.14          1.64   8.653255  2.059371  582.969910
392  12.384341  11.605851  221.385315  0.111188  2.497673      14.320244    727.255798   55.909992            1.14          1.64   6.133039  0.520661  274.006317
393  11.208377  -6.127553  215.826096  0.122804  3.900256      22.490524    709.497742   49.491665            1.14          1.64   5.633428  1.887180  309.801086
394  45.561207  11.318142  204.699081  0.136524  3.677238      13.890241    954.157043 -139.023712            1.14          1.64   6.991369  0.387491  413.820496
395  16.951910  -8.231357  188.604248  0.143695  3.813240      11.417925    421.846375 -177.016800            1.14          1.64   8.749541  2.478365  375.247192
396  35.246452   2.676381  194.778076  0.145926  3.105531      10.711786    499.778076 -143.554565            1.14          1.64   5.903553  0.546566  421.679810
397  15.050200  40.186348  242.692001  0.102821  1.438074      12.776350    606.842407   30.007175            1.14          1.64   6.179201  1.364580  490.289337
398  19.171650  21.010658  207.340240  0.126929  2.734222      20.330349   1033.698120  -16.884369            1.14          1.64   6.308257  2.211132  373.575195
399  18.346039  12.207422  214.551575  0.071805  3.384401      11.892781    673.604187  133.602982            1.14          1.64   7.395051  0.297776  250.733612
400  33.849411  -2.169111  185.997925  0.135008  2.787272      17.123863    505.132599 -144.728836            1.14          1.64   5.604685  0.529562  387.904633
401  40.813419  21.409372  216.494934  0.141767  3.452802      14.086599    580.896912  -32.371162            1.14          1.64   5.932387  1.267805  514.541443
402  38.871178  14.706714  194.613602  0.091591  1.416525      10.260894    864.928223  121.419098            1.14          1.64   8.341049  2.882164  480.681244
403  34.791019  15.492200  188.587677  0.135343  3.677045      10.098730    997.588196  -44.600319            1.14          1.64   6.527081  1.479351  418.700867
404  30.807735   1.798946  199.907791  0.108306  3.699856      23.328506   1012.992615  -63.752014            1.14          1.64   7.599324  1.065476  340.894440
405  28.386271  22.109169  216.376770  0.053816  2.157868      19.228325    669.206299   60.707386            1.14          1.64   6.093033  1.562521  402.591888
406  21.172083  18.952965  212.205322  0.097076  2.747382      18.647018    430.863861   60.591850            1.14          1.64   7.995471  2.505265  406.552795
407  19.923681  22.240381  215.056061  0.141132  2.132410      12.597311    465.448395 -239.364777            1.14          1.64   7.032434  2.833055  424.242523
408  31.503588   3.646512  190.664642  0.075611  3.344046      18.282770    793.319885 -144.931427            1.14          1.64   7.007918  1.312320  368.888977
409  15.268972  28.734705  235.805054  0.104486  2.678946      16.066849    620.119507  189.382965            1.14          1.64   5.654903  1.378162  393.639252
410  18.495880  18.619801  219.354477  0.061948  1.748637      18.717062    547.566162 -134.840469            1.14          1.64   8.496907  0.744635  343.146912
411  32.886715  30.366827  219.426666  0.090053  3.549825      18.321056    886.514404  201.852982            1.14          1.64   5.787744  0.881623  429.693573
412   9.204297  18.523895  239.049973  0.098143  2.509291      20.191151    974.309143  -65.020782            1.14          1.64   6.024820  1.671623  325.698944
413  23.988859  19.549028  211.276672  0.099253  3.163954      12.233696   1031.832397  -41.344936            1.14          1.64   7.646012  1.057981  356.515900
414  43.335629   2.867975  193.571457  0.158727  2.038473      19.591034    555.517761  -51.558693            1.14          1.64   5.085728  1.467100  505.410553
415  34.162888  26.058826  211.256012  0.073501  1.691266      12.481282   1314.250854   -9.280108            1.14          1.64   5.596200  0.763157  394.468384
416  34.800629  24.173475  200.565399  0.119275  2.651953      20.045609    611.368164  -51.690693            1.14          1.64   6.916129  1.877816  474.417664
417  37.058270  21.120270  183.059509  0.172429  3.704672      17.324175   1147.115967 -167.024521            1.14          1.64   6.386741  0.965566  405.412201
418  -5.219749  21.193069  220.567688  0.182267  3.960253      17.096207    441.716125  -24.329014            1.14          1.64   6.186155  2.591206  348.687103
419  15.850461  30.997578  247.120499  0.124039  1.437217      18.965885    563.563171  240.143997            1.14          1.64   6.087815  1.843249  424.981628
420  30.490906  20.046793  200.846741  0.127339  2.837072      11.639441    889.924744  -99.420914            1.14          1.64   5.701279  2.115035  426.513580
421  35.892002  11.823132  200.311768  0.072025  3.853380      12.564598   1185.658813   12.472352            1.14          1.64   7.464948  1.307385  406.726166
422  41.927036  -1.395018  178.292603  0.063927  1.414128      13.716745    655.781799   98.610229            1.14          1.64   5.786009  0.363430  397.773987
423  40.010380   7.478789  198.752762  0.136677  2.333539      21.835606    863.681641 -103.975227            1.14          1.64   6.344874  2.466264  454.611816
424  36.967789  10.715036  201.959885  0.122858  2.942184      15.638928    867.822021 -211.815399            1.14          1.64   5.052756  1.149717  410.355255
425  39.277111  44.486366  223.797928  0.108906  3.083978      10.153848   1150.911987   22.491652            1.14          1.64   5.440194  2.031565  656.347900
426  23.190466  27.557981  224.230896  0.073116  1.917804      12.819755   1275.634521   37.064392            1.14          1.64   5.817444  2.178431  413.007385
427  42.628525  12.056899  205.523697  0.120605  3.953983      19.372427    840.977661 -237.566238            1.14          1.64   8.561581  2.610947  481.574432
428  24.367430  15.008600  224.406891  0.131499  3.648631      18.732462    418.393494   51.084965            1.14          1.64   6.870609  0.432635  416.149780
429  34.161591  32.828854  209.684464  0.136177  3.278292      10.335519   1349.645386   -6.880482            1.14          1.64   6.294065  2.952335  508.264069
430  37.069054  25.180866  202.002090  0.171800  1.753868      11.215659    543.885010  -28.573887            1.14          1.64   5.411968  2.695173  536.919006
431  38.004662  26.837143  207.179504  0.108826  1.838002      21.562790   1242.514893  120.790588            1.14          1.64   6.243636  2.727239  481.713745
432  17.117704  13.820479  200.940292  0.137725  1.853431      23.346556    801.049011 -165.143494            1.14          1.64   8.834935  2.138305  351.242310
433  24.422604  -7.830481  208.554459  0.260401  2.402256      17.122866    412.064850   24.261993            1.14          1.64   6.300170  1.408149  405.470490
434  25.571192  -4.084177  208.342651  0.202520  2.851985      22.641338    911.970764  -19.447985            1.14          1.64   6.455010  0.738604  292.326477
435  36.074646  13.827366  202.403091  0.101159  2.979776      13.933704    974.507812  209.591431            1.14          1.64   7.774370  1.688661  427.656738
436  31.393112  46.388229  226.845261  0.095572  2.919890      24.958185    443.732666  248.640411            1.14          1.64   5.398438  2.869337  664.324768
437  21.293793   8.351144  213.472397  0.108218  2.599106      16.034822   1483.797607 -199.045639            1.14          1.64   7.116557  0.947090  297.498047
438  42.160820  20.602995  206.344879  0.128518  2.121689      17.161188    629.313599  -27.720520            1.14          1.64   5.889965  1.035211  506.997711
439  25.944448  34.815071  206.072128  0.194205  3.704933      11.268732   1227.850464  -58.291470            1.14          1.64   8.170172  2.474168  464.415710
440  46.982323  -4.599000  177.233093  0.079146  3.010201      14.942187    645.639221 -223.782974            1.14          1.64   5.803532  1.216141  512.287476
441  21.468842  27.910114  238.966660  0.099712  2.484805      18.574924    943.457947    9.217115            1.14          1.64   5.356881  0.966352  375.619263
442  53.427330   9.411508  185.319839  0.105551  2.931357      13.292709    645.855408 -138.879562            1.14          1.64   6.094478  2.728874  666.522949
443  40.274342   0.230949  188.572769  0.124488  3.538069      18.100334   1042.556396   43.166561            1.14          1.64   6.094952  2.770948  444.590332
444  15.468316  25.542646  233.449066  0.114293  3.269422      17.194273   1010.771729  152.770508            1.14          1.64   6.581029  2.859540  384.541168
445  33.946083  30.927286  215.491318  0.110317  1.081210      13.226498    989.904480 -190.072540            1.14          1.64   6.403268  0.444873  392.768402
446  35.337540   5.146270  204.930527  0.160054  2.924599      23.229687    598.122559  240.211639            1.14          1.64   8.195329  1.632227  408.647064
447  32.247692  22.865429  199.944031  0.109026  2.986744      21.798920    500.023468  106.874458            1.14          1.64   5.956970  2.808278  464.120728
448  17.127850  13.128514  209.244186  0.072470  3.524462      21.786869    438.852844   52.325489            1.14          1.64   9.515643  1.166020  350.175446
449  37.944595  15.600061  204.365982  0.114069  1.954881      20.950914   1131.597290   66.805504            1.14          1.64   5.249112  1.945988  436.527527
450  28.099115  34.746170  209.770645  0.170506  3.479806      13.901630    836.290039  -17.236258            1.14          1.64   5.052437  2.389503  483.940369
451  35.965988  19.134695  208.880493  0.067969  2.552124      19.022640   1240.582275   55.472435            1.14          1.64   5.382747  1.244884  409.006958
452  34.193119  12.533961  198.599060  0.079281  3.353136      14.150116   1338.276367  211.307724            1.14          1.64   5.743616  0.810330  351.260193
453  36.506168  19.291832  200.837753  0.115962  2.864577      22.825312    817.591248  -52.746319            1.14          1.64   7.988020  2.484005  443.451111
454  38.962486 -11.338600  175.949142  0.165311  1.922649      10.891531    653.569885 -233.991394            1.14          1.64   7.653307  1.641540  471.936951
455  43.975468  21.537056  197.370407  0.072682  2.400277      13.166838   1255.846436   -9.090381            1.14          1.64   6.486314  2.808798  533.716614
456  45.691765  10.151058  187.949768  0.056305  2.465118      11.116158    853.849487  -96.544434            1.14          1.64   7.078507  0.934454  480.322296
457  30.308664  24.443602  221.256424  0.108385  3.690846      17.434246    684.867432  112.437592            1.14          1.64   5.398299  1.229013  414.330719
458  41.526833  -8.207542  170.625397  0.095332  1.210577      14.121860    543.167053  227.792542            1.14          1.64   5.113224  1.102646  477.698151
459  44.053345  14.817056  199.290298  0.097378  3.968085      15.526867   1167.028931   58.825008            1.14          1.64   5.026069  2.610788  497.128845
460  32.617577  -7.217660  177.790222  0.127823  1.833168      15.625126    512.270996 -247.630981            1.14          1.64   6.321646  0.889941  408.863770
461  24.904131   5.266370  198.968323  0.105388  3.928479      22.355330    670.502380 -169.069244            1.14          1.64   6.000233  1.749113  354.751770
462  24.879328  18.708311  224.834061  0.119905  3.444713      10.217938    963.187805   -9.737063            1.14          1.64   5.678269  1.637151  386.526001
463  18.233696  38.754025  242.508301  0.050507  3.983061      22.466120   1304.127075  232.796890            1.14          1.64   5.480744  2.029781  438.111084
464  38.962925   7.174774  199.572998  0.171455  1.748383      15.067001   1063.619751    0.068134            1.14          1.64   5.336424  1.631600  449.044983
465  43.139210  -0.415793  183.566132  0.107973  3.841921      11.224626    453.727112 -166.275497            1.14          1.64   6.569682  2.613057  552.045471
466  25.457571   6.274392  209.120392  0.128106  2.485857      20.663559    719.059692   53.055988            1.14          1.64   7.532278  0.623063  308.405121
467  19.689882  14.548182  195.964340  0.118327  2.488087      16.063255    991.707581 -219.586380            1.14          1.64   7.531056  1.267645  342.036194
468  19.752373  11.904502  211.022278  0.065040  1.142898      13.097150    987.415833 -108.813499            1.14          1.64   7.032930  2.708915  363.496460
469  18.391270  14.242630  205.362091  0.088339  3.519646      11.867395    592.487793   82.916504            1.14          1.64   5.700871  0.635800  329.853088
470  32.244450  24.381275  205.872650  0.102416  2.808441      16.487217    481.132355 -193.942673            1.14          1.64   6.623765  1.374065  497.784302
471  41.412590  12.935457  190.670883  0.073652  3.362801      17.270838   1493.577515  -55.644676            1.14          1.64   5.121298  1.030594  414.172302
472  17.180439  23.204336  215.536407  0.093853  3.599678      24.474833   1383.481201   52.435863            1.14          1.64   5.794582  1.317772  330.857605
473  29.259991  43.885662  234.047409  0.075629  3.791992      17.520918   1250.517944  135.877747            1.14          1.64   7.454327  2.235933  556.799927
474  45.698048  -6.139741  173.928345  0.082291  2.350519      17.749836   1026.672363  103.176201            1.14          1.64   6.129214  0.500485  404.715088
475  17.968489  10.684590  219.876404  0.092486  3.309676      11.576617   1057.755737  -14.792495            1.14          1.64   6.552528  2.477035  355.898834
476  25.207815  13.105092  210.196136  0.079561  3.253944      13.622530   1213.322388 -230.463684            1.14          1.64   6.168330  1.437170  356.446228
477  27.758745  33.608593  221.290894  0.083985  2.467203      15.083688    641.246704 -117.858345            1.14          1.64   5.319360  0.972572  463.077454
478  23.124235  21.131208  223.323929  0.060645  3.059180      14.745396    839.021118   23.138472            1.14          1.64   6.894273  2.061437  386.686218
479  38.108734   6.627161  190.433151  0.078628  2.280309      22.411997   1262.971924  -72.644272            1.14          1.64   7.434048  0.598003  331.005615
480  40.000225  26.141867  204.116440  0.103434  2.691350      10.944199   1113.328247  -28.703009            1.14          1.64   5.489984  2.887993  519.006042
481  35.932526  21.623295  185.774796  0.169330  3.745476      24.477766    903.311523 -108.412437            1.14          1.64   8.203262  1.077608  405.415527
482  21.446426  40.086514  246.703354  0.110248  3.998374      13.180039    486.553101 -109.848099            1.14          1.64   5.125060  0.798056  573.473572
483  26.813944  11.251725  196.686676  0.089625  2.468315      19.488745    896.565186  -95.343224            1.14          1.64   5.918444  1.007656  340.245758
484  40.122814  40.734905  213.670853  0.089302  3.246378      19.789640   1421.560547  156.340195            1.14          1.64   6.533626  1.835209  589.521240
485  39.249851  28.917656  201.196579  0.169239  2.220587      21.577887    817.904968  127.443253            1.14          1.64   6.225262  2.136098  514.543762
486  30.926872   7.261299  187.493881  0.107430  3.650223      10.116057    998.811279 -144.512238            1.14          1.64   6.938923  2.135810  399.079956
487  52.654331   9.680593  194.753250  0.163862  2.191601      17.013884   1171.227661  -61.221424            1.14          1.64   8.529070  2.952373  612.021973
488  45.370823  19.034384  198.651886  0.059762  3.013275      24.747688    616.246399 -135.886505            1.14          1.64   5.333467  1.895920  523.687988
489  41.607544 -14.635838  184.493301  0.228519  2.540233      10.529116    473.688293 -178.000473            1.14          1.64   8.168005  2.676888  571.230469
490  38.445099  30.189470  208.306732  0.125424  3.855196      24.584826    499.315338  -94.177948            1.14          1.64   8.803573  0.916393  583.238586
491  35.939178  16.499535  206.498108  0.095794  3.065197      17.329113   1010.738892   16.946720            1.14          1.64   8.022781  2.694945  436.923920
492  24.703213  21.962303  193.070099  0.181223  2.995417      10.158548   1204.699951  -96.732948            1.14          1.64   8.056008  1.644196  389.743927
493  33.465309   2.042470  186.588654  0.080958  3.678658      14.748368    658.965698 -138.552750            1.14          1.64   6.056562  1.044183  387.554016
494  27.965397   8.460238  192.750687  0.061750  3.474701      15.813668   1224.644653 -246.969574            1.14          1.64   8.268171  0.909245  322.433655
495  32.575909  37.735703  211.088043  0.197287  2.105442      10.751374    631.744202  129.153214            1.14          1.64   6.194677  2.391552  590.439758
496   1.949782  28.994875  225.692566  0.172730  3.870839      17.179098    674.878906  140.078888            1.14          1.64   7.026587  2.044375  365.544861
497  18.145050  18.327511  228.640686  0.076060  3.964707      18.867121    445.916779   45.530109            1.14          1.64   7.555521  1.430841  374.730896
498  31.776615   9.596443  203.996979  0.110452  2.871907      12.503125   1040.755615  247.190247            1.14          1.64   5.767113  1.581456  394.379333
499  36.354851  21.915709  201.936371  0.124581  2.598730      10.406420    740.061890   25.674227            1.14          1.64   6.840820  1.540616  463.440125
500  40.563858  24.225090  209.697037  0.116819  1.315649      11.178953    985.539795  -95.174416            1.14          1.64   5.617348  2.441121  532.848083
501  28.607521  27.079191  214.354324  0.132375  1.502908      18.243269    675.418945  218.519608            1.14          1.64   8.163631  1.190968  427.629425
502  29.106880  21.172764  207.561813  0.069580  3.757733      21.797537    957.419678   52.334541            1.14          1.64   6.966746  2.691156  409.096008
503  19.756096  26.492872  231.092865  0.053879  3.253007      14.443246    447.258392  -92.589371            1.14          1.64   6.684876  2.077539  439.517517
504  34.976582  21.114199  205.764084  0.073412  2.001684      22.931795    484.997131  130.483002            1.14          1.64   7.759755  2.238031  463.842529
505  16.776438  28.970568  249.789276  0.108108  3.970990      13.330439    826.764771  189.969193            1.14          1.64   6.684908  2.628659  412.153839
506  30.668856  20.735907  203.722672  0.108258  2.948542      21.831209    455.824982  183.618317            1.14          1.64   6.086429  1.412643  446.935242
507  20.856153  16.248295  203.247833  0.093633  3.226953      24.764414    770.050842  -77.681694            1.14          1.64   6.204607  0.363266  248.538437
508  41.948315   0.801136  183.164398  0.066489  1.854682      21.597198    898.512390 -210.244141            1.14          1.64   6.594412  0.340800  334.368286
509  33.864601  20.505234  208.193802  0.069196  1.181362      19.946178    933.839844   -0.458055            1.14          1.64   5.994902  2.263139  428.573151
510  34.470955  17.649441  200.660904  0.094436  1.795152      10.314131    990.634277  118.504333            1.14          1.64   6.466211  1.564058  432.666260
511  31.880915  35.755520  213.745102  0.109147  3.820451      22.014172   1284.489136  -96.877853            1.14          1.64   5.899308  2.019412  488.961090