           lon        lat        inc      D1AU     delta  launch radius  launch speed    t factor      B1AU     gamma         vsw
0    -3.775330  34.613045  43.963165  0.273456  4.269228       6.372183   1353.437012  176.836609  7.015860  2.859424   57.902901
1    -5.147521  36.581295  49.391022  0.286685  4.641778       7.274865    893.677856   81.341164  6.793745  2.335540  117.283691
2    -1.440895  39.168495  46.217041  0.299315  4.481750       8.987077    883.986572   89.325005  7.860034  2.615172   90.426506
3    -8.637978  40.988544  46.073147  0.290510  4.535731       5.948910   1728.623413  124.341324  7.042042  3.586498   95.747566
4    -6.280550  42.899628  47.454124  0.261974  4.798877       7.248979   1409.098022   30.410107  5.970022  3.788798  113.065308
5   -12.646554  41.306320  48.360874  0.293666  4.029416       5.208286   1553.734985   40.857635  5.090161  3.903144  141.494080
6    -5.844581  45.492046  49.319820  0.287769  4.724561       8.455449   1040.642212  224.971313  5.164551  3.141658   76.253128
7    -2.720175  45.743168  44.532452  0.267002  4.841406       7.645373    784.745300   95.918701  5.128106  2.981156  146.818558
8    -3.584747  40.638885  47.037392  0.280581  4.674546       5.053653   1588.767578  135.805222  5.653131  2.099441   66.693253
9    -4.998878  47.404999  43.673409  0.291114  4.594254       7.224799   1034.602783  236.647842  6.083420  3.633655  129.502701
10   -1.596681  36.224022  46.368229  0.277783  4.840487       6.489200   1936.784790   65.107101  6.333069  3.865165  125.588303
11   -2.594507  42.348831  41.150131  0.278473  4.786831       6.256748   1013.100769   96.422287  5.069395  2.316850   84.968422
12   -3.686105  38.067253  43.164520  0.256037  3.758001       6.263100   1905.990234   28.585001  5.682052  3.918979   90.142120
13   -1.572201  42.542278  47.682446  0.267592  4.317689       7.030077   1772.477417  206.446213  7.899369  3.878118  131.663406
14   -1.648998  38.492184  45.576244  0.236929  4.332235       7.831053    931.437622  121.468384  7.470540  3.272324  117.276543
15   -0.467505  36.977013  41.991566  0.274361  3.564558       9.259385    851.457703  106.875488  6.176063  3.338461   77.452515
16   -8.565872  47.510307  47.196220  0.287038  4.618055       5.520264   1587.527588  138.180450  5.057933  3.892458  141.822678
17   -8.148767  47.521996  46.962563  0.284910  4.624002       8.534994    720.707031   67.453690  5.546667  3.891986  160.747101
18  -10.802167  47.291233  47.032753  0.295450  4.667045       6.552511   1195.169067   98.350784  5.895134  3.351594  125.073509
19   -4.527829  36.838436  45.595058  0.243985  4.666907       6.864459   1007.461426   31.917543  5.821105  3.977750  147.458023
20   -0.142030  44.696350  42.163239  0.263077  4.726547       6.756718   1373.395020  170.230881  6.518283  2.903314   92.781601
21   -1.530949  48.460949  43.141186  0.267295  4.587206       9.499599    885.720642  183.962204  6.849270  2.968367   61.220169
22   -4.376636  42.330795  48.506374  0.296298  4.990147       5.341253   1384.599976  175.369507  8.699101  2.172493  133.497559
23   -1.956481  49.754375  46.859596  0.286783  3.958200       6.873740   1549.490723  193.593689  7.299020  2.345821   67.220177
24   -2.434871  37.328812  42.683910  0.288979  4.079641       5.298305   1130.568237   53.821526  7.552161  2.089052  123.650665
25   -0.948880  36.718414  45.816833  0.298336  4.293766       5.683092   1352.957275  109.097183  5.690737  3.337143  202.762268
26  -12.261401  49.308975  47.544273  0.291707  4.994744       6.961108   1034.955200  184.178421  5.290761  3.881452   92.034523
27   -4.312136  37.896355  46.195854  0.282717  4.187424       8.007696   1177.904175   34.982162  5.894895  3.804523  115.988853
28   -2.328136  24.291258  49.902042  0.280538  4.182848       6.309033   1023.711365  157.895844  5.016052  3.453331  177.212952
29   -1.970633  34.566490  43.401974  0.286571  3.746770       5.701319   1466.033203   86.125816  7.297462  2.987978  125.315094
30   -3.907952  44.602379  49.969009  0.266423  3.481138       6.701944   1903.594971  141.720200  6.805862  3.556950  100.794792
31   -1.084844  43.279869  43.146545  0.281257  4.832663       6.015540   1133.012085  225.241669  7.846809  1.885060   64.957680
32   -3.322983  42.554810  47.486378  0.284124  4.445452       6.367414   1653.909424  145.304565  7.305818  2.831833   83.644798
33   -2.377035  38.572590  41.843605  0.264200  3.814540       6.903946   1640.498657   54.741219  5.387730  3.582592   53.390671
34   -4.038342  39.823353  49.714535  0.277130  4.963607       5.375062   1330.538086  178.433960  5.778955  1.952688   91.894669
35   -0.316882  45.548031  46.407013  0.275242  4.302673       9.857456    913.166931  211.174103  6.170484  3.370930   97.406410
36   -4.387732  44.447777  41.674061  0.295064  4.542708       8.450499    747.857422  116.610893  5.709548  2.765496  120.883926
37   -7.912255  37.057426  43.022961  0.274908  4.561656       5.553795   1246.583618   74.596931  5.339654  3.280817   87.301056
38   -4.600025  44.373165  47.660416  0.279870  4.696011       7.084442   1479.289795  248.935699  7.243075  3.655167  104.111443
39   -0.262824  40.695709  45.551811  0.260246  4.665496       8.500299   1105.314697  145.190430  6.880633  3.383807   96.534676
40   -9.892929  44.615913  49.076740  0.281062  4.610441       7.007861   1574.848022  179.050873  5.571690  3.975022   88.653008
41   -1.826067  43.427944  47.207775  0.296328  4.778265       7.826408   1444.551636  155.281067  7.727690  3.228148  158.783020
42   -1.139125  42.796360  49.654953  0.248896  3.499680       9.567108   1034.007080  135.502151  6.590342  3.094335   64.353271
43   -5.398349  28.248508  44.396309  0.287371  4.424276       5.691574   1347.558594   65.342186  6.027519  1.880501   55.201839
44   -5.594522  41.958351  39.645473  0.279999  4.458823       6.016536    843.424316   51.937603  5.784015  2.518378  100.811325
45   -6.452380  31.505529  47.975021  0.281458  4.618012       6.098968    932.144104  236.027786  7.894909  2.246586  126.707344
46   -2.951730  38.732182  49.006397  0.258791  4.645136       7.812051   1014.613342   72.844757  5.786937  3.841905  160.133743
47   -2.260615  38.077778  44.201763  0.286895  4.591889       7.836553    827.119324   68.176880  7.269457  1.962955  117.041313
48   -4.112367  41.049377  45.274136  0.283325  4.607999       5.698598   1482.362671  141.304062  5.551377  3.339252  114.204109
49   -6.235323  30.854019  48.393654  0.291589  4.396864       7.507264   1012.477539  148.196136  8.369285  3.941423  173.739243
50   -2.985647  43.677528  44.175297  0.280282  3.971956       8.968830    723.995239  151.873154  6.435551  2.575176   62.596249
51   -0.918761  42.335423  49.709084  0.260826  3.913785       8.601793    967.710266  141.406906  8.909789  3.943791  180.624466
52   -0.340189  34.491737  36.381664  0.283186  4.702324       6.422210   1012.081604   86.551399  6.927817  3.459830  189.950272
53   -7.316369  48.746666  47.743801  0.290751  4.186133       5.669212   1188.625122  224.765488  5.905899  1.938347   52.636189
54   -1.911651  45.073689  46.454674  0.299730  4.620853       5.859310   1722.229492   42.804726  5.618078  2.589629   69.284622
55   -4.019758  42.378136  43.931213  0.291771  3.501266       6.447338   1929.675049   26.735556  5.007586  3.775848   84.932373
56  -12.164618  38.307289  46.656120  0.281437  4.825866       5.749074    965.460632   61.204559  5.509407  3.823526  126.921715
57   -6.232438  42.688057  46.137489  0.291873  4.547202       7.143888   1239.300415  191.645782  6.660300  3.960430  134.308701
58   -0.312386  44.437859  43.139690  0.275165  4.598754       6.397747   1761.669922  189.384293  7.136229  3.721542  117.818298
59   -3.660340  37.421898  36.257847  0.287594  4.251724       7.425090    740.077148   87.361488  5.497902  1.966343   75.789894
60   -0.232706  36.238895  44.585419  0.271322  4.780761       6.780758   1333.951172   27.241644  5.311756  3.522119  127.448196
61   -0.809324  38.121006  45.046341  0.231803  4.438659       7.104995   1112.390259   88.752632  7.056873  2.863767   90.157440
62   -2.446178  37.230694  42.536629  0.286997  4.774965       6.144314   1688.609741  179.628464  6.352759  3.032145   79.561806
63   -5.212835  47.321598  44.062794  0.294628  3.928960       8.469707   1221.419678   74.100624  5.154963  3.463336   78.068565
64   -6.849986  47.391628  49.711735  0.269832  4.716493       7.114403   1565.193481   59.701630  5.841508  3.102685   68.745483
65   -6.892855  45.688931  48.213615  0.283828  4.533992       7.127258   1348.118530  198.076569  8.502578  3.141918  100.532173
66   -5.699048  42.305721  49.125404  0.297241  4.813595       6.988160    992.861816  112.380928  6.877803  2.409404  117.241661
67   -5.886500  41.525799  48.549393  0.294609  4.769156       8.777105    719.290588  112.629074  5.706276  2.928277  129.587204
68   -0.667656  43.096249  44.219040  0.280405  4.150344       8.739688    739.048279  115.978577  6.369176  2.124116   97.037422
69   -4.376551  39.719875  42.659252  0.283466  4.873597       7.911784   1068.466309   50.095448  5.447364  3.680824  130.726837
70   -1.636307  44.656883  42.565456  0.287413  4.613750       6.210051   1490.974854   59.422337  5.525345  2.873093   91.122009
71   -2.162942  44.892422  40.834801  0.284085  4.381445       6.722251    808.864624  188.673172  5.004237  1.758143   76.675644
72   -3.262680  42.586090  49.280018  0.259027  4.592480       6.138223   1419.422974  169.726852  7.272933  3.681966  169.411194
73   -8.912303  44.864925  47.715096  0.266080  4.768960       9.252945   1011.685669   95.528603  6.111579  3.942261   71.585037
74   -6.372966  43.925560  49.827988  0.282716  4.606496       6.536829   1528.079834  119.703377  6.434595  3.631784  138.359100
75   -0.243923  46.233490  48.128460  0.269314  4.716395       5.561811   1949.364502  115.681267  7.589020  3.028712  119.285660
76   -6.865829  41.415409  43.278214  0.293973  4.701185       5.872642   1682.453735  141.697937  5.657408  3.280989   73.747261
77   -8.836452  43.383423  47.856899  0.275216  3.981580       6.293609   1116.580933  167.114731  6.115981  2.799757   74.303955
78   -0.179439  48.554523  47.286949  0.276074  4.048446       9.705276    834.794373  155.257217  6.109375  2.955572  106.655899
79   -1.532727  42.107437  46.681801  0.254727  4.405063       7.903037   1074.331909  225.010391  6.620051  3.358520   96.188766
80   -2.635724  39.378490  45.805626  0.274936  4.516316       5.290953   1829.992432   60.626720  6.404683  2.720999  108.909073
81   -8.235148  44.816475  47.366333  0.285237  4.544042       6.475528    764.739624  132.054214  7.104014  2.231244  140.850281
82   -1.696877  41.176476  41.272972  0.281414  4.479677       6.375390   1040.789673   68.210892  5.396407  2.737395  143.663239
83   -1.850075  47.138306  37.436878  0.295949  4.476531       6.992623   1235.525146  113.752083  6.477970  3.118850   90.812912
84   -6.507891  43.879864  48.621906  0.284552  3.954594       6.577494   1065.958374  137.095352  6.191337  2.449242   89.735748
85   -0.396179  32.127819  45.546177  0.293102  4.045560       8.204901    853.030212   77.732796  6.325126  2.277151   93.012665
86   -3.273417  48.471092  49.441509  0.275752  4.835248       6.610202   1606.973877  122.554504  5.704557  2.732511   94.292847
87   -8.840240  42.162170  49.364883  0.263063  4.800322       5.485697   1550.291626    9.655659  6.687527  3.318909   96.351379
88   -1.948397  35.238182  48.244381  0.254663  4.273750       9.530918    776.479675    4.132842  5.958505  3.875201   92.296600
89   -1.243706  41.328484  49.921280  0.258568  4.762882       8.292592   1694.320679  181.962646  8.291924  3.751636   67.485634
90   -0.706247  46.255646  49.832504  0.276525  4.786753       9.305434   1151.484253  110.098991  5.508558  3.723022  161.613419
91   -2.126924  45.513382  40.664623  0.239230  4.727348       6.326502   1877.244751   99.944679  6.515192  3.558320   57.617340
92   -1.806789  49.134811  44.569698  0.278900  4.451676       8.562491   1440.859985  215.696564  6.224092  3.813790   88.363197
93   -0.437968  39.716877  49.912445  0.262262  3.356000      10.314204    876.292236   18.882730  5.475174  3.813143  102.157372
94   -2.567198  33.359848  42.780319  0.262327  4.182478       7.221859   1060.748535  123.530815  5.507114  3.080252  112.150719
95   -0.529237  28.683985  48.823261  0.294573  3.353759       8.201802    753.179871   53.917404  7.096805  2.759494  210.480453
96   -3.274046  49.371792  41.634392  0.293121  4.706652       5.750492   1259.220337  198.865936  7.195017  3.016594  158.140640
97   -5.249951  39.875237  44.067417  0.295159  3.787952       6.959294   1245.410278   90.780441  7.093180  2.853472   66.920692
98   -3.960138  39.107441  48.107918  0.288184  3.741960       6.680604   1653.268066   19.522728  6.303537  3.088799  122.613068
99   -6.591324  49.402805  49.758423  0.292356  4.668279       7.458371   1515.185913   65.885681  5.088022  3.615599   86.324425
100  -6.218573  38.309322  47.688457  0.268659  4.026824       7.908858   1398.077637   89.293182  7.037384  3.563259   80.166214
101  -1.748862  44.090244  42.642944  0.278751  4.397332       6.909879   1348.146729   67.714409  6.569555  2.494928   71.381401
102  -1.779691  45.216476  48.470104  0.229128  4.500793       7.884934   1799.381592   63.552471  6.280264  3.744302   62.683506
103  -2.803072  46.664440  48.386974  0.250586  4.879847       8.170682   1113.628174  205.206100  6.169724  3.268092   84.717049
104  -2.350700  49.438221  49.893925  0.292086  4.729692       8.000834   1622.901123  124.194977  7.428051  2.657420  109.257690
105  -2.437383  44.607468  41.191093  0.285368  4.084771       7.881663   1046.874878  168.688477  6.405064  3.554492   90.681671
106  -6.865092  44.575397  47.676025  0.263183  4.971794       6.840837   1852.538696   36.206127  5.464112  3.782611   85.969635
107  -4.790473  37.846596  46.746452  0.272432  4.912099       8.266319   1155.938721   29.177656  6.411403  3.314527  115.856369
108  -3.249556  45.546337  48.880096  0.298308  4.514449       7.503014    994.687683  101.989609  6.166592  3.349787  213.074234
109  -1.119279  47.807838  48.243443  0.269445  4.940894       7.204955   1697.775269  204.630188  6.183397  2.840348   85.562492
110  -3.439429  43.340034  44.160294  0.283845  4.736509       7.017636   1440.417969  110.744598  6.152349  2.806578   60.779751
111  -0.083099  43.716457  43.423721  0.298904  4.978455       5.212900   1558.385864  228.669037  7.846142  3.813359  219.721359
112  -3.796931  32.135254  49.065273  0.267537  3.557305       7.136669    973.638611  134.981400  6.443946  3.485918  185.525711
113  -5.213556  49.692947  48.579578  0.281912  4.997905       5.055264   1554.625000  140.117172  7.220607  2.132345   90.092178
114  -3.647193  47.636814  40.573864  0.279112  4.530830       6.712423   1423.150269   42.726791  6.023516  3.395525   94.614357
115  -3.112676  40.561714  45.348438  0.287877  4.751426       6.528790   1810.547241  143.689148  7.836608  3.658572   96.743317
116  -4.207005  40.122849  47.537079  0.257717  4.817511       7.295176   1388.894287  156.389328  6.965992  3.957696  100.449883
117  -1.071370  48.490517  41.908932  0.286233  4.604303       7.438112   1628.948364  171.316772  5.907045  3.790396   98.368805
118  -4.940230  41.085415  44.466976  0.292225  4.904221       6.858288   1499.412964  121.929550  9.107717  2.961998   57.890404
119  -0.081191  48.048031  48.723198  0.295509  4.531129       9.729553    909.710815  134.140762  8.270788  2.315843   96.408157
120  -5.145248  41.363956  49.598904  0.275841  4.529203       9.806658    765.895813   81.873093  5.628691  3.584295   99.730843
121  -6.557883  43.334892  46.564381  0.295884  4.130797       6.201585   1695.934692  131.625565  5.402043  3.542577   87.758743
122  -5.573956  44.758564  47.740067  0.290493  4.733105       6.779733   1568.980225  206.805237  6.194938  3.309001   75.088554
123  -0.832584  38.925564  44.750698  0.247653  4.560989       7.738039    917.420166  114.252602  6.646977  2.594639  104.979988
124  -5.919658  48.062923  47.357113  0.286442  4.883287       7.003673   1859.490356   63.294605  6.316254  3.654704  116.874435
125  -8.565832  44.254597  43.508598  0.288954  4.477070       8.600625    783.556580  110.569466  5.377554  3.524076   65.137611
126  -4.540963  39.839512  46.117043  0.274098  4.754375       9.085480    830.902405  166.474426  7.163778  2.601290   50.688446
127  -3.572246  45.761826  49.071774  0.274081  4.280521       6.387133   1807.877930  134.404602  7.091687  3.001264   66.264229
128  -2.513494  47.003483  41.362915  0.287730  4.811924       6.325605   1304.481323  161.026611  5.599256  3.129892  142.060287
129  -4.251204  39.258492  44.387001  0.263126  4.326486       7.169730   1313.528076   79.747223  6.494204  3.185217   51.487778
130 -10.041620  44.588108  49.307739  0.262744  4.924944       7.522167    887.312805  148.663010  6.430020  2.770933   84.793182
131  -3.193078  40.917820  49.694340  0.294805  4.860110       7.991468   1272.077148  100.216423  7.049538  3.302222  120.376091
132  -2.326649  46.720928  47.811459  0.287430  4.144597       9.480351   1448.433228   90.203125  6.843701  3.438527   53.391777
133  -0.260317  49.418682  37.620953  0.286198  4.712629       8.293858    938.279785  225.147186  6.635372  3.094406  101.415657
134  -8.963805  46.381664  42.641941  0.299203  4.579153       5.106649   1095.042603  135.329803  5.153470  3.320907  140.237579
135  -1.312570  34.817547  47.236122  0.247393  3.801728       5.919839   1570.843628  129.521454  6.889512  3.443236  114.684776
136  -0.919683  41.482468  47.960735  0.285327  4.620747       5.829573   1682.427979   25.395929  5.592489  2.183796   95.938660
137  -5.190236  48.638210  45.211868  0.299075  4.715432       7.213647   1009.185181   25.050764  5.248788  2.736944  122.639389
138  -9.480899  47.671104  47.072247  0.281315  4.488854       7.162361   1549.448730  128.467987  6.982013  3.899382   84.801453
139 -10.438559  46.544086  48.153389  0.270709  4.868853       8.031692   1314.483887  232.781662  7.708431  3.968667   54.427383
140  -4.971507  33.768730  45.729790  0.294443  4.342419       6.710757   1281.570190   31.013292  6.251840  3.340608  137.568008
141  -3.171593  25.111000  40.085716  0.258097  4.499170       5.623450   1335.762085    3.717813  6.907407  3.383457  140.196274
142  -3.320900  32.823734  48.152081  0.267957  4.013837       9.350621    740.612732  174.112335  6.947691  2.534467   52.959099
143  -2.420323  38.981579  42.751751  0.297201  4.327722       7.873465   1064.433838   81.248978  7.439088  3.628469  155.117233
144  -8.309358  45.252930  49.430645  0.273074  4.694583       7.312313   1622.236328   97.740158  6.633153  3.353172   75.915535
145  -2.172466  39.656933  42.027203  0.296500  4.984987       5.906210   1116.707153  121.879097  6.965521  2.710057  173.892258
146  -8.032829  35.000809  46.912201  0.292090  4.772513       5.183015    913.906128  210.611404  6.557459  3.623994  242.077103
147  -3.299259  45.650372  48.026096  0.299598  4.814209       7.235746   1510.871460   28.289736  6.618494  2.775626  100.424889
148  -6.097203  38.761753  49.934341  0.253761  4.942020       6.487035   1237.415649   40.662010  7.051976  3.331625  119.128685
149  -4.671380  45.746521  47.145576  0.287956  4.661535       7.215028    887.529602  211.675644  7.984583  2.205919   97.625824
150  -2.409051  41.892258  49.187592  0.293703  4.862214       8.879876    929.937317  224.556168  5.861504  3.633539  155.123169
151  -2.896710  34.463188  43.647263  0.279994  4.599080       6.697742    871.729492  167.599518  7.983758  2.130002  100.420357
152  -8.965186  42.856071  48.238663  0.287046  4.390551       6.537833   1463.484863   94.450905  6.387217  3.281139   93.274361
153  -1.653712  45.254578  49.449764  0.298125  4.866400       6.370449   1476.429565  153.564941  6.100361  3.719260  252.828140
154  -0.880488  39.686100  48.048412  0.231434  4.398411       8.059560   1974.168579   33.475979  5.281339  3.738980   55.020164
155  -2.369074  44.105476  39.530869  0.268010  4.910020       7.674094   1013.301147  140.417603  6.879854  3.886803  116.740135
156  -0.566278  42.634132  40.553822  0.292799  4.670633       7.737570   1229.323975  127.772293  6.054655  3.758829  167.060608
157  -1.130151  44.432507  47.827908  0.293742  3.842898       5.247221   1313.655518  129.248169  6.579710  2.292233  166.104080
158  -3.710773  45.026154  43.909451  0.298660  4.962095       6.928638    897.534607  170.412766  5.854946  3.338156  200.815598
159  -4.021034  43.656193  42.392723  0.271513  4.576591       5.949045   1324.735840   87.281281  6.669426  2.818828   91.337502
160  -7.669849  36.946419  46.133236  0.271592  4.740452       5.547801   1121.893677  215.965012  5.901604  3.140420  114.695251
161  -1.429413  48.101192  42.694626  0.282527  4.208950       6.390322   1605.320190  207.280609  7.276712  3.631891  149.842529
162  -1.496191  45.691597  47.874371  0.255801  4.866796       7.437587   1029.496094  110.275177  8.361968  2.191378   68.365723
163  -2.934325  35.959404  45.717346  0.232351  4.330883       6.012433   1401.956787  199.429825  6.835696  3.192008  101.275002
164  -1.759515  41.929779  44.765865  0.297526  4.064962       6.400521   1346.457275  128.826462  6.847199  2.450922   91.836769
165  -2.167682  33.006992  48.124260  0.247349  4.938390       6.985708   1196.874268   90.148903  8.360903  3.415970  112.156403
166  -0.440104  41.625061  44.602703  0.285694  4.364117       6.491817    927.635925  207.401031  7.860449  1.786547  126.573914
167  -0.967322  47.898026  44.171703  0.279145  4.659560       9.173570    951.940186  184.981613  5.902391  3.253835  103.465622
168  -2.039295  35.286949  40.865799  0.282616  4.572033       8.352440   1135.422974  112.361053  6.377395  3.260221   75.138901
169  -5.574740  38.552738  45.440350  0.287641  4.918684       6.806288   1006.116821   89.841919  6.727698  2.632196  131.838974
170  -4.547824  35.371429  45.414539  0.262425  4.073511       7.749422   1265.913208  112.475327  5.964705  3.598423   96.713913
171  -7.931471  49.687065  49.319504  0.299975  4.836506       8.866323   1085.586182  215.233200  6.900687  2.609859   56.128269
172  -0.901212  43.304882  45.791256  0.297921  3.779209       9.471370    787.091125  135.785797  5.727660  3.652860  180.042206
173  -7.200602  36.408184  47.575787  0.247062  4.835298       5.565567   1655.082642   44.138077  6.701150  3.546473  113.005989
174  -9.099574  41.020901  47.507633  0.269766  4.962915       6.605256    838.348938  216.924622  6.494298  2.294579   65.402847
175 -11.059956  44.608376  48.162228  0.285661  4.402929       5.019325   1665.152588   57.884789  5.140164  2.631458   54.814114
176  -0.334645  33.357765  46.107128  0.294123  4.516481       6.647678   1296.308838   76.572578  7.025609  2.316096   92.157898
177  -5.370188  40.708893  48.095779  0.278162  4.372230       6.267742   1180.827148  201.528351  7.586560  2.783501   84.420242
178  -5.103530  43.665718  40.005711  0.285074  4.089823       5.418194   1057.137207  124.070396  6.743372  3.364196  170.351791
179  -2.575748  39.139874  48.486061  0.272487  2.821679       9.010114   1123.259399   33.952232  8.111485  3.083115   66.199615
180  -2.725878  38.604027  47.722637  0.292012  4.114201       8.151871    928.370239   16.124062  6.778342  3.314656  154.076065
181  -1.781332  46.582817  46.768486  0.272966  4.143551       9.192744    844.988647  154.011200  5.062405  2.913733   77.439774
182  -3.536441  42.555630  49.764637  0.248511  4.481648       8.615749   1215.902100   49.176735  6.979994  3.805645   89.110054
183  -0.749055  45.734768  43.031693  0.299506  4.638914       8.959640   1150.690186  150.389633  6.437837  3.727326  116.507889
184  -3.727980  44.036724  48.878757  0.247741  4.634418      10.049905    950.943909  152.090729  5.929329  3.546316   63.497505
185  -9.653849  42.489254  46.330723  0.278172  4.860128       7.409801   1389.313477   37.296871  5.813223  3.750644   58.487259
186  -0.083863  37.132610  47.526283  0.274007  4.330931       8.289507    833.581238  112.432579  6.914219  3.249504  160.949326
187  -4.358914  37.843182  49.768269  0.234067  4.772836       9.478144    806.356201  167.617508  5.772724  3.541129   59.114338
188  -0.758890  46.201820  34.059818  0.279261  3.972834       6.526195   1146.903809  132.876907  6.000295  2.704278   60.369850
189  -0.337465  44.388107  45.693344  0.283428  3.716430       6.686129   1869.647095   77.147995  5.824491  2.626935   53.257957
190  -5.531024  33.260197  45.107006  0.292562  2.787746       7.210313    916.196899   32.170292  7.462434  3.512313  188.346451
191  -2.935079  39.920628  49.477360  0.272352  4.976264       7.120450   1148.078369  159.885422  7.008499  2.587304  105.571907
192  -2.172167  42.306324  49.700886  0.253839  4.941794       7.260643   1057.660034  142.236664  6.291395  3.322259  149.495422
193  -4.195745  44.015682  46.921688  0.286830  4.394178       5.719328   1290.721924  151.479492  6.333229  2.019518   68.912224
194  -8.472534  41.776482  42.662384  0.293353  4.493999       5.952349   1074.783569   74.866020  5.567300  3.036075  118.446762
195  -2.365104  43.044216  41.783688  0.273365  4.982961       7.531512   1429.310547  224.746048  6.753286  3.535981   84.976303
196  -0.354212  47.612846  45.989353  0.248692  4.520375       8.419543   1328.889282  249.541718  7.323760  3.068023   58.292057
197  -0.064656  48.702663  46.830460  0.276409  4.334257       6.809680   1496.332153  127.537361  5.581222  3.509387  180.079224
198  -5.519985  41.443810  48.682842  0.289473  4.543465       8.325690    811.684204   86.031357  5.700950  2.345834   76.749733
199  -1.530005  35.571514  47.624649  0.284639  4.895933       7.822799    768.166748  119.345016  6.552537  2.818981  163.773163
200  -7.506369  41.643871  49.213882  0.260321  4.922850       7.886833   1013.427979  135.195602  5.619761  3.649633   93.757202
201  -5.201314  48.689354  34.673660  0.296628  4.928882       6.206648    708.886475  216.217636  6.894314  2.707648  129.431366
202  -3.267695  44.949032  36.484318  0.291522  4.353531       6.309849   1390.761719  103.961731  5.429438  3.832717   86.955696
203  -6.096359  41.524895  47.858864  0.286896  4.432551       6.678937   1269.280884  162.839188  6.551653  3.730383  123.815445
204  -0.180730  41.793011  49.646778  0.280949  4.119123       6.097648   1151.451782   11.236726  6.677983  1.890744  130.023178
205  -9.904230  44.358768  46.728508  0.291313  4.467137       5.732894    929.793823  227.739639  7.125007  2.485173   99.249092
206  -5.225191  41.812237  45.116882  0.270800  4.977762       6.808882   1472.211182  134.369858  6.719316  3.536775   88.530312
207  -8.141545  41.087643  45.744911  0.247888  4.298067       6.932171    894.291260  124.011421  6.896410  2.556316   60.827908
208  -2.103278  46.109180  44.758472  0.295363  4.816901       6.301639   1979.295044   42.895741  5.914786  2.773190   69.180710
209  -2.381405  35.414410  46.863300  0.286445  4.368899       7.566803   1108.646240   76.132675  6.702864  3.640046  139.697983
210  -9.442554  33.905720  45.826515  0.251803  4.096183       5.099408   1531.581055   99.045700  5.314569  3.459841   81.592041
211  -6.595178  41.489452  42.014065  0.294754  4.786355       7.124222    815.887817  149.841660  7.101315  3.140061  101.901978
212  -1.241223  42.498013  45.571877  0.267408  4.871509       5.344960   1878.872314   11.707642  5.793313  2.816749   60.326847
213  -2.647475  47.714771  47.644882  0.282699  3.723603       7.876566   1152.387085   51.201145  7.011065  2.968552  110.737297
214  -3.359509  42.476627  46.785198  0.263802  4.749041       6.945911   1409.073486  204.606308  5.542723  3.156007   98.539955
215  -6.483388  45.973637  49.751724  0.276156  4.018063       7.936986    996.303528   31.212940  6.153844  3.171427  102.439758
216  -2.388415  33.272118  48.405586  0.235335  3.483126       6.849505   1643.530640  233.652084  6.971163  3.970555   90.599533
217  -6.544221  38.159367  46.519878  0.287335  4.736419       5.043792   1514.193604  225.506256  7.913019  3.144118  137.489868
218  -1.839662  45.712418  49.286068  0.292456  4.410906       8.159245   1139.781860  101.757187  5.192037  3.533777  198.459045
219  -3.190705  42.055485  48.101849  0.299852  4.768527       9.294651    809.525452  150.653122  6.269892  3.958628  172.093445
220  -0.447791  42.766151  44.750572  0.263993  4.434277       7.325238   1111.634155   78.944687  5.467613  2.600525   68.458244
221  -3.016683  45.839035  49.166389  0.299985  4.281001      10.485367    823.152466  243.476852  6.215590  2.468990   52.630962
222  -3.048815  45.695225  49.426098  0.279958  4.872645       7.742775   1366.812256   75.553429  6.449032  3.595703  126.531242
223 -10.681135  46.282261  47.182461  0.282959  4.086597       6.900300   1156.355591   86.293732  5.104594  3.740768   87.488861
224  -5.152339  44.151508  39.571739  0.281723  4.798190       5.198369   1346.277344  192.444717  7.369354  3.450205  148.439789
225  -3.080449  47.805714  49.080109  0.297498  4.902022       7.452288   1558.221558  242.062805  6.840766  3.317729  117.643753
226  -2.629022  39.684341  44.040150  0.283256  4.973312       6.991076   1442.664185  133.705627  7.127692  3.281237   89.842079
227  -1.410940  37.951431  41.906773  0.245597  4.105658       9.602620    937.681824   86.789650  7.631818  3.563238   53.302708
228  -8.591204  46.850441  49.827396  0.260455  4.788079       6.660198   1221.458618  205.959366  6.620277  2.967631   62.488041
229  -2.886929  39.264832  38.975090  0.285089  4.792993       7.563573   1218.010376   14.180833  6.316991  3.559735  105.365540
230  -0.533813  37.504494  49.204441  0.255335  4.751543       8.486488   1141.062744  199.807205  8.700787  2.871291   52.599686
231  -2.734404  39.613964  41.906342  0.284745  3.895534       6.382277   1168.247192   55.509228  5.643777  2.784430   71.400467
232  -9.682603  42.531975  46.378712  0.297204  4.612632       5.445177   1423.884766  153.731537  7.228587  3.090840   94.192200
233  -7.988981  49.365410  49.036156  0.296843  4.778105       8.308670    989.165039   70.190117  6.169506  2.841438   86.629211
234  -3.025477  41.186478  48.332363  0.264493  4.895387       7.529031   1267.923584   98.538086  5.020908  3.216417   95.573540
235  -4.070005  37.166439  45.759506  0.278001  4.124120       7.795803    887.414856  186.511581  5.647521  2.708855   89.284988
236  -3.979207  44.705929  46.194511  0.269791  4.352866       8.338259    983.182617  202.243759  6.972612  3.173978   94.297783
237  -9.647189  43.149857  47.914513  0.292260  4.821044       7.510275   1180.221069   71.813789  5.461217  3.298570   90.639610
238  -3.472525  48.904488  40.566299  0.286719  4.814286       7.298166    955.125122  112.723587  5.241166  2.558222   79.746628
239  -9.193326  36.071083  48.827164  0.268939  4.832425       6.536283   1013.530029   80.650902  6.327164  2.739802  102.057404
240  -2.918357  45.910282  45.443005  0.284182  4.562416       5.405230   1539.383423  179.186401  6.012847  3.509447  167.019913
241 -10.663929  46.085686  47.253910  0.284444  4.584391       5.732533   1624.584717  110.066292  5.752235  3.879694   74.409386
242  -0.450708  42.675087  47.239517  0.272349  3.926324       8.715646    936.653198  154.682281  6.377113  3.833140  142.719284
243  -5.005134  42.975765  46.857693  0.267774  4.319365       9.327015    843.850769  103.007378  5.675487  2.652339   54.457485
244  -6.851028  41.405464  47.165062  0.282543  4.594162       8.043776   1091.861450  244.449570  6.338243  3.989389   91.890495
245  -5.266912  41.611507  42.504940  0.257734  4.355678       5.329941   1483.618652  214.321411  7.868250  3.120281   79.098404
246  -3.609249  46.552994  47.426003  0.258211  4.445573       8.963879    954.193726  113.907318  5.238538  3.945338  119.719101
247  -0.705967  44.041279  43.175629  0.299613  4.486260       6.284817   1310.171143  159.492126  5.483335  3.644991  182.048080
248  -0.005957  41.722404  45.672520  0.284191  4.617988       6.969978   1077.247803  196.559875  7.966723  2.969561  136.867996
249  -1.619530  48.720200  45.077442  0.274147  4.535736       7.398366   1556.120361  104.351639  6.488458  3.666131  138.629471
250  -3.313597  48.818523  48.955166  0.273184  4.943553       8.045628   1099.160767  179.075439  5.773655  2.183422   83.192032
251  -0.592155  43.216091  48.493649  0.297962  4.576144       9.231562    838.717407    5.639256  6.698796  1.923317  113.424713
252  -2.837419  36.179321  39.664131  0.286596  4.777320       7.189977   1076.743774   95.575722  5.874502  3.704413  122.770309
253  -4.594000  47.489788  49.802399  0.298203  4.246596       7.954489   1109.352905  198.044983  7.085279  2.921104  131.064011
254  -3.998071  44.334023  42.380886  0.274938  4.860157       5.146128   1237.368530  109.424751  6.363188  2.072944   72.186607
255  -0.443347  38.102459  39.923126  0.261377  4.383996       5.875443   1713.532471  210.899689  6.113347  3.172357   86.365326
256  -4.531106  45.326973  49.086330  0.283093  4.150119       8.360657   1408.142456   79.355309  6.475548  3.404166   90.989319
257 -10.175352  42.248657  47.681980  0.283934  4.947810       6.823438    908.870239  208.065536  5.828238  2.946115  110.651123
258  -8.626036  36.068722  47.038494  0.275635  4.030638       8.723423    782.633179   33.968639  6.441766  3.968122  112.530304
259  -2.363567  39.609230  42.038017  0.265089  3.855633       7.637899   1219.747314  104.030495  5.246517  3.837073  109.370361
260  -0.926837  49.290279  39.050755  0.248265  4.943058       7.339606   1086.406372   88.181664  5.710777  2.924293   56.405411
261  -0.788100  36.531189  44.188370  0.287510  4.207414       5.822946   1869.111694  105.126137  5.100806  3.586750  115.553520
262  -1.341410  48.482716  44.621006  0.288095  4.604621       8.543836   1016.771118  131.600616  5.265561  2.935091   99.560059
263  -0.042060  43.584068  40.881634  0.266435  4.191359       9.010373    778.206116  137.000305  6.297099  2.677703   60.093182
264  -8.637469  49.453045  40.937634  0.287459  4.943355       7.427014    996.425537  244.508881  6.434457  3.606975   73.438667
265  -2.245058  49.605709  43.703129  0.264620  4.785164       8.294559   1180.285034  106.725822  5.185068  3.061609   54.702362
266  -4.243310  45.823822  41.844967  0.290628  4.939730       7.370221   1155.278320  180.085724  7.358814  2.951156   90.260422
267  -9.581797  36.315536  48.099953  0.279670  4.295195       8.316164    716.875793  118.671005  7.441047  3.678013  100.469093
268 -10.013005  43.338799  45.092762  0.291471  4.388182       6.599471   1105.350220   69.533852  6.585174  3.525542  119.782364
269  -2.007309  35.686531  28.855825  0.271905  4.193011       6.402320   1378.547363  154.327026  6.399327  3.757089   77.888367
270  -5.634388  33.791130  49.876205  0.271444  4.470441       7.226994    973.582886   14.302855  6.951424  2.725107  112.485878
271  -5.157937  43.829155  43.663696  0.288455  4.742935       6.069960   1040.139282  193.010574  6.223839  2.628582   92.293739
272  -6.668792  39.324207  49.827141  0.287710  4.177917       6.562820    859.395203   71.457375  5.130247  2.140089  124.095390
273  -3.777874  38.551483  45.509361  0.281037  4.332728       5.217643   1211.020508  153.188385  5.598242  3.734012  211.739090
274 -21.446157  45.497753  49.567394  0.283159  4.654298       5.447209    791.781799  157.667648  5.647954  2.658939   53.745224
275  -3.844180  47.631241  45.613842  0.291457  4.480206       6.033877   1664.141846  118.724480  5.228006  3.201826  127.354218
276  -1.345497  45.699276  43.149502  0.286305  4.570070       8.360217    790.952820  167.053925  7.588044  1.880061   98.059090
277  -3.943046  47.804310  46.604744  0.282020  4.896209       8.967943   1044.052002   39.744595  6.036651  3.583262   82.780296
278  -0.332253  43.344624  45.984375  0.291572  4.740427       6.919868    953.762024   25.987944  5.135739  2.475029  151.907791
279  -2.380771  46.228340  44.823341  0.278213  4.119130       9.615419    708.802551  192.728165  7.881721  2.781713   78.576111
280  -4.309910  42.674229  42.277073  0.298478  4.384146       5.350327   1902.687744  106.614723  6.915101  2.753622   56.429447
281  -2.670677  44.901222  46.092892  0.267454  4.881006       5.852957   1618.831909   14.302216  5.605307  2.655052   95.066574
282  -0.527690  42.373512  43.655693  0.262332  4.590648       5.553681   1347.082520  130.961090  5.915210  2.306801   91.566650
283  -3.359198  43.453564  46.908253  0.283702  4.924916       9.085194    880.824158  137.790558  5.851932  2.632468   86.630867
284  -2.396495  42.357704  35.489128  0.297796  4.308087       8.046891    842.822510   77.409523  6.753972  2.658244   62.664757
285 -10.870489  44.236946  36.811230  0.276181  4.890347       5.531098   1372.331055  119.074631  6.946249  3.384267   59.973183
286  -5.922488  35.635952  38.906689  0.297185  4.664186       5.156624   1163.399292  148.399139  6.242805  3.148262  128.329407
287  -4.512783  42.626156  46.696400  0.272359  3.991120       6.881859   1343.577881   75.933075  5.378077  2.732848   73.079575
288  -1.152056  39.155972  43.783287  0.260501  3.910044       7.309276   1608.111816  155.001419  7.637972  3.529075   58.232437
289  -0.328566  44.971127  46.984909  0.298457  4.668550       6.449907   1908.349365  126.147751  6.012549  3.353753  121.526131
290  -0.598806  40.974682  42.918941  0.249372  3.293542       9.422470    806.672119   58.855549  7.147548  3.564759   86.691902
291  -7.465351  44.345497  44.666153  0.279901  4.802178       5.384804   1081.541016  202.236923  7.082330  3.751949  196.207932
292  -2.706467  36.187996  48.331669  0.241902  4.565307       8.296159    809.441345   21.721136  6.996082  2.673618   72.489777
293  -2.050852  37.524509  40.206135  0.294099  4.149635       6.636563    957.805908  153.057648  6.653096  2.956838  156.231979
294  -5.341879  38.388557  48.156349  0.271970  4.572208       6.606692   1214.593140   85.837845  7.035056  3.321524  126.946068
295  -1.981740  41.952179  39.144562  0.273788  3.564202       8.408411    798.111084  105.676338  6.422857  3.719115   91.387589
296  -2.612235  47.712692  45.155300  0.295853  3.879338       8.780391    872.443298  206.053345  6.659508  3.059575  109.339012
297  -1.876039  49.492111  39.882786  0.277745  4.381504       5.659692   1624.841675  248.417542  6.466967  2.754838   62.027351
298  -4.980788  43.795174  45.734791  0.276511  4.670024       6.016633   1780.750122   47.220383  6.845148  3.745980   94.800606
299  -9.772707  38.508713  49.908443  0.228759  4.471382       6.071975   1589.366455   83.147118  5.195412  3.876057   74.385223
300  -2.210453  47.896542  42.628162  0.268798  4.484070       8.368364    715.716980   88.371048  5.472974  2.306381   94.549843
301  -0.031325  49.457687  49.043823  0.291796  4.291137       9.308491    969.015259   79.896896  7.125303  1.618928   54.516262
302  -2.027105  46.762920  40.393047  0.277919  4.919951       6.587722   1262.877563  239.385605  6.343057  3.369941   89.777824
303  -0.375016  40.767262  37.908207  0.299654  4.201883       5.182978   1816.215942  101.992508  5.855532  2.810919  113.196480
304  -1.207636  31.431656  46.835880  0.285275  3.247121       7.580163    916.294067   33.623489  7.697511  1.771276   88.925476
305  -0.567584  44.588531  44.814991  0.284596  4.153571       8.569164   1101.981201  124.349686  6.717282  3.285732  100.869278
306  -2.510484  49.878792  46.188873  0.287586  4.974046       7.214245   1343.179688  156.074692  5.751710  3.470712  161.306610
307  -0.706700  46.333698  44.483555  0.292495  4.325733       8.952474    904.548950  101.652107  6.974973  3.425810  141.150772
308  -1.542338  47.394001  42.240292  0.269723  4.196677       7.537620   1181.391479  196.267715  8.110359  2.699014   65.780487
309  -3.035480  39.125687  48.918434  0.251225  4.985669       6.784028    983.202209  185.223709  7.116449  2.428577   86.420471
310  -8.521313  48.212456  45.401814  0.290878  3.956495       7.530747   1190.619507  144.845047  6.500081  3.975477  111.816307
311  -3.730490  48.055302  43.554718  0.292159  4.499396       6.503629   1474.959717  199.381119  6.189700  3.051529   63.047596
312  -7.043791  44.284599  46.776703  0.268332  4.764018       5.479505   1452.458130  171.430573  6.792997  3.123006  116.825493
313  -6.591933  39.632187  49.571262  0.282654  4.558681       7.961527    842.723450  117.994743  6.037549  3.574843  173.251266
314  -8.063032  44.738487  48.941311  0.288207  4.476189       6.009673   1658.903076  206.560135  6.553876  3.505189  131.093506
315  -3.723866  43.743942  43.189922  0.274461  4.884402       6.983480   1017.400085   60.411797  6.348776  3.800449  144.753403
316  -2.402225  47.502079  48.776669  0.278138  3.515964      10.353071   1077.083252   95.641121  6.100777  3.415371   74.921761
317  -3.791997  49.184780  39.874191  0.298140  4.177862       6.647161   1343.468750  150.792908  5.984703  3.478968  116.695442
318  -4.375024  46.832001  47.668716  0.298136  3.866088       7.660765    982.165039  136.705765  5.507240  2.737196  134.083054
319  -5.557515  45.332783  41.191063  0.278653  3.849235       7.534278    943.952698   90.921158  6.887109  2.760221   56.221180
320  -4.760422  48.377842  40.275600  0.297782  4.672061       6.002997   1269.322388   87.136642  5.415265  2.810378   89.831383
321  -1.474935  45.807743  40.842628  0.287408  4.709475       6.414331   1658.352417  189.605774  7.366038  3.120411  108.409752
322  -1.047593  37.906776  46.044132  0.298091  4.144800       8.592741    752.476135  121.596428  5.383402  3.897130  193.353180
323  -3.646487  38.158478  43.243279  0.262319  4.344227       6.692466   1439.232666  147.782379  6.258207  3.040619   76.248497
324  -0.311299  45.357296  45.791431  0.289724  4.478556       7.412972   1172.144043   74.040558  6.646384  2.112063  106.937340
325  -3.158566  35.735703  43.641167  0.256108  4.411608       8.418059   1395.110596  101.479057  5.753852  3.890414   53.924095
326  -3.085428  49.022194  38.893597  0.290468  4.514141       6.973614    973.469116  167.297989  6.031949  2.458413   70.794495
327  -6.902732  45.803467  48.160492  0.285494  3.648061      10.064583    947.181274   53.305325  7.837859  3.878792   88.104576
328  -3.816618  44.620438  42.608089  0.283247  3.774682       8.399952    919.038086  237.016159  6.561471  3.001203   79.161125
329  -2.220247  48.256611  46.182827  0.288642  4.961707       7.112216   1433.068848   89.581360  5.153272  3.383901  104.177216
330  -2.312710  35.676323  48.029350  0.267935  4.289944       6.754784   1757.860474  165.067520  7.616587  3.279169   77.473656
331  -3.356685  47.240711  37.587292  0.284137  4.348797       7.447533    772.765564  132.162064  6.066957  3.363325  128.744919
332  -1.502029  40.995514  46.620007  0.276522  4.098893       6.278117   1891.267822  194.526077  8.117183  3.028454   55.668232
333  -4.509077  44.738678  47.494019  0.289792  4.305446       8.830379   1070.409546   35.320801  5.050215  3.615515   86.074554
334  -0.331889  44.506073  47.590515  0.276479  4.642755       8.140583   1192.163330  156.170059  6.874844  3.759735  133.911896
335  -0.871534  35.956078  48.926231  0.289612  4.481520       6.661992   1079.320801  212.731598  6.048141  3.637298  214.069534
336  -2.572981  48.285469  47.042694  0.294556  4.155561      10.027997    754.467468  115.587631  7.049318  2.669323   89.336761
337  -1.222500  41.952564  47.218056  0.286193  4.753348       8.212055   1176.781372  192.732117  6.970864  2.342712   63.624207
338  -4.765152  42.919189  48.370953  0.249874  4.708586       7.960811   1074.264282  230.594986  7.882135  3.663522   84.099716
339  -5.661973  43.746918  47.765957  0.292000  4.009400       6.282187   1316.774048   50.292007  5.819543  3.211568  144.539948
340  -4.821250  44.870060  46.532108  0.267286  4.950401       6.534954   1544.366333   16.622725  7.727078  3.044283   89.595779
341  -2.085778  43.597988  38.858612  0.272022  4.760440       6.521752   1120.511230  126.020523  6.683976  2.992216   93.577827
342  -0.563764  46.317947  47.924503  0.285905  4.834622       8.887202   1278.462280  210.102692  6.857586  3.660781  150.534714
343  -1.128592  46.771221  46.400436  0.287055  3.822498       8.666618    783.634277   78.653465  5.667971  1.990059   91.412323
344  -1.640463  49.406734  42.290386  0.273647  4.271544       7.090876   1551.799927  107.502930  8.162507  3.795142  120.362701
345  -2.835368  35.252037  42.767941  0.248405  4.956914       6.286519   1033.708740  235.906113  6.634557  3.817852  177.071869
346  -1.001357  34.492825  46.755772  0.287852  4.470724       6.145397   1222.713623   55.138454  6.850162  1.915504   79.635414
347 -12.706611  48.013802  47.800022  0.296015  4.410384       6.996902    849.225586   90.063080  5.110987  3.238210  119.391335
348  -6.194518  41.849773  47.824562  0.278235  3.798259       7.516626    891.710876  120.344879  6.851394  3.388886  155.012314
349  -5.049512  42.094387  49.841427  0.296543  4.655804       8.993370   1081.922485  169.482819  7.027936  3.358133  139.049728
350  -1.271146  43.389118  49.623863  0.284310  4.716851       9.779060    858.397583  225.750870  5.140778  3.068666  102.945503
351  -1.861004  47.213364  45.476559  0.274255  4.660174       8.907894   1290.005249  167.885834  5.189169  3.969122   75.314705
352  -3.143595  39.982685  48.167675  0.247139  4.658818       6.316898   1230.610352   90.994087  5.910263  3.561606  151.378372
353  -1.459201  36.455521  42.752529  0.246689  3.862287       6.015349   1631.995117   80.474136  5.999364  3.590637  106.527046
354  -0.182513  40.157009  33.045799  0.293537  4.414399       6.450603   1248.948853    0.779298  5.836134  2.651322  101.307381
355  -4.634676  48.194008  46.502800  0.298469  4.914133       8.362471    824.533020  175.566498  5.940322  3.045394  124.612610
356  -1.872124  44.077049  48.550125  0.296780  4.073120       6.975168   1640.220215  134.072922  6.148010  2.691014   80.918823
357  -5.393962  45.595333  43.650932  0.299436  4.916022       5.699252   1428.210571  163.453232  6.950610  2.233229   64.378845
358 -10.472343  36.160866  48.024815  0.274876  4.650144       6.531662    877.808899   56.927437  5.980598  2.898551   94.280464
359  -4.237958  43.416523  48.401318  0.289001  4.021799       5.915002   1216.932495   72.806000  5.950819  2.195509   74.465706
360  -3.899871  48.943569  48.829540  0.276121  4.591232       7.302504   1912.894775  159.714386  6.340884  3.604755   93.184235
361  -7.398480  46.391342  49.429058  0.299702  4.675692       5.397485   1440.586914  190.795013  6.459439  2.343715   89.049873
362  -0.943579  31.585585  48.022297  0.227734  4.901178      10.467052    746.965820  133.089600  6.232312  3.869168   68.042290
363  -0.551287  43.322849  45.357807  0.281946  4.893477       5.940787   1396.146240  168.669388  6.729267  2.116241   97.646965
364  -6.485643  29.954401  48.716599  0.274844  3.744001       6.471706   1803.918457    1.541563  6.002474  3.540347  121.992027
365  -6.752035  40.787205  48.352917  0.282987  3.665540       7.056675   1366.517090   23.533535  7.893143  3.168127   99.794670
366  -9.467133  40.725983  48.851521  0.298131  4.650552       6.434085   1147.402954   62.657276  6.587805  3.944541  194.393738
367  -4.307252  39.905640  46.534199  0.275231  2.678246       7.669571   1710.222046   39.795937  5.907763  3.612382   54.475075
368  -2.200500  39.849232  48.802525  0.252621  4.891966       8.170827   1045.637817  226.268661  7.514585  3.134402  108.830002
369  -2.689048  49.129208  43.945332  0.283884  4.800695       6.157354   1635.720459    5.784991  5.105004  3.167588   85.650162
370  -2.700520  38.944885  49.912785  0.295007  3.847980       5.871612   1427.066895   57.967102  8.210934  2.451521  121.657608
371  -1.786649  41.052967  45.751377  0.292090  3.207160       6.930424   1826.650635   74.502029  5.775519  3.055588   79.446739
372  -2.518764  41.893364  46.919254  0.284111  4.480669       7.781637    895.326721  128.787292  5.224891  2.343530  100.250381
373  -3.613163  36.933544  45.193825  0.263367  4.341718       5.666959   1309.866455  195.036957  7.049778  2.536444   63.764904
374  -2.973326  47.752880  47.039776  0.264431  4.955875       6.915544   1804.581299  238.335480  6.877444  2.936066   66.080666
375  -1.717530  43.283398  40.487701  0.276779  4.368210       7.728168   1296.939941  102.578995  7.182955  3.428511   88.996208
376  -1.749814  41.832981  44.521614  0.278034  4.415852       6.329936   1295.355225  174.182098  7.487285  2.437592   73.120941
377  -4.334372  46.868404  45.148586  0.297880  4.322277       6.799615   1605.485840  137.089890  5.897389  2.889739   88.856789
378  -7.060929  44.161266  47.101471  0.291663  4.133139       6.790698    913.463684  130.951691  5.866318  3.029700  160.850708
379  -1.301036  39.790325  48.593803  0.287299  4.463852       7.264764   1076.559692   98.799667  6.568637  2.910675  168.098175
380  -3.107619  45.822414  47.990986  0.279108  4.594646       8.353258   1379.080078  102.377670  6.546018  3.519459   97.905899
381  -9.818523  41.148666  48.087208  0.297477  4.759329       6.983842    768.768982  141.356033  6.315737  2.054783   58.878979
382  -2.501541  48.395851  37.931206  0.294627  4.329790       8.112672    782.915161  134.615524  6.995688  2.182376   65.156975
383  -4.333937  39.470081  49.961834  0.273586  3.728319       8.734262    840.283997   55.718052  6.680502  3.389656   96.711174
384  -8.593739  42.153519  47.972958  0.271738  4.804004       5.955207   1264.134521   73.259575  6.597339  3.734118  154.663101
385  -4.220387  36.205132  43.262817  0.261284  4.609438       5.916058   1779.000122   91.527008  6.323605  3.474699  107.280830
386  -8.634701  42.812889  46.051983  0.268568  4.780873       5.697446   1147.961548  157.089081  7.033430  2.729923   94.228600
387  -0.387354  41.901062  46.129612  0.266264  4.217875       8.107765   1397.997070   87.461441  5.957650  3.962262   93.067177
388 -12.693247  44.331379  45.997093  0.292126  4.481077       5.645782   1046.921875   20.108141  5.896730  2.654127   99.620331
389  -2.333210  42.796955  48.670029  0.288208  4.389530       7.560401   1156.075317  234.150848  5.877573  3.176950  114.624870
390  -1.784850  46.605289  43.579964  0.285492  3.885705      10.752283    895.458252   49.663029  5.855653  3.635420   52.159092
391  -0.265957  39.569805  47.892834  0.291405  4.263647       5.777234   1062.517456  140.739883  7.952939  1.900892  170.138382
392  -4.528052  39.126873  40.415169  0.293311  4.629852       7.074921    981.626099  123.421432  6.242487  3.229163  133.703522
393  -0.804092  32.958950  44.562550  0.275333  3.185350       7.424914   1251.291260   67.891907  6.484665  2.443788   54.172970
394  -2.349505  45.080849  46.992218  0.225227  4.980581       9.867570    732.464050  112.492737  5.679739  3.523889   78.157349
395  -1.360371  35.478233  48.401669  0.275863  4.883216       6.594216   1403.217773   87.362511  6.317731  3.253754  108.548958
396 -11.877391  43.327251  43.475872  0.273454  4.343673       5.816556   1282.781738  139.872208  5.537279  3.387075   73.469383
397 -12.456792  47.443085  45.883938  0.286186  4.296609       5.735787   1313.519531  231.932281  7.186961  3.705623  100.344345
398 -10.231776  37.239025  49.961105  0.276446  3.734934       6.631934   1083.096924   64.532669  6.982154  3.586010  149.560150
399  -2.117285  44.819946  41.401962  0.284198  4.291049       7.691957   1451.700684  100.708466  6.664101  3.431311   80.156006
400  -7.166428  45.437099  46.329655  0.270344  4.602605       7.003335   1229.677734  136.448944  5.410291  3.083892   50.340443
401  -1.714993  47.773445  48.965111  0.280895  4.295613       6.488170   1234.465820    3.387347  6.169275  1.794056   74.373566
402  -4.846083  45.340675  39.482376  0.281643  3.990956       6.061389   1497.255371   58.446835  6.581258  3.642098   88.890274
403  -1.846476  46.311230  44.517498  0.297638  3.892843       6.402939   1805.544922  170.238098  6.128956  3.133515  130.914749
404  -8.988029  39.177551  39.306019  0.286971  3.599285       6.190539   1158.525024   81.802429  5.709608  3.795533   76.926826
405  -0.335557  39.190971  49.973099  0.275607  4.548341       7.462656   1115.264160   25.699726  7.634765  2.068813  102.908852
406  -2.230475  33.538639  48.077797  0.291631  4.872252       6.653561   1227.221802   82.496758  5.768439  2.363320   80.749718
407  -3.170394  42.816013  45.261288  0.293323  4.158319       8.776032    871.969116  186.172043  7.862132  3.279249  147.086060
408  -0.972904  43.331028  41.926144  0.267596  4.893618       6.072690   1354.994019  132.177673  7.497505  3.615914  156.372116
409  -1.534128  41.254913  48.121056  0.252967  4.006946      10.407932    847.055237  118.719719  6.504744  3.296445   60.936970
410  -5.070603  40.350536  41.917530  0.270909  4.963967       5.147097   1043.820068   13.794015  6.281612  1.916909   74.952888
411  -5.971761  48.530727  46.155239  0.281173  4.934792       7.685229   1544.461548  208.041229  5.781537  3.448308   60.105267
412  -3.099647  37.543312  41.849545  0.272779  4.871010       6.838254   1180.282349  153.592316  6.729464  2.844174   74.994507
413  -5.535743  48.806282  47.926865  0.273626  4.786824       9.035308    831.186890  189.520279  6.585116  3.598711  136.763580
414  -4.368245  47.497223  42.167072  0.292977  3.871152       6.827027   1083.371094  122.797989  6.092473  2.698030   93.016525
415  -6.484592  43.464634  45.919033  0.281170  3.462038       7.491689   1143.358887  155.869537  5.488566  3.481140   77.294472
416  -7.275537  44.409988  43.447380  0.296132  4.813290       6.097500    963.253113  139.497055  5.540594  2.940541  148.125839
417  -2.189786  48.579128  38.413765  0.293584  4.413855       7.256720    852.434448  195.647186  6.803963  2.156143   69.872192
418  -6.434180  44.037922  46.782658  0.279876  4.671149       7.205455    862.684448  224.287827  7.270434  2.410191  101.273911
419  -7.123796  40.039574  47.698608  0.287891  4.740683       7.127974    752.580750  239.972870  6.821197  1.923657   66.707100
420  -3.359920  46.882408  42.051075  0.298724  4.485745       6.315531   1348.497070  192.429001  5.633971  2.499212   88.119698
421  -8.754049  37.969799  46.951153  0.293540  4.361165       7.802866    810.772705  153.468109  6.368626  3.147645  110.510780
422  -0.089378  42.687382  46.541458  0.281350  4.064979       7.696607   1343.036011  123.516914  5.043281  3.433055  125.235909
423  -0.284432  33.560413  39.373909  0.265806  4.219164       7.208419   1318.477783  151.338486  9.282498  2.605943   58.545704
424  -4.085272  33.937279  44.199699  0.280170  4.094264       8.448874    951.719971  156.811050  6.726631  3.228389   71.786079
425  -1.888764  39.115891  44.703857  0.279084  4.805295       7.147812    754.661560  236.989609  7.540525  2.856662  191.275558
426  -3.387281  48.317905  48.459984  0.288932  4.165582       5.983566   1500.606812  123.148094  6.400450  2.396630   71.718636
427  -6.455859  43.390217  49.477947  0.289795  4.662075       5.775208   1556.991089  224.328751  6.933042  3.242522  134.031860
428  -0.387081  43.949360  41.807022  0.289574  4.705349       7.828194   1154.801636   77.163773  6.774144  2.951233   91.032745
429  -5.116970  47.282524  44.021076  0.287856  3.731178       5.666813   1881.711182   90.705765  6.614744  3.270664   69.567749
430  -1.213733  44.919876  43.945068  0.258311  4.172552       8.428798    981.359802   73.637863  5.465049  3.066725   85.997490
431  -0.162497  44.642906  44.634136  0.289426  4.808822       8.744292    929.827148   99.681084  6.418845  3.368428  177.035507
432  -8.346782  46.356667  46.627216  0.290884  4.765983       7.515991   1152.261841   47.718651  6.711218  3.143189   85.513153
433  -6.996049  47.697449  39.907234  0.283114  4.739146       5.055732   1088.447876   93.426422  6.411813  3.152692  137.613892
434  -2.481717  43.563412  49.622200  0.273822  4.930513       8.494290   1023.150146  122.635590  6.198222  3.967859  151.826126
435  -1.336022  41.965248  46.435242  0.287205  4.913240       6.427890   1058.198730   57.106312  7.058448  1.553625   80.188126
436  -1.078672  43.385029  42.568649  0.270286  4.661002       8.579327    722.370178  163.520370  7.115016  2.653770  126.511803
437  -0.742924  39.559471  42.067417  0.277186  4.792129       7.071717   1721.196899  134.122391  7.085382  3.975184  132.856415
438  -6.200983  44.314156  46.145824  0.294125  4.804883       6.960200   1486.513672  175.711502  5.754367  3.661313  132.135086
439  -4.611478  39.782200  49.306328  0.275862  4.674920       5.829622   1089.730469   90.142555  6.805176  2.666180  138.330734
440  -1.647523  46.331116  45.653942  0.281718  4.220287       9.313690    917.381042  142.059998  6.139827  3.232046  119.417206
441 -16.923903  41.926395  43.271561  0.289512  4.552989       5.468783    747.044556  145.128494  7.274046  3.608391  158.396561
442  -5.793480  42.814682  49.785892  0.278150  4.910439       7.173126   1688.239380   84.583473  6.043877  3.104005   75.835480
443  -0.355278  45.234940  37.975334  0.270351  4.039187       6.191700   1966.077271   65.882820  5.439528  3.946708  107.329300
444  -1.558921  47.245026  38.924305  0.293043  4.717915       5.417680   1563.257568  127.434654  6.233177  3.602705  130.079803
445  -6.254213  47.397701  49.337715  0.288114  4.337140       5.886250   1696.524780  195.064972  5.345398  3.765525  164.097946
446  -8.166915  42.149109  46.808788  0.282200  3.101910       6.353587   1820.116333   34.314362  8.334150  3.722519   65.728798
447 -14.992185  43.866913  45.921368  0.281672  4.280459       6.108715   1060.776123    4.973248  5.827731  3.433273   84.248825
448  -5.447156  39.205151  47.956955  0.275685  3.437842       8.648166    850.046692  111.278214  5.888388  3.160464  109.320534
449  -1.158512  39.326569  48.919994  0.299379  4.460356       8.101278   1367.313354  121.342522  7.748560  3.541431  186.874771
450  -2.284549  43.242218  45.751385  0.285784  4.120090       8.014532   1355.230347  142.345184  7.991657  2.764167   63.913891
451  -3.157222  41.537067  49.453281  0.283899  4.852788       7.565393   1232.619995  177.917862  6.034947  3.928709  169.854080
452  -2.403511  39.312016  43.363853  0.235741  4.927038       8.946307    700.432007  185.662659  6.130805  3.106025   75.066818
453  -2.268704  35.610756  44.989334  0.264269  4.331101       8.810088   1250.357910   31.358902  6.309030  3.812155   62.149315
454 -10.688212  40.940647  49.847805  0.224460  4.843114       8.214832    759.071594  186.906647  6.692883  3.675548   69.388039
455  -3.714342  37.284763  48.009514  0.262211  4.803442       7.549982   1255.840454  146.839203  5.566804  3.508312  119.415810
456  -8.388940  44.926319  48.105644  0.298918  4.796428       7.010439   1046.940186  164.704742  8.073576  3.010146  105.992119
457  -1.993469  47.678997  49.035084  0.298728  3.234349       8.383364   1711.602173   54.617020  7.344480  2.724679   55.444954
458  -0.174036  45.592426  46.423607  0.268353  3.490259       8.541506   1520.248169   66.620789  5.445206  3.839734  103.854248
459  -1.721882  45.450661  47.044804  0.280035  4.537842       7.023538   1701.452881  236.177383  7.294486  2.972667   59.896858
460  -5.810444  43.664097  46.169579  0.292964  4.472568       9.173665    917.264832  201.994537  7.894195  3.795826  104.742851
461  -3.251353  32.502373  46.961544  0.237802  3.295936       7.401318   1178.473267   46.275581  5.629082  3.388112   69.310089
462  -5.741523  45.989174  47.483166  0.250250  4.907275       6.892696   1832.022217  162.870682  6.398547  3.583672   53.872128
463  -0.308796  38.591953  48.649738  0.273203  4.619067       6.396441   1179.932129  107.971756  6.302660  3.375811  192.957397
464  -0.073502  43.061974  45.703747  0.249453  4.928366       7.294263   1509.195923   40.637444  6.348443  3.831292  115.856453
465  -6.556888  39.536469  41.057629  0.277571  4.788229       8.286074    790.940979  103.186440  5.293270  3.960566  122.629135
466  -8.228810  47.290966  44.757370  0.292045  4.908826       6.926047    876.480103   83.147179  6.056413  2.344790   85.443832
467  -3.256525  43.042988  49.548725  0.280571  4.259926      10.181535    817.662598   66.839767  6.704519  3.459899  119.449707
468  -1.898735  38.023521  48.296974  0.298148  4.396258       7.535616    715.186340   73.393356  8.275986  3.028829  234.649338
469  -7.258869  47.347637  46.758377  0.266854  4.502602       9.092714    947.429871  214.938965  5.980958  3.805028   80.762039
470  -8.751785  49.363605  46.887642  0.287011  4.490361       6.544288   1396.083008  202.863571  6.137246  3.143157   71.561607
471  -3.312226  45.524391  48.043598  0.287460  4.772243       6.697833   1400.281738  165.290573  6.705263  1.946086   55.366703
472  -0.442289  39.296101  46.662178  0.282182  4.185635       5.276205   1888.494019  135.990067  6.581934  3.194750  110.280769
473  -0.346858  47.858963  43.539051  0.267964  4.990701       6.803888   1407.073242  158.268967  6.187013  3.351524  144.423019
474  -2.871039  47.787750  45.980423  0.279898  4.947824       9.335477    808.852844  183.831970  6.908263  3.732562  114.521332
475  -3.488415  44.977940  41.309753  0.285192  4.177826       6.421329   1246.078125  205.385101  6.220061  3.476480  135.637787
476  -4.552516  42.587704  47.504658  0.286154  4.423146       7.514413   1847.451660  114.416534  6.650159  3.620676   64.750534
477  -0.069247  45.259499  39.645557  0.256185  4.949966       7.325378   1057.070679  129.072433  6.306375  3.131905   87.384979
478  -8.582475  31.210497  44.691383  0.259052  4.693846       5.910053   1238.459106   24.116899  7.503016  3.600714  119.159195
479  -2.866108  45.292240  47.994926  0.297713  4.611711       6.196489   1719.147339   81.926323  5.194958  3.854147  200.882996
480  -0.011184  47.326820  41.104324  0.292620  4.926923       6.513498   1273.116699   73.003891  6.436491  2.201556   96.273972
481  -3.883300  49.641048  47.230667  0.298650  4.054360       7.421912   1657.193604  191.553268  6.569531  3.648082  133.656326
482  -6.160630  48.553089  48.962280  0.293350  3.811894       8.115614   1371.629150   95.106415  5.503683  3.379097   71.126549
483  -0.798520  42.408527  45.145401  0.291553  4.156125       8.511288   1264.405151   81.401154  8.455974  3.128625  132.758621
484  -0.234289  41.774597  40.518486  0.269881  4.703236       8.447354   1249.755981   34.634937  6.965657  2.994667   76.261559
485  -3.589827  46.291023  46.931980  0.285628  4.132424       7.066365   1704.432495  247.770477  6.267448  3.606072   91.744576
486  -4.072639  43.649261  46.202789  0.281557  4.251194       7.856701    978.969482  145.464890  5.667065  2.853292   89.793129
487  -5.759488  43.239708  47.385220  0.251609  4.233433       7.853853   1071.987061  216.483383  6.123103  3.834524   83.542465
488  -2.609058  36.698101  45.640926  0.297018  4.751622       8.075676    862.758545  121.269165  8.137389  2.211087  102.612137
489  -3.265194  39.285751  42.310131  0.276923  4.258559       7.168514   1485.594727  125.859802  5.569094  3.745702   96.000610
490  -0.063685  43.698643  48.501556  0.265974  4.578902       7.147178   1332.942139  107.318283  5.825940  3.141188  142.070312
491  -1.751042  40.381798  39.526798  0.288050  4.658976       7.134369    849.984985  128.261597  6.982618  1.891443   87.614578
492  -3.110576  36.015171  40.596218  0.295495  4.715513       5.787823   1326.449341   35.983269  7.237485  2.908621  161.571274
493  -0.884669  32.290451  40.610363  0.248580  3.891594       7.747159    778.518311   36.656044  5.156610  2.619563  110.428070
494  -1.594165  42.288876  33.423836  0.288849  4.727370       7.417073    799.525513  185.824966  6.545059  2.805145  127.118492
495 -10.717980  42.275944  43.771530  0.252362  4.962422       6.916789   1112.348022  107.714828  5.867587  3.924369   74.466408
496  -0.107033  42.562939  42.406857  0.299692  4.365033       7.227983    884.930054  135.086151  7.952184  2.944036  189.847107
497  -1.576193  43.174358  48.555065  0.299092  4.546102       7.949981   1013.588318  133.595154  7.177310  2.182484  117.412224
498  -2.587984  44.753731  42.635490  0.245896  4.544940       7.214925   1127.705322  165.231644  6.146762  3.245090   77.862122
499  -1.626197  49.977814  47.051769  0.285186  4.614006       6.705159   1654.140991  100.608452  5.915702  3.274595  128.980896
500  -6.453541  28.248833  40.521385  0.242969  4.329066       6.623451    907.993103  106.613403  7.362787  3.337165  120.672142
501  -6.442132  42.430668  42.333755  0.271723  4.602920       7.141696   1294.417847   98.795235  7.016236  3.188823   65.648041
502  -2.366920  43.354538  41.153503  0.297197  4.409631       6.627344   1123.937744   56.310318  6.151408  2.878492  116.117363
503  -2.479266  45.095448  49.435364  0.272708  4.266693       8.260598   1153.982178  152.451782  5.478198  3.182783  114.431503
504  -2.127900  40.008305  43.993481  0.255103  4.754960       8.765667    711.919006  121.739944  6.099115  3.413074  121.849014
505  -3.369246  40.055672  47.552662  0.287793  4.149814       7.891322    826.138000  198.402374  6.333755  3.154124  178.171600
506  -1.956396  44.355858  47.477997  0.291708  3.906040       8.027056   1456.679443  166.719360  5.958491  3.752254  126.565117
507  -0.707072  44.369896  49.730396  0.264391  4.585314       9.030899   1084.576294  101.105919  5.764122  3.148099   99.528481
508  -4.690561  41.164574  48.304302  0.288331  3.810741       6.531576   1775.920532   10.774357  6.433102  2.864543   77.406685
509  -7.330884  42.020687  46.453011  0.295162  3.650275       5.813853   1379.272705  137.373611  7.546149  3.196306  135.778519
510  -3.833704  35.682133  43.681103  0.274291  3.556075       5.954380   1504.323730   67.950485  5.517769  3.011226   58.147991
511  -2.787738  38.878941  35.973721  0.267022  4.105265       8.206483    720.354126   30.245499  6.929288  3.976873  142.264374