           lon        lat        inc      D1AU     delta  launch radius  launch speed    t factor       B1AU     gamma         vsw
0    27.942940  30.380318  24.618015  0.231864  4.600525       5.215821   1029.498047  167.540558   7.004224  0.870989  253.982574
1    28.387074  37.651318  33.137123  0.241321  4.272050      10.838720   1406.199463  195.091553   6.751130  2.906367  178.231903
2    44.078899  -0.904817  23.254705  0.225894  4.937662      11.119377    842.973328   39.106716   5.810713  2.849746  257.741608
3    17.308916   7.117548  22.180611  0.187172  2.571949       7.356050    917.758789   80.882065   6.931760  3.651869  350.250519
4    37.080975  27.714710  43.498222  0.259814  4.337406       7.711977   1807.809448   77.678268   8.167718  3.455074  480.691742
5    27.024748  30.653221  35.661808  0.227975  2.897378       7.658925    920.227722  166.906128  10.955400  2.028067  343.061279
6    32.906292  32.738426  26.472940  0.242379  2.859085       8.681338   1094.347412   46.922226   9.244627  1.972944  331.157379
7    28.792997  38.979362  39.207024  0.156040  3.373175      12.931738   1321.646240  108.211243   9.681118  2.583673   71.498985
8    30.849356  27.218451   7.471587  0.256011  3.180301       8.553937    776.114746  177.219727   7.612359  2.293470  365.731140
9    27.015949  32.279232  18.694504  0.224143  4.049588      10.994510    868.027527  120.769081   7.213369  3.065571  246.798828
10   46.784225  16.834747  20.511927  0.261349  2.011286      12.160406   1999.092651  174.895935   8.086286  3.285101  180.773849
11   38.157188   3.900095  26.713114  0.210225  3.262264      10.373326   1165.563599   20.775583   7.145567  3.184608  172.195496
12   28.047470   8.936247  32.338364  0.267276  4.507337       8.160984    800.849060   81.255661   9.170028  3.732559  477.476135
13   49.971462  10.905585  27.047867  0.171118  2.559927      10.203810   1473.404419   23.942415   6.617414  3.054245  281.463165
14   38.195663  13.635455  32.782936  0.230210  4.210076       7.757892   1423.179810   18.466286   7.001609  1.361950  114.583557
15   34.883095  20.167555  48.534447  0.264421  3.219496       7.643392   1463.975342   72.357552   8.050115  3.312709  327.927704
16   13.577032  26.309134  14.893123  0.246346  4.466185       7.341679    888.328247  139.471451   6.942810  2.570512  329.177887
17   24.136908  34.170471  43.346169  0.244191  2.524524       6.528681   1281.984985   71.098358   8.343855  0.724966  120.031189
18   47.324490  43.373569  35.211277  0.229615  2.153413      13.596406   1056.642944  111.748688   6.900385  1.218566  548.097534
19   40.910717   3.753511  30.356462  0.170241  2.914619       9.244174   1585.500977   62.489067   6.799331  3.896290  222.026306
20   35.300308  17.944721  20.787064  0.299964  1.506392       7.330013   1720.660522  136.272827   7.235066  3.653898  505.607269
21   23.103861  34.236790  40.738354  0.279124  4.875071       6.858377   1759.861694  135.805740   6.035803  3.569069  349.646606
22   33.967194  12.137296  12.753026  0.292672  4.136406       9.633504    788.471680  201.319305   7.770809  1.157569  269.117859
23   28.125237  38.247231  35.147148  0.183936  2.461995      10.513845   1367.172485   54.801708   6.113967  2.286977  237.419006
24   35.388512  37.352356  16.612143  0.252421  3.192869       5.161418   1911.581543   99.076492   5.298125  1.792836  353.528656
25   28.536123  22.548201  32.580551  0.192016  2.110666       9.645480    907.757690  116.920700   6.372257  3.469777  182.446762
26   43.452835  38.006119  32.239544  0.267874  4.918379      10.902414   1067.386719   63.891720   6.805048  1.349676  587.743408
27   47.576622  19.944307   6.496810  0.264973  3.094187      10.772512    975.116455  139.846527   9.349238  0.800980  184.103958
28   40.518520  45.768063  43.440941  0.279748  3.307655       9.816567   1201.260376   68.629753   7.058272  2.482941  672.768555
29   40.099586  42.198849  19.567089  0.270841  3.836414       6.495524   1381.464355  144.761017   5.686089  1.585967  663.843079
30   40.850208  33.927502   6.051710  0.287456  3.226695       5.496727   1610.814941  216.227051   7.051364  1.796919  447.216766
31   38.679039  14.895446   3.120466  0.287041  2.738292       7.671788    808.866150  164.677338   8.234196  0.592683  423.338470
32   30.434998  -7.008645  17.785770  0.232935  3.245452       5.641379   1706.524780   36.769478   5.980394  2.561143  256.222748
33   28.615664  41.336437  27.306938  0.290437  2.430191       7.667750   1098.866699  214.234146   5.836219  2.522889  542.333801
34   29.029194  48.621910  23.848478  0.228771  3.995056       8.068504   1352.764526  200.439957   5.864917  1.584918  363.821075
35   20.335823   5.522173  46.464840  0.230123  3.702161       5.667925    714.414246   96.190239   6.674133  1.949496  430.483795
36   39.564156   5.219813  36.262531  0.240892  3.875131      10.191641    977.898438   44.274185   7.320757  3.735223  177.792877
37    5.940945  34.504307  48.855793  0.235891  2.723580       8.729903   1251.221069  135.210510   8.897209  3.992899  241.016891
38   39.658844  29.736696  20.987238  0.291732  3.524801       9.793710   1413.577759  169.813232   7.666965  1.151971  244.384979
39   38.792938  25.232700  12.626210  0.209594  3.574872       8.633541   1862.223267  110.417641   8.997697  3.725955  341.385803
40   33.641338  36.649887  23.502100  0.242483  2.671362       7.663147   1526.436035  153.003922   6.799359  1.053524  222.348251
41   24.175447  45.811916  44.645237  0.181373  3.728221       8.516973   1575.180542  109.933434   7.099154  3.741585  422.914917
42   34.225170  33.934494   7.195874  0.290512  1.928974       8.386339    783.825989   97.095665   8.855105  2.573895  470.210754
43   24.856462  41.851669  25.366314  0.267915  3.073406       6.906297   1375.890015  192.425323   7.953765  1.956804  365.527283
44   39.970081  27.105600  33.821762  0.252012  4.515417       6.179214   1291.363647   86.836876   7.578798  0.899398  285.967133
45   36.571194  35.620422  29.225130  0.280648  2.687981       7.343124   1876.146729  141.811340   7.531309  3.544836  482.063782
46   31.768801  28.347666  21.250101  0.246929  3.036231       8.399666   1631.750977  118.343666   6.843656  3.253584  206.850662
47   26.721043  -9.954112  29.995541  0.213132  2.601905       7.426065   1425.931396  103.774567   7.797544  3.865410  187.271790
48   29.964285  22.555552  33.053604  0.138791  3.729260       9.805919   1608.835693   23.149260   8.691177  3.745927  101.066765
49   32.381157  48.792820  40.291924  0.227848  4.005523      11.217714   1319.392822   68.212387   6.030550  1.828368  430.501099
50   27.665751  -0.176404  18.282846  0.207407  3.406103       7.268896   1161.821167  191.072693   9.229551  3.797949  198.310501
51   15.200506  47.132092  37.036560  0.245965  4.778200       6.876437    874.817993  113.439522   5.147175  2.968801  482.878296
52   27.759050 -17.161818   8.443092  0.262612  4.378024       6.040036   1230.682861   77.563194   7.105918  1.819599  218.482544
53   35.456932  33.552711  28.086523  0.288700  3.646826       7.875000   1378.312866  245.354523   7.008701  1.401892  390.993164
54   32.132431  42.555820  42.916870  0.215564  2.971080       6.106970   1910.307129  106.364983   6.377623  1.035640  174.618011
55   30.256945  41.849102  41.436653  0.268127  4.858945       9.427267   1606.995117  212.522583   6.163042  3.229681  360.376617
56   10.449984  37.856556  36.328026  0.295573  4.970821       8.833578    706.888062   72.105011   8.262732  0.716791  373.990875
57   20.803040  18.814501  36.789837  0.233756  4.090914       5.951304   1918.506958  106.165138   5.939594  3.804302  314.676727
58   48.133747  18.179005  15.932532  0.216381  2.574134       6.319722   1904.932495  223.145737   8.045290  1.400808  293.868713
59   33.446037  32.941280  27.813604  0.274442  2.626219       5.330244   1748.995972  101.324387   6.450089  1.168082  289.196686
60   36.276577  26.276360  29.108030  0.278348  3.226317       6.601516   1810.007690  103.177193   5.750423  3.751565  556.087036
61   32.687916  29.708851  28.617300  0.179135  3.012183      12.299929   1074.822998   64.865746   9.110318  3.086433  184.954956
62   38.068745  31.803244  23.839596  0.245297  2.031561       5.058384   1343.352417    2.291398   7.424750  2.918195  597.832092
63    9.082008  45.291718  31.739658  0.278186  3.710518       7.459302    910.273804  129.173264   5.757514  2.395063  264.083771
64   27.548220  33.376923  36.477951  0.211427  1.905651       6.000430   1396.647583  153.795563   5.910734  1.578433  226.363632
65   43.656731  37.024517  36.022530  0.230057  3.778396      13.763886    814.982483   63.337147   6.582156  0.567210  201.437531
66   29.475048  36.044270  43.204605  0.195333  3.444869       8.358092   1286.656494  182.128647   7.012841  1.547281  310.594208
67   43.840675  21.039978  23.889688  0.255481  4.527417      11.619761    920.557861  166.662384   5.688578  0.926793  168.079483
68   31.329340   8.793321  32.792309  0.245680  3.358649       5.029224   1031.257935   69.135651   5.999184  2.437919  390.396362
69   15.475681  38.946621  22.210728  0.291401  4.387858       9.717416    757.304810   13.669264   7.490480  3.086162  187.423752
70   20.886547  15.653470  28.836489  0.287672  4.394378       5.182297   1106.237305   40.997841   6.113261  2.136547  553.867249
71   25.864536  19.181705  34.983685  0.206121  1.833262      10.272155    804.303650  100.432289   6.473019  3.833423  159.236130
72   30.365234  31.784056  35.753632  0.275338  2.600962       7.951803   1357.903564   85.282089   5.460270  3.147325  385.230133
73   45.323845   0.757280   9.650879  0.248801  2.849601      10.319519   1226.274902   66.382690   6.572262  3.048533  411.843750
74   38.941158  34.586296  27.074459  0.263938  3.100013      10.893257   1047.998413    6.150766   6.351330  0.998212  396.430298
75   37.937866  18.780403  39.156895  0.182652  3.067134      10.724159   1183.405029   91.452026   5.358325  2.749142  198.468842
76   22.550856  46.372589  32.258419  0.295831  4.630599       6.069687   1985.590210  165.518082   7.077743  3.447549  502.020203
77   12.571617  41.739246  41.607883  0.278557  3.369339       5.408439   1421.908813   51.000427   5.938644  3.078497  484.031036
78   29.445747  33.038204  48.386116  0.238555  2.276173       9.971983   1017.996460   14.237502   8.127075  1.414202  186.996201
79   23.713257   5.419588  14.375222  0.243740  3.388142       7.826240   1325.473633  234.989990   6.902714  3.026374  205.393692
80   43.289585  32.765171  17.420647  0.283667  3.779104       9.769562    977.755859  107.236214   6.481329  1.022801  628.950745
81   32.370853  35.493526  32.975136  0.249512  3.058806      10.317206   1433.559204   57.469383   8.771260  2.519094  274.713654
82   46.798443  28.588713   3.218469  0.248530  3.732830      10.168208   1102.181030  132.083969   5.159629  1.571058  416.270020
83   27.205153  45.084354  43.813519  0.233364  3.299104       7.263189   1735.419312   93.672104   5.868196  3.679200  535.068420
84   40.218544  -8.244362  10.091483  0.253091  3.750218       8.762715   1109.168213  241.344025   8.207380  2.018853  283.229553
85   39.107937  25.159933  28.616747  0.222562  3.613070       9.235386    906.795776   92.442055   6.704414  2.886593  430.477539
86   28.677542  32.850849  25.679337  0.256847  3.968359       9.660369    751.718018  160.387253   8.504888  3.359251  618.470947
87   47.945324  22.823046  38.292362  0.173042  4.694356      11.699596   1366.578491  121.543282   5.709260  2.969812  189.856750
88   41.084648  37.195568  32.071697  0.274006  1.076068      12.327472   1058.949219   87.230789   6.070140  1.738120  410.284363
89   41.176983  20.587595  18.491232  0.244414  2.472157       8.128255   1416.287476  139.277191   6.898140  2.716516  386.462646
90   36.893578  22.408817  31.395512  0.260921  3.776969      10.934443   1013.703369   29.216366   6.555836  1.156665  145.893921
91   44.823154  30.416340  39.912228  0.259973  3.962651      11.953419    904.598389    7.222751   5.255721  1.442236  402.657410
92   38.009975  31.502815  25.984596  0.235937  2.519376       9.878764   1343.727905   62.705811   7.791249  3.234421  338.434082
93   29.712025  41.696281   1.853275  0.288871  3.472875       7.149588    798.049133  160.073822   6.382154  0.712082  208.064102
94   31.852610  34.005657  28.040773  0.249167  3.269233       6.176892   1757.627319  134.742004   5.038772  1.455362  301.803162
95   40.380672  32.734661  27.277416  0.201621  3.467482       9.332114   1318.719116  169.476883   8.492088  3.398207  482.186127
96   24.336212   2.645258  14.227025  0.157555  1.202143       9.615987    971.276184   46.509598   6.761975  3.802785  186.171539
97   22.747547  34.211960  47.214783  0.256959  1.912458       8.016763    987.168396   21.786644   6.545511  2.370772  409.048035
98   18.465271  40.029560  35.164978  0.224985  3.999342       9.527240    906.594177  118.359642   5.593979  2.414179  286.806396
99   40.587856  -2.892782  21.508444  0.256223  4.164750       7.396337   1116.029907  226.046585   5.787754  1.237567  240.611511
100  32.982136  11.968969  43.112267  0.239079  3.754296      10.618506    806.900085  157.275391   8.059277  3.249383  155.197021
101  29.925783  24.148333  23.241722  0.290821  1.475942       5.856251   1146.088135   89.079361   8.175416  2.447758  581.959473
102  39.122944  33.493340  23.112103  0.272345  4.798327       5.921501   1483.619629   13.314595   7.569829  3.963211  655.225098
103  33.232876  48.273083  26.669018  0.263247  4.338723      10.183589   1272.468872   91.033707   5.678327  2.181821  446.333008
104  35.599339  39.270786  32.479374  0.281962  3.181381      11.726971   1025.513306  170.797195   7.284218  1.540465  548.892212
105  28.812849   2.486957   6.788171  0.292712  3.558159       5.290476    999.785156  144.946762   7.748956  1.724326  252.887604
106   9.882923  41.253803  39.132824  0.240966  4.534458       7.868194    765.116089   82.865150   6.507459  1.567853  371.065369
107  26.558626  35.117867  31.344156  0.257537  1.904079       7.333261   1463.856934   81.731049   5.988636  1.451762  307.667328
108  12.072945  35.339809  32.969009  0.196594  3.688217       7.183373   1588.953613  101.963737   7.256220  3.785499  252.529984
109  28.622162  38.246243  22.897169  0.251729  4.024752       7.433407    973.178040  246.254440   6.056370  3.926093  439.207123
110  26.493420  41.814957  19.130318  0.229193  3.970327       7.599549   1000.863159  147.729935   8.340410  0.699095   87.343636
111  48.779972  11.930483  10.337281  0.207709  2.987383       7.750150   1772.585205   87.609695   6.837766  3.220577  531.406250
112  19.153099  30.390406  42.973076  0.220505  3.130928       9.715684    844.793762  124.138245   7.014500  3.252727  328.437500
113  30.799232   6.285551  45.494522  0.228183  2.264389       8.077869    840.260376   14.420248   5.525697  1.552029   89.107796
114  40.061668  -7.986647  25.074118  0.227606  4.674945       9.605946    869.649048   49.447876   5.901977  3.972938  315.318726
115  35.031597  21.709869  29.760767  0.130483  2.959255       9.033863   1643.231934  153.918182   7.359877  3.788990  175.108078
116  23.202545  43.329231  37.455929  0.278338  2.209365      11.698323    794.226135  243.779327   7.427823  1.979923  325.058990
117  30.340641  21.838224   9.165910  0.275575  2.499570       7.527083   1249.726440   26.758577   6.354237  2.122068  362.149841
118  24.270395  43.551998  40.349289  0.291274  3.954512       8.217443   1055.159546  191.420013   8.618220  0.984290  617.378296
119  29.919687  38.799156  31.743439  0.278792  4.544933       8.015129   1173.041748  186.331116   6.457553  3.311481  548.032654
120  26.473404  31.717148  29.258425  0.217055  4.734600       9.772230   1475.371826   63.820915   6.709937  3.769013  147.077682
121  39.215935  27.377733  34.826641  0.291171  2.898921       7.343543   1625.929321   86.290787   6.159819  2.957917  603.478516
122  29.077229  19.347824  29.792240  0.275617  3.241538       6.524547    902.595337   83.592888   8.783182  2.834890  535.646729
123  31.383194  43.740395  26.566761  0.255482  4.122991       6.775462   1658.851685  163.076523   6.081078  0.954547  149.567200
124  35.264431  27.040220  30.107847  0.257056  4.363226      10.315034    827.078918  107.099472   6.707496  2.547203  378.393799
125  30.481363  43.199677  17.219805  0.267577  3.149005       6.018147   1839.048584  176.739014   7.664561  1.437329  206.212341
126  38.237156   8.364232  11.274721  0.175794  1.641517      10.184854    908.816223  145.176773   8.223270  1.535501  134.540024
127  32.655983  21.577192  27.002380  0.235518  2.550102      11.555303    790.470703    8.868986   6.063091  1.082769   96.250374
128  10.827794  41.858154  36.464237  0.261083  4.172594       5.644743   1110.140503  124.492912   6.011878  1.055691   58.089230
129  19.480192  26.691948  32.372318  0.259325  3.077176       7.029992   1070.211426   74.594673   5.404809  1.902529  423.427277
130  34.534470  39.117928   9.401790  0.297358  3.315819      12.399583    811.457886  214.356537   6.686069  2.810701  237.477356
131  31.256411  40.176384  45.443489  0.202844  2.651895      13.077396    979.917847   33.415745   9.045376  2.251442  355.068420
132  28.764954  38.549126  31.440207  0.252364  2.710872       9.625971   1068.001343   72.240326   7.548345  3.376529  490.760223
133  49.507111  16.764694   5.887503  0.276988  2.798188      11.788714   1500.858887  198.025467   6.254723  2.408508  273.790039
134  37.595276  19.493286   5.542391  0.167081  3.975213       9.356034   1491.517700  173.436249   8.288573  2.360372  161.693069
135  21.116613  45.708797  15.359585  0.255354  4.323685       6.366951    839.975830  151.605667   6.347305  3.138085  474.064117
136  32.332478  29.044607  34.203117  0.257727  4.091317      10.812504    719.555542   28.002501   7.347736  1.098601  489.067902
137  36.641731  37.662994  37.388435  0.252764  2.554725      10.861843   1526.088013   48.970566   7.819479  2.232987  421.483276
138  34.977680  10.905508   8.740005  0.205649  3.843603       7.300679   1323.035400   24.693460   5.171243  2.171623  152.527832
139  13.640154  40.515453  46.516285  0.268492  4.540220       7.282825   1412.126831  192.996185   6.943795  1.611925  114.239075
140  11.742254  37.651386  36.083157  0.275097  4.523637       9.196715    870.703369    7.197565   6.952826  3.030029  209.313751
141  38.499947  29.364557  37.490040  0.290971  2.287850       6.359761   1818.481323   28.133020   6.328213  3.128912  649.436279
142  14.341059  18.868074  23.603849  0.248111  4.219980       8.149092    813.222900  137.762863   9.173167  2.305180  188.576797
143  17.187805  35.867115  42.169224  0.180707  4.906906       8.758028   1020.145813   96.584824   6.151459  2.117673  211.639359
144  33.344414  22.937506  27.495054  0.174781  1.443020       8.090917   1583.850220  128.704865   8.275902  2.605978  100.748810
145  18.543404  27.036200  40.743862  0.192111  3.665906       8.877479    753.610901   14.121691   9.516319  1.313929  187.586411
146  45.105534  -4.679813   4.378141  0.180378  3.186693      10.439322    925.713806  147.418396   7.450268  3.190461  343.681183
147  41.274223  48.303104  18.973782  0.296449  2.022914       8.970017   1648.504517  197.685532   7.332039  1.159760  371.319122
148  20.295309  47.322853  38.814075  0.210612  4.181383       9.625498   1618.938721   98.265419   6.717902  2.293833  201.414078
149  29.357584  38.834084  29.370569  0.244883  4.034662       6.801949   1221.598022   96.303200   7.354632  1.250364  260.650726
150  23.666227  45.759495  32.243027  0.286557  2.924750       5.194687   1329.399048   78.605240   5.658645  3.834920  666.417053
151  41.672134  27.502361  21.679218  0.293609  3.359253       5.167104   1653.225220   94.536209   8.109394  2.092862  648.182678
152  23.701508  35.295464  39.311935  0.213572  1.685358      10.151714   1257.010376   80.951683   7.665771  2.946148  224.499710
153  42.392979  41.673985  32.319752  0.199458  2.386760      12.633145   1787.486084  186.342606   8.010717  2.746081  328.876648
154  15.003871  40.696247  32.017502  0.252563  4.481908       7.512299   1176.655396  234.685760   8.413903  3.436775  327.710266
155  42.149803  38.902802  40.470013  0.288111  3.765492       9.424531   1355.123413   83.756897   9.302364  1.049335  610.942688
156  26.790113  23.836050  23.718567  0.242155  3.830251       7.445479   1099.196655  168.393936   6.771983  1.976672  246.089020
157  26.163366  27.208763  24.978676  0.279291  3.938056       6.046402   1688.861816  227.898758   7.156247  3.019531  286.176178
158  25.731997  41.141109  41.530056  0.289863  2.512487      10.077328   1769.805542  136.300339   9.382950  2.221142  180.452682
159  44.725307  28.600737  12.543562  0.282745  4.833111       8.089175   1064.723022  139.811630   7.152880  0.537647  591.547058
160  22.476341  49.342186  18.592064  0.296864  3.528643       6.560315   1106.035889  149.189041   6.094636  1.033837  193.097427
161  40.781765   4.879893  19.973402  0.298355  2.710505       6.331243   1196.466431   64.967987   7.258457  2.584179  483.594543
162  16.648569  42.391071  49.699909  0.277497  4.803474      11.426043    865.358215   72.102036   7.988975  3.275653  378.705933
163  46.469627  32.525219  25.418219  0.247844  3.746115      11.338058   1056.542969   24.214617   6.607396  0.775733  176.436081
164  39.184666  46.213200  31.932241  0.281204  2.933678       8.201694   1879.609253   50.468777   8.116318  0.862549  193.461075
165  23.933929  44.892284  19.637365  0.291669  3.627404       5.828030    813.990295  185.739563   7.665315  1.790330  541.927856
166  35.558697  27.385611  33.097862  0.269381  3.538758       9.179324   1128.713989   99.238388   7.814104  2.238533  510.801422
167  36.379467  25.897032  35.695969  0.235334  2.657409       9.512153    945.909729   57.662209   5.256030  1.669993  220.955048
168  29.139231  30.125235  40.703945  0.281364  3.890989       9.196227   1418.177612   78.647812   9.412068  2.318100  249.887161
169  25.100689  44.161560  19.228394  0.290274  2.509916       6.434174    845.409424   67.078194   7.733547  3.772295  637.915527
170  37.545097  -4.212890   6.178551  0.259786  4.609367       6.710922   1211.648560  193.167068  10.378650  2.391954  285.334137
171  38.929462   1.699799  28.194040  0.280228  2.027626       8.185499    816.389465   47.643150   5.718575  2.059321  381.650848
172  41.639271   8.957693  14.231705  0.282187  4.174419       8.209168   1910.532104  222.735229   9.695095  3.427798  341.507233
173  18.629335  39.488377  42.209221  0.212208  3.331864       9.781253   1025.229858   76.735825   7.066551  2.490222  194.943207
174  19.025238  29.832277  48.843567  0.263356  2.533012       9.449266   1030.576782   39.096214   7.485668  2.182421  295.528290
175  31.679594  33.518929  33.912804  0.288854  3.665796       6.157750   1225.506348   70.054016   7.047169  3.726295  602.052124
176  28.962700  36.846432  31.542095  0.271900  4.646365       8.604514   1504.385010  211.379532   7.978461  2.025763  248.237595
177  34.612930  35.710644  32.813328  0.273688  2.513210       6.090847   1845.068481  178.388748   8.967140  2.981785  584.821472
178  42.670677  30.629375  15.780456  0.196992  4.311354      12.944920   1002.770020  223.228531   6.694385  3.727354  306.283508
179  16.273403 -16.966309   9.655069  0.203951  2.849304       6.633273    710.851562  160.550339   7.021830  2.412812  200.683228
180  29.313461  24.692240  35.478127  0.279065  2.352710       7.045268   1712.179932  201.313583   9.302200  2.273579  234.808533
181  36.716290  13.354481  27.265310  0.252360  1.098400       9.420873    969.151978   25.918055   6.342736  1.098269  286.282440
182  29.943546  43.215694  31.722221  0.217753  2.505449       8.826950   1501.944458   99.268524   7.966612  3.681592  395.399384
183  48.332642  11.779771  16.689138  0.229239  3.820883      13.042616   1736.597900  229.427490   9.052703  3.077222  120.241440
184  48.097176  20.910383  36.195526  0.231372  4.287850       7.314023   1743.897095   78.750046   5.850075  2.499227  485.325317
185  32.165409  17.849953  44.937851  0.269195  1.961468       6.293918   1631.345459   20.928864   9.482862  2.541301  252.526794
186  22.945728  37.902779  48.831192  0.274217  2.804742       8.320944   1406.668457   11.600155   7.672345  2.702082  505.883362
187  33.333954  15.343332  38.023510  0.269991  4.395135       6.919317   1310.547363   69.054214   8.915470  2.292943  244.472504
188  42.677296  25.936954  36.872543  0.253082  3.839446       6.064645   1876.250854  132.894730   6.274551  2.390666  443.746582
189  32.591942  26.136225  22.421057  0.297853  3.550661       7.259523   1677.648682   84.060883   5.748500  3.685269  342.659302
190  29.196388  26.251236  38.107502  0.267004  4.607906       9.685953   1594.117676  108.990128  10.674214  3.234492  220.578354
191  32.757835  42.676300  11.020010  0.286450  2.614228       6.883468   1596.120483  178.399658   8.205250  2.709017  335.755035
192  30.839472  39.865307  10.446171  0.243083  3.332223       8.814112   1368.160645  107.909683   5.990822  2.373961  205.876297
193  28.444214  40.107861  39.069077  0.273857  4.869693       5.575868   1282.923950    7.747838   8.562037  0.799933  369.947845
194  10.648138  42.932163  39.677925  0.290990  3.047999       5.321136   1240.346802  222.253967  12.294027  1.837851  306.940094
195  26.822222  26.914852  20.469786  0.215394  2.679244       9.018882    752.819458  104.435768   6.752972  2.431590  327.298859
196  33.761860  47.348778  18.831575  0.249636  2.579657       9.645010   1941.817749  130.757843   6.685486  3.075558  385.648773
197  24.865252  42.511955  42.250237  0.273822  4.490205       8.971911   1142.511719  139.794998   6.931370  0.649208  162.727585
198  34.843117  43.934204  21.019096  0.230205  3.179883       9.221969   1205.327637  140.920609   6.576053  1.791968  327.008057
199  22.214115  37.672058  37.046726  0.165303  3.076759       7.973154   1558.496460  201.265503   8.934458  2.923423  255.913300
200  27.606091  36.029716  20.525791  0.180750  4.736142       8.689226   1283.247437   13.328198   5.723176  3.993280  252.751144
201  21.287073  44.963463  21.535873  0.290905  4.562750       5.920323    730.161011  211.514893   6.186993  0.315027  266.828339
202  36.507977  23.240595  39.309040  0.238833  2.650987      13.699974    819.945312   39.673374   6.100134  3.398328  161.857651
203  31.833221  19.706768  23.700804  0.222198  2.588338       8.739218   1333.641479  104.020233   8.068892  2.227178  227.580429
204  39.783943 -11.273870  22.631895  0.240190  4.158547       8.992990   1194.536743   73.693779   5.924837  2.611650  152.653625
205  38.854427  22.506710  49.382389  0.245996  4.562025       5.542539   1005.969055   21.609627   7.663583  1.059518  367.359497
206  22.731354  42.294037  44.115063  0.215678  4.496951       8.223364   1604.495361   80.643211   5.314415  3.599555  497.675842
207  47.862606  30.825188  31.151844  0.260621  4.641531      10.465302   1442.658936    7.041779   5.666248  2.980660  556.130066
208  40.486973  -7.200178   7.400601  0.270828  3.670557      11.264220   1047.652344   68.661392   9.566236  2.882704  220.851440
209  15.202124  27.069538  43.128872  0.216835  1.925997       6.294505    925.758423   38.160816   6.594030  3.894801  457.732635
210  43.197010  31.021120  21.747465  0.267731  3.340114       6.074270   1990.250854    4.350369   5.618387  2.038970  497.795746
211  39.836048  20.479942   5.272693  0.220525  1.390610       9.538240   1786.015503   68.073425   7.695049  3.328228  297.880768
212  38.739162   7.315888   8.406054  0.282791  3.443069       7.886494    993.874939  164.582687   7.673384  1.624187  453.776245
213  22.930431  45.823551  14.168494  0.274634  2.377780       6.920221   1053.377808   74.121071   8.119344  1.450041  249.280914
214  22.639399  32.773926  45.296696  0.275049  2.660092       5.919794    943.198059   97.244804   8.740612  1.727323  418.026001
215  48.756245  20.625065   4.468027  0.268291  4.128334      12.639722    716.913757  150.625046   7.128451  0.349214  110.436264
216  41.173420   5.265871  19.634876  0.290430  3.737705       6.208311   1381.615112  188.962021   7.777699  3.077991  454.278107
217  47.084702  13.610719  10.609763  0.163497  3.713846      10.128578   1508.303589  208.652679   8.749535  1.484865   91.599190
218  13.472458  27.572083  48.582344  0.175677  4.745625       7.904038    876.227356   10.394275   7.547071  2.850871  275.405304
219  36.558739  25.191626  48.581749  0.264214  2.485742      10.336419    960.970398  119.391212   7.051746  2.453138  262.441986
220  26.314228  22.809584  47.009632  0.241587  3.102353       9.731392   1122.656616   70.485199   6.520711  3.473284  219.767685
221  21.765896  15.515442  29.514141  0.266588  4.996070       5.770557    835.569763  145.473892   7.411158  3.199633  583.765381
222  32.684242  22.208017  22.678827  0.221169  4.920195       6.330177   1795.290527   70.737991   8.964911  2.510307  157.183792
223  38.844082  21.905283  38.773098  0.172253  4.957758       8.880892   1770.441650  225.584305   5.720437  2.223672   74.687897
224  29.098690  28.852671  42.518803  0.270510  2.238631       9.975880    780.272766   90.315872   5.209862  0.385987  218.047379
225  28.697643  42.463661  34.421547  0.203322  3.000183      10.906104    748.460144  229.278870   5.660113  0.726187  203.021500
226  36.865536   3.700183  15.975120  0.240220  3.336540      10.211425   1179.788208   80.216454   7.628124  3.593562  269.995270
227  31.662319  -7.195107  12.355756  0.225956  4.165433       7.169405   1512.658936  203.552505   8.461606  2.206413  177.284164
228  23.489109  29.665638  11.509511  0.212768  4.831292       5.473547   1328.075562  165.645569   7.006947  2.218966  233.538818
229  41.166935  40.349380  32.122089  0.277157  3.960820      10.550353   1780.653809   60.124905   8.455966  3.990247  690.038330
230  30.655098  44.991596  27.419092  0.231148  4.971197       6.246174   1166.456055  186.471436   7.366223  1.171583  543.678101
231  32.240360  21.668139  10.041198  0.249446  3.942807       7.408774   1257.127686  186.961563   8.666433  1.222863  198.007553
232  26.227146   8.970174  29.874338  0.208363  1.988012      10.447229    898.245728   67.584297   6.018242  2.243890   77.181824
233  44.291424  13.772513  20.300817  0.254946  2.747284       7.180202   1219.062134   75.151962   6.501913  2.514283  429.395782
234  26.153408  33.318169  20.050255  0.277111  3.818429       8.621133    892.473938  171.667435   5.852312  3.468997  323.211090
235  28.113928  24.757215  23.964926  0.281747  2.740542       7.965285    899.626343   72.899628   5.482886  1.473622  352.902985
236  36.528755  47.524212   4.336059  0.240627  3.593894      10.311528    957.510010  114.175293   6.143135  3.474763  308.255432
237  23.061357  42.095428  41.765282  0.243489  2.540069       9.554145   1272.392456   48.570755   6.961087  1.265924  111.409241
238  31.157745  39.769909  36.806652  0.212608  4.464816       8.627570   1615.081665  189.782303   6.291825  2.779084  355.988586
239  19.508951  37.137779  34.034752  0.176777  4.104052       9.893738   1197.491699  118.109207   8.843371  3.408999  181.819290
240  43.463432  24.668272  23.996675  0.211043  1.213639      12.204558   1434.768555   79.553062   6.218567  3.077951  220.732147
241  27.963911  28.950094  30.284931  0.217779  4.063080       5.758534   1690.007812   84.709290   5.720618  1.913539  183.140213
242  22.058146  32.474129  40.669323  0.223807  3.318506       5.975735   1733.751099  131.396484   6.081992  1.380440  101.624023
243  31.079918  35.327217  15.390684  0.252548  2.792558       6.992522   1128.813232  147.958435   7.169262  2.558844  430.780029
244  33.297504  27.708328  46.522865  0.286490  2.547481       5.719024   1015.781616   12.792174   5.547335  1.653970  457.838654
245  18.218700  21.870197  46.739880  0.214650  1.904522       6.932858    741.354614   23.877211   8.648827  1.540956  303.568756
246  38.234680  38.215965  25.183544  0.281902  2.363750       8.441502   1421.031982  161.099197   5.147453  1.116521  394.669220
247  43.180897 -13.207873  14.515059  0.239831  3.906132       6.137530   1483.503296  102.107414   5.089382  1.572572  217.711929
248  39.727768  15.466290  31.517075  0.184291  4.147171       9.045639   1587.269531   90.206886   6.217524  3.462919  165.782761
249  26.990490   2.444685   7.791554  0.224259  3.800738       6.494237    742.292603  169.901901   8.010999  3.963472  478.402740
250  32.548218  23.702799  30.583447  0.279758  2.957991       7.148210   1789.651001  205.020737   5.289896  3.329077  476.490173
251  19.057251   3.464104  10.587978  0.282846  4.650425       7.637111   1160.749878  132.977219   7.217137  3.366624  253.713989
252  22.260345  35.595325  36.815964  0.261146  3.853703      10.183295    942.621277  138.845703   8.018897  1.152251  175.343109
253   5.155183  42.598186  40.829212  0.221918  3.081445       7.834836    921.059998  127.966324   7.092717  3.065185  246.600449
254  13.885054  42.427258  22.436459  0.290092  3.257028       5.249997    749.233215   95.188560   7.367980  2.814241  519.971130
255  40.535484  28.707954  35.320087  0.279752  1.959445      11.005681   1475.201660   18.217209   5.528291  3.124794  369.308746
256  35.789330  14.459390  41.467525  0.265031  3.765877       6.580984   1585.665161   90.377769   6.231106  1.510877  190.598373
257  22.164467  38.015808  42.222866  0.259301  3.691525       7.793206   1047.361084   22.829336   5.826887  2.684045  540.561890
258  42.341122  35.747265  24.010010  0.253248  2.695764      10.767987   1586.687744   35.454517   6.755719  3.437228  488.245819
259  33.188007  15.717348  25.384701  0.198495  4.949911       8.665868   1177.976685  139.289307   5.211868  3.903200  333.286530
260  15.550449  39.081539  44.514336  0.181341  2.708390       6.221475   1574.591187   40.148956   6.939190  2.685856  307.994232
261  46.400845  28.013144  19.848351  0.174687  2.929522      12.745985   1295.173584   85.946190   7.607267  0.880815   50.115479
262  35.057823  19.687521  11.242742  0.204254  4.441337      10.803849   1092.393799  123.289970   6.050480  3.961802  263.371582
263  25.229889  43.950890  38.496582  0.239003  4.577664      13.099422   1067.572266   87.668373   8.164624  1.777828  158.868195
264  24.157167  23.621494  44.356640  0.234290  2.373991       8.132818   1788.259155   25.188112   6.392035  3.498807  203.107376
265  25.949123  43.020458  39.799061  0.269652  3.313884      10.057181   1136.620361  167.515335   8.821915  3.305806  430.051147
266  46.074436  18.804161  30.904850  0.255592  3.918609       9.851640   1599.284668   19.168793   8.497437  1.510465  144.413315
267  43.113548  -1.456556  32.539955  0.283975  4.861376       9.202645    895.430725  190.459869   6.185963  1.780515  234.846619
268  37.895809  35.623520  47.185917  0.236687  4.447769      11.520294   1362.508057   52.413345   6.978499  2.867821  385.865479
269  43.118202  28.846415   2.624887  0.231688  3.593991       6.443140   1486.891846  214.855835   6.485757  1.085608  111.162727
270  46.771694  34.020771  10.118363  0.270555  2.771403       6.202993   1710.724365  110.415146   7.250805  1.639652  483.277954
271  48.155876  29.507284  10.276083  0.277211  3.818404       9.787885   1238.282349  198.188126   6.862337  0.820953  601.910828
272  40.759220   5.109461   2.560503  0.240735  4.332144      12.106344    811.971802  239.885071   5.834759  2.476316  332.897064
273  14.106350  44.129116  38.169716  0.225201  3.128909       6.044010   1729.691650  198.365662   7.004534  2.864930  311.561432
274  44.232437  15.802426  15.533075  0.290053  2.933095       5.515698   1619.442993  100.450142   8.954851  3.749120  663.337891
275  24.200834  42.873341  21.812298  0.224512  3.661750       6.588398   1061.701172  193.719055   8.618983  2.981775  467.278015
276  48.150570   6.319322  26.661184  0.249209  4.354756      13.600628    813.670837   95.821449   5.303398  2.126758  180.234528
277  38.898041  23.029066  31.459637  0.298333  2.674846      10.123824   1022.067505   54.934433   9.768293  2.028340  391.505035
278  47.902271  27.810087  17.513649  0.222552  4.478178       6.733469   1816.167603   83.086037   8.025424  0.817764  228.163315
279  33.971668  36.522713  29.878174  0.222667  3.971632      10.148841   1681.021729  210.303802   7.546179  1.588791  158.517227
280  18.474775  22.693913  26.897549  0.250676  4.546775       9.231809    772.725281  186.787964   9.189118  3.316707  389.471466
281  17.725000  35.240948  40.378963  0.232829  3.992859       5.373486   1202.898682   67.256081   5.726072  2.799551  476.758423
282  13.407235  41.686333  37.316628  0.224975  4.220185       7.986868   1558.575684   30.639894   6.573651  2.572055   61.908092
283  15.473004  29.224442  34.755257  0.260954  4.465108       5.265131   1956.080200  178.235092   7.745862  3.797852  411.980103
284  20.755659  26.536530  20.780523  0.205263  4.568591       9.663228    806.193848  221.888000  10.367978  1.801864   80.517433
285  23.248175   6.386795  26.785364  0.197434  4.634649       7.791406   1118.406982  139.870743   9.167515  3.291394  198.996552
286  17.145452   5.537530  30.080397  0.239715  3.946326       6.236694    891.694214   21.658731   5.932389  3.364214  301.005219
287  28.525282  20.822447  41.406502  0.194960  4.659275       6.593554   1666.533691  219.908005   7.519506  3.439540  284.153961
288  16.634943  44.314247  42.299374  0.297660  1.436599       8.418859   1133.861206   42.386471   6.787530  0.992515  158.706161
289  19.116150  27.857422  34.546349  0.254111  4.553672       6.012405   1364.179565   41.721401   6.782492  3.805379  406.805054
290  18.681368  36.030418  45.068291  0.267964  2.001797      10.158303   1058.052734   64.307236   5.615388  3.725604  381.738403
291  31.484365  36.007584  32.089828  0.240951  2.591941       5.890145   1084.738037   29.590075   6.859640  1.376320  490.182373
292  34.468956  37.126625  30.198423  0.207420  3.450021       7.071048   1734.286133  182.147644   5.892507  3.904969  450.344116
293  31.990118  20.611616  35.893730  0.174165  4.756881       7.935928   1299.741211  123.483330   7.494130  3.326868  209.333466
294  45.561680  39.135010   0.296905  0.293538  3.718544       9.794106   1631.805054  238.636887   6.852002  2.765179  437.200623
295  33.466969  35.485088  34.655369  0.200073  2.067850      10.525204   1797.362427   60.443417   7.176603  2.078155  148.101776
296  22.394215  19.225159  31.369654  0.275590  1.221032       7.565590   1100.221680   47.265762   5.738832  3.011050  480.664276
297  34.541290  33.193893  38.323128  0.262520  4.956282       7.954930    983.792236  220.793488   5.953650  1.648629  488.856628
298  27.340372  40.935307  18.543421  0.283041  3.384217       7.026775   1355.170288  223.997772   6.761958  1.150820   96.614189
299  33.889099  31.946709  38.690945  0.204286  2.884074       8.921532   1548.405640   68.086304   8.140484  3.090334  377.169037
300  17.403830  31.457800  37.657593  0.149081  4.024917       8.724566    935.500549  162.393539   7.459530  2.678821  199.021027
301  36.525471  24.743797  27.269068  0.219639  3.949612       7.109804   1527.978027  219.887039   8.443811  0.869455   86.495544
302  46.924438  11.878422  11.295305  0.295346  3.491858       8.423779   1816.962891   53.423378   6.647637  3.798813  427.070312
303  46.163296  19.993399  31.516699  0.269680  2.979049       9.372525   1146.860107    1.542171   7.121393  1.728633  297.770752
304  44.457069  42.994507  10.614882  0.293921  3.869555       8.060873   1522.029297  142.732895   7.985184  1.403612  471.661743
305  47.224758  13.118157  22.203075  0.281370  3.099826       9.151604   1140.156860   55.235489   7.929674  2.865911  534.229675
306  34.666634  42.876747  10.384707  0.289254  3.408823       7.034360   1455.074463  201.715576   5.732684  1.733360  319.389801
307  47.882881  26.271194  33.925144  0.276569  3.369879      10.097823    906.560242   10.204395   7.272646  2.667543  630.873535
308  42.002384  24.537781  13.672236  0.284139  3.428179       5.814902   1522.412720  169.047409   5.582235  1.719953  477.189941
309  16.088907  37.179085  42.983582  0.279864  3.983912       5.196940    935.128113  110.940926   7.357338  3.497467  600.674805
310  37.540859  22.401512  20.632053  0.296448  2.918416       7.565746   1611.342529  202.174515   9.270221  2.210716  307.296387
311  47.428795  20.906755  32.593891  0.209456  2.921507      13.046860   1877.493530   77.123962   6.938764  3.194361  139.581619
312   6.597875  39.630409  42.613590  0.292152  3.644055       7.299014    774.389771  125.313103   7.472701  2.654599  306.905548
313  24.930004  -7.468616   3.311595  0.205998  3.872828       6.552246   1038.603027  121.927399   9.703219  3.166780  296.492218
314  38.640308  16.406403  20.601244  0.278347  2.222228       8.236854   1032.350586    1.950977  10.873847  1.664362  616.872742
315  19.307838   3.136392  20.112663  0.198458  3.257386       7.297556   1057.726440   53.506416   9.768094  2.980099  219.056076
316  35.731739  45.818581  23.125477  0.293233  2.626956      13.700229   1113.251831  157.729385   6.918908  3.682520  521.072144
317  41.771568  28.153708  30.302982  0.258908  3.317442       8.813656   1374.702515  227.190445   9.916369  3.812067  467.311951
318  37.492577  24.715591  26.763983  0.293049  1.790915       8.779673   1102.237427   34.008942   5.403184  2.497242  575.269775
319  26.588646  22.060852   6.465990  0.278504  4.812281       6.759770   1388.015991  175.764297   6.699899  2.594601  278.941925
320  48.120022  43.305130  26.172794  0.278157  4.934960      11.230989   1812.772461  233.566132   6.947768  1.743989  674.727112
321  41.242367  21.980261  28.513645  0.282180  3.090632       8.933415   1301.150757  204.280991   8.424785  0.896063  219.200104
322  40.582779  20.909452   3.328117  0.203601  3.512865      10.112962   1403.592896  159.515244  10.208352  3.634083  341.942780
323  34.979366  29.494804  21.407957  0.195341  3.388608      11.296165   1176.749634  111.122726   7.401618  3.422853  301.894318
324  33.263535  28.115429  34.009068  0.274413  2.427839      12.525025    748.124390  199.685013  11.870439  2.347923  233.068451
325  22.580450  33.212482  34.731415  0.297463  4.384384      11.317959    806.520996   10.201029   8.173399  2.878383  224.050827
326  32.686188  17.410299  39.151711  0.295986  3.175457       8.573157   1028.233032   97.304619   9.464811  1.719519  287.698639
327  48.797844  30.163080  22.488138  0.265685  1.009295      11.130047   1513.932007   56.462395   7.216832  1.661202  304.141907
328  31.676620   8.067697  33.992344  0.242179  2.812188       7.769681   1207.804077  127.672821   6.368185  2.043170  233.633560
329  30.359825  37.660378  29.439428  0.244692  2.334490       7.289745   1350.120239   12.403170   7.052546  2.841952  490.020508
330  42.208889  16.603441  12.623375  0.192654  4.281361      11.934126   1448.896851  134.922760   7.035127  2.676677  172.884918
331  20.498726  28.410839  37.622276  0.271211  3.735114       6.369537   1166.065430    9.502790   7.039392  3.292400  398.700165
332  36.292393   8.845196  27.643234  0.212719  3.241756      10.546982    965.382019  155.482147   7.027143  3.791778  299.336578
333  35.495674  -4.935332  19.547033  0.271678  2.435391       7.473768   1000.518188   63.471619   9.083778  3.146100  251.431290
334  23.636127  12.471592  33.155010  0.262975  3.740693       6.952707    912.069153   78.551422   7.753286  1.642144  444.611633
335  21.744165  22.695484  34.379787  0.279821  1.746123       6.468379    944.188416  120.246025   6.123663  0.951776  119.562073
336  32.597153   1.259535  38.413185  0.224180  4.016675       9.598723    873.414124   94.861649   6.482104  3.211750  100.472664
337  38.912781  36.708931  44.779423  0.229275  4.777479       7.554370   1092.104736   27.056641   6.413844  1.780951  509.040802
338  46.173824  16.282507  23.141397  0.201216  2.459805      13.571809   1408.575073   23.924799   5.432836  3.292822   97.443146
339  30.521013  41.736717  47.311928  0.227074  4.745444       7.699877   1432.777954   72.169113   7.298135  1.644011  415.469330
340  44.596584  23.487320  16.400686  0.165014  4.782939      12.976274   1435.220093  142.981094   6.178157  2.617119  140.301544
341  34.676201  36.455055  25.432501  0.222555  2.876293      11.752639   1603.933105  117.151741   5.250201  2.593198  184.733658
342  31.405535  -0.421487  31.406233  0.287760  2.180201       6.022637   1390.268555   58.520351   8.004998  2.487689  331.709747
343  37.649380  27.040468  30.341003  0.263066  2.714995       8.056191   1576.078003  178.051895   6.648142  1.594797  146.363068
344  34.476730  14.368415  16.166126  0.297805  2.711688       9.566295   1082.650391  247.302612   7.790147  1.347464  154.210815
345  10.458743  27.743782  22.924757  0.226277  3.124121       6.998697   1246.591187  146.176804   6.632839  2.701731  187.371429
346  34.740696  27.312538  23.826435  0.255869  4.514063      10.042736    837.034607   44.489216   7.096961  3.946839  510.981049
347  46.344425  -0.012938  28.196690  0.214696  3.572590       7.494134   1384.867432   94.468842   8.197622  3.443355  373.228241
348  16.484682  28.105639  20.668661  0.194656  3.311534       6.745928    822.395691   22.158079   7.076324  3.845903  299.619293
349  46.338169  11.827517  10.226567  0.254210  4.299609       6.943461   1420.965698  138.234360   6.952739  2.473042  515.615845
350  47.163193  14.813522   6.262804  0.299209  3.841317       6.536428   1808.325439   19.606014   6.852102  1.697284  529.681213
351  47.364006   3.736245  17.193874  0.294320  4.587938       9.627894   1337.817993   43.469406   6.334975  3.928935  483.211670
352  47.696518  17.184132  22.992083  0.222479  4.407541      13.227426   1092.197998  178.961533   5.982616  3.983378  297.698151
353  28.478912  16.418938  24.838882  0.148689  4.613572      10.810348    831.104309  143.559326   7.336602  3.331331   56.433643
354  37.116047   8.735561  19.571249  0.235306  4.599186       7.216099   1501.069214  140.630295   8.701706  2.264761  180.071060
355  44.957035  21.081558  14.813803  0.190765  4.141408       8.563359   1030.141235  197.066620  10.294361  3.062899  519.534485
356  47.555038  17.947783  31.023905  0.209832  4.821114      11.267920    981.374512   57.153324   6.914949  0.775563  192.165939
357  48.295441  16.364109   7.421409  0.272591  2.891410       6.104876   1771.028198  203.861847   8.815192  2.335792  577.911804
358  37.214882  10.687675  27.303349  0.250437  3.639839       8.776955   1079.601318   91.982994   9.255146  2.698230  427.057159
359  17.188641  34.669079  28.301908  0.280181  2.812918       7.516737   1779.647095  234.133972   7.849385  3.071087  209.837280
360  31.021261  18.676506  34.199200  0.233634  3.899378       7.664531   1200.910156  160.069916   6.807083  2.921848  253.492508
361  38.821136  25.760462  18.086294  0.252206  3.805252      13.324240    737.537720   51.369255   6.803795  1.932287  232.936996
362   1.290692  46.511032  49.480671  0.284316  3.223953       5.112513   1052.807739   57.467590   5.078980  1.117405  329.229126
363  45.019905 -24.373129   3.878413  0.278770  3.003728       8.685901   1652.029297  111.122864   5.724635  3.532692  460.996124
364  44.443710  12.240853   6.312418  0.239409  3.452305      11.458537   1718.664062  103.822426   9.228691  3.058875  211.364105
365  30.753124  30.307806  22.041426  0.181055  3.501009       9.807443    895.571350   18.116070   6.241933  3.712847  391.025208
366  41.322445  39.736736  12.291373  0.207477  3.632333       9.118919   1216.718506   14.819757   6.132920  2.151749  385.591949
367  46.635803  12.695635  21.097485  0.255591  3.957793      10.199432   1665.714111  239.313034   8.208449  2.055014  226.848694
368  43.292255  23.132471  23.242990  0.267663  4.912898       6.915787   1525.900024  247.759995   5.313001  3.021939  608.586365
369  33.720463   8.848724  29.506493  0.213250  3.371091       8.129700   1141.698608  226.986771   7.844934  1.555678  109.005478
370  49.441364   1.698277  24.489151  0.148228  4.683673      11.242363    868.739136   19.490376   7.072565  2.326886  181.456009
371  45.908009  37.126259   4.098568  0.228902  3.427091      10.872512    928.981628  111.358330   7.457279  2.195634  495.737000
372  24.379009  19.062088  18.460825  0.155280  4.718850       7.309640   1922.028687   78.884933   8.025891  2.651034  107.194450
373  28.770502  45.526447  35.015949  0.210340  4.565446      11.823839   1959.794556   94.288483   6.065609  1.864365   68.434502
374  41.729885  19.066673  34.125694  0.265805  4.503903       6.389571   1723.440918   38.204296   5.735579  2.875922  587.678894
375  35.121784  31.796242  41.060722  0.292767  4.950862      11.325901    824.848145  209.626007   5.953436  0.520552  691.248108
376  45.251377  11.725913  38.139801  0.264981  3.558635       9.255713   1175.588135  116.936104   5.008080  1.040283   88.938362
377  12.932604  28.527296  36.409374  0.198052  4.274451       5.730420    930.733276   96.462753   9.178486  3.686613  425.219635
378  40.566402  21.950956  12.369166  0.231720  4.693558       7.824589   1803.001343  180.784866  10.099627  1.963190  341.668030
379  29.918135  30.089890  39.216633  0.202464  1.193305      12.121887    753.810242   49.827965   5.734521  1.490884  175.761276
380  38.932301  -7.749562  16.445379  0.277675  4.303274       6.513121    766.695801  167.455795   5.175063  2.869116  473.866455
381  41.168194  13.129127  29.732391  0.270091  4.336258       5.988856   1598.293823  120.733650   6.076896  2.079702  410.321228
382  46.479515   2.877218  29.301237  0.202399  4.043301       9.356549   1518.498047  116.398880   5.841298  2.049308   87.485748
383  38.981503  37.545601   6.535620  0.294502  2.895539       5.984807   1565.181396  235.145050   9.468014  2.584758  525.047974
384  25.574495  39.410336  19.907204  0.277187  4.773521       7.748253    721.807922  148.997955   7.837399  1.959190  543.779419
385  41.913090  18.241219  26.000643  0.213369  4.117692      12.156110    979.841187   89.364037   7.515153  1.603796  191.965500
386  38.788326  31.614819  19.951803  0.284581  2.715040       8.940120   1474.389160   73.445541   7.046987  1.953744  299.806824
387  30.500580  10.798301  17.116457  0.227192  4.269693       7.061638   1250.033936   76.485985   5.690013  2.439211  230.001343
388  28.618834  27.141609  35.251610  0.187793  3.368081       8.774733   1372.235474   29.862488   8.462313  2.858341  236.522873
389  41.001755  31.290346  13.591386  0.273671  1.990909       6.458571   1322.208618  155.685471   8.348601  0.863155  182.789474
390  45.186440  25.824163  32.839111  0.251928  3.011821       9.224689   1286.361084  147.695755   5.098339  1.462434  211.909348
391  43.592365  26.207087  32.440796  0.225035  3.923687      10.437079   1342.463013  102.987587   8.784834  1.930568  349.841187
392  28.019676  34.593674  26.930414  0.283193  2.771077       9.392991   1336.720825   24.907379   6.561370  3.670607  386.517914
393  49.133320  -0.311457  23.238712  0.209268  2.789473      13.371572    779.207825   74.951332   5.371394  3.453695  296.393280
394  39.933155  33.308319  14.684093  0.200623  3.381231      11.563675   1046.858154  190.881149   6.160059  3.958440  288.060272
395  36.969387  42.960938  35.362339  0.262246  4.876770      11.800598    982.382080  102.424934   6.628254  0.503583  381.425720
396  33.764748  36.420670  37.190819  0.210784  4.717637      10.036923   1478.318726  141.557419   6.653134  1.375273  198.700333
397  40.078869  26.869696  10.017548  0.294354  2.740471       8.077343   1258.811890  218.905319   8.771152  1.320578  257.972809
398  29.798426  21.127502  24.979618  0.281638  2.164889       8.185420   1147.034546  142.573471   7.145228  3.167523  379.325409
399  34.278938  24.456038   7.325601  0.239439  2.621421       6.690312   1187.510132  149.560165   5.149966  2.375079  475.739227
400  39.507416  43.548267  22.841722  0.275314  4.966409      12.283322   1025.829834  107.450439   6.438785  1.221574  661.805420
401  47.051655  30.227236   6.838064  0.271409  2.288473      10.197114    988.029236   72.775261   6.965672  1.728628  440.308502
402  38.730083  24.293755  32.874100  0.200501  2.935178      11.576801    948.091797  159.361130   9.262137  3.178929  260.697083
403  37.213566  14.457104  31.161844  0.216103  2.783350       6.719394   1511.175537  109.876282   6.961207  1.421274   82.313896
404  33.413399  12.143756  20.588526  0.195725  3.722608       7.589573   1922.901978   88.357513   5.182174  3.202664  297.360382
405  34.843563  -7.237198  23.502073  0.260362  3.227749       7.728518    986.939087   81.107704   9.940405  3.167446  404.870056
406  36.485573  25.974125  11.356927  0.244233  1.742634       8.072882   1998.096924    7.396145   8.117576  3.393532  282.006622
407  23.486156  36.674900  40.236584  0.250731  4.740647       7.265698   1066.919434   80.489983   7.958998  1.178320  339.015717
408  21.451971  28.371103  49.459465  0.199100  2.158273       8.757816   1102.872681  217.154160   5.805651  3.543247  241.114578
409  27.326303  17.363501  37.590916  0.230935  2.835521       6.004618   1272.364746  107.439919   6.611197  2.748941  401.924469
410   9.151469  32.895439  41.260300  0.299138  4.204660       5.820845    925.138184   49.104355   5.115150  2.216739  428.059204
411  33.850056  42.928272  31.133707  0.257001  3.571954       6.511525   1263.659424   55.683117   5.148290  2.821235  668.404053
412  21.386425  25.833864  45.597950  0.200863  2.349518       7.188308   1949.136353  111.124847   7.763585  3.521283  124.988930
413  43.451344  27.360054   3.521964  0.190549  4.317601      11.055109   1858.092041  158.810349   9.153354  2.748762  199.481537
414  41.095829  32.319416  37.296192  0.243315  2.247426       7.984496   1483.314453  150.160019   8.966100  2.391259  391.310791
415  12.112591  49.884964  46.318104  0.266234  4.329753      10.239381   1350.407959   50.760380   6.913638  2.484914  206.493607
416  39.123215  31.184008  28.536377  0.210501  2.506993      10.940803   1726.932007   42.175301   7.147302  3.776624  389.811066
417  35.882702  25.897081  27.840168  0.227354  2.326428       9.689592   1798.180054  177.372223   8.368200  1.873567   98.305359
418  20.928682  11.696749  12.049634  0.299796  4.209764       5.599484    820.109009  181.777359  10.170610  0.858192  394.852051
419  20.910639  49.121841  28.863926  0.253263  4.080695       8.131921   1354.420166  191.058350   5.969430  1.874067  359.002258
420  47.750038  37.269608   5.892696  0.212526  3.517866      12.034263   1396.666504  246.207474   7.581217  0.883090   92.458717
421  32.522938  11.596648   8.122769  0.264395  3.278840       8.660802   1037.956055   86.753433   8.360916  1.986006  371.766083
422  37.359745   7.256146   3.463709  0.289079  2.772487       5.596237   1333.722412  122.507057   5.951216  0.586337  119.149986
423  14.331097  31.251165  41.699001  0.141842  2.905602       8.212490   1680.485718   47.386177   8.509175  3.611786  122.689743
424  34.894508  16.013971  19.111809  0.271899  4.110273       7.800383   1355.226440  161.905289   5.812614  3.446123  529.157593
425  47.987503  29.070911  31.983181  0.253349  1.565587      13.385468   1214.410400   19.942591   7.429257  3.570211  375.165466
426  38.136543  14.199393   8.848224  0.242404  4.417931       9.314419    922.121460  241.764191   5.586064  3.041223  577.957886
427  37.038448   9.944566  20.933071  0.227247  2.845910       7.809411   1654.287109   39.383564   6.004857  2.926103  319.400696
428  28.064476  32.505405  34.089230  0.292075  3.382164       7.370359    788.654724  173.198166   8.609651  0.963575  376.296509
429  44.360901  17.445417  26.073500  0.287984  4.674884       7.006173   1359.488770  150.153915   6.509197  2.237247  494.115295
430  28.630365  34.461891  16.037409  0.223218  3.099642      10.073533    843.261536  180.316544   8.723404  1.281269   66.978088
431  26.802273  47.767273  26.057741  0.242708  3.404262      10.419172   1146.939575  134.399948   5.975409  2.466325  376.218903
432  36.862103  28.148041  43.216526  0.169194  4.327831      10.497009    949.584534  104.613663   6.633638  3.146276  310.094635
433  28.130869  18.259275  19.572031  0.249190  4.249830       8.409077   1220.197510  180.564346   7.974517  2.391083  284.918182
434  17.389524  18.426817  27.802950  0.155509  2.317918       7.378100    786.239990   45.258076   6.737240  1.331822   76.522179
435  28.103745  45.345718  28.993015  0.283517  3.417773       8.403414   1147.550537   25.734993   8.188114  3.346309  652.845276
436  42.971996  -5.146914  24.695650  0.207237  3.446785      10.751922   1163.868530  131.828583   7.084568  3.766404  229.216553
437  23.395998  19.101959  21.004803  0.263619  1.732545       9.593620    912.618103   34.732742   7.235080  3.743178  340.740509
438  29.294106  40.201584  23.457579  0.266330  3.713160       7.029952   1248.400146  131.528351   7.988115  1.109419   97.127037
439  49.505642  23.669992  11.588066  0.282698  2.347455      10.114640   1024.734375  109.351730   8.565518  0.239125  199.075546
440  16.294508  33.668705  45.484726  0.250151  2.675611       8.634501    876.921936  151.383606   8.847920  3.921368  323.213837
441  37.428112  22.688190  36.508175  0.204451  3.636647       8.337079   1180.156738  155.555878   6.607382  3.272571  319.473022
442  22.348236  46.580544  27.134430  0.275831  3.368559       6.627724   1325.562622   86.887047   5.973190  3.177437  381.844086
443  38.298649  43.111111  16.945583  0.280666  2.287117       8.911190   1015.715454   70.416504   6.186891  0.628083  329.792786
444  24.061354  35.526665  38.139870  0.257424  3.527393       6.155814   1336.986450  154.894424   8.404959  1.455296  184.774826
445  19.885326  33.583954  40.403408  0.254801  3.912042       7.085989   1802.311646   69.474266   7.713751  1.572044   94.473320
446  30.910820  45.639400  45.157318  0.237401  4.947788      10.516283   1060.396973   43.766068   6.431499  2.315893  643.192200
447  16.641956  43.966282  38.033703  0.226374  3.511189       9.316963    802.134338   22.049408   7.434378  1.249850  268.609375
448  38.267700  36.124882   1.174306  0.278367  2.454035       7.524562    951.729370   61.256012   5.720224  1.452662  496.049683
449  29.272919  19.319584  32.690395  0.231115  1.349019       8.606054    794.385864   78.528793   8.180970  3.936013  320.792480
450  38.216377  18.755108   8.446805  0.250014  2.601923       9.233445   1139.151978  104.232628   7.760633  2.530802  304.028107
451  23.574816  15.900863  14.493349  0.185979  3.682836       8.713576    965.056580  223.136169   7.168867  2.187942  238.315216
452  41.827427  27.249950  20.050570  0.265646  4.486794       8.597982   1161.980469   79.848000   6.086141  1.354173  265.533447
453  32.035423  24.194492  22.049320  0.197361  3.209542       7.497940   1373.268555  119.366165   6.122388  1.588012  196.343353
454  37.100185  -2.587674   9.464755  0.287142  3.042264      10.477624    774.185486  218.150497   8.309177  1.593327  255.179337
455  39.791298  21.910749  11.988269  0.225895  2.330875       8.695251   1403.218140  157.253769   8.087432  1.874751  185.702866
456  42.858841  -2.045222   0.139088  0.227144  4.402698       8.648253   1757.501099  179.452347   5.453183  3.523516  262.694336
457  24.212519  19.146883  48.068390  0.179230  2.296216       7.893118   1103.335205   32.601089   9.534343  1.633290  121.590431
458  29.059914  34.462193  27.782883  0.204791  4.532811      10.949457   1623.548462  184.307419   8.188893  3.946833  174.003372
459  46.026241  32.152401   4.456985  0.276053  2.064279      11.044330    834.807983  146.396057   7.561552  0.479314  374.696411
460  46.264778  38.876945  27.124004  0.191047  4.469810      13.777324   1459.640991  240.189072   6.014406  1.926727  224.574677
461  25.564428  37.204292  19.769119  0.281681  4.586306       9.760545    913.444824  239.093781   8.961122  1.685025  251.990265
462  36.502972   9.895570  33.175842  0.221248  3.767972      10.588530    716.609192   16.644409   7.316043  1.328643  377.786438
463  35.538715   4.405422  17.344309  0.246469  3.912989       9.067252    862.739441   88.637032   7.917350  2.702458  327.028625
464  42.704586  27.123861  37.268417  0.208589  3.099280       8.850217   1687.370361   70.743576   5.044090  1.642096  226.354736
465  10.753823  41.645630  39.516300  0.193743  4.769265       6.456872   1593.518799  184.459274   9.912748  1.727781   70.506393
466  37.744949  24.232525  20.546844  0.271314  4.639340       7.881538   1293.843262  155.004807   7.483421  2.074082  536.585815
467  49.773083   2.035406  12.028073  0.269920  4.500692       6.983310    975.324036   85.469322   6.947006  0.284024  262.380859
468  34.629829  34.042793  41.704205  0.274596  4.595637      10.292533    708.490784  145.916565   6.951683  2.755437  618.920532
469  25.385799  -5.008199   3.775224  0.257559  3.608091       7.780479   1124.119385  176.268204   7.387369  3.716560  322.219513
470  43.761909  14.941905   9.387090  0.248405  3.143986       7.941339   1081.615112   11.508501   5.605033  2.618479  571.279175
471  29.504623  45.714443  38.791290  0.229615  3.667212       7.434602   1886.032349  136.809052   8.200128  1.272980  118.942085
472  22.179873  31.466158  45.140133  0.258174  1.823633       5.007994   1158.562256   51.955425   5.790587  1.621264  447.560089
473  42.491905  12.415623  11.838317  0.237820  2.395348      12.138721    760.442139  241.045074   8.142560  2.542438  385.383331
474  34.165623  35.387703  21.141840  0.220845  4.325014       5.941912   1228.612671  158.746399  10.750232  0.775515  303.790039
475  33.333591  25.982229  18.552948  0.295249  2.545852       7.326808   1044.143433  196.497589   9.289974  0.774351  350.127197
476  28.583540  -9.921812  38.811138  0.271233  2.864130       5.158665   1603.426392   37.050304   6.223830  3.215596  213.706543
477  14.249018  28.622797  42.959850  0.267392  2.956721       7.593070   1044.984985   62.158947   6.151677  3.578937  420.765961
478  34.757164  28.463146  22.879337  0.232583  3.057345      10.078045   1612.366211  210.425369   9.047185  3.897282  247.411301
479  32.759380  25.582094  32.479774  0.252101  4.199663       8.839901    778.104126   45.830982   5.849700  1.649768  400.681122
480  32.802559  27.453506  45.460758  0.272741  3.816793       6.491409   1092.588135   21.864826   6.525822  1.940535  455.360046
481  20.416992  28.902283  34.587029  0.229376  2.594371       7.995777   1249.644531  138.126968   8.474217  3.941213  253.462341
482  40.775810  26.910515  32.634109  0.275622  3.249521       6.705367   1610.585327   90.393570   5.002125  1.256294  463.874023
483  20.603949  37.596027  43.778553  0.281354  4.214017       8.828085   1539.689819   68.532982   9.123717  2.910622  367.441895
484  46.323792  16.042116  24.527842  0.168603  2.976016      12.508172   1332.858032   11.982104   6.400661  1.969353  141.094925
485  37.181507  29.798197  27.283897  0.219595  4.487751       8.787724   1523.942383  203.669998   7.451832  3.233965  331.956970
486  24.517492  29.813074  38.048317  0.267593  2.534277       7.944503   1165.961914   38.164478   7.536283  2.395921  491.235779
487  35.710270  22.675776  34.048355  0.289875  2.990424       7.174128   1279.788696   62.671684   6.490191  1.465479  247.203003
488  44.149040  -5.646431  18.209433  0.206526  3.185540       9.186724   1294.696655  210.055542   7.225397  1.845492   90.344688
489  40.619366  36.461376  16.423906  0.249471  3.076123       8.922872   1027.389526   45.569561   5.516664  3.870966  582.531311
490  37.450146  27.299110  27.568151  0.195554  2.068611       9.836063   1337.139404  112.164169   6.769587  3.657883  322.332123
491  24.460680   0.346269  22.525902  0.272672  1.660774       7.729992   1134.030640  148.929596  11.137780  2.263762  100.945763
492  44.343674  13.008071  31.114586  0.288714  4.866913       8.528383   1305.032959  178.582855   7.657034  0.983538  272.849731
493  20.076057  20.133043  47.432152  0.271534  4.716036       7.550547   1104.989624  142.351013   5.837221  3.143429  450.238831
494  43.282001  -5.987160  14.858974  0.279248  2.960848       8.922668   1266.676147  222.094513   9.467669  3.728697  318.973663
495  26.805269  24.809822  42.094952  0.220354  3.149927       5.359781    983.800476  135.684784   8.657956  3.787225  506.637390
496  43.268925   3.278238   8.162531  0.202210  3.716545       8.049039   1358.593140  168.402496   7.610254  2.452007  266.166168
497  42.296787  30.206079   9.766397  0.299864  3.067909      11.768341    968.718079  166.203201   8.347796  3.058719  444.007324
498  24.490868  32.185162  45.791939  0.208073  1.839944       6.409050   1772.665161  127.349327   8.301366  2.515915  262.216248
499  28.584494  25.498987  27.702761  0.207320  2.495838       9.620021   1353.739014   48.791451   6.230258  3.286900  174.005142
500  27.586662  40.007298  15.479419  0.217940  2.338921       8.078810   1092.679077   86.758644   5.769428  2.484825  219.720352
501  46.831875  33.759060  38.476143  0.200124  3.634280       8.697330   1792.666626   74.925468   9.218850  0.989226  107.965248
502  30.454090   1.922013  17.049063  0.191220  2.739318       9.482434    834.588562  149.917374   5.619286  1.939685  254.346420
503  32.943718   5.284997  14.020002  0.281389  3.934812       6.227141    918.545227  116.136406   8.158915  1.550721  312.334656
504   4.978722  44.451164  42.171288  0.190377  4.311540       6.750569   1375.795654  100.990059   7.990412  2.573421  208.039307
505  12.762479  41.258694  37.549049  0.200722  2.830122       8.407240    973.481812  134.825607   5.098911  1.994331  170.485291
506  30.585495  40.719299  29.191418  0.225635  4.253651       9.797491   1292.106689  198.771805  11.103564  2.422968  242.293549
507  37.241974  30.883961  23.871222  0.234772  1.357036      10.978689   1257.434448   31.371258   7.200665  3.452233  397.619659
508  32.298214  26.451464  43.648972  0.240321  2.595635       7.765300    799.480591   16.230200   7.740346  2.301383  456.390747
509  40.129620  28.037580  32.984879  0.216345  4.636392      13.728018    831.531311   15.529328   6.539028  2.159119  118.127350
510  30.614283  34.956104  20.367586  0.280722  4.817716       7.679154   1652.137695  232.912918   5.681589  3.145725  412.746796
511  36.181969  42.534340  31.228785  0.231575  3.619975      11.063606    858.450439  123.761337   5.019981  1.834763  595.354736