           lon        lat         inc      D1AU     delta  launch radius  launch speed    t factor  expansion rate  B decay rate       B1AU     gamma         vsw
0   -38.471558   9.835999  341.230103  0.329986  1.281796      10.984299    377.153931 -230.863358            1.14          1.64   7.847106  0.976203  533.471375
1   -36.776409  11.322492  339.442810  0.308016  1.182759      12.035837    261.319977 -278.872772            1.14          1.64   8.445116  2.446859  515.995056
2   -29.311157   7.467292  336.689880  0.296647  1.278192      10.297075    404.653412 -284.380371            1.14          1.64   9.430372  2.534087  173.065903
3   -30.118935   4.847480  335.192810  0.334755  1.629731      11.285716    300.034485 -222.522812            1.14          1.64   8.819701  2.037149  293.120789
4   -38.529350  10.725464  341.143738  0.340474  1.229313       8.319045    717.549316 -261.740723            1.14          1.64   8.495829  1.648951  181.569443
5   -13.688756  -3.746708  341.804321  0.333864  1.206418      11.456636    221.607407 -272.213470            1.14          1.64  12.276128  2.361572  251.661911
6   -35.758556  13.605384  334.291962  0.303135  1.360991      10.803260    409.939880 -260.605347            1.14          1.64   7.935030  0.375208  116.595749
7   -26.845808   2.185322  338.623413  0.323358  1.399186      10.859746    299.117065 -190.997238            1.14          1.64   8.926147  0.552652  306.192780
8   -25.414894  13.764785  322.424377  0.331502  1.193428      11.048286    283.584686 -288.672852            1.14          1.64  11.031799  2.217304  351.728638
9   -30.008463   7.573370  335.332550  0.335344  1.440512       9.267109    483.295868 -260.323181            1.14          1.64   8.853415  1.840110  166.818314
10  -37.105690   8.752655  341.641113  0.326817  1.325069      11.299625    357.212891 -234.794205            1.14          1.64   8.310884  1.623519  465.015625
11  -30.172447   9.789410  335.403076  0.341043  1.137082      10.407065    322.457245 -229.344986            1.14          1.64   9.121123  0.622271  530.376587
12  -36.254642  -1.008220  350.540710  0.275365  1.712700      12.129369    318.828430 -295.434357            1.14          1.64   8.599424  2.669432  307.319855
13  -21.035233   4.744095  331.316650  0.322687  1.346714       8.601789    422.479828 -298.867584            1.14          1.64  12.201003  1.757817  149.179123
14  -34.740654   3.255717  334.914215  0.331098  2.296985      12.100980    289.323883 -299.468201            1.14          1.64   9.162921  1.969184  250.164581
15  -32.273266  12.268678  335.211151  0.289858  1.188866      10.205370    437.578094 -287.408508            1.14          1.64   8.537794  2.512696  212.831009
16  -18.774706   6.707918  322.644562  0.338541  1.152411      11.024714    238.771317 -275.310394            1.14          1.64  12.554523  2.151983  308.380432
17  -24.331436   3.430329  334.691498  0.325525  1.358537       9.791848    443.541229 -279.830627            1.14          1.64  10.657846  2.148642  102.188881
18  -31.742384   8.570592  332.087799  0.321024  1.766999      11.859141    295.159882 -276.852936            1.14          1.64   8.725904  0.309032  123.507957
19  -31.079166   9.767033  336.227753  0.348423  1.150451      10.149844    364.527802 -251.958389            1.14          1.64  10.269930  2.878500  379.836304
20  -31.358757  10.185725  335.584259  0.335887  1.311799       9.284519    457.702087 -264.890472            1.14          1.64   9.867686  0.731851  116.356415
21  -19.498989   2.650584  328.518982  0.316072  1.398399      11.586229    230.552673 -270.784271            1.14          1.64  11.162604  2.388448  222.586517
22  -37.607166   4.521343  338.666260  0.349861  2.096653      10.157913    488.043488 -285.518677            1.14          1.64   8.053459  1.930024  212.427933
23  -25.531307   1.784464  345.944244  0.330655  1.029907       9.079054    386.330139 -257.860779            1.14          1.64  10.824141  2.139088  247.958389
24  -29.804485  10.452160  334.581818  0.296488  1.279066      10.590872    342.301788 -286.210663            1.14          1.64   8.912110  1.842698  222.025360
25  -28.112043   0.226652  344.433350  0.338699  1.499089       7.214287    617.086975 -283.065857            1.14          1.64   9.883639  1.586217  143.860641
26  -32.128681  10.224715  333.553833  0.302657  1.354068       9.575213    465.525330 -266.668121            1.14          1.64   9.749440  1.478464  176.375092
27  -11.293091  -1.025772  338.950165  0.344636  1.017841       8.910811    305.489532 -265.901581            1.14          1.64  12.882236  2.472110  320.501709
28  -26.187809  10.577271  331.605194  0.312333  1.060933      11.728637    216.605347 -283.518555            1.14          1.64   9.646424  0.749490  512.038391
29  -13.395774  -3.370495  341.426941  0.329325  1.185631       9.909162    280.291504 -260.356781            1.14          1.64  13.162768  2.851334  315.510315
30  -20.636875   4.086653  333.862152  0.330251  1.142968       9.846121    289.888977 -260.880127            1.14          1.64  11.856452  1.238206  398.442230
31  -35.587219   9.032592  339.672821  0.347503  1.367577       9.660343    417.982056 -257.426971            1.14          1.64   8.944717  0.866296  361.446381
32  -29.383440   3.744459  344.229034  0.331177  1.023664       9.988301    353.432648 -253.261627            1.14          1.64  10.205533  1.817327  347.611328
33  -11.254622  -0.739071  334.379639  0.315518  1.005183       9.984488    291.476196 -267.127319            1.14          1.64  11.957036  1.029533  100.476822
34  -25.433460   2.061679  337.715302  0.330077  1.556950      10.053216    331.797668 -286.459961            1.14          1.64  10.180284  0.881916  185.551193
35  -31.944944   9.619791  338.616333  0.320769  1.027145       9.189013    414.403076 -222.474747            1.14          1.64   9.191175  1.608409  315.342377
36  -27.912937   7.119526  336.683044  0.310264  1.147473      10.922875    304.118103 -243.743591            1.14          1.64   9.248785  1.095624  348.672424
37  -33.035625   7.116093  338.136932  0.345962  1.385767       8.255580    535.500427 -263.626007            1.14          1.64   9.134682  2.044873  245.971924
38  -36.678444   8.875393  343.926910  0.310628  1.037456      12.251151    204.564804 -291.734528            1.14          1.64   9.304091  2.205460  523.336670
39  -23.996178   5.359519  335.496765  0.313560  1.192417       9.814259    343.476868 -294.767975            1.14          1.64  10.789302  0.786342  148.493423
40  -31.661541   8.329807  340.005371  0.270078  1.130422      11.947686    258.929962 -277.975983            1.14          1.64   9.050632  2.903371  379.267944
41  -27.405893   9.264687  332.428436  0.325491  1.181183      10.614199    302.597473 -267.169189            1.14          1.64  10.613194  0.356069  420.406250
42  -24.361877  10.634031  327.781036  0.320707  1.093465      11.056117    233.880753 -274.527649            1.14          1.64  10.050001  1.155605  458.173065
43  -21.271534   3.103769  331.270844  0.320885  1.476698       9.927731    356.674744 -270.604706            1.14          1.64  10.414280  2.804523  153.564316
44  -25.133892   8.494247  331.984314  0.307435  1.105969      11.185748    272.964386 -268.738678            1.14          1.64  10.886039  1.690736  295.555908
45  -28.838560   4.994451  339.397705  0.320779  1.213234      11.324678    273.180023 -239.496796            1.14          1.64  10.059913  1.462746  385.917633
46  -32.092598   4.667710  335.610138  0.328260  1.779159      12.169547    267.762085 -274.585602            1.14          1.64   9.773689  0.318270  421.249878
47  -22.722523  -1.087193  344.130402  0.317321  1.394774      11.209064    208.173676 -286.932220            1.14          1.64  11.067801  0.273189  666.056396
48  -23.802139   2.590158  339.380798  0.299346  1.182053      11.236019    266.151764 -273.545929            1.14          1.64  10.720049  0.331297  260.718842
49  -37.738487   8.382047  337.353851  0.318512  1.911347      11.449347    360.596161 -282.506836            1.14          1.64   8.685557  0.885718  352.721069
50  -22.191814  -1.816636  339.729279  0.341565  1.478017       9.165749    455.383911 -213.083847            1.14          1.64   9.850634  1.900018  118.163231
51  -23.139612   3.852524  338.517670  0.332602  1.064897      10.783722    219.490799 -248.515854            1.14          1.64  10.992523  1.054446  509.005066
52  -39.578369  10.381741  342.255157  0.278685  1.222872      13.033097    323.506958 -289.171692            1.14          1.64   8.785131  0.814725  295.685516
53  -37.709591  12.804336  338.441010  0.298122  1.130766      10.749603    512.141541 -271.425659            1.14          1.64   8.340551  2.083752  179.138382
54  -36.252460   5.647470  342.881989  0.326520  1.339621      11.765060    339.836517 -259.470520            1.14          1.64   8.765415  0.269221  300.941681
55  -26.008102  -3.676528  345.233490  0.338448  1.629457       7.325883    643.790466 -278.846924            1.14          1.64  10.218609  2.919881  203.285614
56  -32.226719   6.423057  342.177124  0.347820  1.108669       7.863389    525.896606 -212.404465            1.14          1.64   8.988158  0.839033  174.269455
57  -33.479534  14.241958  333.323029  0.330581  1.204156      10.004616    410.412933 -274.779633            1.14          1.64   8.603069  2.942581  336.684784
58  -22.326380   6.115901  332.400208  0.327079  1.111633      10.092358    304.649048 -271.466614            1.14          1.64  11.552718  0.635437  336.786438
59  -38.825108  15.309677  336.533142  0.326915  1.276896      11.462206    371.498169 -282.320679            1.14          1.64   9.107725  2.392406  486.953308
60  -32.504059   8.413301  336.074036  0.334531  1.579959       8.840981    491.775574 -277.571533            1.14          1.64   8.535063  2.099812  239.150970
61  -27.462975   8.571094  330.803436  0.324954  1.484682      11.138914    270.478241 -298.982971            1.14          1.64  10.500589  1.261480  428.818573
62  -29.199043   2.220448  340.174011  0.307220  1.606220      10.165527    406.530762 -266.464752            1.14          1.64   9.729471  2.490277  165.497391
63  -34.545528  12.703668  334.234070  0.340689  1.128171      10.477018    384.076843 -197.658493            1.14          1.64   8.176408  1.995288  404.579559
64  -37.436954  11.007811  340.408142  0.285616  1.266214       9.407117    613.942993 -288.090912            1.14          1.64   7.949833  1.634599  155.384338
65  -31.010466   9.951902  332.743225  0.326759  1.463761      11.026896    293.721283 -289.321228            1.14          1.64   9.605340  1.770265  433.692169
66  -33.548195  18.543640  326.411621  0.343178  1.425559      11.368722    345.980408 -291.029419            1.14          1.64   8.562369  2.827859  414.752686
67  -38.919140   3.556350  350.603973  0.294102  1.121522      11.281403    370.816193 -272.206879            1.14          1.64   9.092690  1.781800  426.667938
68  -23.850687   9.919812  327.609131  0.327103  1.049730      10.646562    300.352173 -258.787201            1.14          1.64  10.966047  0.972594  201.044495
69  -26.780306   2.790613  337.025116  0.312041  1.520787      11.676990    256.832642 -256.127228            1.14          1.64   9.431754  1.616907  282.082550
70  -11.368725  -2.429040  335.673615  0.335955  1.112159      10.475392    246.198212 -255.621017            1.14          1.64  14.088971  2.957042  298.737854
71  -22.468727  -3.133821  341.491638  0.346655  1.382066      11.203995    312.196045 -184.475204            1.14          1.64  10.677492  1.764665  137.355621
72  -32.843632  10.422502  330.016907  0.320117  1.654753      12.508277    275.730347 -240.274353            1.14          1.64   8.654403  0.408152  368.490997
73  -38.714054  12.739850  337.303192  0.328369  1.411763      10.382516    427.592438 -289.612000            1.14          1.64   8.512820  1.641713  423.301514
74  -31.532213   1.511200  339.654968  0.335028  1.770935      11.273945    337.082581 -268.993347            1.14          1.64   9.047721  1.389235  165.699966
75  -37.298763   4.846279  342.407898  0.293160  1.885877       9.971283    555.586914 -274.976685            1.14          1.64   8.199751  2.638342  192.298035
76  -16.194386  -3.106516  340.745178  0.341905  1.344444       9.733376    294.094269 -251.938477            1.14          1.64  11.892029  2.403154  256.812714
77  -38.262684  15.246446  331.816803  0.322159  1.749668      13.348336    230.326370 -282.475952            1.14          1.64   7.567181  2.393929  481.821472
78  -28.980417   5.817838  333.486420  0.349696  1.596460      10.273612    328.901886 -278.122223            1.14          1.64  10.575884  0.912580  336.358582
79  -37.391659  17.187134  333.180511  0.287401  1.193972      12.381842    343.942993 -275.471741            1.14          1.64   8.151350  2.071291  382.730316
80  -26.649828   3.588687  335.490234  0.322315  1.512057       9.948686    423.799500 -264.504730            1.14          1.64   9.288798  1.858233  115.525810
81  -14.358706  -1.426204  331.410858  0.336313  1.287243      11.066026    238.947968 -254.584808            1.14          1.64  11.919632  0.975277  191.944656
82  -33.660465   8.869118  337.931732  0.322425  1.634479       8.167778    644.277649 -291.238922            1.14          1.64   8.440358  2.615231  221.803894
83  -22.960062   7.077879  328.811798  0.316427  1.362161      11.334422    235.602661 -288.697205            1.14          1.64  10.239192  1.793615  345.356140
84  -24.589298   3.076101  337.041473  0.348125  1.283182      10.140728    307.043152 -240.073425            1.14          1.64  10.969417  0.656691  414.045990
85  -24.180552   4.228566  338.816925  0.328204  1.154726       9.880552    298.339264 -274.247314            1.14          1.64  10.617956  2.447833  384.553162
86  -35.008926   3.872224  343.041931  0.306496  1.618572      11.154480    345.803284 -250.617859            1.14          1.64   8.703060  0.362005  437.664093
87  -30.541046   1.736834  343.055878  0.347675  1.417882       9.258941    391.756378 -219.121902            1.14          1.64   9.542005  0.291998  403.107300
88  -19.732241   9.876953  317.414886  0.343543  1.341875       8.542268    435.442749 -294.820923            1.14          1.64  11.243005  1.613248  142.717621
89  -26.909584  -3.720104  349.252136  0.326083  1.591987       8.649193    495.832733 -256.603394            1.14          1.64   9.246809  1.645233  134.237030
90  -23.057398   7.760085  326.165588  0.306567  1.313162       9.930785    409.158417 -277.024414            1.14          1.64  10.152381  2.368385  128.661957
91  -19.179346   3.455173  335.745972  0.335772  1.024599       9.849034    296.863281 -298.980377            1.14          1.64  13.027440  1.738797  329.999695
92  -27.770525  11.216739  327.752441  0.347065  1.307159      10.469502    315.600220 -281.024719            1.14          1.64  10.256517  2.622051  381.036987
93  -29.006586   2.751066  338.133423  0.332367  1.517978       9.786132    469.106323 -252.271210            1.14          1.64  10.047827  1.904579  122.232277
94  -13.430615   0.766480  330.717285  0.324006  1.091593       9.489038    335.317596 -287.105530            1.14          1.64  12.738093  1.548890  133.122879
95  -31.531160  -1.918954  345.719147  0.323567  1.776784       9.836314    436.881989 -253.781769            1.14          1.64   8.645610  2.058887  181.984818
96  -24.150507  11.212600  325.224030  0.322234  1.140326      10.979726    286.773224 -265.193420            1.14          1.64  10.523925  1.878403  236.607697
97  -39.060600  13.743164  339.856415  0.313006  1.088993       9.137325    570.502136 -294.538849            1.14          1.64   8.943826  2.324474  309.811218
98  -28.360079  10.373365  333.230011  0.311150  1.058049       9.035884    503.646484 -286.423309            1.14          1.64  11.211344  2.424746  175.290665
99  -33.035919   9.751343  333.873413  0.328128  1.427327      12.153369    309.813568 -238.952286            1.14          1.64   8.493368  1.028363  198.859833
100 -30.163290   3.970054  342.893036  0.346289  1.308818       9.822437    320.470551 -263.865387            1.14          1.64  10.146475  1.063076  539.577698
101 -28.293722   0.883308  348.062805  0.328181  1.190978       8.104414    454.464020 -262.179993            1.14          1.64  10.134993  0.798533  188.225464
102 -23.259604  15.473316  320.974396  0.335839  1.003624      10.321621    264.791138 -297.546387            1.14          1.64  10.218426  0.596364  577.520020
103 -37.374947   7.749038  342.999115  0.311594  1.261999      10.968716    371.863922 -258.038513            1.14          1.64   8.599833  1.277711  417.066040
104 -30.179529  -0.430336  343.932281  0.327823  1.668263      11.236337    299.551147 -256.580292            1.14          1.64   9.690677  1.359444  277.271759
105 -21.179693  -3.583564  352.527283  0.286231  1.268805      11.029028    218.345169 -286.722900            1.14          1.64  11.385260  1.676543  420.248627
106 -18.956762   3.476273  334.499084  0.342635  1.052969       8.697783    389.719635 -275.924591            1.14          1.64  12.268909  0.905486  124.569359
107 -34.928471  19.172400  329.062012  0.320434  1.178961      12.395050    252.756653 -297.584930            1.14          1.64   8.880940  1.232969  573.406494
108 -22.711597   3.594274  327.815338  0.347252  1.597505      10.236009    290.369537 -256.634186            1.14          1.64  11.424218  2.119379  268.827667
109 -17.248842  -3.852390  349.211700  0.333823  1.135410       9.497606    319.666992 -228.987259            1.14          1.64  10.743864  0.586005  213.298615
110 -39.254215   9.098918  340.548767  0.342125  1.508982       9.820127    445.082062 -219.158798            1.14          1.64   8.313594  0.375393  548.940857
111 -21.031733   3.906540  335.322723  0.312294  1.133992       9.891425    323.014313 -276.510498            1.14          1.64  11.148351  1.359004  170.098083
112 -26.412777   3.852342  336.293640  0.337365  1.454719       9.084138    439.126312 -285.805420            1.14          1.64  10.974494  1.322569  131.448135
113 -25.833668   1.875244  330.973358  0.347876  1.827141      11.747883    243.489975 -274.749359            1.14          1.64  11.158476  0.225088  384.639496
114 -21.278362   7.500097  327.451508  0.348917  1.165802       9.566147    319.192413 -290.963593            1.14          1.64  12.841674  0.730376  257.007263
115 -19.579254   5.713277  324.848999  0.344950  1.301407      10.147140    286.723511 -291.995117            1.14          1.64  11.878800  1.551779  233.227493
116 -24.585711   1.207114  336.723816  0.341736  1.529339      10.286969    307.487335 -232.447708            1.14          1.64  10.354651  1.563942  239.404663
117 -29.422050   8.396466  326.646332  0.346210  1.687542      10.802429    362.160645 -229.141724            1.14          1.64   9.160890  2.404361  189.830658
118 -11.235672  -4.650035  338.431763  0.346593  1.356781      10.337621    226.412613 -297.497253            1.14          1.64  13.714492  1.960721  380.151184
119 -18.399218   2.346756  337.266479  0.324791  1.083736      10.898463    205.149292 -266.684967            1.14          1.64  11.516910  0.906221  463.491760
120 -24.222197   2.883703  342.174377  0.328234  1.106094       9.648192    327.873779 -263.325378            1.14          1.64  11.355578  0.332779  355.775269
121 -32.411366   9.783566  338.698730  0.303511  1.149656      10.462392    353.817322 -252.984589            1.14          1.64   8.884285  2.154627  393.090210
122 -25.605379   0.630421  344.912598  0.337298  1.189024      10.025931    324.278534 -249.557281            1.14          1.64  10.485404  2.662940  345.028564
123 -30.929222  -0.779619  339.887329  0.346553  1.881843      11.158055    361.599670 -270.949188            1.14          1.64   9.163461  1.991904  148.612579
124 -14.415456  -0.017582  331.842651  0.319966  1.240635      10.592500    244.758499 -291.463562            1.14          1.64  13.047218  1.594126  273.597168
125 -33.631413   9.635793  336.706512  0.329000  1.654168       9.994853    392.468384 -286.106201            1.14          1.64   8.390036  0.972188  268.699524
126 -27.885042   5.559568  333.387878  0.322291  1.493308      11.012273    289.922882 -245.977280            1.14          1.64   9.646272  1.234822  371.511475
127 -33.799477   6.167514  335.727692  0.336577  1.760412      10.916058    348.125092 -253.993729            1.14          1.64   8.485268  1.097279  247.218689
128 -27.519999   1.924074  331.308929  0.345695  1.901829      11.579710    267.099854 -253.786499            1.14          1.64  10.396599  1.565641  207.194412
129 -30.225857   5.075645  339.640533  0.313084  1.409335       9.969510    359.181122 -256.217499            1.14          1.64   9.632399  2.652816  333.907867
130 -38.164307  11.202706  340.210114  0.325426  1.119503      13.098713    267.234344 -239.863113            1.14          1.64   8.246387  0.757204  568.917419
131 -36.701675  16.105778  335.234863  0.335633  1.127524      10.210844    430.939972 -288.287537            1.14          1.64   8.749385  0.278719  376.365265
132 -34.169960   0.122819  347.990204  0.289168  1.522095      10.627511    398.627960 -251.956650            1.14          1.64   8.996852  2.492082  229.209518
133 -27.967119   7.877901  334.919281  0.347182  1.217635      10.764151    312.388794 -290.054352            1.14          1.64  10.608532  1.602937  315.431732
134 -29.504440   0.892623  341.738495  0.328412  1.710544       9.576081    423.926300 -295.000641            1.14          1.64  10.093769  2.365541  202.185532
135 -16.651344  -1.737368  339.486328  0.314255  1.372851      10.563675    232.336990 -287.441559            1.14          1.64  12.395916  1.162763  392.171295
136 -35.485962  16.801733  333.522705  0.298671  1.115468      11.225956    370.767914 -267.236267            1.14          1.64   8.037536  0.874233  379.959717
137 -35.108166   8.837146  334.366455  0.330351  1.666225      10.817419    421.246338 -291.964630            1.14          1.64   8.331478  1.560298  186.167587
138 -22.432877  -2.422580  349.640015  0.340751  1.082667       8.990458    437.863892 -189.600861            1.14          1.64   9.888875  1.145876  100.568855
139 -27.854006   9.219024  336.094147  0.332145  1.095865      11.211958    206.591095 -280.683350            1.14          1.64  10.750187  2.173527  476.723572
140 -27.074768   2.153488  343.062164  0.294106  1.234489      12.098222    228.435272 -234.842865            1.14          1.64   8.987470  1.263704  383.036407
141 -36.055313  14.472020  336.409485  0.328970  1.017636       7.301439    712.503540 -227.616776            1.14          1.64   8.731122  1.547142  221.637726
142 -25.291092   2.981464  335.835815  0.294284  1.627265      11.606477    240.622086 -299.923309            1.14          1.64  10.872986  1.824208  306.670288
143 -28.182594  17.093916  322.954041  0.312091  1.164459       7.836170    662.486572 -228.652740            1.14          1.64   8.443016  1.584188  111.830711
144 -24.248985  -2.593556  346.301300  0.341740  1.299681      10.323140    318.290131 -201.581329            1.14          1.64  10.285336  2.606349  268.770294
145 -23.238174   4.749504  332.325714  0.343384  1.273785       9.341214    353.460907 -246.481033            1.14          1.64  10.330416  0.839056  217.581406
146 -18.270735   1.257498  330.623383  0.314879  1.385623       9.303143    414.836517 -279.945801            1.14          1.64  11.794201  2.009528  101.326561
147 -28.758463   6.553604  338.847198  0.298293  1.080434      10.995126    346.772858 -208.724792            1.14          1.64   8.668818  2.932866  195.737885
148 -36.687431   8.567811  340.449219  0.308773  1.527880      10.474309    384.894897 -286.787048            1.14          1.64   7.854217  0.784999  409.784973
149 -31.028971   2.632048  343.198242  0.343325  1.333656       7.470284    594.498291 -207.305359            1.14          1.64   9.563185  2.252762  240.574631
150 -22.113556  10.745829  324.252075  0.332097  1.078973      10.323347    294.481659 -296.385010            1.14          1.64  12.582091  1.030714  335.744080
151  -7.729380  -2.994163  332.805481  0.342581  1.030682       8.982314    353.155090 -277.945282            1.14          1.64  13.626120  1.634164  127.857246
152 -32.459343  11.399677  334.591431  0.316059  1.256501      10.850220    347.984070 -256.101624            1.14          1.64   8.790410  0.245859  445.104095
153 -26.382780   5.077645  336.070129  0.315171  1.414111       9.833362    382.971191 -291.043518            1.14          1.64  10.619951  2.864712  208.544174
154 -32.592762  12.512342  331.876221  0.338875  1.315793      10.033893    380.212097 -265.505524            1.14          1.64   8.915988  1.014408  421.144073
155 -28.937897   4.168159  341.514496  0.323614  1.258131      10.608234    292.761353 -259.389038            1.14          1.64   9.917987  1.810675  430.713989
156 -20.798815   5.475249  333.341248  0.333914  1.128740       9.789727    309.329620 -271.558258            1.14          1.64  11.134980  2.554926  268.430115
157 -34.962280  -0.895170  355.466553  0.284009  1.076872       9.766733    336.759399 -269.559692            1.14          1.64   9.809190  0.684963  685.116638
158 -18.196598   1.553476  333.589294  0.320740  1.312810      10.537343    256.155640 -289.087341            1.14          1.64  12.431125  1.123888  316.397461
159 -27.609520   8.847422  333.561188  0.316172  1.360303      10.184696    363.800323 -285.020966            1.14          1.64   8.860971  1.464933  167.112030
160 -35.683834  12.068836  338.642090  0.345876  1.072916       9.141282    451.611877 -229.161896            1.14          1.64   8.948944  1.368961  385.567627
161 -31.458952   5.395370  339.692291  0.269012  1.521497      11.303864    392.577332 -245.176788            1.14          1.64   8.408626  2.415283  132.409241
162 -38.587105   8.672956  339.522827  0.335516  1.534978      10.863953    417.703033 -271.885742            1.14          1.64   8.444059  1.022892  264.145935
163 -17.994619  -1.088044  334.596680  0.343289  1.439819       9.418927    393.112091 -284.042603            1.14          1.64  12.392117  2.150535  128.143631
164 -38.279793   4.307893  343.940643  0.348882  1.517237      10.501436    413.727142 -226.566849            1.14          1.64   7.745353  0.343641  494.085724
165 -22.692387  -3.194043  338.720428  0.339917  1.690368      12.051011    211.031128 -210.318909            1.14          1.64   9.440378  1.266109  335.443024
166 -35.576874  11.871679  337.765350  0.318175  1.186473      11.454701    348.060150 -296.860992            1.14          1.64   9.399147  2.802394  401.915375
167 -29.657866   6.501874  337.453522  0.341481  1.266173      10.874296    287.045990 -217.536453            1.14          1.64   9.669870  0.398086  597.863342
168 -36.278545   2.422632  345.594208  0.343569  1.762023       9.071187    539.052795 -260.140594            1.14          1.64   8.693132  2.278628  234.792313
169 -14.690480  -2.740264  334.639160  0.339439  1.380881       8.958983    341.964020 -257.895355            1.14          1.64  12.400576  0.676300  131.354507
170 -32.306137   8.943189  340.009979  0.292673  1.144133      11.429331    292.483734 -238.705780            1.14          1.64   8.830363  2.972174  403.739197
171 -12.792672  -2.932499  337.470947  0.328290  1.248500      10.690339    245.290131 -292.817780            1.14          1.64  14.072774  2.309177  250.022034
172 -38.284111   9.359345  340.484406  0.339965  1.495418       7.209768    681.170044 -282.018677            1.14          1.64   8.152205  1.417012  235.562088
173 -22.190319   9.510275  324.602539  0.346506  1.258041       8.710042    411.116516 -282.711060            1.14          1.64  10.586637  0.964958  118.755348
174 -20.947554   3.637162  334.753357  0.324986  1.225989      10.042086    279.317383 -245.036972            1.14          1.64   9.847050  2.540343  349.714569
175 -27.725351   9.890893  330.185272  0.281764  1.452517      11.235826    298.641693 -294.045685            1.14          1.64   9.946529  1.278087  174.112000
176 -26.000521  -0.097881  346.047455  0.335107  1.197622       7.548021    604.742981 -207.329224            1.14          1.64  10.478517  1.871786  153.625671
177 -34.266335  16.009306  332.421722  0.287046  1.132856      12.117085    265.670441 -285.415588            1.14          1.64   8.932816  2.556077  461.789490
178 -26.924864   4.562434  334.690765  0.320280  1.437148      11.512210    291.902252 -239.394806            1.14          1.64  10.242953  2.148830  161.547714
179 -37.645260   3.021765  336.468994  0.331552  2.214350      13.932052    234.352982 -256.121704            1.14          1.64   8.749316  2.852287  316.233398
180 -22.920263   1.320298  338.105469  0.289799  1.538450      11.313272    234.629120 -285.935730            1.14          1.64  10.394352  1.972408  327.229126
181 -31.948971   5.304965  332.545441  0.325477  1.842571      13.383512    228.054291 -287.233246            1.14          1.64   9.420643  2.717753  263.901978
182 -29.807301   3.304395  344.833038  0.304132  1.146505      10.656631    322.541473 -207.223663            1.14          1.64   8.624692  1.373481  369.672546
183 -26.073740  14.790422  324.726044  0.321169  1.067123      10.751752    274.892426 -258.046326            1.14          1.64  10.154292  0.239545  697.224121
184 -30.980713   2.227210  338.627319  0.345814  1.650254      10.516139    365.172821 -204.194687            1.14          1.64   9.341338  1.329536  195.958694
185 -19.020641   2.437131  334.035156  0.346070  1.130558       9.658723    296.260468 -245.945831            1.14          1.64  11.056074  0.962568  416.070435
186 -38.014214   7.485990  334.528534  0.335735  2.096291      11.085939    468.178619 -262.968475            1.14          1.64   8.572629  2.028379  167.310349
187 -34.018234  10.101214  334.151886  0.345218  1.486678      10.805467    390.986115 -248.557297            1.14          1.64   8.867738  1.618780  204.571426
188 -31.902634   4.889868  336.200012  0.346654  1.726135      12.222082    219.744431 -282.102173            1.14          1.64   9.897387  2.280396  412.215454
189 -27.187294  -0.547858  345.815613  0.321128  1.307615      11.402225    271.986389 -236.413849            1.14          1.64   9.955602  0.248351  456.014191
190 -33.763668  10.612583  335.317810  0.342541  1.337316      10.308655    375.950104 -276.342346            1.14          1.64   9.380780  1.043404  323.515320
191 -35.794327   8.291567  335.776398  0.311560  1.778947      10.317508    559.185120 -290.398438            1.14          1.64   8.393265  1.756162  100.589790
192 -19.418053   6.629765  327.766541  0.340401  1.013984      10.657557    225.538498 -239.452133            1.14          1.64  10.490873  1.441890  440.144043
193 -34.827362  10.485111  334.080231  0.314310  1.595594      12.239350    305.434448 -262.436066            1.14          1.64   8.253118  2.156355  268.639404
194 -33.844372   7.580658  338.976898  0.343769  1.341161       9.000039    436.000977 -265.811462            1.14          1.64   9.450369  0.649771  311.299622
195 -19.736010  -2.998650  343.329529  0.341663  1.357479       9.775865    334.908783 -260.694092            1.14          1.64  12.069242  1.631192  166.036911
196 -35.754772  15.880825  333.946381  0.338591  1.089162       8.880489    465.998138 -254.673996            1.14          1.64   8.736617  0.243848  423.106567
197 -36.029133  16.078867  331.467987  0.322145  1.224918      12.410374    324.231476 -266.922607            1.14          1.64   8.954986  0.434603  424.460541
198 -15.871384   4.850078  324.742126  0.344494  1.040726       9.494307    336.359650 -281.054962            1.14          1.64  12.964680  2.609339  196.742523
199 -24.522068   3.326705  335.376190  0.334593  1.318151      10.718087    287.652252 -253.066330            1.14          1.64  10.069544  1.086817  267.362915
200 -30.244831   6.332204  336.716339  0.326479  1.351043      11.146535    323.246613 -233.813828            1.14          1.64   9.461881  2.479274  231.381897
201 -33.485126   5.997458  334.663513  0.349160  1.708770      11.768553    278.727814 -261.617035            1.14          1.64   8.992324  1.666708  447.074860
202 -34.505825   9.780354  334.388458  0.346219  1.468773      11.080142    359.233887 -233.137177            1.14          1.64   9.038126  2.959561  292.942841
203 -27.276392   6.393909  334.320679  0.327157  1.353280      10.439355    340.505920 -274.236115            1.14          1.64  10.653545  1.835971  205.424988
204 -36.738655  13.928373  335.362610  0.344976  1.329472       8.354702    565.855835 -278.527618            1.14          1.64   8.619723  0.893245  213.909454
205 -20.991079   8.607904  326.773773  0.314154  1.126160      10.344818    267.991516 -279.036346            1.14          1.64  11.786139  0.466451  467.644562
206 -33.218929   8.866380  338.284637  0.330250  1.533085       7.973924    615.618164 -296.655396            1.14          1.64   8.583903  1.529807  154.786819
207 -27.016033   1.311226  334.244568  0.344131  1.753071      10.365710    384.989349 -252.690613            1.14          1.64  10.222306  2.777248  163.137741
208 -29.461622   6.120307  334.967407  0.324512  1.548973       9.593977    443.967865 -275.599396            1.14          1.64  10.095634  2.293659  186.131546
209 -25.525826  -0.995427  339.360840  0.346437  1.662758      10.590464    256.077545 -256.294434            1.14          1.64  10.011408  1.036383  491.358917
210 -31.723139   3.760741  344.804535  0.292840  1.210067       9.378146    531.144226 -259.909943            1.14          1.64   9.538847  2.626640  174.786346
211 -32.166599  12.367446  334.033752  0.292717  1.263887      10.486054    351.570435 -291.221252            1.14          1.64   9.021146  1.035392  425.973267
212 -31.320549   7.990869  339.453369  0.334674  1.090382       7.772002    600.133423 -254.528168            1.14          1.64   8.426071  1.203422  129.482117
213 -34.094261  10.090450  339.449799  0.342315  1.104966      10.765964    331.203278 -247.110275            1.14          1.64   9.359562  2.654349  475.711670
214 -26.421089   7.074863  331.074738  0.326122  1.536976      10.497695    331.226501 -279.810699            1.14          1.64  10.172299  1.814120  175.569717
215 -26.941040   6.253139  338.102539  0.337968  1.161625      10.479153    271.908386 -244.844437            1.14          1.64  10.211538  0.509306  598.322388
216 -27.298853  11.634152  327.407440  0.343229  1.392786       6.768284    707.911072 -293.918762            1.14          1.64   9.889621  2.305594  184.368042
217 -37.491520   4.408039  342.180084  0.327801  1.910396       8.400247    630.356995 -241.073105            1.14          1.64   7.857894  1.290787  145.547226
218 -38.957142   6.591834  344.971161  0.291637  1.261453      11.310404    389.132141 -236.597351            1.14          1.64   8.364491  0.205045  243.544815
219 -28.547827  15.158699  327.558685  0.300096  1.175709      11.219782    309.903809 -298.953705            1.14          1.64   9.605093  0.430092  300.466522
220 -27.569510   7.690923  336.499664  0.341024  1.097250      10.375442    310.006104 -247.229172            1.14          1.64   8.716891  0.387253  537.856750
221 -30.762529  11.265773  333.379486  0.326839  1.236360      10.891124    327.738312 -283.897858            1.14          1.64   9.422647  2.668721  272.078949
222 -31.543287   2.620069  347.033081  0.340378  1.117150       8.928428    484.878235 -242.727295            1.14          1.64  10.517901  1.331913  182.797287
223 -31.568678  13.515233  332.905212  0.307015  1.072578      10.386353    376.010956 -245.453201            1.14          1.64   8.853269  1.734707  261.206055
224 -25.763123   3.572621  343.680939  0.266168  1.027412      10.452957    299.932556 -253.550949            1.14          1.64   8.961959  2.200575  290.792938
225 -14.306489   0.874228  330.087463  0.346207  1.100737      10.232743    216.100861 -258.876984            1.14          1.64  12.879294  1.724804  444.635712
226 -32.625488   5.794483  340.475891  0.325779  1.263115      10.291963    362.603241 -206.344437            1.14          1.64   8.475691  1.009206  387.964966
227 -27.390738   3.736489  335.602295  0.334951  1.577546      10.069493    366.560608 -263.774658            1.14          1.64   9.449731  1.364870  163.706833
228 -29.299419  17.192120  325.478271  0.345807  1.034629       9.425513    457.350677 -272.035004            1.14          1.64   9.668825  0.772416  126.863464
229 -23.356705   4.106465  337.836945  0.336982  1.151335       9.125567    342.531555 -289.163300            1.14          1.64  11.290234  1.634918  363.189850
230 -35.199829  15.898826  332.592834  0.330949  1.077372      11.433623    292.951996 -260.844543            1.14          1.64   8.850108  1.839203  554.622314
231 -27.810478   3.305530  339.298248  0.333465  1.461771       9.894414    335.567322 -288.004028            1.14          1.64  10.113858  2.655612  316.923279
232 -27.725887   5.807486  333.874878  0.328104  1.608525      10.975865    273.027191 -284.690125            1.14          1.64  10.104096  1.602664  399.813293
233 -26.302874   1.802667  340.794464  0.336270  1.486661      10.045745    363.940521 -270.568481            1.14          1.64  10.017910  1.980409  180.958389
234 -23.603537   2.817765  335.825409  0.328771  1.348855      10.917125    259.691162 -249.419510            1.14          1.64  10.352927  1.449674  373.996216
235 -12.326251  -0.990644  333.034973  0.349039  1.081608       9.887897    270.809875 -296.063232            1.14          1.64  14.035071  0.710298  322.026245
236 -24.544510  -0.799232  348.686707  0.344768  1.200445       7.370371    486.379791 -247.725555            1.14          1.64  10.959841  2.072065  256.576752
237 -31.819654  13.898505  331.258972  0.337580  1.064387       9.069615    533.927856 -249.989166            1.14          1.64   9.139757  2.598012  226.751450
238 -35.782280   0.042451  345.671326  0.348067  1.770632       9.806529    403.280914 -247.138123            1.14          1.64   9.017260  0.749874  465.322205
239 -29.526264   6.955479  335.470612  0.305898  1.420457      12.594687    243.361969 -270.950684            1.14          1.64  10.392692  2.178760  234.408585
240 -31.456516  18.558695  325.814240  0.314614  1.162939      11.058776    346.670135 -268.218567            1.14          1.64   8.971624  0.971749  336.772308
241 -24.783264   5.055871  331.168701  0.344079  1.523979      10.382349    293.532318 -261.614349            1.14          1.64   9.687984  0.480111  306.019257
242 -18.051641   4.850124  326.859924  0.315065  1.168955      10.681984    251.523819 -276.175110            1.14          1.64  11.526345  2.384815  316.706665
243 -17.932125   4.007679  329.748413  0.325993  1.198511       9.821115    311.225647 -292.385712            1.14          1.64  12.427941  2.012695  188.522415
244 -31.235727   9.366307  334.397461  0.345949  1.541355       9.202461    474.677490 -277.357391            1.14          1.64   9.574100  2.058854  209.112625
245 -20.029341   5.812242  328.365417  0.323704  1.175416      10.865351    265.766632 -272.208466            1.14          1.64  11.500635  1.868958  200.807739
246 -26.072121   5.678608  340.636963  0.276088  1.063737       8.760578    514.520264 -294.600616            1.14          1.64  10.465654  2.735015  169.365814
247 -12.278693  -1.497983  340.365723  0.310627  1.042537       9.868985    283.611481 -263.179749            1.14          1.64  12.895502  2.344337  216.714432
248 -35.571800   7.255157  340.424164  0.349901  1.359382      10.506363    292.904053 -227.111694            1.14          1.64   9.215318  2.704037  548.600525
249 -36.167027   3.883070  344.341431  0.335907  1.490934      10.003004    449.310455 -199.218033            1.14          1.64   8.747095  2.593601  275.089722
250 -39.856567   3.561844  343.773346  0.345888  1.978100      12.121896    334.155334 -289.460663            1.14          1.64   7.953904  1.165061  476.871399
251 -34.313953   5.436820  344.910645  0.289151  1.176564      10.503438    431.763702 -246.874207            1.14          1.64   9.311393  2.681908  218.236298
252 -15.689828   0.333620  332.930420  0.332735  1.142892      11.047960    234.720810 -291.225494            1.14          1.64  12.920226  1.804041  323.411469
253 -37.785580  17.125599  335.069550  0.302436  1.139087      10.913332    411.188141 -289.814819            1.14          1.64   8.253076  0.753137  303.033142
254 -33.549000   8.212246  339.743561  0.277724  1.416636      12.610444    248.101532 -277.633331            1.14          1.64   8.500382  2.866504  359.897705
255 -11.995790  -3.283730  345.247681  0.337770  1.099209       9.257556    295.340240 -277.837372            1.14          1.64  14.627022  2.366865  325.671631
256 -39.142258   8.728251  344.235657  0.304925  1.232708      10.978308    378.122467 -285.931763            1.14          1.64   8.944699  1.721545  491.466461
257 -36.522446  -0.493526  345.423859  0.344011  1.940259      10.650592    364.099335 -263.604706            1.14          1.64   8.567117  0.550332  496.177734
258 -18.058128   3.605621  329.812592  0.339117  1.214234      10.188946    267.974762 -276.398804            1.14          1.64  12.413451  1.338634  350.399048
259 -21.768557   2.011100  340.074982  0.318229  1.139426      10.187276    313.665375 -263.169586            1.14          1.64  11.830401  1.300659  180.075317
260 -18.155157   0.649647  329.607330  0.334015  1.488225       8.657211    441.274719 -282.322052            1.14          1.64  11.932794  1.930269  115.019447
261 -37.271667   9.349426  338.173340  0.338484  1.547448      11.759284    322.570190 -256.382935            1.14          1.64   7.928021  0.975511  500.320282
262 -18.519344   3.369213  325.401398  0.323652  1.448128      10.744922    242.230225 -281.208130            1.14          1.64  10.702178  1.611012  341.485168
263 -36.634937   9.274211  340.582245  0.331377  1.126045      10.385749    403.392761 -225.571320            1.14          1.64   8.327282  0.308903  308.114624
264 -23.828899   4.305640  331.530792  0.347267  1.292954      11.679687    232.591782 -245.866257            1.14          1.64  11.220099  0.486491  465.797424
265 -33.207203  10.981652  332.629211  0.343497  1.633829      10.221421    365.870453 -267.296326            1.14          1.64   9.429301  0.207940  440.021179
266 -31.320589   5.036092  337.830811  0.338416  1.544753       7.062568    753.314636 -248.816833            1.14          1.64   8.988797  2.800899  213.466385
267 -37.182709  13.832971  335.686584  0.310832  1.331966      11.056522    461.884644 -230.202179            1.14          1.64   8.298388  2.206877  210.572815
268 -39.674854   3.594939  348.696899  0.308281  1.035401      11.285645    399.908966 -170.656693            1.14          1.64   7.668236  0.928940  488.748169
269 -31.967041   2.259047  350.755219  0.284883  1.004147       9.686826    408.118164 -244.494492            1.14          1.64   9.942860  1.718979  238.420654
270 -21.522078   3.194191  337.678375  0.342348  1.002306      11.431864    207.685242 -236.760666            1.14          1.64  10.690461  1.765789  404.149048
271 -27.944307  13.650166  325.549652  0.329477  1.271994      10.895304    327.487305 -279.890747            1.14          1.64  10.576636  2.037507  236.676010
272 -31.688648   9.960926  334.471313  0.340288  1.310326      10.551500    313.464844 -234.374649            1.14          1.64   9.074992  1.115871  523.851807
273 -35.408073  10.978608  336.077026  0.327283  1.326835      10.910863    386.315765 -254.265198            1.14          1.64   8.514229  0.775201  242.882950
274 -31.620525  -1.917825  339.953430  0.345177  2.070217      11.773127    281.032837 -247.557373            1.14          1.64   8.849669  1.549049  229.976913
275 -36.787766  12.017652  338.257843  0.300346  1.234738      12.815209    233.194763 -280.588440            1.14          1.64   8.967159  1.359433  530.693298
276 -17.978817   3.173367  328.136169  0.336801  1.254751       7.547986    624.881958 -294.578217            1.14          1.64  12.241919  2.251178  105.441589
277 -30.705444   6.777820  339.999481  0.314154  1.113685       9.034252    505.178070 -244.666748            1.14          1.64   9.458174  2.170411  187.070419
278 -29.775394   5.702877  336.834076  0.343556  1.526044      11.433732    205.562088 -258.451904            1.14          1.64   9.524027  1.338928  519.255432
279 -15.501332   1.794036  334.188995  0.325892  1.068132       7.705472    543.535767 -299.997345            1.14          1.64  12.967988  2.376991  122.123322
280 -32.507000   8.042944  334.546356  0.337373  1.542419       9.242262    440.083282 -263.275757            1.14          1.64   9.070312  0.687520  170.441864
281 -27.867861  12.369249  327.102386  0.320320  1.358632       8.041156    601.586121 -241.345642            1.14          1.64   9.135492  2.146229  160.950455
282 -30.950220  -0.287775  347.123230  0.308441  1.294124      11.207109    371.538208 -219.014359            1.14          1.64   8.715834  2.110798  163.368652
283 -30.530432   1.261353  341.678955  0.346380  1.544688      11.312541    279.998779 -229.085281            1.14          1.64   9.650900  0.870471  466.031799
284 -35.807217  11.157589  338.475952  0.323848  1.280563       9.034612    441.549377 -298.621674            1.14          1.64   9.634511  0.833655  495.411346
285 -34.349621   1.567354  345.470001  0.349430  1.426889      10.480957    360.245483 -226.544708            1.14          1.64   8.570788  1.070362  454.818359
286 -23.119324   7.787274  331.552704  0.275898  1.065065      11.952909    229.237930 -294.992126            1.14          1.64  11.558338  0.502644  197.488907
287 -39.308285  13.368434  335.611359  0.319818  1.640107      11.068790    404.101685 -299.262634            1.14          1.64   8.336797  1.476917  457.361908
288 -28.872429   7.624851  335.066406  0.313064  1.303709       9.607384    508.484009 -279.598846            1.14          1.64   9.933455  2.501666  142.850601
289 -33.163746   4.874938  343.622986  0.315365  1.221975      10.697094    359.822052 -230.442307            1.14          1.64   9.479179  1.128883  235.404663
290 -25.796997  -4.207273  348.307373  0.345755  1.638543      10.325508    310.704926 -258.768677            1.14          1.64  10.518090  1.410643  323.918304
291 -37.034489  17.476210  333.045807  0.340156  1.112127       9.755150    460.208038 -242.520187            1.14          1.64   8.368823  2.161712  365.854553
292 -24.759792   3.266395  337.064148  0.321096  1.305414       8.628225    474.748016 -227.569000            1.14          1.64   9.576838  2.192672  180.735489
293 -19.707113   6.548826  326.243073  0.330730  1.105980      10.562062    291.593262 -266.590851            1.14          1.64  11.635717  1.043251  140.575119
294 -30.169746   2.091191  347.802856  0.335619  1.075181       9.682734    349.960052 -252.344971            1.14          1.64   9.988419  1.900522  471.655457
295 -14.721989   0.117123  333.869507  0.330233  1.140142       9.784714    284.711578 -275.587189            1.14          1.64  12.305402  2.538112  247.075836
296 -33.883953   6.225197  341.495850  0.342076  1.238519       8.840188    520.400696 -206.987274            1.14          1.64   8.502283  1.037951  145.802948
297 -34.193192  15.186018  331.533905  0.321568  1.249442      11.681764    318.900757 -265.646088            1.14          1.64   9.489760  2.185305  438.305359
298 -27.794687  12.379617  328.466797  0.321156  1.197738       9.874156    409.297333 -278.145294            1.14          1.64  10.125177  1.168805  135.287979
299 -22.084129   6.177676  334.164307  0.315837  1.079588      10.249751    263.093628 -278.858459            1.14          1.64  10.722595  1.591233  423.602692
300 -35.348499  10.628702  334.796936  0.322899  1.521586      11.934275    343.963409 -239.431396            1.14          1.64   8.831962  0.681139  154.270950
301 -26.028612   6.495370  335.029388  0.303183  1.174894       9.164864    473.115845 -217.083572            1.14          1.64   9.341041  2.777678  185.789215
302 -30.789509   7.731707  337.448914  0.339556  1.114414       8.801279    502.917572 -215.600723            1.14          1.64   9.330780  2.373783  253.317032
303 -27.679573   5.866165  336.364166  0.300067  1.271097       9.429193    541.016663 -244.950943            1.14          1.64   9.180661  2.951195  143.031631
304 -26.678179   2.294275  339.979095  0.335492  1.383189      11.741931    242.647186 -248.820206            1.14          1.64  10.771743  2.645089  329.352844
305 -24.217714  12.881412  325.075165  0.322835  1.024845      10.452268    306.443390 -285.386536            1.14          1.64  10.732547  2.823356  341.029083
306 -27.628817  10.764743  330.090881  0.292778  1.213666      12.198350    248.040451 -277.082062            1.14          1.64  10.036922  1.524439  241.517136
307 -38.820759  10.108788  342.658630  0.335367  1.216035      10.506603    422.215912 -244.526688            1.14          1.64   8.339469  1.780926  366.399109
308 -21.686262   3.464976  337.365387  0.345682  1.045215       9.528827    316.202637 -216.734009            1.14          1.64  11.211484  1.177309  354.190857
309 -33.242325   9.677260  332.416809  0.317803  1.746086      11.362484    345.128601 -291.845276            1.14          1.64   8.554785  0.367091  102.656364
310 -10.317272  -1.297941  332.951324  0.327434  1.025477       9.296831    331.800446 -296.860474            1.14          1.64  14.252767  1.350464  146.661636
311 -32.403969  15.856733  330.807312  0.349223  1.050037       9.823357    410.176147 -270.787567            1.14          1.64   9.467834  0.262434  356.062408
312 -19.803905  11.446406  320.221802  0.288636  1.083463      11.632075    214.039368 -274.310272            1.14          1.64  10.784233  0.682407  393.417358
313 -34.446358   7.905005  339.638702  0.304312  1.370512      11.828311    317.380310 -245.089813            1.14          1.64   8.949993  0.761027  397.631653
314 -29.319717   8.201086  331.780914  0.327873  1.520448       9.788831    495.875580 -244.813797            1.14          1.64   9.177948  2.236729  133.641876
315 -22.662827   4.649277  335.665558  0.333973  1.243999       9.427927    325.923157 -258.049072            1.14          1.64  10.129051  2.518189  367.357391
316 -34.291374   5.834006  342.224152  0.333715  1.317743       7.847681    573.014221 -227.194733            1.14          1.64   8.975996  2.779254  293.587677
317 -29.602144   6.787368  328.965179  0.347863  1.831867      11.300152    306.099182 -265.489258            1.14          1.64   9.276424  0.933132  183.776642
318 -24.642872   1.663351  343.493500  0.322563  1.177844       9.271012    383.370392 -268.971191            1.14          1.64  10.723682  1.802098  205.758774
319 -29.393929  10.035759  336.384003  0.288271  1.017726      10.702541    320.169464 -270.510010            1.14          1.64  10.204344  0.409100  387.557709
320 -19.274183   5.920517  328.700623  0.327786  1.082893      10.675763    258.218964 -289.789062            1.14          1.64  12.273455  1.061309  331.152740
321 -27.186886  -0.715039  347.219208  0.341965  1.360843      10.389181    318.253571 -254.531860            1.14          1.64  10.549824  2.152192  340.471344
322 -24.303631  -1.097569  351.000946  0.272367  1.071722       8.027343    645.910461 -241.827545            1.14          1.64  10.561160  2.869203  144.497467
323 -32.155804   9.039628  339.453613  0.327912  1.028369       9.583107    485.549164 -249.956085            1.14          1.64   8.974781  1.514511  152.930344
324 -29.132589   6.402390  334.447906  0.331704  1.469363      10.528040    334.625366 -269.044403            1.14          1.64  10.075095  0.933381  212.411911
325 -32.024971   4.342965  339.409332  0.339553  1.333885      10.630584    351.825195 -177.346649            1.14          1.64   9.191519  1.783676  317.363068
326 -31.536592  14.493143  330.316681  0.313945  1.050488      10.798147    379.281311 -249.684357            1.14          1.64   9.081122  0.911091  153.341080
327 -23.474216   0.741962  343.834015  0.334081  1.106609       9.816885    331.347229 -235.520294            1.14          1.64  10.260580  0.706205  188.373444
328 -27.927441   2.516032  340.786346  0.347825  1.328428       9.066418    407.782257 -216.374756            1.14          1.64   9.613780  2.126266  273.740143
329 -16.804071  -1.780935  344.466705  0.325202  1.048628      10.833901    252.318146 -255.661484            1.14          1.64  12.637054  2.844394  311.603333
330 -29.974424  11.411313  331.600586  0.340980  1.202576       7.905837    634.909485 -218.536819            1.14          1.64   8.549121  2.915893  230.177811
331 -32.728516  15.378829  327.643127  0.338870  1.408337      11.794787    309.202179 -251.496078            1.14          1.64   9.356431  1.072316  458.111511
332 -31.783258   9.415710  333.902191  0.336180  1.562761      11.044538    300.181671 -294.591858            1.14          1.64   9.876167  1.798341  437.759308
333 -34.035866  10.837644  337.095459  0.323761  1.245926       8.497705    531.004700 -211.593048            1.14          1.64   8.541685  2.674774  282.062225
334 -34.596104   8.695662  341.225067  0.315125  1.264485      10.184893    380.674103 -236.311966            1.14          1.64   7.726239  2.303069  427.127747
335 -27.050913  10.740138  332.058441  0.318207  1.061152       8.317734    541.146423 -279.692413            1.14          1.64   9.560396  1.770062  144.170547
336 -28.976545  10.339971  333.993439  0.299851  1.111393      10.297195    339.582764 -282.096100            1.14          1.64   9.998301  1.661895  278.530823
337 -34.855484   3.718867  349.717346  0.305366  1.004078       9.736105    404.771759 -259.202759            1.14          1.64   9.262953  0.458689  318.969208
338 -36.652752  10.440466  340.992920  0.311023  1.159308      10.604716    396.151276 -253.587143            1.14          1.64   8.880637  1.260869  360.183868
339 -26.889997   8.966268  332.823914  0.316807  1.074082      10.634011    310.989960 -209.199081            1.14          1.64   9.515133  1.678226  364.159515
340 -24.304300   1.827690  342.055634  0.316270  1.060524      11.246746    276.139679 -219.345245            1.14          1.64  10.567941  1.152721  201.105438
341 -26.658344  -2.976712  347.983643  0.348978  1.393583      10.373158    282.749359 -258.090271            1.14          1.64  10.950999  1.202373  487.301849
342 -15.969470  -0.155070  341.700653  0.346087  1.102855       7.879000    399.516266 -260.670929            1.14          1.64  11.375106  2.187404  214.560455
343 -19.632723   1.038508  337.299408  0.340680  1.248824      11.163546    219.267654 -269.926819            1.14          1.64  11.012987  0.904720  424.237976
344 -24.348721   9.957808  329.688599  0.339566  1.101663       7.622495    535.546814 -290.503418            1.14          1.64  10.146206  1.624950  165.510941
345 -17.103424   0.428578  328.939697  0.336685  1.452188      10.314163    265.210480 -299.215240            1.14          1.64  11.832895  0.564876  325.513123
346 -27.338680  -0.202834  344.791260  0.343210  1.272512      10.537501    323.799347 -258.757690            1.14          1.64  11.109368  0.862184  235.027206
347 -32.994896   8.509001  336.785828  0.330989  1.561738       8.295057    520.405640 -294.482574            1.14          1.64   9.026305  1.063466  192.761642
348 -35.033287  14.637942  333.671967  0.281585  1.213393      10.840746    502.383881 -244.128128            1.14          1.64   8.459656  2.675076  169.387848
349 -27.208815   4.551122  340.615601  0.333947  1.030355       9.407547    351.621216 -192.146088            1.14          1.64  10.315941  2.481548  417.515106
350 -25.243797   3.436577  336.006805  0.342596  1.422945      10.118557    330.511383 -271.812256            1.14          1.64  10.461767  1.546423  214.110123
351 -29.860506   7.552698  340.594879  0.259986  1.023568      12.152898    234.514023 -250.598801            1.14          1.64   9.084350  1.893071  383.944153
352 -31.131533   5.032913  339.679932  0.340515  1.307418       9.346998    459.230499 -236.255707            1.14          1.64   9.316770  2.251730  214.955994
353 -24.990244   7.063026  335.611023  0.312150  1.001114       8.706531    482.057617 -264.046661            1.14          1.64  11.240294  2.678035  182.276917
354 -33.764549   5.067744  339.212646  0.344105  1.842594       8.514198    465.369354 -273.681427            1.14          1.64   8.737718  0.416997  138.433411
355 -31.136438  14.406096  331.737396  0.314405  1.112484      11.844291    221.403564 -284.625000            1.14          1.64   9.387259  2.301199  480.027924
356 -26.739355   1.914688  340.639374  0.302151  1.311505      12.384955    253.366531 -221.431305            1.14          1.64   8.973210  2.021566  145.484268
357 -32.764133   8.667554  336.486511  0.336453  1.449561      11.375602    301.021149 -254.835556            1.14          1.64   8.591332  1.586074  441.747955
358 -32.864399  18.757776  325.904602  0.340696  1.155665      10.934703    377.735565 -237.207962            1.14          1.64   8.665525  0.251652  187.647110
359 -37.831360  10.120320  341.461395  0.306851  1.172102       9.468231    517.094055 -228.094650            1.14          1.64   8.269166  2.119024  291.254028
360 -33.361633  -0.486421  350.687195  0.311786  1.233700       8.998051    607.122864 -242.687149            1.14          1.64   9.303300  1.958785  151.351044
361 -37.118382   7.260119  338.601318  0.339703  1.888324      11.333616    336.718292 -292.877533            1.14          1.64   8.297369  1.013458  503.561523
362 -26.169355  10.739194  330.889709  0.339174  1.085412      10.338390    299.296478 -234.061523            1.14          1.64   9.721683  1.961655  433.182953
363 -23.223225  -3.204570  348.916870  0.325528  1.336777      10.871828    231.817444 -234.942947            1.14          1.64  10.650844  1.037647  481.444336
364 -31.896790  12.877791  331.977448  0.294717  1.209547      12.711370    234.870834 -286.374817            1.14          1.64   9.211336  2.368015  381.290649
365 -20.540012   3.302247  336.544891  0.338160  1.148401       9.982112    267.373993 -263.204712            1.14          1.64  11.460667  2.098438  395.024750
366 -30.858171   2.773848  341.836182  0.339006  1.342781      11.379390    272.689301 -217.907715            1.14          1.64   9.860394  1.008032  493.939270
367 -21.903822  -6.701962  356.260773  0.301010  1.416687      10.209645    328.037384 -259.317841            1.14          1.64  10.690922  2.147347  185.863052
368 -11.255454  -4.930349  337.312775  0.343195  1.378450       9.676619    284.293182 -274.225159            1.14          1.64  13.555734  2.501407  261.455750
369 -34.554928   1.300562  338.089630  0.348825  2.059694      12.288273    286.589142 -276.058197            1.14          1.64   9.518740  2.714694  331.388214
370 -28.546295   2.595830  336.424835  0.331811  1.889314       9.237309    503.474182 -272.159637            1.14          1.64   8.663074  2.240132  134.818756
371 -36.267902   3.427152  347.448547  0.336738  1.063902       7.428872    570.462708 -171.351135            1.14          1.64   8.574073  1.031117  282.125031
372 -31.963921  10.643065  334.358215  0.285431  1.424325      11.895004    326.737213 -286.756500            1.14          1.64   8.849215  1.366452  147.310120
373 -32.303970   7.601229  333.776917  0.340239  1.766698      10.276876    393.078156 -233.931946            1.14          1.64   8.892274  1.156462  175.431931
374 -31.960630   8.496219  338.807983  0.316484  1.266565       7.281628    744.631226 -286.675720            1.14          1.64   9.109406  2.412406  189.227310
375 -26.248207  12.383965  323.277252  0.331695  1.507196      10.957548    272.274475 -288.426208            1.14          1.64  10.094462  0.320937  561.005981
376 -34.372475  12.975168  329.806183  0.346679  1.677021       9.850718    427.470581 -275.909485            1.14          1.64   8.479463  0.823445  240.245331
377 -35.529842   7.046315  343.688751  0.326591  1.006467       7.468663    600.271973 -218.743546            1.14          1.64   9.331439  2.272238  308.870453
378 -26.053904   8.495021  332.360504  0.311999  1.076759      11.971354    252.006012 -267.169617            1.14          1.64  10.631313  2.816737  270.012817
379 -29.823555  10.074558  336.655670  0.322635  1.013143      10.728979    283.626404 -237.214310            1.14          1.64   9.504025  1.991152  482.736542
380 -31.400263  11.383111  329.419800  0.334731  1.567448      11.009940    352.120056 -296.585083            1.14          1.64   9.789411  1.793856  206.580582
381 -19.840815  -0.646830  336.481384  0.343471  1.497643       9.936966    318.691528 -288.748657            1.14          1.64  11.640773  2.510260  188.200302
382 -32.774311  -0.407408  352.137878  0.338201  1.123435       8.848385    416.409546 -203.452347            1.14          1.64   9.346192  0.289673  454.781067
383 -30.197262   7.789626  339.925354  0.304529  1.080748       9.497498    419.389832 -248.393311            1.14          1.64   9.015141  1.215484  194.592697
384 -30.734896   6.760825  332.848175  0.333822  1.553646      11.723929    307.709534 -257.981049            1.14          1.64  10.200290  2.444668  212.538330
385 -33.353634   3.173141  339.849426  0.310531  1.786502      11.369680    327.156769 -249.854645            1.14          1.64   8.214664  1.015297  255.854843
386 -33.262489  10.444772  334.067596  0.279848  1.537237      12.311143    306.372833 -275.189392            1.14          1.64   8.569646  1.373480  168.931442
387 -36.763023   7.119685  346.219910  0.332095  1.000396      10.820606    299.017517 -246.479416            1.14          1.64   8.428696  1.635458  606.931580
388 -35.355438   8.531521  341.493317  0.273353  1.288099      11.239738    342.344055 -272.016296            1.14          1.64   8.434292  0.386593  267.070190
389 -34.501797   9.213748  337.995087  0.349901  1.290550       7.140615    721.643372 -227.873657            1.14          1.64   8.624563  2.564455  269.069611
390 -19.759775   0.352470  328.922394  0.344041  1.704129      11.596425    213.958221 -267.985107            1.14          1.64  10.752799  2.581248  278.103149
391 -32.347290  11.072721  333.181610  0.324693  1.371958      10.058131    441.955688 -267.890961            1.14          1.64   8.478224  2.051548  196.307022
392 -16.117031   3.737219  328.436707  0.330491  1.036660      10.042945    258.381104 -264.712677            1.14          1.64  12.304183  2.872492  366.622437
393 -24.172569   0.985157  343.297211  0.337970  1.188223       8.735911    414.832153 -228.563583            1.14          1.64  10.362329  1.987267  215.042130
394 -33.868538  10.277233  337.870636  0.339726  1.196656       9.863433    392.620178 -246.027283            1.14          1.64   8.168203  2.313793  449.674103
395 -36.188580   6.710445  338.498383  0.344555  1.633088      10.719354    415.599213 -245.760193            1.14          1.64   8.535127  0.998749  190.419968
396 -35.745689  -1.838756  345.965881  0.327393  1.938505      12.016373    317.265076 -215.978333            1.14          1.64   8.397381  0.770137  270.145264
397 -20.766676  -2.433431  341.892120  0.326487  1.418264      10.687945    274.862213 -282.717072            1.14          1.64  12.260561  1.438470  350.417206
398 -35.265862   5.453104  342.285980  0.340852  1.401323       7.333053    609.274292 -202.560852            1.14          1.64   8.711997  1.261430  233.479218
399 -21.854250  -1.383111  345.202332  0.343021  1.214431      10.304562    258.927856 -253.057358            1.14          1.64  11.835825  2.645418  403.652435
400 -16.627516  -4.172980  345.428589  0.337836  1.321778       9.417140    396.255524 -274.770752            1.14          1.64  12.245788  2.443730  141.308075
401 -23.932875   3.532458  339.860199  0.300078  1.248815       7.549503    636.727295 -279.050507            1.14          1.64   9.773363  2.048508  114.375526
402 -21.217789   8.557647  319.272766  0.346567  1.425870      11.004025    260.999298 -263.341522            1.14          1.64  11.167388  1.249961  317.636566
403 -30.278097   3.393145  344.960022  0.313411  1.224058       6.751885    701.253479 -247.819321            1.14          1.64   8.584661  2.292764  201.731064
404 -26.690996   8.499070  334.608246  0.295718  1.165868      11.392672    269.998718 -262.903870            1.14          1.64   9.150307  0.506752  375.271667
405 -36.827663   7.099493  342.971130  0.270364  1.381866      12.576302    292.114502 -286.824219            1.14          1.64   8.819591  0.996913  449.245605
406 -21.822304   0.682408  339.266815  0.331170  1.305694      10.081291    322.230652 -250.280502            1.14          1.64  11.249055  2.864868  226.825424
407 -34.587173  10.975300  336.516083  0.327277  1.324882       8.933809    473.475067 -230.666031            1.14          1.64   9.392651  1.599447  284.640533
408 -26.743773   4.589142  341.399658  0.330077  1.016498      10.020648    319.391449 -240.153091            1.14          1.64  10.403175  0.505062  483.141266
409 -32.425491   4.798535  338.253204  0.329920  1.709281       8.971786    487.293701 -236.465149            1.14          1.64   8.642165  1.364949  161.656311
410 -36.625298   6.558701  344.329224  0.261493  1.261470      13.809764    223.358429 -268.178528            1.14          1.64   8.579449  0.585004  482.582642
411 -25.568274   0.156785  341.319977  0.326058  1.342658      10.611889    342.826141 -210.548264            1.14          1.64   9.314602  1.675655  155.835449
412 -39.534504   9.687411  329.523804  0.346693  2.306600      14.273726    235.416092 -298.666962            1.14          1.64   7.997919  0.964492  437.968872
413 -28.259380   4.025179  341.987061  0.331596  1.249128       6.026845    682.304993 -218.494995            1.14          1.64   9.251545  2.309680  236.716736
414 -34.095566  11.630794  333.211304  0.317868  1.462696      10.771859    370.905792 -273.035400            1.14          1.64   8.690675  2.751102  303.187836
415 -25.441332  11.887711  325.735443  0.282333  1.348510      11.900596    204.325363 -289.234924            1.14          1.64  10.441856  2.783122  370.065765
416 -17.347195   2.692873  332.111816  0.342143  1.220625       9.649118    288.591614 -293.116974            1.14          1.64  11.921414  1.035384  406.741211
417 -30.949205   0.134703  340.175049  0.327505  1.902973      11.768565    265.091431 -286.039276            1.14          1.64   8.586305  1.705283  383.419495
418 -25.886198   8.392319  330.891113  0.324161  1.288575      11.841002    216.861496 -282.199341            1.14          1.64  10.316313  2.847428  352.723633
419 -30.958012   6.499941  335.752899  0.343013  1.384938       9.875965    448.057373 -228.073944            1.14          1.64   9.363100  1.874398  170.944016
420 -22.652250   1.580038  343.041107  0.338593  1.066398       7.882601    431.933411 -222.705826            1.14          1.64  10.614485  1.701683  256.232361
421 -24.762733   7.088912  332.795990  0.342557  1.124915       9.431584    380.148865 -236.139496            1.14          1.64  10.708075  2.903259  228.225647
422 -35.916428  -3.486578  357.222168  0.342246  1.279183       8.711720    472.684296 -225.836334            1.14          1.64   8.967566  0.348340  305.903259
423 -27.584244   1.675822  342.454742  0.348315  1.231773       7.502333    535.740662 -214.574738            1.14          1.64  10.530477  1.126116  152.758514
424 -38.904530   9.675117  337.133179  0.333732  1.636799      13.438422    219.688660 -249.533691            1.14          1.64   8.749542  2.702296  459.713898
425 -38.870289  18.498499  334.044403  0.284989  1.431058       9.746716    580.232971 -290.635803            1.14          1.64   8.077766  2.922876  296.133911
426 -34.558311   2.767859  347.415710  0.279591  1.367942      11.368193    295.777222 -256.847870            1.14          1.64   8.576584  1.741646  455.438538
427 -26.524710   2.660922  340.389099  0.344430  1.313938       7.594860    583.509399 -258.761841            1.14          1.64  10.124784  1.759402  142.721237
428 -33.707428  15.902328  328.912659  0.319790  1.278559      12.884226    276.367004 -236.958008            1.14          1.64   8.599952  0.258427  474.961761
429 -37.783394  13.070477  333.235168  0.333834  1.701113       9.713208    623.446228 -238.216080            1.14          1.64   7.477430  2.713479  221.700455
430 -39.240379  16.275932  335.028137  0.322900  1.364106       7.689817    665.270874 -231.312347            1.14          1.64   7.758809  0.640820  135.126862
431 -38.513798   8.698148  340.624390  0.313841  1.680568      13.340118    221.515823 -287.042328            1.14          1.64   8.365936  1.013732  551.920715
432 -34.367123  13.223776  334.221588  0.298275  1.296508      11.962532    332.582703 -277.958008            1.14          1.64   8.605551  1.878688  249.629868
433 -26.559919   7.569921  335.605835  0.316115  1.225430      10.200266    336.599762 -294.038239            1.14          1.64  10.939633  1.618196  216.366333
434 -31.821163   8.670968  338.424286  0.347704  1.219969       9.543006    398.898102 -280.300049            1.14          1.64  10.048282  1.654108  314.631866
435 -36.058918   6.436783  340.316071  0.264889  1.691980      13.445160    260.466614 -280.068176            1.14          1.64   8.277228  0.935659  244.503922
436 -38.028496  11.166256  340.869202  0.335136  1.165199       6.341264    756.875916 -262.925354            1.14          1.64   8.428799  2.750690  350.119843
437 -29.612434   7.418757  329.900085  0.349156  1.684413      11.700597    263.132172 -256.253632            1.14          1.64   9.842433  1.622012  397.972809
438 -32.193516   7.351612  339.648895  0.347327  1.020799      11.618543    314.139832 -206.039429            1.14          1.64   9.974568  0.219266  309.500458
439 -21.723068   3.406670  334.152222  0.315570  1.341808      10.446039    275.617859 -240.194153            1.14          1.64   9.758581  1.077951  267.844788
440 -32.113964   3.723789  345.158600  0.335598  1.186873      10.054318    373.372284 -207.892990            1.14          1.64   8.946278  0.973512  307.739410
441 -27.666468   6.103628  334.498413  0.344665  1.327479      11.272073    221.991898 -217.328644            1.14          1.64  11.022863  1.860317  457.039825
442 -34.234669   6.512868  341.239685  0.309843  1.495507      10.396109    417.927124 -294.754852            1.14          1.64   9.445268  1.124534  165.285248
443 -34.939941   6.880084  341.503906  0.308136  1.411563      10.630225    349.969849 -264.205963            1.14          1.64   9.388331  1.755290  442.925171
444 -39.375893  12.646498  334.194397  0.335023  1.794374      10.919696    385.320496 -257.825714            1.14          1.64   7.775217  0.409546  680.425171
445 -33.707485   1.029705  350.267761  0.302767  1.180124       9.586581    410.669342 -261.936005            1.14          1.64   9.723769  0.770919  232.256256
446 -18.290506   7.918733  324.251465  0.283840  1.140050      11.149837    217.433182 -297.778473            1.14          1.64  10.947388  1.339315  343.355896
447 -25.689823   2.875169  341.666840  0.324628  1.065318       9.918456    337.289307 -196.652359            1.14          1.64   9.662601  1.074502  290.209167
448 -38.252304  11.491011  337.940796  0.332351  1.491678       9.107084    560.755554 -253.662506            1.14          1.64   8.258476  1.849181  266.638275
449 -37.085526   9.118539  341.473785  0.252800  1.498776      12.830753    311.841827 -296.418701            1.14          1.64   8.016927  1.913396  219.584030
450 -20.148655  -1.647873  338.965271  0.332858  1.379562       9.973373    315.207123 -205.935989            1.14          1.64  10.586854  1.446057  205.174271
451 -32.107006   8.474646  337.533051  0.298482  1.290398      11.327520    274.900848 -239.606277            1.14          1.64   8.922915  0.797853  555.058594
452 -27.443232   5.050062  335.922272  0.347721  1.392877      10.966415    213.183945 -257.770782            1.14          1.64  11.068071  2.545745  450.732635
453 -26.340834  -2.435952  345.579834  0.318433  1.522335      11.579351    278.626587 -268.079285            1.14          1.64   9.618198  2.339849  179.194138
454 -29.919825   0.579231  348.156525  0.334271  1.142798      10.099303    323.720703 -197.081009            1.14          1.64  10.321013  0.981496  534.275574
455 -24.914181   6.202331  335.169678  0.344394  1.009422      10.913257    236.509796 -224.454575            1.14          1.64  10.284760  1.898417  439.476135
456 -30.160191  -2.434677  354.234589  0.259421  1.224975      12.174775    242.229355 -296.039154            1.14          1.64  10.128889  0.719044  442.629974
457 -33.214581  13.452796  334.941742  0.315235  1.128932       9.888902    401.111969 -298.783356            1.14          1.64   9.393033  0.538224  284.183990
458 -19.824760  -0.093016  338.587036  0.305615  1.360091      10.948779    272.616211 -293.146027            1.14          1.64  12.415390  2.733899  175.121353
459 -38.237808  13.390149  337.640656  0.308973  1.305138      10.357395    455.324982 -277.961731            1.14          1.64   8.629654  0.904197  258.393341
460 -34.237835   3.872556  344.889130  0.291046  1.420774       9.731090    423.341827 -244.139847            1.14          1.64   8.487796  1.515365  238.576462
461 -31.565643   6.514056  338.146881  0.279537  1.558160      12.037804    275.847809 -286.037415            1.14          1.64   9.189947  2.721051  302.520203
462 -23.699160  -1.272700  343.593079  0.300762  1.466154      11.797760    229.739944 -241.512329            1.14          1.64   9.691829  0.623667  361.105499
463 -29.520325   5.884034  340.842224  0.337530  1.025712       7.458821    572.600647 -229.139999            1.14          1.64  10.105949  1.824118  206.012100
464 -38.407913   4.726972  344.769440  0.339387  1.371671      11.846270    362.858032 -249.258240            1.14          1.64   8.727020  0.704186  326.468536
465 -27.204378  -0.802632  340.701202  0.331626  1.791232      10.416499    367.879272 -297.671753            1.14          1.64  10.903309  1.876133  138.158707
466 -17.734079  -4.190467  347.617584  0.316192  1.366623      10.084250    348.125458 -271.497101            1.14          1.64  11.287664  2.610509  138.041580
467 -11.764942  -1.137318  336.396149  0.332965  1.012463       9.703527    282.749786 -276.924622            1.14          1.64  12.937395  2.026355  301.584503
468 -33.601727   8.171955  338.315582  0.346903  1.313602      10.647829    327.649109 -255.282364            1.14          1.64   9.429626  1.368617  486.694366
469 -20.767591   6.197124  324.403137  0.325474  1.263454      11.132049    248.166092 -284.787048            1.14          1.64  11.599955  1.891926  321.550079
470 -24.287703   8.874885  330.664673  0.318757  1.081891      10.326714    300.173370 -289.817108            1.14          1.64  10.585109  0.856277  312.110687
471 -37.882671  10.022032  341.042847  0.300873  1.335261       9.504001    576.718567 -289.220520            1.14          1.64   8.061090  1.700916  186.210953
472 -31.769585  15.100065  324.973724  0.313269  1.595613      13.415190    218.264542 -272.715271            1.14          1.64   9.749202  1.489990  390.212616
473 -33.195881  15.096175  332.707092  0.313160  1.291593       9.465028    409.367798 -289.472717            1.14          1.64   8.784859  0.272410  315.004181
474 -31.555197  -0.332017  351.551422  0.311081  1.085234       9.728386    370.102051 -189.923035            1.14          1.64   9.304125  1.965667  413.637299
475 -20.371559  -3.278656  338.171600  0.348262  1.650002      11.080667    227.415604 -260.887756            1.14          1.64  11.162006  0.884350  426.275665
476 -21.197813   3.685331  338.476685  0.320433  1.080516       9.540773    349.137756 -269.784973            1.14          1.64  10.680977  1.945778  191.690033
477 -25.742094   2.757397  343.202148  0.292836  1.119088       9.817990    362.204041 -267.099670            1.14          1.64  10.455578  2.132053  199.332855
478 -22.508362   2.893178  338.596252  0.327057  1.054094       6.825045    721.883667 -229.870972            1.14          1.64  11.138050  2.570531  154.711670
479 -27.309584   7.553443  337.062988  0.300232  1.069716      11.083794    285.080688 -248.303406            1.14          1.64  10.113192  1.365335  378.220581
480 -15.264871  -0.823590  335.000549  0.329281  1.445725      10.360584    209.904083 -298.831055            1.14          1.64  12.110914  1.239276  435.311066
481 -34.205410  13.209726  334.459290  0.342027  1.169639       9.995898    394.016022 -287.530273            1.14          1.64   9.407129  0.201650  390.879822
482 -34.637501   5.616203  342.373230  0.332389  1.348114      11.103528    341.985107 -224.741577            1.14          1.64   8.476569  1.163251  414.475830
483 -34.231339   9.189343  340.424164  0.331450  1.072110      10.066545    333.299103 -213.932739            1.14          1.64   9.236989  1.640323  563.852600
484 -25.502243   4.353451  337.111023  0.279548  1.285414      10.652116    334.015747 -255.026657            1.14          1.64  10.936350  1.679335  143.775803
485 -36.908054  17.989370  333.405487  0.349270  1.195641       9.761476    427.902527 -272.550262            1.14          1.64   8.468963  2.670372  529.605225
486 -22.394699  10.687377  322.253906  0.329829  1.196669      11.030011    274.146393 -271.749451            1.14          1.64  11.666017  0.834169  332.826447
487 -22.739380   7.121833  328.697296  0.328237  1.212853      10.138746    347.562622 -270.798065            1.14          1.64  10.849281  1.404044  135.008194
488 -27.625525   2.759578  335.751251  0.343606  1.663671      10.807192    303.112793 -256.074158            1.14          1.64   9.032866  0.372996  329.985413
489 -30.146717   2.858948  341.358887  0.345637  1.406349      11.090947    311.424591 -247.790878            1.14          1.64  10.082515  2.070486  336.680298
490 -21.659260  -1.059816  339.834167  0.343044  1.346035      11.493350    218.416809 -216.748520            1.14          1.64  11.154336  0.526201  473.764435
491 -37.562485   7.245378  345.195709  0.252606  1.158936      11.170841    369.593506 -283.244934            1.14          1.64   8.652227  1.321498  319.735382
492 -31.308081   3.607522  345.764587  0.283477  1.047449       8.110495    732.371460 -215.585190            1.14          1.64   9.096365  2.700385  165.629944
493 -31.736437  13.987164  327.589630  0.349147  1.369059      10.786250    339.813995 -282.690369            1.14          1.64   8.940615  2.515610  413.079102
494 -38.155148  10.283935  339.351074  0.333979  1.248878       7.979835    703.755920 -213.670197            1.14          1.64   7.913104  1.160086  141.225647
495 -29.851585  11.497779  329.136383  0.318871  1.425207      10.669779    356.378601 -235.481552            1.14          1.64   9.139748  0.830549  169.808853
496 -15.394619   1.724057  328.884125  0.339711  1.101440       9.825788    310.845032 -252.144928            1.14          1.64  13.224368  2.107384  177.108536
497 -28.192648  -0.348425  349.705841  0.299023  1.215978      10.357533    325.627411 -243.145859            1.14          1.64  10.132535  0.499128  352.282318
498 -26.366934  12.633708  324.389832  0.327193  1.281823      10.705995    319.697357 -260.233276            1.14          1.64   9.800516  1.382461  208.364182
499 -28.146057   7.446612  332.966949  0.324721  1.314736      11.474674    287.923309 -255.340179            1.14          1.64   9.785504  2.264910  274.836456
500 -24.909735   2.288562  335.905457  0.335895  1.358813      11.535272    258.554626 -240.387985            1.14          1.64  10.381589  0.855107  220.984375
501 -39.734783   4.018447  345.731812  0.338617  1.446143      10.900460    408.971741 -222.359985            1.14          1.64   8.520291  1.987975  392.319336
502 -36.884457   9.171206  338.467682  0.336598  1.433642      10.413738    414.799652 -262.681122            1.14          1.64   9.091083  0.344377  186.487091
503 -36.612362   6.361443  344.129517  0.323979  1.132401       9.572682    472.119812 -209.911591            1.14          1.64   8.396607  2.049973  282.875122
504 -35.814999  12.228756  338.556793  0.307797  1.064811       8.075720    636.595947 -202.073334            1.14          1.64   8.307703  2.230605  245.208344
505 -33.444038  16.808064  330.240967  0.297214  1.157695      11.863832    328.130371 -263.874786            1.14          1.64   9.135212  2.789661  334.022369
506 -34.979275  13.171021  335.664429  0.253439  1.264488      12.241577    333.851532 -284.927917            1.14          1.64   8.225873  2.792053  223.520477
507 -29.279884  -0.808346  340.162628  0.349223  1.799018      11.889977    247.145004 -262.578583            1.14          1.64   9.938983  1.191820  414.938354
508 -35.548355   9.528993  337.187286  0.340616  1.482904      11.250062    309.247284 -275.090454            1.14          1.64   9.234937  0.559158  628.194580
509 -33.703091   3.058136  341.504150  0.321076  1.615255      11.579319    314.254974 -240.283615            1.14          1.64   8.967670  1.137875  251.934128
510 -28.061481   5.302901  338.018982  0.323079  1.198864      10.246182    346.565247 -226.456940            1.14          1.64  10.105093  0.509656  161.989548
511 -22.693123   1.919411  338.862305  0.327989  1.191868      10.147894    323.550446 -233.016449            1.14          1.64  10.267218  2.039206  198.593124