           lon        lat         inc      D1AU     delta  launch radius  launch speed    t factor      B1AU     gamma         vsw
0   -58.443409  30.337557  349.710510  0.349224  4.387988      11.984245   1138.222900 -151.357224  5.677815  0.364037  162.083572
1   -60.902874  23.300512  355.125824  0.288167  3.896764      12.588317   1686.515503  189.398254  5.461059  1.136873  194.936234
2   -64.339561  17.307224  352.882935  0.282564  5.340101      13.917785   1688.521484 -152.985428  5.195351  1.263372  337.583893
3   -58.601906  21.370743  354.935547  0.321822  4.660789      14.562217    937.322693   64.761589  5.005655  1.398673  339.128723
4   -59.198204   7.910741  349.741547  0.292339  3.910673      13.895346    974.455811 -205.275940  5.968640  0.842284  121.822609
5   -53.693256  19.906298  354.583221  0.302310  3.989243       8.755757   1556.067017  -27.949503  5.745862  1.366358  157.037506
6   -64.707970  14.412198  358.952148  0.339332  2.989547      14.836087   1122.199951   97.244843  5.399682  0.609211  372.930206
7   -63.893803   3.900529  358.341614  0.327572  4.415003      14.655750   1113.363037   82.789261  5.551443  1.286051  428.943237
8   -60.721226  28.254274  350.352753  0.348345  5.488460       9.855399   1568.769165  -83.419945  6.159060  0.574068  206.763977
9   -59.471184  23.817524  341.732819  0.271618  2.446771      13.088640   1653.037109 -157.954575  5.823337  1.101186  135.759720
10  -54.682899  23.553272  346.532898  0.349609  3.766137      10.757360    961.702881 -131.852234  5.474342  1.106535  353.719818
11  -53.145771  27.553368  350.768463  0.293128  5.708813      13.858703    839.310425 -210.892578  5.486935  1.637555  275.464294
12  -58.657158 -14.744536  359.056702  0.322997  5.733137      14.660361    896.004456   63.280083  5.890876  1.844342  302.009949
13  -56.733192  16.655052  345.824646  0.254897  5.304665      10.941213   1690.573730 -201.278198  5.633737  1.655249  165.379684
14  -61.802212   6.673222  359.309784  0.311370  1.290250      13.713821   1264.470703  113.897484  5.673412  1.593595  340.525726
15  -65.314438   2.250337  354.063751  0.333692  2.138429      14.077383   1567.713623  110.409836  5.487437  1.926178  493.574860
16  -55.978531   9.550565  357.424164  0.275712  3.549281       8.972649   1559.706909  -76.486259  5.561837  1.356902  155.547852
17  -64.320671  20.966009  351.482605  0.339349  4.357553      13.693566   1303.858154  146.363953  5.455971  1.004550  508.199036
18  -56.711201  21.272100  351.032257  0.323199  2.786685      13.101696    990.648254 -207.027740  5.065035  0.925325  174.682388
19  -61.893635   8.039739  351.625305  0.346594  3.305036      12.995083   1065.977417 -191.990524  5.428200  1.877312  494.284210
20  -58.327000 -10.987289  356.198273  0.305696  4.948294      11.807468   1229.548584 -151.799164  5.505226  1.722356  266.322876
21  -58.579456   3.827044  356.930298  0.349382  3.494109       9.270226   1058.330078 -183.198944  6.072840  0.569524  254.335052
22  -62.557976  20.635668  353.435364  0.341807  4.110541      11.924740   1347.195312 -153.741806  5.743329  1.089018  471.009705
23  -58.937298   0.644153  354.196411  0.283289  4.194048      11.889179   1249.082397  166.070511  5.801971  1.014583  119.752029
24  -55.246887  11.970977  354.660553  0.274782  1.213157       8.832488   1558.229248   33.669266  5.454626  1.194517  116.911102
25  -57.189705  -2.588267  350.291260  0.296948  4.019657      10.294212   1318.504639   37.089470  5.479350  1.118835  121.285797
26  -62.762348  20.150867  351.640076  0.299787  3.388492      14.220380   1352.554077   95.785980  5.197669  1.123035  346.012085
27  -64.101761   6.376589  353.067261  0.340315  2.037142      12.530116   1414.996582 -213.565857  5.489490  0.741081  262.935760
28  -60.666054  -2.718830  358.031250  0.299921  5.236145      11.574183   1624.991577  -96.818947  5.409461  1.514343  231.657684
29  -57.138828  19.882648  356.515381  0.327635  5.277580       9.998843   1657.743530   64.131592  5.037269  1.890418  306.951416
30  -52.770237  28.047306  344.668213  0.307824  4.365355      10.287362   1248.118652  -97.860077  5.389688  1.125417  182.645370
31  -53.119129   7.492775  357.310699  0.305775  5.923158      12.602059    722.322998  155.070526  5.896790  1.703165  242.102600
32  -64.597450  19.151787  356.240021  0.301074  5.153512      14.083511   1378.729004 -221.086746  5.421923  0.758744  322.407806
33  -61.907860  -2.659516  357.111053  0.307175  1.776297      13.713126   1384.549316  -69.308205  5.621896  1.062013  180.665207
34  -56.845253  -2.903968  359.187225  0.341317  5.902576       6.599054   1446.277344 -196.268875  5.307448  1.088959  281.988586
35  -57.944225  -7.700153  358.991699  0.299660  2.017297      11.527605   1468.410645 -214.038666  5.784671  1.612437  211.549316
36  -61.204174  20.849745  349.025330  0.307304  4.348955      11.079643   1453.735107 -103.546921  5.172654  0.810529  271.269867
37  -58.589211  -2.041383  352.055603  0.330843  4.245050      10.562832   1384.404419  -88.950500  5.849563  1.629468  260.709961
38  -59.572498  20.078884  353.274994  0.307921  5.647624      11.140029   1290.390503 -168.783844  5.995051  0.697798  187.089630
39  -64.398643   8.294329  356.213989  0.274519  2.685258      14.610448   1387.524780   43.503975  5.804799  1.295015  340.195374
40  -60.702606   0.623646  354.114929  0.323073  3.692631      10.711815   1480.895386 -117.490074  5.210856  1.757253  385.045563
41  -58.155899  29.070072  349.196198  0.333977  4.862720      14.134022   1134.836548 -191.813400  5.466150  1.385037  331.690186
42  -65.657913 -11.294601  359.327271  0.323043  3.948011      14.350993   1652.577881  129.977707  5.863539  1.302073  395.315521
43  -60.672337   3.898520  353.713776  0.333210  1.692341      11.158769   1477.177124 -122.410789  5.220476  1.238667  254.380966
44  -59.922001  30.556229  348.886078  0.343681  5.084756      11.960890   1349.679077  149.461731  5.739949  1.245017  465.093048
45  -53.070187  15.941370  352.222076  0.284408  4.239221      13.588906    660.401794   27.268852  5.886697  0.605139  123.494438
46  -59.398403  36.491699  349.372162  0.335477  5.978938      10.849977   1682.563232  -46.943813  5.415547  0.724190  310.448761
47  -58.870552  17.883959  353.922760  0.325366  1.742611      14.096805   1121.893555  -38.281425  5.070341  1.117194  215.284470
48  -55.396999   4.224328  354.484680  0.335707  2.596313       8.122460   1418.018311 -170.175446  5.508396  1.638862  276.718231
49  -59.433376   7.446320  357.528687  0.318659  2.478698      10.129423   1449.401733   40.108978  5.878277  1.207959  259.021729
50  -64.212402   8.461686  357.107117  0.255941  3.583948      13.674467   1525.666748  -26.752605  6.046916  0.989231  239.886841
51  -64.954636   3.820727  359.750854  0.333490  2.251074      11.131590   1688.288696   33.383663  5.982667  0.695619  206.084503
52  -52.192505  20.315693  339.380493  0.304351  2.719329      14.376221    722.989746 -233.483459  5.356589  1.790622  215.590912
53  -60.726025  13.102827  348.678162  0.304049  4.298514      13.643860   1156.458862  -62.925148  5.113065  1.110752  252.623398
54  -58.168282  12.262299  347.371979  0.284134  1.813175      14.152337   1248.802856 -177.014282  5.852529  1.550975  178.212723
55  -59.120422   6.588006  353.271698  0.348443  4.896760      13.444475    785.000916 -132.928925  5.710133  1.801591  478.912323
56  -55.779285  -3.111332  353.569519  0.319878  2.490676       8.881450   1544.797852 -182.292725  5.772180  1.172034  119.323898
57  -62.624260   7.945063  355.229279  0.310979  3.508868      11.296442   1566.531372 -187.983582  5.475175  1.295462  338.824982
58  -59.540741   6.028253  354.322906  0.338469  4.999636       9.742388   1435.413818   76.792999  5.083186  1.894164  408.297729
59  -63.695099  13.586641  353.128662  0.327244  1.399734      13.660043   1189.783081  -40.615986  5.588786  1.252994  508.044952
60  -57.307594  17.480902  356.541779  0.309558  5.841715      12.762710   1069.028442  -70.205582  5.469069  1.613375  289.401947
61  -58.336796   2.737368  358.523895  0.320886  4.689882      12.616035    943.113892 -209.881271  5.634768  1.189334  290.715698
62  -61.385815  10.279666  353.153961  0.261823  3.441219      12.285400   1274.306763  100.668472  5.104615  0.725315  130.935120
63  -56.159737  15.435475  347.300262  0.246960  4.136202      12.054808   1225.301880  124.652496  6.168152  1.621151  201.286926
64  -59.217766   5.119293  357.794617  0.260414  3.422083      12.337874   1364.600952   -3.237681  5.867544  1.188881  126.630630
65  -60.516418  -1.951683  358.684570  0.287847  4.321197      13.151605   1353.819824   29.602974  5.553640  1.841630  292.703796
66  -54.138515  25.102268  349.161896  0.336485  5.249117      11.084860   1220.302124 -125.354828  5.006407  1.470355  246.276688
67  -61.674225  -1.364797  353.904663  0.296967  3.792964      14.709613    979.222107  -98.451874  5.638345  1.788165  389.988068
68  -57.586853  16.856146  350.303894  0.308438  2.847126      12.949908    850.345459 -114.427231  5.584847  0.373687  104.952545
69  -57.568897   6.342397  354.828278  0.283690  4.953707      11.500340   1182.445557  -21.807642  5.282630  1.142613  176.313995
70  -61.410351  19.375996  352.880005  0.333383  5.780796      13.723697   1066.576782 -248.518875  5.068511  0.443583  104.888649
71  -56.451488 -12.276834  359.489227  0.310232  4.444397      12.981879   1039.858521   29.179802  5.921296  1.793036  228.083496
72  -60.914696  19.062696  356.967346  0.312464  3.960246      14.265059   1180.120728   37.143978  5.831119  1.873326  389.844452
73  -57.042850   4.777014  352.141449  0.299922  4.842593       9.632572   1480.827515 -243.428238  5.469798  1.460509  213.916046
74  -58.361176  29.595264  341.382751  0.265157  1.212230      14.070121   1519.030273 -233.208603  5.370400  1.246424  198.249207
75  -59.175434  17.007048  350.560608  0.339565  5.892847      13.192538    966.058838 -194.876999  5.420432  0.986830  288.418274
76  -64.525520  15.866764  352.388611  0.348457  2.746650      10.784929   1505.275269 -138.785461  5.241800  0.778923  430.854645
77  -54.992004  42.414417  340.995392  0.334794  5.190816      14.432839   1099.324341  -59.901657  5.139924  0.492195  240.424866
78  -63.492268 -18.713865  355.749420  0.331273  5.616252      14.370338   1363.074097   21.865189  5.478800  1.449113  389.273193
79  -60.931614  19.871630  346.011871  0.340457  3.124939      14.010110    982.497253 -114.272713  5.422227  0.848415  366.584961
80  -61.141113   0.761818  353.686279  0.334851  1.845271      11.776390   1587.486938 -150.947296  5.500764  1.257522  222.846619
81  -60.400059  -6.325377  358.236450  0.325900  2.998795      11.506582   1098.927490 -209.424942  5.589785  0.533048  108.745506
82  -59.791828  11.252734  351.300354  0.332616  3.150961      14.582770    868.188049  -20.447575  5.996226  1.491933  346.188934
83  -63.798653   5.985783  354.232544  0.275714  4.609999      14.719159   1506.428711  -85.244888  5.366351  1.622320  321.184448
84  -68.785469  15.107933  355.628418  0.332750  3.983392      14.694321   1567.452026  238.574631  5.683454  0.535092  461.071564
85  -60.196697   9.316049  354.878510  0.308868  2.902882       9.685861   1445.740234 -193.052124  6.146236  0.940204  203.098724
86  -65.785172  11.875106  351.040192  0.335930  3.948781      14.153237   1213.954834 -106.170624  5.186144  0.402700  261.109344
87  -59.020313  23.716393  352.840088  0.332581  4.083647      11.156585   1213.075684 -146.055222  5.980975  0.909078  330.630188
88  -67.703964   4.178080  356.463257  0.318658  5.874341      14.172280   1636.924805   40.137196  5.244846  0.906792  425.376953
89  -65.137909   3.259457  354.045441  0.329767  2.873167      12.339858   1655.017090   55.832390  5.508796  1.345183  426.793152
90  -61.234669  -2.787778  355.237518  0.318945  3.919785      11.024220   1513.139282 -132.964081  5.518570  1.121380  216.424896
91  -63.944904  20.945358  352.818573  0.294214  4.051512      14.595754   1442.847778 -181.483688  6.055493  1.545275  466.358673
92  -60.352802   8.894300  347.342255  0.345560  4.086026      12.252151   1049.793213  201.590958  5.793615  0.509634  122.945496
93  -57.890469  18.863850  356.282990  0.282945  4.499025      11.113608   1567.645508 -166.153259  5.562427  1.477290  214.045502
94  -61.956825   5.404520  357.482727  0.273031  1.828874      14.914702   1108.648071 -230.015854  5.272835  1.337323  298.321014
95  -53.642910  21.604839  356.685944  0.323256  5.767939      13.036170    730.136536  217.305130  6.278743  0.689971  164.761154
96  -55.470474  -0.012133  357.029175  0.320828  5.189812       7.292785   1426.798462   34.037846  5.893288  1.031120  159.187897
97  -64.597290   6.709950  350.508789  0.328684  5.797138      13.996264   1260.108521  -98.435585  5.216999  0.892248  315.854645
98  -43.998280   7.407356  343.645477  0.287886  1.987055      12.098613    581.627930 -216.581772  6.849380  1.667658  119.585541
99  -57.965630   6.183372  355.717773  0.298336  4.783648      12.036256   1026.781250  -96.552307  5.377644  1.034489  190.975876
100 -57.000523  21.158792  357.215698  0.256875  4.420480      14.724484   1376.385132  145.306610  5.034351  1.822878  135.484695
101 -63.047379  10.961734  351.943115  0.342239  5.902757      12.550606   1567.814453  -79.348129  5.315662  1.356684  337.966797
102 -58.530300  14.037651  350.590149  0.349755  2.684639      11.390915   1066.839233 -123.895752  5.747566  0.968359  309.391327
103 -65.333664  -8.543227  359.599304  0.320546  3.860949      13.482443   1668.112183 -215.421524  5.002714  0.857488  213.193436
104 -54.913647  31.334429  348.988922  0.314983  2.873500      12.478857   1369.824341   69.452904  5.595510  0.974998  128.822327
105 -59.743912   1.557173  355.341675  0.333428  3.083623      11.543474   1193.864258  171.529541  5.853103  0.986800  216.564072
106 -58.285328  26.115463  344.935425  0.321758  5.386622      12.308309   1313.972412  -88.447426  5.625596  1.560336  368.330048
107 -57.406746  37.342777  353.125000  0.325640  5.811806      13.634276   1694.499146 -231.614990  5.228737  1.449754  289.423737
108 -64.619820  10.053061  353.028656  0.324528  3.092934      12.030035   1491.282227 -100.809402  5.170686  1.252313  474.092987
109 -60.825180  18.871630  349.109589  0.274173  5.254634      14.202650   1159.673950  -20.633081  5.449025  1.519226  349.503571
110 -58.419399   9.350829  356.772461  0.286442  3.203622       9.198783   1456.337158  -88.888443  6.258787  0.815413  103.476768
111 -65.168358  -7.574666  359.070007  0.340698  5.989503      13.365099   1302.784180  211.946518  5.086241  0.787291  387.277466
112 -60.130966  -1.937231  358.158936  0.308908  3.298700      11.825980   1199.158081   97.872375  5.671769  1.277806  301.487183
113 -58.088886   6.765870  349.701050  0.346663  4.399452      11.991592    838.236084 -116.209282  5.903278  1.457323  440.858856
114 -54.210556  11.401340  347.660461  0.288309  1.942473      14.076135    706.441528 -121.539932  6.326410  1.064468  181.231293
115 -63.735573  12.925490  354.441010  0.321807  3.304906      11.167409   1696.141235   17.780897  5.619799  1.770204  505.093292
116 -56.184647  12.043379  347.492004  0.349896  2.458060      13.933915    684.334717  120.231255  5.664417  0.704477  246.538330
117 -61.026695  -1.699188  357.456879  0.324103  3.243971      10.632535   1355.713867 -175.394974  5.728156  1.423935  377.369049
118 -55.688957   4.714904  351.250946  0.294302  4.470271      11.999861   1059.604736   45.288322  6.630737  1.816024  235.634964
119 -59.554947  13.750523  344.902618  0.294548  3.383445      13.800361   1206.919434 -188.183533  5.258319  1.743316  296.921265
120 -59.020969   8.579365  352.911133  0.282202  4.940364      10.555191   1237.969360 -191.709076  6.232453  0.957294  208.079117
121 -62.040184  11.821094  359.557465  0.340086  2.726987      12.336565   1367.387939 -197.804810  5.559222  0.992662  277.001953
122 -61.680321  17.496428  353.063171  0.336788  2.879698      11.432340   1207.745850 -222.100128  5.058711  0.434350  204.256546
123 -63.483807   7.642442  353.162872  0.329635  3.274377      14.198177   1250.104370  -35.700336  5.443845  1.236105  368.337189
124 -61.753071  14.515269  353.129578  0.325400  2.613198      12.620570   1205.487183   14.822596  5.284121  1.088382  369.040588
125 -56.585907  19.911106  344.520996  0.320768  3.022804      12.251211    994.264038 -173.514633  5.906548  1.343209  329.717163
126 -57.168903  11.682109  348.722931  0.258871  2.716546      12.958528   1178.021729  -50.771423  6.159123  1.864868  237.127914
127 -64.436172   3.404795  359.621246  0.314121  2.617795       9.976582   1618.365234   90.683479  5.995790  0.865808  334.683899
128 -56.338017  21.287256  346.265320  0.327063  2.942859       8.885774   1559.353394 -133.948013  5.679005  1.382363  289.595856
129 -63.604237  11.840921  354.506958  0.294943  4.075392      13.775087   1149.600464  -17.465006  6.027812  0.487476  196.316864
130 -45.725826  27.784874  346.192505  0.331733  4.922420      10.237607    905.044373 -128.582169  6.026200  1.936852  235.923645
131 -58.640854  23.406401  351.134796  0.324693  3.447011      10.356118   1553.721802 -129.453049  5.769911  1.566123  376.220093
132 -58.372879  11.414566  357.700928  0.344156  4.629144      10.534330   1263.466431  -57.562935  5.174637  1.295262  263.470581
133 -54.181889  17.174591  347.924683  0.295348  5.373003      12.925800    692.704956   51.649181  5.858562  0.551653  196.677170
134 -63.504642   4.150161  351.878357  0.325925  2.608213      13.427118   1491.302856 -210.756943  5.405975  1.071411  244.581207
135 -63.098316  -1.825434  358.095306  0.328206  3.748709      10.191609   1485.828613   64.133209  5.019122  0.583017  100.986267
136 -64.708572   9.454984  359.774628  0.345767  4.364973      12.834619   1220.963745  146.181702  5.561998  0.554911  326.927338
137 -62.668434   0.215168  359.344604  0.276459  5.429667      12.618212   1582.396240 -197.902756  5.796243  1.766959  355.916809
138 -57.570015   9.085583  358.709595  0.306884  3.683892      10.107967   1285.254517 -147.913925  5.983827  1.131843  198.695587
139 -56.452301  -9.010147  351.224243  0.339220  5.115234      12.087575    887.523560 -127.625000  5.801711  1.406444  248.597916
140 -60.868942  12.282261  351.909454  0.339402  5.793660       9.736652   1550.877930   16.605164  6.191484  1.879161  468.500183
141 -59.717567  12.077385  349.780853  0.234258  4.465174      12.844356   1323.180176  166.867233  5.482047  1.305925  185.243851
142 -67.370621  20.503172  359.198975  0.345599  5.646519      14.713313   1663.962036   94.086647  5.392967  0.649646  326.036133
143 -56.048416  12.865695  349.597015  0.348599  4.797676       8.186439   1146.703247   -2.799091  5.975543  0.811527  271.636353
144 -60.078739   7.719111  343.607971  0.339096  3.959684      10.691661   1648.170654 -229.269318  5.314576  1.290180  191.380600
145 -59.744896  10.572284  355.930115  0.278546  3.588071      11.275583   1401.838867  -75.097153  6.062121  0.893811  100.766655
146 -56.456772  -1.340588  355.685181  0.307768  4.215077      10.502672   1289.190063  -56.409592  5.917693  1.711465  222.378967
147 -65.318176   4.389665  358.809113  0.294733  4.555539      12.892241   1348.855469   77.398598  5.481377  0.727093  324.895294
148 -57.111172  31.337168  348.266296  0.343869  5.866757      11.221122   1497.335815   74.123604  5.012754  1.186002  293.009308
149 -61.963692   1.415973  354.770111  0.297987  3.590214      11.863213   1638.813721 -119.401802  5.838103  1.702460  340.496368
150 -60.307716   1.140266  351.933319  0.297841  5.755440       9.322378   1545.487549  -90.226707  5.410054  0.913283  136.774475
151 -53.965965  39.428772  349.017120  0.317768  5.562180      14.056787   1101.008057 -162.636520  5.350035  0.692433  149.562683
152 -64.683281  18.289141  355.602478  0.302723  3.263214      14.559614   1617.520996  -57.204918  5.298732  1.473296  427.960999
153 -63.311401   5.690038  355.897522  0.300753  2.584768      12.894977   1536.158813   81.048744  5.706609  1.221232  258.145813
154 -61.536690   1.056993  354.989716  0.343230  1.806072      12.026030   1273.379639   15.862633  5.329322  1.253776  333.757446
155 -62.822910  22.731297  349.301453  0.344407  2.959696      13.476188   1268.677734  144.218918  6.051208  1.272294  538.105835
156 -64.271919  -1.285712  357.501038  0.316804  4.434330      13.890429   1136.497803   -4.655727  5.678679  0.452149  181.697159
157 -60.652340  22.763039  345.759338  0.308308  2.366896      14.717531   1138.264893 -177.373459  5.460384  1.193698  316.270325
158 -65.290581  10.088758  359.508575  0.331576  4.464550      14.577415   1272.133423  131.925171  5.404093  1.399436  487.150360
159 -55.218594  31.311014  349.789093  0.314363  2.797583      13.458763   1449.731079  -87.578194  6.182761  1.143856  115.248520
160 -58.078430  21.479031  348.861816  0.314259  5.097304      13.668449   1080.126343 -189.626495  5.068783  1.752005  356.755035
161 -65.038635  -6.246399  359.049988  0.310090  5.301808      14.494092   1406.356567 -168.804840  5.868321  1.898615  514.753845
162 -57.447170   6.844160  348.596832  0.345816  4.786760      11.937882   1044.795410  -36.739956  5.165593  1.433388  261.507355
163 -65.866989  -9.467029  357.212036  0.336929  4.729353      13.041665   1483.516479 -197.776627  5.782659  1.101053  454.037872
164 -58.560791  11.796158  355.092255  0.342147  3.775339      10.152703   1319.894165  229.408936  5.347764  1.289141  311.568054
165 -60.056377   4.351586  352.885956  0.318093  3.231390      12.545627   1248.180908 -140.945114  5.533551  1.853388  325.217255
166 -63.399761   2.916425  352.045654  0.345565  4.340682      14.948954   1029.750488 -128.322983  5.277578  0.841595  318.162048
167 -67.872627   8.526923  356.792206  0.342953  3.599524      14.947620   1371.821655   -6.900601  5.289361  0.381208  235.327255
168 -62.126511  12.773931  351.779663  0.301954  4.060499       9.799904   1637.710205  -78.084747  5.364649  0.734290  143.565125
169 -62.453777   5.989841  354.266144  0.315737  4.073359      12.441608   1430.092163 -117.693611  5.026211  1.517077  341.702118
170 -57.081173  23.096315  356.957764  0.297487  3.817384      14.565984   1291.880127   -5.414278  6.036222  1.899011  210.675171
171 -62.242020  10.653934  355.078033  0.338297  2.450381      10.854673   1549.056763 -131.624313  5.464334  1.991108  513.290466
172 -62.109200  -9.230722  357.370392  0.331819  4.475969      10.469115   1413.185059   39.071693  5.402094  0.714002  184.948822
173 -62.882095  22.614325  350.795776  0.340637  2.812101      14.238214   1159.425537 -153.280136  5.702537  0.440069  214.941925
174 -59.748940 -20.909847  359.449097  0.346793  4.928262      13.419962   1034.206665 -151.095413  5.285416  0.832168  243.539474
175 -58.116684  -0.090767  354.078888  0.341974  5.100852       9.873528   1202.505127  -42.466190  5.328911  1.351021  304.214630
176 -57.589592   8.171427  351.122009  0.276411  5.271602       9.649526   1686.821533   -9.311477  5.491430  1.492653  189.592896
177 -61.060474  10.497776  356.618073  0.322384  3.417837      10.199503   1579.025879 -122.119835  5.676914  1.436818  343.026947
178 -63.977177   9.720040  356.357178  0.349646  4.323444      14.531726   1059.322510  238.167572  5.644356  0.584172  314.192596
179 -62.693710  -2.521952  353.611084  0.334415  4.578451       8.423330   1691.242065 -223.467270  5.040087  0.963502  314.810120
180 -52.757671  17.612040  358.863739  0.348267  5.779716      13.105465    612.364990  185.893341  5.516354  0.846697  274.511780
181 -59.796379   8.339993  356.423431  0.299360  2.800716      12.580586   1279.579956  -63.336685  5.649203  1.582483  275.502777
182 -66.710968  18.661877  356.955627  0.299717  5.535986      13.032998   1668.932983   70.362656  5.292437  0.594902  272.671204
183 -46.654125  27.400469  347.522858  0.319225  5.632168       7.862313   1299.730835   53.128323  5.176502  1.317185  143.576080
184 -64.753288 -10.701202  357.789124  0.334275  5.439103      11.684437   1447.758301 -183.608368  5.442021  1.238634  494.096313
185 -52.645432  26.467457  341.223022  0.293943  5.684113      12.549980   1125.855103 -188.034256  5.198891  1.987628  246.179214
186 -64.561783  14.238363  352.663208  0.291174  4.280104      11.430717   1630.262573 -175.521927  5.394204  0.555805  133.435303
187 -55.706314  21.997974  358.834534  0.321640  4.088323       9.889759   1603.229004   64.421761  5.676093  1.620072  228.202957
188 -56.035725  -1.458311  358.453766  0.325994  5.827477      13.006927    834.201782 -245.900864  6.038675  1.711260  275.067200
189 -64.518745  13.764149  346.885925  0.346538  5.144398      13.318627   1184.109375 -241.784225  5.482611  0.438387  294.205444
190 -60.973648   9.044242  355.670563  0.313129  4.770657      11.954947   1423.800781 -118.298157  5.371621  1.425449  296.006805
191 -58.490273   7.828598  351.967896  0.323453  4.568486      10.848557   1105.537598  -80.957283  5.395551  1.924007  423.698944
192 -57.039558  12.026041  354.431366  0.241227  1.988157      14.198979    878.374268  -11.978091  5.687520  0.939069  105.973877
193 -63.531841  14.482649  353.507599  0.320151  4.147179      13.576611   1248.812256   36.866005  5.643581  1.588272  520.812500
194 -65.443733   2.256485  358.249359  0.340065  1.751859      14.971708   1048.488403  145.083160  6.296252  0.347339  254.354187
195 -55.234161   6.001235  355.865967  0.263772  2.197774       9.260437   1262.715820 -217.634674  6.395580  1.104314  137.275848
196 -61.166626   2.569849  352.265930  0.302804  4.861936      11.921733   1596.583374 -185.716553  5.759571  1.622855  256.861389
197 -64.416321  26.070137  347.868469  0.344609  4.645368      13.329515   1387.492798 -234.147537  6.358637  0.500918  339.280304
198 -55.586063  15.023625  350.991180  0.300559  4.667800       7.681824   1615.970215   12.824336  5.482540  1.235651  206.065338
199 -62.973804   4.028080  356.280670  0.322784  5.755191      13.936337    984.274719 -116.696030  5.322952  0.576247  285.213287
200 -61.428520   1.372801  359.946808  0.339190  4.112103      11.835784   1206.788696  183.985626  5.959476  1.217081  365.857300
201 -56.007023   2.698917  354.776550  0.290228  4.182009      11.055578   1208.183228 -225.864197  6.449666  1.809038  247.930710
202 -55.052792  -2.085240  355.902222  0.296399  4.035331      11.367169    937.620483 -225.962692  6.226748  1.000624  155.726883
203 -61.382679 -13.701003  358.037567  0.349133  5.993690      10.368999   1237.708374  136.247253  5.282484  0.956007  379.402496
204 -66.675156  13.420285  359.097931  0.326014  3.677822      14.435387   1535.509766  -22.356203  5.062088  0.521988  152.101532
205 -61.192162  22.172092  350.974152  0.272723  3.161696      14.797244   1637.048584 -135.142731  5.215612  1.579891  244.095734
206 -63.625198  -2.805164  355.070831  0.319427  2.509502      14.766995   1305.973999   99.702385  5.047920  0.858086  200.372757
207 -62.528660   7.146646  359.531219  0.305917  1.702298      12.259030   1589.267578   88.302673  5.571539  1.391992  309.929413
208 -55.504402 -10.122526  355.852936  0.329538  4.800411      10.285221   1123.195923 -100.189476  5.630198  1.526503  240.582062
209 -59.222157  -7.936760  355.418945  0.337305  5.295125      10.237397   1390.372192  114.064957  5.593965  1.108701  191.087692
210 -62.656250  15.989681  348.384705  0.268257  5.183100      13.675415   1541.382812 -212.498169  5.342041  1.378823  308.922729
211 -55.234375   1.652805  356.335358  0.327839  4.000453      10.238023   1022.243591 -102.247208  5.502765  1.714746  334.507568
212 -63.841465 -12.193773  355.400360  0.337911  4.436918      13.626990   1566.127441 -166.942749  5.563176  1.367845  300.862610
213 -61.821892  -3.565869  345.871979  0.336745  5.676276      11.112717   1354.519165 -182.904770  5.723952  0.886818  170.505249
214 -62.984543  17.467304  349.842712  0.302785  2.679426      14.823686   1364.266357 -125.713028  5.108011  1.234984  317.503998
215 -58.605141  11.129989  342.762482  0.303620  3.599771      12.172639   1445.066772 -148.172150  5.233454  1.741888  233.831207
216 -60.419369  13.943098  352.330627  0.331747  1.296696      12.282728   1083.109741  -23.347168  5.479391  1.408609  453.706940
217 -65.092400  15.550014  355.459778  0.333537  4.654779      11.257648   1439.349976 -247.649963  5.504947  0.414762  249.686554
218 -60.901287   5.902690  359.320831  0.332275  2.789531      11.848299   1480.067505  242.833893  6.146558  1.873629  361.663330
219 -61.030361   4.124682  349.711426  0.349276  5.086913       8.325768   1541.659546   15.874877  5.677508  1.029144  301.617676
220 -63.098389   7.295850  352.996552  0.297065  4.086936      12.829135   1629.119385    8.974488  6.057570  1.430521  305.022430
221 -57.384060   7.334706  353.412323  0.324450  1.524033      10.590845   1231.903442   -8.732187  5.250324  1.257840  213.778687
222 -59.723846  17.849989  351.036865  0.329915  3.906249      10.308073   1420.799316 -177.081772  5.093453  1.852425  449.408875
223 -61.504944   1.843909  354.295166  0.314698  2.710733      11.764853   1547.788940  -46.618160  5.352085  1.678494  349.726929
224 -59.261742  -8.541656  357.665192  0.297867  4.821720      12.877046   1024.532837  -57.363754  5.349965  1.219183  275.078461
225 -59.560299  24.073414  346.268677  0.340450  3.288414      14.721210    973.568298 -212.011993  5.578667  1.540874  418.767395
226 -59.530376   5.467041  346.528046  0.294165  3.778014      12.803499   1184.881226  -77.572929  5.138089  0.975950  111.146156
227 -64.463783   7.812399  357.003601  0.241569  3.760147      14.084799   1570.862549 -223.703140  5.247303  0.823133  104.128716
228 -65.262550  14.865753  354.467896  0.330392  5.843101      13.690556   1386.819824 -150.776489  5.675192  1.328387  507.194092
229 -54.648022  12.304385  353.241333  0.287393  5.855584       8.961833   1536.434204  -24.081175  5.570178  1.709421  211.697693
230 -57.966461   3.580676  354.184052  0.332392  1.774000       9.016709   1570.056885 -218.349075  6.144913  1.423035  253.503311
231 -58.640579  15.042838  346.561523  0.272116  4.524956      13.836574   1170.393311  -57.119213  5.821661  1.995450  291.828003
232 -60.214474  11.471184  352.652435  0.302897  5.456826      14.165955   1089.219727   94.734474  5.493047  1.111991  210.449249
233 -61.097084  28.204199  353.106293  0.339771  4.842296      13.642992   1325.986084  243.132614  5.587569  0.653603  191.523087
234 -65.684662   2.087581  356.482971  0.348745  5.115827      14.199686   1356.391113 -179.943298  5.311432  0.852994  344.886749
235 -59.825867  13.785483  355.881500  0.261094  4.431817      13.444643   1191.900024  -91.987427  5.753656  1.327482  244.921570
236 -65.763680  19.019955  352.881531  0.300594  1.600049      14.634845   1629.533813  112.558441  5.784331  0.978264  357.494141
237 -59.775543  -5.947688  354.576324  0.334877  3.262265      14.001284    903.576904 -183.717865  5.205209  1.213099  313.947815
238 -64.476593  -6.043308  358.599457  0.340454  5.213584      11.981678   1344.962646  109.700760  5.350537  0.966686  445.508484
239 -59.345890  28.319513  340.671844  0.300134  3.218607      13.863367   1489.178101 -241.673462  5.957315  1.666121  325.253510
240 -62.741135   4.722593  359.825867  0.322496  4.580309       9.701257   1556.626587  -51.771149  5.130521  0.566819  101.057571
241 -57.630863  -5.330450  359.200043  0.330448  5.344236       6.837870   1585.484741  -97.872421  5.698555  1.556702  356.156342
242 -61.427326   8.967183  350.745117  0.306638  4.206507      11.896378   1538.310913 -168.889603  5.714112  1.669369  348.319641
243 -64.651474   5.748973  358.733368  0.347213  5.755542      11.661388   1370.120361  -60.435875  5.410618  0.898582  425.321381
244 -66.024017   3.029888  355.382019  0.340916  4.599933      12.134037   1551.214355   -8.376613  5.981061  0.739184  308.521484
245 -59.462914  -0.514713  354.203003  0.347251  5.345807      10.612982   1023.325745 -249.975784  5.658606  1.090929  399.161438
246 -63.212524   7.012312  352.452454  0.337256  4.894706      14.242497    970.345337 -224.431259  5.242074  1.107130  483.030273
247 -55.522675   9.133880  355.275146  0.268760  3.318489      11.550703   1195.249878 -150.068985  6.406607  1.475550  161.315948
248 -56.414814  -8.021727  357.198120  0.320657  2.419283      13.640139    867.400818 -197.386292  6.403052  1.330421  218.432434
249 -63.086842  12.165808  352.222107  0.305057  2.398869      12.369850   1630.634888   21.618298  5.296284  1.454519  358.164825
250 -58.503689   9.788668  353.950043  0.339563  3.112177      10.396996   1030.933105   62.703644  5.589606  0.670429  254.338333
251 -63.703480  -4.751813  359.643311  0.333203  5.125319      11.089559   1392.894287   -0.242375  5.124337  0.956362  366.142883
252 -59.550041  31.341919  354.911713  0.325972  5.998004      13.438821   1466.077271   60.105667  5.531431  1.738759  388.225494
253 -62.650002  -1.377611  356.169800  0.336207  2.187922      11.653745   1462.520752 -173.403549  6.164477  0.986070  253.154907
254 -59.419334   1.770698  352.485382  0.233752  5.706186      11.817513   1512.058105 -247.116989  5.423318  1.536584  183.333542
255 -64.484825  -3.961864  356.473816  0.259097  5.661391      14.729147   1458.739380 -226.758759  5.280451  0.858070  119.624435
256 -53.675728  11.963403  346.803162  0.334733  4.799074      12.003349    763.416077  -70.856461  5.297562  1.847712  352.297699
257 -65.694229  12.936198  353.725861  0.308561  4.841367      13.101102   1651.660522   32.372448  5.240576  1.098818  389.403473
258 -55.521515   3.437593  358.925903  0.318461  2.275090      12.149425    898.940552 -114.560928  5.335596  1.817510  278.395935
259 -62.080086   3.998291  355.463745  0.342616  1.697727      11.201122   1607.255127  -80.738861  6.071621  1.753715  377.123566
260 -58.311474   5.316711  356.690765  0.295341  5.617126      10.761704   1189.041992 -177.720154  5.031698  1.642309  335.884705
261 -59.788445   7.983578  357.371582  0.283227  5.658996      12.247051   1449.987915 -178.951630  5.605751  1.874539  276.895203
262 -59.440487  24.819204  355.400757  0.317125  4.537590      10.702394   1626.532959 -165.607285  5.010419  0.799303  124.458313
263 -53.394936  17.708944  343.568878  0.326837  1.592276      12.640806    862.539856 -147.277725  5.551362  1.566068  233.960205
264 -61.481422  15.792131  350.150452  0.310889  2.590002      11.954843   1356.339478 -113.559563  5.934381  0.829117  237.097351
265 -60.813202  18.631062  356.231964  0.336024  4.694932      12.303311   1096.526611 -135.156616  5.671935  0.749054  311.917694
266 -61.280823  -5.554711  357.984100  0.296687  3.906010      12.223463   1184.896484 -189.989212  5.422081  0.655618  129.354248
267 -56.368896  28.390644  348.038391  0.322604  2.742445      10.142087   1261.979004   36.659515  5.284457  0.554563  103.289566
268 -65.028931   3.370445  355.807770  0.337647  3.426354      11.089042   1553.277344 -183.824142  5.302101  0.943764  389.971893
269 -63.008797   7.103848  354.265442  0.340543  2.766938      10.759768   1440.013794   15.616435  5.357599  1.644365  501.244904
270 -56.462811  24.042585  352.270966  0.337325  3.945621      13.019871    909.200562  -92.048286  5.614938  1.454363  379.828339
271 -61.226788  33.078739  350.106750  0.330071  4.161166      13.270658   1547.062988  147.561081  6.043999  1.078088  433.236877
272 -68.192276   8.585700  353.939148  0.332056  5.535405      14.141507   1689.677490 -186.095581  5.323799  1.606013  633.109863
273 -58.318436  -8.008068  354.793884  0.319408  4.865896       8.197540   1652.461060   23.305521  5.640212  1.181371  209.823898
274 -65.109329   8.515903  356.360138  0.346129  4.127498      13.263062   1218.161621 -159.293793  5.205658  0.492382  289.362244
275 -55.942829  14.234548  354.995392  0.347590  4.333622       7.742656   1486.214233 -120.460533  5.489621  1.225293  244.410736
276 -64.016487   8.410934  350.901154  0.295130  3.594300      13.900671   1419.286377 -160.812973  5.466557  1.316250  343.809448
277 -58.850258  28.904356  348.981445  0.283352  5.073008      11.827908   1564.884155  194.688522  6.400008  1.426672  339.432068
278 -60.748051   4.801952  355.611572  0.318418  5.212861      11.063778   1356.660278  118.074593  5.170043  1.446708  344.946228
279 -61.811729  -4.825899  358.238159  0.268479  5.304048      13.990557   1355.909180 -117.154892  6.014464  1.900261  303.892853
280 -60.010563  20.924038  353.000641  0.342733  3.725347      10.235725   1435.233521  -65.082855  5.453769  1.500391  431.381836
281 -56.310123 -14.768563  356.664490  0.278992  5.866060      12.767334    954.317383  103.767265  5.062249  0.969372  117.149643
282 -53.927788  25.877949  347.464264  0.347996  4.324391       9.997476   1126.681885  -45.723957  5.651703  1.584300  390.375092
283 -59.600044   8.898057  357.866791  0.293192  3.392803      13.358734    987.837097 -197.745255  5.838624  1.372930  323.944885
284 -48.983669   1.287089  349.971893  0.327661  3.218616       7.957598   1218.635620 -232.960571  5.388872  1.744837  158.893417
285 -59.397369   5.135217  350.559357  0.338962  2.884752      14.851295    804.757935 -221.750626  5.010072  1.356803  301.735016
286 -64.411827  -3.374136  357.354736  0.332226  5.602799      11.126107   1494.196777 -203.837189  6.120031  0.733513  289.131042
287 -55.371098  -2.554103  358.913940  0.297608  5.249976      14.661383    661.782104  -78.157272  5.302277  1.823276  241.433609
288 -67.005081   8.533524  354.134613  0.320656  3.217332      12.537353   1620.484497 -145.691772  5.316234  0.604697  291.285370
289 -61.288044  16.604010  357.628387  0.302702  5.310220      13.198707   1546.832397 -247.339401  5.003152  1.799217  304.323669
290 -61.441444  -4.323582  353.878815  0.280981  5.839520      14.128364   1370.765503 -202.087891  5.564437  1.780173  246.784256
291 -46.865356  -7.871381  350.778564  0.308344  3.698885      13.188080    446.545715 -183.033661  6.096296  1.283250  158.629776
292 -66.050629  -2.479872  358.568329  0.338264  3.109783      14.306449   1449.823975   70.775040  6.160301  0.827496  307.063721
293 -61.626274  -3.034239  357.021820  0.337886  4.326502      12.811420   1174.797363  -92.425591  6.443232  1.727980  425.404144
294 -60.913029  10.801301  355.087463  0.286426  2.420068      13.448745   1158.033569  227.477798  5.427272  1.244836  277.915588
295 -62.543442  11.157229  352.451355  0.331288  2.024419      13.522040   1155.884888  -99.603416  5.710729  1.297913  401.164124
296 -64.121147  13.559514  353.750519  0.339781  1.120244      11.883749   1448.074463 -143.772964  5.269879  0.668651  227.154587
297 -60.457993   9.633617  351.730621  0.323056  5.811523      12.365597   1174.300781   -2.032236  5.821244  1.132690  298.892853
298 -63.625999  -4.462568  359.730255  0.344529  4.213375      13.913262   1005.936829 -229.104187  6.079228  0.686156  395.613373
299 -62.973846  12.866851  359.313629  0.338619  2.990183      13.948804   1206.114502   28.138617  5.780863  1.285195  394.763123
300 -64.154411  12.969911  353.560547  0.344676  3.014917      14.003835   1452.374878  -65.042465  5.105726  1.619543  439.875610
301 -55.067928  26.545744  340.067993  0.338607  2.185509      12.323642   1004.791626 -182.002609  5.799153  1.184978  294.158295
302 -61.194172  17.600689  353.277863  0.317941  3.360595      10.593988   1613.521606 -218.002548  6.080817  1.783970  441.365326
303 -61.017914   0.521860  351.637207  0.310099  2.784434      13.312672   1349.827271 -132.349152  5.688332  1.091207  147.510971
304 -61.857841  18.054907  355.535431  0.349888  5.569207      12.676167   1149.576782  170.785446  5.529696  0.649834  318.679169
305 -62.795349   6.797595  351.067169  0.295358  3.582807      12.487962   1637.547363 -130.620377  5.263132  1.567301  332.073273
306 -63.650249   0.042270  355.508484  0.336774  4.400679      14.795078   1240.940308  203.005966  5.955864  1.885655  397.600800
307 -62.593513   6.952557  354.058044  0.312529  4.685621      14.048156   1143.249268  143.051407  5.326408  1.249706  357.986511
308 -67.340446   6.128013  357.493896  0.290280  5.508316      14.169919   1583.093872   31.232166  5.823894  0.566282  231.436737
309 -56.271477  12.451427  357.419281  0.336223  3.241848      12.645617    795.370422  147.166367  5.418445  0.634839  167.993271
310 -62.892250   9.195087  351.075562  0.316340  4.352802       9.279827   1613.595947    3.488678  5.759206  0.665295  178.121735
311 -55.669163   7.089601  345.919250  0.319788  3.526283       9.936886   1287.774048 -229.247025  5.480413  1.625057  244.076447
312 -59.207672   5.830522  355.587921  0.327131  2.285531      12.678699    961.421082 -180.346222  5.198831  1.814031  400.124420
313 -63.362709   5.470002  356.259827  0.263806  5.393859      14.678005   1379.805542  -57.774704  5.543738  1.354424  280.071991
314 -63.344608  13.362562  354.391296  0.340948  4.452202      10.979149   1451.021973  -11.214339  5.516909  0.838897  331.753235
315 -56.952984   6.937412  350.511536  0.348283  4.628602      12.136518    801.450562  108.801620  5.395168  1.678238  406.541656
316 -53.456505  -6.448589  353.862122  0.274433  4.801078      14.258272    592.342773   -9.001831  6.154535  1.210392  189.454926
317 -55.388760  -6.401566  353.141632  0.338420  5.576310      12.695743    763.315186 -168.290131  5.735850  1.340266  226.676666
318 -55.794209   4.064273  355.298706  0.286734  1.608140      13.385064    839.622070 -157.517761  5.992082  1.277795  170.546707
319 -61.684841  13.908839  353.905823  0.274730  4.328663      14.448904   1165.790894  117.274216  5.530189  1.873015  395.291351
320 -57.885303 -11.221445  357.646759  0.329085  5.140000      12.871508    987.427124  -82.449333  6.008715  0.950337  155.647614
321 -58.295792  21.624161  357.984375  0.347404  4.024333      12.582891   1248.023193 -213.790421  5.041989  1.487612  289.104828
322 -58.507851  21.529852  353.320557  0.338841  4.761954      11.893136   1215.680908 -239.510925  5.957932  1.383663  345.818115
323 -56.538120   3.646420  359.892212  0.331601  3.507668      12.920328    792.133545  -96.994934  5.299491  0.979737  211.362732
324 -60.198223  24.277723  354.706665  0.339451  4.101476      13.003858   1355.079956 -166.016037  5.264389  0.916840  213.961349
325 -53.064621  -8.859884  357.875824  0.299408  3.659792      11.227736    897.481750 -189.744904  5.358932  1.441461  194.494736
326 -55.962406  18.544868  348.304291  0.347178  5.724274      12.857984    797.991516 -212.450287  5.882783  0.969988  306.805176
327 -60.796085  11.503262  357.499054  0.307928  5.962483      13.370167   1129.675659 -135.506592  5.581048  1.341926  319.275116
328 -65.886040  13.290810  357.390289  0.310622  3.138945      12.052154   1538.037354   36.603146  5.991214  0.538416  254.772614
329 -62.307873   9.307294  348.740295  0.318843  2.845143      14.007331   1349.227905 -124.383102  5.481485  1.825111  356.325867
330 -60.123489   9.343564  353.989990  0.318023  3.551730       9.195689   1417.004272  -20.641634  5.870560  0.667560  150.023056
331 -62.417587   8.266421  356.750641  0.331759  3.866893      11.938495   1170.985107 -124.418915  5.531930  0.536092  197.435837
332 -52.650196  23.434525  348.649109  0.287708  4.383551       6.008996   1685.687622 -194.497681  5.705046  1.029382  138.504700
333 -55.780392   8.608053  350.120850  0.239568  1.914627      13.536180   1089.716919 -208.102783  5.634167  1.623869  125.332001
334 -65.431480  -2.737685  359.115295  0.326272  3.479274      13.316655   1560.570435 -159.724930  5.117640  0.976528  295.641968
335 -63.760033  19.875608  356.805786  0.338179  4.352789      13.141393   1580.739380   80.903191  5.697066  1.426898  449.027252
336 -56.448532  22.958902  354.445007  0.309185  5.211330      10.485168   1344.874146 -106.473114  5.371523  1.049249  179.187057
337 -61.313187  -2.355569  358.139374  0.322246  2.520884      12.634146   1346.791870 -198.303253  5.852135  1.547634  306.048309
338 -56.856903  10.285877  356.490021  0.277025  1.405300      14.721948    947.013428   27.239262  5.253690  1.731773  191.585480
339 -63.309063   4.825604  355.840240  0.322041  2.905365      11.603534   1493.166748 -141.480026  5.707979  1.414683  405.452118
340 -63.711109  10.176205  357.693909  0.287621  3.973300      13.604055   1445.739868  165.214615  5.880776  1.812628  440.129242
341 -68.566780   9.156388  356.043488  0.339079  1.784574      11.054985   1659.658447 -224.155991  5.627451  0.349634  299.140167
342 -59.906048  11.613187  351.818726  0.259044  2.734976      12.947562   1308.525879   76.051468  5.409429  1.514751  249.342041
343 -53.625874  30.095423  344.603638  0.340341  5.854720      12.372701   1093.881348 -171.453400  5.341509  1.484783  301.200623
344 -57.746082  22.729546  349.509003  0.282613  3.341570      13.192201   1349.614990 -120.431038  5.914434  1.787534  273.789459
345 -62.360104  -2.219989  356.391327  0.303909  4.946715      13.194272   1193.238403  171.908234  5.577449  0.964724  246.545181
346 -61.963806  17.536812  359.846863  0.317059  5.529455      13.430315   1210.075684  206.808746  5.095075  0.815597  258.677826
347 -54.811939  25.240610  349.174988  0.342216  3.998421      12.883427    956.840820  184.336594  5.371693  1.672152  311.561279
348 -52.787552  24.183214  340.688263  0.259616  5.676101      11.046843   1293.423340   -2.145173  5.358899  1.348396  139.928146
349 -65.649818   7.994819  353.583618  0.296455  3.993089      13.866165   1561.851318 -208.686981  6.294086  0.895454  268.037018
350 -62.170883   3.319561  355.456299  0.339966  4.659376      14.818871    815.280945 -188.461624  5.947260  1.475044  550.878967
351 -68.035011  -3.486711  358.055573  0.346549  4.678733      13.287871   1619.095459   62.050789  5.449903  1.345266  625.036194
352 -56.436378  17.443047  351.894257  0.302928  5.006212       9.944084   1452.981201 -244.336899  5.888634  1.573020  269.366913
353 -59.264366   1.038556  353.740295  0.329127  4.011682       9.616741   1424.566406 -177.393845  6.029157  1.868922  391.818237
354 -56.585552  20.917841  351.749390  0.294930  4.327169       9.360466   1336.293335 -149.566650  5.029262  1.069354  240.084396
355 -61.947868 -13.959025  357.795776  0.305031  4.875397      14.408453   1074.247559   44.918945  5.009179  1.262645  341.946716
356 -58.103603  18.061781  346.315704  0.343290  5.225643      13.794378    830.605042 -174.168579  6.213808  1.049408  380.984192
357 -56.970089  26.089340  351.126099  0.332925  3.338789      11.847519   1367.385620  224.169052  5.985467  1.843892  364.723022
358 -61.428371  22.521023  358.983673  0.310550  5.345657      14.671277   1161.629761  186.919357  5.411208  0.858556  244.101883
359 -59.611996   4.008441  358.048096  0.342097  5.044790      10.368949   1367.651123 -206.931320  5.762522  1.976152  391.239685
360 -59.048386   4.710588  359.931976  0.298347  2.787775       8.882140   1672.152344  -78.539703  5.471573  1.093470  167.726624
361 -63.916370  -1.937170  353.924347  0.345701  4.496501      12.040407   1237.309570 -103.698242  5.925841  0.994605  433.338226
362 -64.983139   5.009885  356.301544  0.308039  5.679168      13.147689   1461.136719 -131.433411  5.709419  0.719137  203.881287
363 -58.527122  18.753897  350.594391  0.343418  4.555339       9.806721   1478.881348  -98.489952  5.442659  1.627201  369.002380
364 -59.962139  17.483892  352.832642  0.330174  5.244020      10.436122   1622.859619   43.808208  5.329278  1.223704  255.963791
365 -53.535713  19.255939  357.125854  0.336706  5.801495      14.205067    594.333130   23.687260  5.127854  0.550872  166.868454
366 -58.814297  17.625065  353.971771  0.296568  5.091790      11.677977   1631.870972 -229.743439  5.297644  1.944173  285.606110
367 -60.720997  -2.665339  352.757782  0.279483  3.763964      14.338649   1360.245605 -131.935822  5.524654  1.876186  240.073044
368 -57.795094  12.791101  354.247162  0.310957  5.501045      14.202268    802.324707 -105.732597  5.334365  1.699195  370.961395
369 -57.631180   2.992537  349.785126  0.333499  2.884717      11.044330   1482.440063 -187.433884  6.064980  1.963372  247.289246
370 -58.089752   8.658393  355.063019  0.302662  4.357657      10.918745   1606.288208 -139.354782  5.770218  1.959685  264.648987
371 -65.507416  21.589502  349.038391  0.318520  4.251159      12.580660   1574.040405 -151.480072  5.909630  0.748336  408.417236
372 -53.377102  17.103212  355.829224  0.318027  4.611082      12.206621    902.859558  -66.549164  5.747163  1.855327  237.939346
373 -56.358299 -11.609552  358.768494  0.335051  2.608359      10.514426   1502.207642  -97.500809  5.515816  1.303222  126.097641
374 -56.930454  34.727390  343.820160  0.301439  4.409493      14.066372   1366.900269  120.269394  5.760706  1.778749  369.909698
375 -59.219402  13.424899  351.491364  0.332673  1.083001      13.247612    889.064331 -110.883331  5.610063  1.385714  422.547119
376 -52.866066  -6.058500  357.603882  0.240931  4.278642      11.841865   1015.324158 -192.927277  5.895652  1.646164  117.749901
377 -59.075554  24.468584  348.157745  0.341792  1.599606      10.203184   1447.584473 -176.931305  5.509120  1.383401  442.048187
378 -58.051022  17.022873  352.083191  0.319766  5.195019      11.657977   1036.100464 -152.431564  5.971993  1.036189  327.722107
379 -58.837097   9.407263  356.347137  0.330882  3.323681       8.952315   1442.607910  232.089737  5.602179  1.054414  227.959244
380 -59.573235   5.032608  354.830719  0.292730  4.775054      11.137013   1479.497925 -158.859085  5.582660  1.297667  202.794724
381 -58.321430   8.761758  359.086029  0.285492  5.149538      12.660586   1099.409668   -9.239109  5.612247  1.635262  274.416473
382 -55.944805  32.483509  348.335205  0.344768  4.952148       8.800003   1372.120605 -230.794342  5.760148  0.739131  274.339111
383 -55.971947   1.046011  355.403107  0.277234  2.132407      10.376556   1637.076782 -162.991379  5.480014  1.775893  158.909332
384 -59.404743  28.132055  340.128876  0.331747  5.452394      13.479095   1228.141724 -213.917145  5.327165  1.272204  369.782166
385 -63.932426  13.347368  354.053894  0.282299  3.787138      13.635777   1657.008911  -37.722988  5.762292  1.711935  417.075317
386 -62.499512  16.624418  350.944427  0.304839  5.440454      13.395163   1138.982788  199.434036  5.111906  0.885276  369.028961
387 -57.088913   7.671058  354.235779  0.252026  4.559756      11.023762   1298.092041 -111.234131  5.622472  1.597528  227.547028
388 -59.735825  26.986504  349.827240  0.311619  3.531172      12.114734   1680.421387  -65.905472  5.507331  1.813563  388.444336
389 -57.397388  23.551706  350.962860  0.334975  2.393206      13.134988   1162.794800  169.661255  5.638089  0.999316  187.026337
390 -56.719978   9.317596  349.148132  0.327662  2.680927      11.853523   1022.464355 -142.632202  6.050129  1.309531  229.856781
391 -60.156036  -0.091360  352.704132  0.231461  4.876969      12.895758   1675.421753 -145.893631  5.151019  1.916215  200.772598
392 -61.699951   9.119685  356.022614  0.328906  4.944671      10.032529   1438.091675 -233.285080  5.715894  0.788107  225.258255
393 -55.815937  27.923349  344.646576  0.286596  4.683417      13.785544    973.625244 -162.781616  5.108090  0.792551  158.224564
394 -60.500702  12.817144  357.605225  0.313776  4.900764      11.686973   1278.203613 -153.195938  5.101662  1.482942  358.739044
395 -59.879314  27.317951  359.674591  0.348574  5.926045      10.345613   1695.083740 -204.165558  5.990267  1.124804  263.959900
396 -59.317196  10.242195  351.143372  0.292669  5.690567      12.773157   1095.907349  -72.845116  5.542493  1.758787  338.073853
397 -50.596645  23.519529  347.746521  0.295299  2.024464      10.496881   1338.855103 -118.495857  5.970412  1.604452  140.841049
398 -61.319756  13.249013  353.835846  0.286679  5.378732      13.383114   1105.896240  -16.831589  5.087425  0.627412  133.696243
399 -65.767197   6.228111  354.435089  0.344715  3.872448      14.715839   1405.891846 -114.989983  5.102647  1.449026  461.999390
400 -61.751175  18.276188  352.050507  0.327659  4.635383      12.041189   1324.420044 -237.821075  5.862756  1.579042  488.324463
401 -59.050198   1.290090  353.093536  0.335620  2.144699      13.245177   1019.069214 -216.303024  5.855101  0.910011  172.989822
402 -67.636719   2.944606  358.937103  0.308572  5.663947      14.418095   1325.904053 -239.507660  5.548710  0.391772  282.813873
403 -57.419430  16.725845  354.740479  0.252323  5.726210      10.974186   1639.499146   16.436987  5.567368  1.483439  160.676178
404 -64.615883  -6.052887  354.052795  0.344943  4.065117      14.818114   1126.954346   21.327175  5.148221  1.405850  480.055328
405 -59.741676  10.183549  352.077087  0.340549  4.734859      10.013060   1471.140625 -190.084793  5.668703  1.658496  383.262299
406 -53.282253   4.970426  352.020081  0.339882  1.394038       8.258316   1416.986206  -66.115265  5.734818  1.297893  131.522583
407 -58.709019  19.713919  353.695221  0.316610  5.737532      11.680460   1459.718140 -207.019882  5.975893  1.437346  260.219330
408 -54.770790   9.817916  353.110199  0.313332  4.010551      12.663259    773.580322  -11.403231  5.687524  1.770638  298.458069
409 -52.683475   5.297256  356.289124  0.327151  3.788095       8.496100   1077.606689 -204.390198  5.067258  1.967623  330.668854
410 -59.171505  15.851170  346.064636  0.275007  5.676162      12.249134   1346.041138   23.276251  5.444598  1.247384  217.249741
411 -57.004745  13.174953  349.786346  0.272630  3.939625      13.892860    912.033264  -53.130650  6.202740  1.737049  251.860779
412 -60.970936   5.796070  359.062195  0.329194  4.803047       9.243419   1339.686279  211.811966  6.183914  0.918515  321.886139
413 -53.296898  30.797867  351.415497  0.318778  5.398760      11.160755   1142.117676   54.767246  5.668707  1.004488  177.515488
414 -59.114399  19.983324  345.436157  0.332173  1.454864      12.179211   1270.965820  -59.361938  5.418369  0.988148  243.714050
415 -59.087109   2.696765  348.770599  0.318172  4.691674      13.770306    908.593445  -35.804905  5.354228  1.240142  252.516754
416 -54.351051   8.127230  359.193817  0.317019  4.384546      11.624275    840.766663   65.661095  5.814961  1.723577  288.962555
417 -57.213490  22.115696  352.646851  0.348430  5.013698      11.779785   1051.625732   70.867714  5.778383  1.430925  374.571930
418 -61.613083  11.234918  354.003082  0.339150  4.266782      13.992607    873.344238   -4.477267  5.724674  1.141368  497.285156
419 -61.085938   8.354068  349.646240  0.285063  4.847032      12.537786   1272.842041 -141.141800  5.960131  1.049595  216.723770
420 -58.022022  14.092027  355.079437  0.283784  3.525989      10.471224   1233.738037 -147.103271  6.315027  0.865225  165.482529
421 -62.970692   2.065795  357.210571  0.307736  4.361814      12.012719   1275.572021   20.467651  6.181073  1.037241  361.777924
422 -62.086098   7.265012  355.846313  0.337956  5.878577      12.452544   1291.207275  -53.366180  5.691690  1.329282  373.509857
423 -62.233154   7.789347  356.644043  0.347729  4.745104       8.965307   1460.832153 -126.116913  5.245010  0.989320  383.083832
424 -60.712673   9.955394  351.141968  0.349387  4.353773      13.058761    898.521729  -56.108974  5.053518  0.387499  223.885101
425 -60.001942  26.650038  351.174713  0.278021  4.271705      14.215026   1685.190918 -197.759323  5.628599  1.443268  217.342682
426 -60.074493  21.981441  358.039856  0.346390  4.390421      11.745539   1572.761230 -199.586304  5.437887  1.957061  413.124084
427 -59.669209   7.154236  355.523346  0.311651  3.874358      11.659668   1112.711792   57.273758  5.362325  1.051792  307.124969
428 -58.298519 -14.281705  359.425049  0.320401  4.907059      11.313705   1211.432861  230.292465  5.044983  1.423433  292.215668
429 -64.811005  23.978367  359.392822  0.341768  5.253030      13.755563   1443.126587   -9.200230  5.162966  0.949962  448.038391
430 -62.863266  -5.416612  359.946838  0.341476  3.706378      10.942520   1669.382324  -57.115261  5.687703  1.429951  345.890320
431 -53.572300  25.558760  349.345795  0.240251  4.468450      13.901639   1008.028076 -240.925156  5.527439  1.846398  209.586441
432 -59.110779  15.292369  353.250366  0.341990  5.437831      11.131475   1339.205444 -192.878738  5.789530  1.495752  343.454498
433 -61.685135   9.586595  353.522064  0.309078  3.584876      10.375773   1588.175537 -115.624184  6.260085  0.939331  218.068390
434 -62.190739   5.212623  357.677979  0.297309  3.115726      11.578190   1520.910034  220.473679  6.474699  1.121134  257.867218
435 -60.358826   0.323198  358.236786  0.329120  1.701524      13.019906   1167.117188   18.997038  5.410855  1.772839  332.297028
436 -63.322590  19.767700  349.985138  0.331575  2.676894      14.185446   1195.469849  163.729553  6.044464  0.581373  288.001312
437 -64.434090  15.775920  352.452881  0.318308  1.338703      11.917969   1281.693481  177.752335  5.465235  0.302773  123.863083
438 -63.155388   7.378526  352.779663  0.265704  2.994273      14.420526   1692.352173  -62.830360  5.316738  1.758897  267.869568
439 -58.159225  26.966383  352.710419  0.267606  5.936615      11.512504   1638.923828  -87.750160  6.382181  1.337617  231.856537
440 -56.771206  -1.922495  346.902832  0.296459  5.961757      13.735250    757.646912   97.084702  5.311997  1.643640  247.548935
441 -51.674286  25.602671  341.484711  0.325159  3.262374       7.432904   1514.766968   29.582911  6.101066  1.441160  265.994537
442 -62.078499   7.268270  354.902374  0.338453  5.903488      11.602076   1536.095581 -122.379883  5.407723  1.724206  406.574860
443 -61.498024  26.795715  347.957275  0.299350  4.403718      12.515141   1347.678101 -128.575546  5.048306  0.437958  124.511108
444 -62.476192  16.407019  359.277496  0.339646  3.705142      13.093365   1332.753662  -93.574928  5.441290  1.218753  374.431000
445 -61.804005  17.239611  348.917755  0.324034  1.425443      11.268777   1233.840332 -191.677429  5.644072  0.509023  215.978714
446 -56.703617  10.165101  349.683258  0.299759  2.715271      11.044232   1329.840332 -238.387939  6.213537  1.953438  262.986847
447 -62.737518  30.323603  348.427368  0.332495  5.757544      13.498844   1538.346924   96.221565  5.275036  1.367456  510.183929
448 -55.145107  20.924288  350.308929  0.296216  3.949060      10.592415   1360.185913   28.448761  5.778149  1.913173  289.871887
449 -53.744225  18.351725  355.036774  0.349530  2.779013      14.497379    600.205200  -28.122097  5.977777  1.832209  340.645081
450 -53.714104  21.143402  354.417603  0.287929  5.637310       7.522890   1629.947021  163.049332  5.886829  1.125578  137.823700
451 -62.650188   3.108007  358.317963  0.290624  5.742126      12.107949   1593.323975 -194.593338  6.308364  1.351393  269.397430
452 -62.543461  11.958532  355.532715  0.323744  5.267330      12.383272   1573.505859 -233.602646  5.563087  1.956914  417.801056
453 -57.791603  14.907982  350.671326  0.328891  5.065414      10.243253   1201.067505 -180.365036  5.320454  0.810183  192.763687
454 -66.968239 -10.589316  354.794952  0.333000  4.729870      13.881214   1655.455811 -191.932251  5.294580  0.713095  231.187439
455 -59.921818   6.276732  356.787048  0.301088  4.428896      13.447669   1138.227051 -245.353577  5.212849  1.377548  236.125412
456 -60.926029   9.775607  353.178986  0.335416  5.387966      12.438078    935.177002 -193.648392  5.215196  0.724306  393.050995
457 -57.777710   3.646455  352.185547  0.299845  4.023293      10.554827   1279.806030  -92.101700  5.578067  1.631156  278.829712
458 -60.984238  13.764114  347.901764  0.299159  5.075870      10.950760   1629.644409 -127.431526  6.120502  1.052698  180.365173
459 -59.969864  11.538754  354.910248  0.321710  5.780315      13.081213    957.104736   81.686035  6.096702  0.829356  304.331635
460 -60.144279   0.226019  354.764282  0.317061  5.214850      10.610839   1450.854248 -115.300529  5.582179  1.786198  348.465271
461 -62.490433  -2.587255  349.018585  0.327130  5.320102      14.528895   1161.657593 -138.195343  5.181512  1.210508  255.038422
462 -56.067257   1.280730  356.202667  0.280775  5.253909      12.764637    908.402954   55.772182  5.520751  1.414733  190.602737
463 -57.529381  -4.606338  356.534729  0.324122  5.249538       9.016714   1567.645020  132.286697  6.202367  1.481930  218.237366
464 -63.090714  15.393089  353.772614  0.254928  5.606895      14.927424   1633.430298   65.130592  5.024404  1.653930  279.106140
465 -64.876625  17.351547  356.051849  0.349805  4.300501      10.625413   1684.683350  236.110703  5.198101  1.339111  563.560852
466 -56.946980  -2.487460  359.855560  0.291638  2.820051      11.191696   1143.709961 -195.560562  5.828175  1.662818  262.986206
467 -59.911007  13.099913  354.903564  0.325685  3.735669      13.136088    993.929871 -227.801453  5.823158  1.298769  400.125000
468 -53.640675  35.334709  347.879883  0.334774  5.580553      14.202722    779.914368 -191.094910  5.548395  1.417309  465.148804
469 -60.424919   8.369700  356.513611  0.347643  3.453492       7.654609   1504.706055  -37.200741  5.963113  1.064161  383.184235
470 -64.398430   3.751505  354.681610  0.302511  1.971824      14.783939   1371.669556  176.592010  5.141218  1.021008  279.535248
471 -62.150078  24.997662  347.739594  0.346690  3.761183      13.725524   1270.275269   43.461121  5.232800  1.371828  507.211334
472 -53.875065  10.044443  345.729980  0.323218  4.125145      11.768697    895.060425   75.246010  5.674028  1.079036  144.574661
473 -59.184227  37.237160  345.031708  0.322781  4.742114      14.676040   1446.565918   75.209282  6.095702  1.706470  520.062683
474 -57.421097  26.701704  343.389862  0.310643  2.909781      12.675339   1190.499512 -109.037277  5.138720  0.907668  200.872833
475 -59.851509   5.124179  355.554016  0.282570  2.821568      11.384811   1301.115234 -140.583084  6.130687  0.887399  123.499886
476 -60.449280  -1.525790  357.159058  0.256218  4.347804      14.341561   1024.276123  127.611526  5.202413  1.181553  227.614380
477 -54.429943  20.564707  353.606873  0.321312  3.867559      10.881212   1147.592163 -107.201416  5.201241  1.578262  282.775604
478 -56.827293  28.155668  343.281097  0.311210  3.549050      10.455695   1666.127075   -7.012426  5.723525  1.734434  363.319977
479 -59.906097   6.831701  358.410858  0.302837  5.676986       9.715384   1391.479004 -136.929138  5.254101  0.900719  204.202179
480 -59.896484  30.328709  342.702759  0.323678  1.101968      13.834036   1426.768433 -211.457458  6.076530  1.426871  365.256866
481 -55.057461  30.059057  350.126984  0.349034  5.210179       9.906623   1196.275757  214.511444  5.967433  0.582231  113.467079
482 -57.969532  16.501661  347.923248  0.329785  5.160779      14.916800    702.496338 -235.900558  5.740814  0.702580  328.450012
483 -58.725559  13.533854  355.346069  0.326062  5.717881      10.468300   1445.120728  156.239227  5.861356  1.219033  230.323044
484 -51.299919   1.271550  351.397034  0.245681  5.793853      10.962168    945.959045 -155.350281  6.642850  1.771688  154.463593
485 -65.988594  11.103276  351.043518  0.310670  4.087471      13.672015   1354.804199  -78.502625  5.835974  0.488894  241.749435
486 -62.532356   5.125335  354.790314  0.292519  5.015580      14.600416   1132.072021 -174.687424  5.196178  1.961415  411.653107
487 -52.524635 -14.564496  352.910828  0.332012  4.774216       9.010571   1252.287476   22.876343  5.569744  1.327936  110.018120
488 -63.338074   3.888340  355.560547  0.336950  2.546121      13.827066   1041.431641  124.455589  5.344067  0.450629  188.986725
489 -55.669125  23.380754  346.009094  0.292135  3.657681       9.326055   1660.280273 -129.497559  5.626812  1.364805  212.340485
490 -58.352722   2.635497  356.549042  0.344251  3.560217       9.428823   1394.909546   21.109072  5.386027  1.792296  355.408478
491 -60.354408  16.162725  355.301514  0.264768  3.318082      11.817515   1539.009644  -85.359421  5.854024  1.119490  173.556412
492 -54.446426  34.127472  347.774109  0.308570  5.770749      14.224359    964.290344 -134.727325  5.382315  0.916183  233.199829
493 -54.551624  22.728527  350.240814  0.341051  4.294364      12.224247    846.867188 -190.414993  6.135874  0.972243  276.221680
494 -54.794029  19.550819  345.365356  0.291610  5.370661      13.457235    891.292358  -24.985746  5.543594  1.540077  251.878754
495 -58.786415   4.100536  356.834320  0.316694  4.197781      11.735937   1187.133911  -50.776844  5.193701  1.527804  301.087891
496 -62.994251  21.713720  355.507324  0.343725  5.974186      14.089791   1160.657471  -34.811848  5.518985  0.611873  300.532471
497 -58.129738  -3.199688  359.305634  0.272722  4.042938      14.738840    755.867065  193.479630  5.344537  0.855062  172.887100
498 -57.346348  24.172071  358.452820  0.339971  4.715312      10.119562   1522.772339  116.266693  5.744493  1.479602  299.077820
499 -54.949940  14.778188  357.140991  0.278945  5.511481      11.677941   1077.213013   70.287537  5.369301  1.317510  164.138885
500 -58.601856  -9.542292  357.390381  0.302844  3.757170      14.376693    878.963135  105.357277  5.029667  1.036945  206.846451
501 -61.109398   1.247264  352.489746  0.345788  2.582730      13.330713   1186.624634   22.401924  5.559427  1.348032  307.450928
502 -61.585186  13.403624  348.302887  0.330664  4.155372      14.454927   1033.109253   57.577484  5.719028  0.881245  248.163086
503 -61.257690  16.433006  354.987457  0.319059  3.514752       9.183537   1499.098999  176.193787  5.740675  0.668708  212.536087
504 -60.439724   8.780842  357.590363  0.346063  3.210152      11.015865   1413.184204 -200.551605  5.474148  1.985218  401.410522
505 -57.900105   8.528475  351.240417  0.321431  4.912649       9.938105   1359.894775 -134.555939  6.389708  1.552617  306.972534
506 -61.123997  -1.187789  356.972870  0.317488  4.487232      13.175837   1126.891235 -163.974991  5.202894  1.073325  259.538086
507 -63.212887  14.778779  355.540497  0.300622  1.986000      12.064527   1505.166016   33.352257  5.503246  0.862638  271.566284
508 -64.380020  19.603275  354.201965  0.324141  2.438966      13.972642   1617.169800   29.809700  5.557529  1.089465  340.123840
509 -56.759212   0.523140  355.074707  0.304835  5.963483      11.077511   1091.041504 -142.991714  5.816835  0.967783  122.674309
510 -65.521835   1.779081  357.996979  0.306085  1.649664      14.126298   1435.081909 -245.488892  5.770201  0.629263  156.725266
511 -65.157120   7.466286  352.898529  0.292633  2.048334      14.665631   1619.228760  -39.526035  5.061422  0.865054  173.228485