           lon        lat         inc      D1AU     delta  launch radius  launch speed    t factor      B1AU     gamma         vsw
0   -60.893280  18.098949  353.488617  0.316041  3.501421      13.417155   1211.183472 -193.092026  5.109964  0.684645  128.088791
1   -56.215946  30.595411  354.063782  0.344139  5.969702       6.752525   1698.996460  217.481583  5.986248  0.799385  207.822952
2   -64.677673   7.858767  354.800293  0.304946  5.788055      12.889288   1488.860107   98.154305  5.682608  0.743118  237.758514
3   -64.068550  -3.798307  357.341095  0.338591  4.374626      11.582090   1364.383179  -74.409660  5.448792  0.861066  371.490082
4   -57.138012   3.577518  352.040222  0.290218  3.225851      11.277264   1349.003540 -161.071320  5.110877  1.761044  212.361404
5   -60.978542  -1.817540  357.864838  0.336485  4.955680      14.650200    965.540039   74.496658  5.621433  1.622228  358.257568
6   -58.954113  13.997897  356.865509  0.328362  2.383104      10.570535   1112.802246   -5.617375  6.301006  0.494707  119.173531
7   -60.420280  -0.819788  356.728302  0.308413  1.470088      14.392404    966.279785 -191.171783  5.752451  0.642942  105.248146
8   -61.018398  14.238708  351.460541  0.346501  3.246723      12.837778    978.851013 -112.718231  5.012763  0.747213  358.604523
9   -56.171597 -11.634814  359.761963  0.280028  2.655583      14.369761    999.855774 -133.908890  5.575908  1.610978  159.363083
10  -65.041283   2.620589  359.254456  0.283127  4.850579      12.258290   1657.879028 -142.126053  5.050287  1.172040  352.656494
11  -61.886154  20.443815  349.807220  0.277050  3.948076      14.588055   1614.895508  -87.851402  5.187142  1.696631  284.595520
12  -55.553097  12.329035  345.801178  0.272147  4.794236      12.949501    923.497131 -187.673889  5.623137  1.885573  255.266495
13  -61.943321  19.515167  348.865173  0.322712  1.984175      12.495064   1551.849243 -218.714691  5.581301  1.460111  355.445038
14  -63.315250   3.823748  357.644562  0.323895  3.475375      13.751612   1519.679565 -142.748398  5.905249  1.860271  380.199615
15  -56.005569  19.006729  349.440735  0.348788  4.264840      12.747346    945.961487   -5.557334  5.711534  1.424482  298.917053
16  -64.691521  20.485739  355.050232  0.319913  5.723370      14.877198   1597.734619  123.619308  5.286357  1.247405  383.528748
17  -59.282166   4.967087  354.964722  0.320890  1.343942      13.643748    947.449829   19.271851  5.985816  0.892935  183.240479
18  -53.872921  22.411005  352.881958  0.299248  5.276288       8.769929   1410.923706 -189.904587  5.625954  1.632303  277.064301
19  -59.092548  21.226137  349.099579  0.282991  5.803659      11.961099   1285.592529  -76.214561  5.112574  1.185333  282.721497
20  -54.733704  24.958227  351.179413  0.341128  3.862788      11.162621   1284.704712   60.966393  6.126806  1.822094  309.786469
21  -62.986408  29.812433  338.125183  0.317420  5.882325      14.556316   1607.405273 -136.218338  5.505062  1.673902  488.015869
22  -58.782677  18.982681  357.650085  0.311268  5.653170      11.211188   1474.662476   60.252975  6.119999  1.358876  252.471100
23  -53.644947  12.344794  347.134857  0.337030  1.062365       9.800372   1267.727173  -83.124832  5.540348  1.170802  124.633522
24  -61.918320  18.055458  350.778351  0.346733  3.992496      12.905240   1249.628418 -131.324448  5.421451  1.777246  499.709869
25  -65.347160   6.751665  353.417877  0.303472  4.701894      14.847763   1285.714355   53.476753  5.519650  0.613247  187.150223
26  -61.281940  -6.656183  354.961395  0.320735  3.908406      13.029048   1334.308716  128.861038  5.577507  1.713116  341.646759
27  -63.694870  17.895397  351.047302  0.330663  3.837409      10.461946   1566.956543   31.550686  5.056403  0.830466  359.839386
28  -62.725281  15.896039  352.089081  0.346679  5.006686      14.361818    971.071472   83.466339  5.264914  0.246281  171.494736
29  -54.722092   6.052005  354.583160  0.343869  4.399560       7.581969   1240.792969   30.091431  5.725885  0.875367  162.013046
30  -56.039703   2.670700  350.885345  0.317659  2.428646      11.827839   1087.102661 -232.157349  5.835878  1.223482  152.428482
31  -59.295750  13.874447  352.129944  0.280473  3.134377      13.139828   1191.858521 -193.680008  5.404161  1.736764  292.489349
32  -62.201496  16.328041  356.730011  0.301842  2.751104      13.785382   1525.451294  172.639359  5.295789  1.294421  255.968567
33  -64.056885   8.855512  352.691376  0.347656  5.779092      13.377103   1200.674438  -57.708775  5.762408  0.769638  323.654785
34  -59.314358  10.210428  351.002106  0.341414  1.988304      12.463305    990.307617 -166.619827  5.810223  0.608571  191.661209
35  -56.924065  29.908291  349.942139  0.340739  5.985757       9.998863   1567.572632 -160.698517  5.319868  1.340022  315.021576
36  -54.867683  11.335032  351.326569  0.344584  2.596851      10.649804   1031.955566 -203.674133  5.624802  1.908750  318.439575
37  -59.256065   9.152649  355.304169  0.300202  5.198365      10.996383   1628.577271  -14.961177  6.015986  1.871429  271.253296
38  -63.330788  -2.491735  358.992615  0.277319  4.047142      14.233279   1339.881104 -168.970322  5.840832  1.212831  254.881729
39  -58.907207  25.399763  351.485413  0.328290  5.988438      12.234609   1498.696655   91.051956  5.776195  1.821093  370.872589
40  -62.808479   2.061634  354.039886  0.279070  3.103307      14.431198   1308.451050   49.190922  5.601630  1.293454  277.709198
41  -59.650833  20.157478  355.381409  0.330454  4.013203      11.639673   1467.728271 -244.426712  6.084645  1.990696  396.200867
42  -64.378227   0.904469  358.851349  0.275244  4.643118      14.143979   1590.676514 -180.817535  6.746642  1.625355  335.955231
43  -60.995552  22.655735  356.594269  0.329309  4.695413      10.354007   1623.892212 -241.655884  5.333042  1.468055  419.714478
44  -60.298363  10.354610  351.640503  0.324022  4.811658      11.580731   1152.474609 -127.734749  6.500403  1.207035  373.780853
45  -60.426464   3.745087  357.373444  0.291938  2.849032      11.885362   1614.678223  195.899521  5.574851  1.851882  266.092499
46  -55.956482  10.067947  353.573334  0.330479  5.908012      12.804124    721.908813   46.433456  5.884007  0.449916  164.692123
47  -62.802452   4.458153  357.469452  0.333564  3.693608      12.731821   1321.329102 -137.079468  5.405937  1.990773  494.750610
48  -63.803204  -2.524550  350.139648  0.318610  5.171249      12.241987   1675.731812  -29.082758  5.618917  1.603739  347.850281
49  -61.813183   6.958854  355.310669  0.261869  2.670742      12.423433   1405.751709   65.358437  6.106498  0.868990  118.315819
50  -61.923489  -2.092711  350.580688  0.311364  4.025294      14.613983    992.978882  -12.655738  5.166523  0.632934  137.941162
51  -55.016830  14.074429  351.352173  0.319643  4.078396      13.117877    673.162109  152.384384  5.128203  1.050009  356.553741
52  -59.717735  10.696258  353.208588  0.260213  2.240023      13.235943   1243.315918 -120.268585  5.848694  1.007722  119.459381
53  -65.597557   3.950809  354.699158  0.267989  4.048603      14.345666   1570.906006 -123.702309  5.617117  0.806548  181.292099
54  -59.769306   2.249102  356.587341  0.319033  4.433250      11.318575   1271.204224  -86.437210  5.378093  1.477039  309.633575
55  -59.090443   3.280304  350.460297  0.348272  3.164825      12.810309    901.325928 -133.665314  5.391521  1.278173  375.818604
56  -64.938637  11.092437  357.534729  0.339822  5.855133      12.396663   1416.515503  -63.624081  6.141234  0.928908  433.343048
57  -62.107220 -15.798532  358.448975  0.337794  3.962997      12.903098   1536.538330 -123.885284  5.430405  1.303771  274.972504
58  -64.987480  30.886379  346.864044  0.277968  4.807152      14.915432   1654.361328   29.374699  5.314166  0.607088  266.023529
59  -61.039089   9.580826  353.428925  0.280191  3.624645      13.801032   1405.875244  184.395981  5.371690  1.439055  213.450516
60  -60.679962  10.821459  348.652740  0.306107  5.169033      13.908371   1027.507812 -213.545670  5.194486  1.677603  375.397003
61  -62.291328  15.545810  349.895081  0.303523  1.194060      12.596392   1302.790527  -85.067940  5.204328  0.645414  187.629974
62  -63.932137  19.081795  357.950043  0.349663  5.759246       8.910431   1679.285645 -124.133949  5.370583  0.524906  203.055908
63  -58.905510  21.586466  352.453430  0.346494  4.418345      12.792144   1240.275024  -14.877411  5.577326  1.728296  375.187805
64  -61.077900  -0.645492  352.463623  0.332502  3.662332      12.250511   1417.643188  -50.310242  5.208425  1.944495  367.685028
65  -62.209606   5.604945  359.106262  0.333933  5.405461      14.241069    928.841858 -159.827377  5.258970  1.295536  446.700745
66  -51.983822  20.807537  356.306610  0.335138  4.555947      11.131720    834.672546  133.236816  5.823997  1.080665  231.870773
67  -61.339619   9.219439  357.746033  0.326872  5.261060       9.701446   1653.842529 -202.105026  5.325627  1.373688  340.319092
68  -59.563328   5.386793  354.217865  0.315097  2.155458      12.131413   1134.179565  119.232544  5.727376  1.107699  228.438370
69  -57.351604  16.030266  355.450562  0.344953  4.499448       9.112414   1534.405396  -14.900661  5.496660  1.832499  343.120361
70  -58.086285   5.995480  356.540802  0.329183  4.216813       9.124508   1282.526001 -157.511398  5.581883  1.324670  329.503662
71  -59.427963   3.224123  352.407745  0.269344  4.501339      11.633039   1675.423950  175.787430  5.139625  1.636686  180.289764
72  -61.865063  -0.317943  359.113159  0.280419  5.680190      12.344021   1420.619873 -190.755753  5.051624  1.323452  296.262695
73  -65.111359  17.841043  352.740417  0.334967  3.364664      13.292726   1413.782715  215.312927  5.131789  0.496244  189.139908
74  -64.772003  13.330076  348.563416  0.295690  3.817246      14.876659   1516.493774 -188.379379  5.420760  1.449838  377.655914
75  -56.573917  16.482204  353.627716  0.328943  2.691331       8.866347   1320.503052  -22.478333  5.490984  1.001745  218.475494
76  -66.347359   3.380923  353.599670  0.330658  5.314192      13.169465   1350.052979  104.096535  5.518398  1.077914  535.985718
77  -64.863457  -6.592152  355.275116  0.304681  4.690295      14.056084   1527.738892 -195.505692  5.235734  1.896679  449.768188
78  -62.204067   8.335827  353.527069  0.345533  2.539886      10.978927   1578.452759  -61.153591  5.845602  1.279971  330.584259
79  -62.186855   9.331189  357.014832  0.337523  2.978526      13.083311   1027.311401  -50.887638  5.625230  1.610638  535.908325
80  -62.680500  -3.020501  356.751404  0.318443  5.694576      11.108993   1382.579468  -33.915901  5.334604  0.714603  216.482147
81  -53.789120  -1.166849  355.486420  0.315040  4.949191       7.050601   1402.740723   85.527084  5.441278  0.965004  100.341682
82  -58.280315  19.578667  353.569580  0.316018  3.730583      10.202096   1512.655884   29.736397  5.168540  1.231267  248.806656
83  -52.203335  14.695309  347.837128  0.304133  5.682325       6.978727   1447.166504 -117.610847  5.091098  1.446160  222.151611
84  -60.816311  15.390133  354.431061  0.284474  2.506852      11.516800   1666.488770 -109.536163  5.058327  1.431947  283.881134
85  -58.979595   4.950116  352.808655  0.314594  2.019980      11.389507   1229.784058 -245.919815  5.691767  1.027287  195.503876
86  -51.071617  28.406126  348.695038  0.308351  5.795288       9.405302   1298.353882 -223.508774  6.244555  1.683105  279.874084
87  -64.669350  -3.305928  356.958862  0.339769  2.221260      14.276853   1446.094238 -177.115707  5.241009  1.246013  373.222534
88  -61.257439   8.206728  355.676361  0.339424  4.159109      11.461497   1200.205322   32.376518  5.631594  0.930208  310.584106
89  -55.994446  18.865385  359.520325  0.306669  5.722369      11.790642   1006.059937  -27.899250  5.445719  0.905652  172.060226
90  -63.567558   7.778365  347.774658  0.331998  4.092065      12.905978   1677.657837 -216.661499  5.468028  1.529202  340.439148
91  -60.172344   2.582268  355.471558  0.334050  2.572824      13.909155    884.733154  -88.213364  5.318613  1.573763  380.585754
92  -64.902718   1.303122  355.297638  0.309877  4.164191      13.942531   1443.397461   67.489273  5.770145  1.187827  356.065491
93  -59.481239  -3.760597  356.372314  0.303015  4.226126      14.346308    931.342896 -116.950241  5.660905  1.053766  209.364273
94  -64.566895   0.593177  348.259094  0.345974  4.423444      10.270992   1648.194580 -169.429092  5.545388  0.710161  205.662003
95  -58.683521  15.214407  352.692169  0.343303  3.047908      13.066726    966.916931  108.278900  6.155562  1.724362  391.940063
96  -56.600109   6.549953  350.674835  0.307488  3.600886       9.415730   1368.727417 -236.347717  6.017615  1.699586  286.427917
97  -62.887043  -7.560481  359.752075  0.308586  3.288249      14.657791   1179.864014  113.739746  6.119966  1.776885  413.688416
98  -53.144718  16.266981  349.694916  0.285933  3.919319       9.114012   1411.398926   29.052378  6.099153  1.360458  135.238876
99  -55.034245  36.634995  355.028625  0.326176  5.443102      13.894205   1267.292969    5.590719  5.235471  1.145693  182.311539
100 -61.834007  10.276154  358.510193  0.297496  2.599027      14.867275   1339.380249 -119.634285  5.006719  1.721553  280.550964
101 -56.814713  13.283388  352.744629  0.288291  3.773412      14.168718    875.068970 -208.409134  5.761817  1.250125  196.913406
102 -65.757088   2.979015  359.732422  0.321396  4.283385      12.822744   1589.345703  -71.311897  5.524353  1.313523  440.608887
103 -63.319454  16.222286  352.296997  0.307063  1.378442      12.277870   1424.844360 -166.323761  5.606536  0.805381  268.485931
104 -61.054222   6.737422  356.790375  0.339862  3.921227      14.173234    900.515991 -124.930283  5.201124  0.425110  154.431686
105 -57.884960  14.218535  354.829193  0.248140  3.416829      13.994730   1065.316040  -64.511543  5.319608  1.277205  154.439865
106 -60.163467  11.741848  342.083862  0.344499  4.583324      10.042575   1521.561646 -249.213409  5.345196  1.622570  348.428314
107 -61.159706  19.152712  351.390717  0.314036  5.310124      11.746070   1626.557129 -151.737259  5.624215  1.528518  329.925537
108 -53.441185  11.494184  355.103607  0.295760  5.995480      11.468103    783.146545  183.162415  5.666279  1.049241  222.140259
109 -48.992733  35.421402  340.487305  0.310077  5.936503       9.489424   1231.197144  -26.802137  5.572170  1.086241  210.743149
110 -61.770805   3.458568  349.525970  0.323199  3.840909      13.913116   1153.551147 -125.824623  5.361914  1.647744  344.738495
111 -62.264843  -0.941327  357.047424  0.328569  1.478510      11.845805   1527.219482   20.688772  5.036922  1.116843  235.912262
112 -55.408539  29.983704  343.062378  0.309812  4.501364      13.425442   1130.364990 -166.429993  6.025637  1.329207  269.498688
113 -57.320023  18.706217  352.037354  0.343603  5.566459       7.793292   1535.646851  -68.654053  5.665530  1.189576  289.312744
114 -55.201157  19.815815  351.573303  0.295486  4.624075      12.493037    878.595825   42.926853  6.191596  1.631414  335.756683
115 -64.358589  19.352669  355.885925  0.325751  1.949378      12.737914   1681.008423    2.620963  5.235081  0.556499  101.585159
116 -58.951794  12.222974  357.618866  0.323017  5.570586       8.775888   1545.026245  114.633614  5.265936  1.113715  248.392578
117 -61.463223  -5.184505  358.641174  0.332159  5.172513       7.407162   1581.011841  -42.401825  5.551238  0.951435  339.628143
118 -54.326954   9.233259  355.285797  0.309094  3.288013      11.470828    923.465210 -167.451996  5.236153  1.647586  260.277008
119 -60.234360   7.429789  355.829163  0.318136  5.655677      11.783220   1306.495728   60.592941  5.638351  1.690473  353.001129
120 -57.309917  24.142607  350.397369  0.317005  5.390879      10.186790   1535.737061 -121.497314  5.592450  1.566048  347.118042
121 -66.284561   4.641610  357.626038  0.343177  1.069302      10.711209   1621.135254  -43.183792  5.021330  0.579525  268.982056
122 -56.658089  17.900196  358.112000  0.341243  5.254143      11.894574   1047.331543   40.143898  5.764247  1.153908  219.249100
123 -60.062016   2.782973  354.406250  0.323003  1.414425      12.602069   1474.983398  -81.053879  5.269778  1.866677  293.162506
124 -61.188206  19.617723  358.601044  0.325904  4.584080      13.530344   1621.270142   84.553658  5.280080  1.670973  294.571564
125 -62.344093  19.305761  359.272278  0.315642  5.024059      13.458812   1360.158325 -212.802368  5.025482  0.807906  212.683044
126 -63.384480   6.708702  354.990631  0.329787  2.920141      11.111277   1537.721558  192.653290  5.122978  0.821243  245.873688
127 -63.104080  -0.150715  354.512268  0.308110  3.702739      14.250566   1525.441284 -213.630569  5.730555  1.698571  300.296265
128 -61.050308  24.201895  351.943237  0.317646  4.183617      14.107642   1385.540161 -175.193848  5.696727  1.887850  428.264252
129 -63.852898  -4.303912  359.510559  0.234183  4.653941      13.626228   1498.635132  -92.346283  5.166311  0.879470  135.353088
130 -61.530449  11.578629  353.026093  0.286321  3.516302      12.228731   1438.051147 -161.635818  5.502407  1.188313  253.435959
131 -65.486282   6.718248  358.005890  0.302865  2.909383      14.180533   1483.069824  -28.836567  5.660644  0.642151  135.854172
132 -62.009483  13.758595  355.234406  0.329064  2.088860       9.772870   1339.617920  -79.883163  5.545396  0.559763  237.127518
133 -67.129280  -0.886763  359.495667  0.344962  4.508821      12.461310   1384.521484  206.872833  5.737725  0.328516  246.741669
134 -61.045494  11.056643  347.599243  0.298227  4.607646      14.175680   1135.250854 -122.824638  6.101418  1.252883  267.312531
135 -59.107643  31.102915  342.476227  0.347674  3.219742      12.561717   1336.648071   32.116009  5.240999  1.526106  477.724274
136 -65.607758   8.293985  357.032104  0.315860  2.763283      12.633554   1699.623047  -77.293243  5.660460  1.055335  327.535736
137 -57.211575  22.010695  354.102203  0.278332  4.887625      13.279138   1199.054321  -10.202657  5.419382  1.350702  199.498703
138 -59.988705  20.005945  357.597107  0.327935  4.225735      14.727006   1102.169556  113.214073  5.141475  1.391787  296.591522
139 -55.603191  19.466671  352.416382  0.329329  5.673581       9.136602   1242.994629   73.721832  6.059138  1.331409  300.135040
140 -61.298237 -17.626482  354.359680  0.336027  5.415898      13.313989   1570.448853 -203.871490  5.097054  1.363268  189.774399
141 -52.609947  -5.423162  351.462463  0.313575  3.677095       8.848154   1262.270142 -165.440445  5.895377  1.578765  166.834488
142 -64.973389   0.978812  356.128906  0.349002  2.274180      11.488406   1642.593628 -185.026199  5.410848  0.983397  359.024200
143 -61.301971  10.730115  352.954590  0.333714  4.751266      12.899261   1132.876831  -86.285614  5.375062  1.444514  374.855652
144 -55.383343  38.528843  344.587677  0.297354  4.318264      14.366676   1412.353882 -224.122421  5.087969  1.176119  215.241623
145 -62.981968  15.663126  357.311798  0.320048  2.907831      10.849029   1420.747803  -47.215153  5.788980  0.531043  172.223694
146 -63.229595  -1.675474  356.380096  0.342828  3.199103      12.067877   1516.054199 -237.407791  5.717014  1.759891  425.569366
147 -62.412655  18.263775  353.681152  0.316267  5.669497      13.814032   1088.259766 -111.515198  5.986323  0.929016  408.372955
148 -62.372566  13.825092  350.700806  0.312688  1.376853      14.945161   1321.354004   15.870557  5.235875  1.529089  306.053558
149 -63.508160   6.635459  355.508698  0.330281  5.070509      13.162533   1138.512085  155.808105  5.093177  0.962286  398.633667
150 -59.024475  27.548422  352.792389  0.337214  4.443255      10.528573   1349.316284  -85.109512  5.248110  0.535337  115.557182
151 -63.214317  15.382878  352.555298  0.329883  3.718374      11.833559   1576.898926 -186.736588  5.684820  1.162715  352.303406
152 -62.400509  25.213820  350.971222  0.323912  4.595901      11.757346   1575.827759 -232.430099  5.308331  0.709672  235.316559
153 -56.539452  26.337717  358.958282  0.348483  4.885188      10.387511   1416.828003  -59.497864  5.635529  1.376395  254.908783
154 -58.283234  -5.731972  356.165222  0.334329  3.573405      13.748433    823.844238 -217.030624  5.288518  1.850282  388.144196
155 -64.052254  13.447133  354.706909  0.305226  3.284339      13.304186   1353.856201 -144.073715  5.263505  0.596310  183.502975
156 -63.587582  17.892540  353.336945  0.294997  2.442244      11.753800   1685.594238   65.995995  5.879111  0.794646  210.992767
157 -65.148712  13.495958  355.586090  0.326621  4.131498      12.528605   1445.014404 -144.132935  5.299112  0.580070  267.638000
158 -62.109283  10.289806  359.650299  0.313502  5.350735      12.829028   1615.885986   77.050087  5.436956  1.682719  302.160736
159 -57.882973  11.659236  356.740417  0.298214  4.055999      13.519161    945.321289   21.832237  5.766353  1.025146  187.252869
160 -57.246685 -11.557154  358.664948  0.280258  5.219480      13.673148    903.314758 -175.382950  6.028153  1.478036  238.687790
161 -59.255562   4.930227  352.347412  0.331322  4.857299      12.993500    952.129761 -214.916351  6.221959  0.867901  236.533829
162 -64.709381   9.077813  355.907379  0.309078  3.334484      13.912404   1216.420898 -153.111664  5.930325  0.485096  185.212906
163 -65.243759  19.891075  357.807526  0.305615  4.306177      13.522161   1551.859009  -38.247169  5.147113  0.546836  167.388489
164 -62.015438   6.070812  354.062439  0.338820  4.814498      12.744031   1029.013428   -4.297303  5.088995  0.844699  376.526031
165 -60.158737  -3.559495  358.788544  0.342208  1.648175      14.717894    842.555603  -21.695698  5.847524  1.995002  452.825348
166 -63.137875 -15.138935  354.980560  0.318340  5.938960      13.624316   1353.847412 -247.555344  5.125218  0.972741  227.576233
167 -58.698933  32.928471  348.843475  0.328955  4.078608      14.986385   1070.562378  176.051315  5.409394  0.664434  272.359924
168 -62.231827  17.909847  353.252197  0.331005  5.216704      14.731420   1003.192810 -217.858841  5.372428  1.165663  441.148987
169 -59.177025  13.163181  354.113190  0.325083  4.811934      11.078455   1207.039307    8.760040  5.416857  0.774101  176.272354
170 -62.922951  15.975765  355.287323  0.322572  4.138833      13.282175   1360.677734 -161.112869  5.076281  1.267879  370.874420
171 -64.223701   4.338686  352.239471  0.341896  4.527864      13.681884   1525.521362 -148.986588  5.101192  1.561869  365.136841
172 -60.831852   7.562447  355.985107  0.311429  1.026684       9.928036   1446.144409   76.589172  5.388777  1.076783  279.887512
173 -56.660736  14.351878  355.133820  0.331151  4.055218      11.639039    957.997925  184.501892  5.169625  0.819291  202.298721
174 -60.581886  11.158072  353.804840  0.348704  3.591889       9.421534   1466.059570  -63.556866  5.364630  1.814935  499.920258
175 -52.370598  16.729973  348.895325  0.295380  3.356015       9.005033   1551.233643  -17.388496  5.577000  1.990745  219.809006
176 -55.761963   0.452234  353.714661  0.319775  2.721528       7.273333   1649.779297 -107.739243  5.640378  1.717317  279.651489
177 -58.855251  12.726614  349.323730  0.292424  3.052213      13.534988   1038.602417 -140.891251  5.365942  1.438431  264.122589
178 -58.130352  28.781994  350.020569  0.320157  5.986963      14.236701   1050.369873 -224.172104  6.134432  0.815120  232.135178
179 -57.870022   7.911680  353.208435  0.332520  3.126277      10.756845   1103.820557  -98.389511  5.068405  1.831355  374.975769
180 -58.841667  -3.620148  357.621490  0.339479  2.947610       9.233765   1246.161499  -40.101902  6.012493  0.581958  106.322250
181 -57.407967   3.003712  357.395020  0.292927  2.320137      10.294129   1438.560059   30.108641  5.583526  1.640965  233.653625
182 -56.558552   3.982435  353.748657  0.288034  3.762003      11.524650   1068.570557   34.880527  5.745842  1.443782  242.649841
183 -65.039764  18.228615  351.455048  0.317056  4.712713      12.706459   1668.801270 -150.423584  5.443306  1.212090  464.841217
184 -61.442085  13.048450  357.428589  0.337664  3.143267      10.997648   1691.577026  125.067970  5.560726  1.858553  407.192413
185 -56.089390  -0.118229  354.677338  0.292113  3.646704      11.412624   1011.212646  -79.665123  5.251826  0.993971  125.744926
186 -65.137451   8.478209  351.714935  0.340678  4.877125      14.706218   1034.491943 -247.575104  5.211246  0.244298  174.282135
187 -67.044250   6.196523  355.936951  0.336797  2.728857      13.527312   1390.544678 -146.688278  5.290152  0.319656  149.880035
188 -63.059227  21.585213  350.846405  0.298929  4.132915      13.480392   1624.222290   51.095371  5.631723  1.220593  339.635742
189 -62.881268  18.423710  355.519775  0.327793  4.572179      13.661874   1313.606079  151.015411  5.894899  1.339671  432.466400
190 -57.280880  22.735491  353.258087  0.335559  4.227194      12.147683   1116.692383 -118.865891  5.014981  1.006361  238.746658
191 -59.790886   5.295599  358.058838  0.270636  4.206107      11.800626   1291.274170 -197.062866  5.936269  1.093254  169.202545
192 -58.499336   4.547509  356.901154  0.278538  2.501210      13.868331    834.078064 -104.996864  5.441105  0.911001  212.307938
193 -57.678493  -1.403268  359.644867  0.273816  4.802804      13.279717    903.780762  -41.059181  5.287457  1.746248  293.990967
194 -65.337357  -8.993055  356.855957  0.310213  4.996888      14.929693   1198.918335  -95.633820  5.013802  0.921043  389.180054
195 -57.972092  22.314861  347.980164  0.314849  1.730975      13.233277   1197.697388 -119.657539  5.083886  1.919805  334.441864
196 -56.765224   7.354108  358.989807  0.323240  1.836230      10.317741   1151.987427   46.632462  5.103070  0.782941  105.469414
197 -60.803932   4.661693  354.083801  0.263140  3.108876      13.089040   1454.872925   10.145152  6.171361  1.904478  282.967194
198 -62.634331   2.123777  353.177307  0.316138  3.191969      14.955230   1061.580200 -157.501083  5.429652  1.355467  346.140625
199 -61.373764   8.792056  356.744537  0.335981  4.377672      11.945271   1428.849243 -174.598663  5.922571  1.641754  353.471252
200 -60.235435   5.790884  348.846924  0.249865  5.788049      12.402806   1318.066406   86.705299  5.144116  0.950015  103.577087
201 -67.115242   7.478176  357.951294  0.317492  2.104691      14.083387   1387.023071    0.572530  5.666922  0.412703  184.772934
202 -59.508354   2.725317  358.305054  0.274108  4.723985      14.888354   1047.515503  194.948196  5.628423  1.781962  229.366608
203 -63.600742  -0.496993  359.497742  0.291163  4.365588      13.615808   1504.040771  223.508606  5.333714  1.521225  318.749939
204 -60.897053  -7.812701  357.826630  0.304816  2.660438      12.480396   1235.145630 -160.060913  5.176672  0.918308  193.639511
205 -60.250076  26.600163  349.692871  0.337018  2.421330      14.946284   1058.102783  115.126694  5.820040  0.878503  354.600708
206 -61.685921  15.353577  357.409302  0.289098  4.895676      11.337846   1534.018555  -10.206545  5.904539  0.818014  176.186539
207 -61.517437  13.165285  352.154053  0.318911  5.938909      10.887783   1629.796753  220.981186  5.162270  1.418277  322.241211
208 -60.810116   4.120101  357.803009  0.258449  3.353218      11.666088   1555.331177   61.449257  5.489056  1.093843  137.946167
209 -56.583904  12.520154  353.032043  0.327233  4.850916       9.769750   1255.126343   10.813871  5.327035  1.531649  291.114655
210 -56.703674 -10.483584  358.325195  0.321279  5.574799      11.519203    897.938293   12.871469  5.548693  0.574517  143.463425
211 -62.715881   3.214203  349.911499  0.335902  3.882387      13.667422   1174.955688 -135.006836  5.034644  1.181067  324.607849
212 -57.652615  25.379986  353.857544  0.295246  5.430463      14.279240   1197.590332  104.726601  5.486678  1.384420  206.109207
213 -60.240673  21.376156  347.592743  0.335708  4.994427      13.334500   1196.762817  -63.692245  5.093522  0.900262  243.154190
214 -63.862457  17.417843  352.049377  0.238112  3.987469      13.882407   1592.423096 -248.009827  5.095664  0.796995  149.647110
215 -48.371414  10.104918  347.442505  0.343484  1.166463       9.670038    819.302856 -140.957840  6.520681  0.928226  134.870987
216 -63.689270  10.654191  353.720856  0.343181  1.222298      14.429857   1127.590088 -186.548767  5.624516  1.197257  445.276611
217 -62.070507  19.909618  354.681915  0.340410  5.609341      13.916644   1181.050903 -158.546997  5.121809  1.503997  474.601868
218 -64.777161  12.023867  352.531891  0.300043  4.768409      10.920387   1564.414673 -153.518539  5.324794  0.652598  269.218445
219 -63.154682   0.640679  349.424072  0.349353  4.900866      12.094161   1122.777832   86.370697  5.109248  0.379906  101.035835
220 -58.767082 -10.138583  359.918671  0.343695  5.174811      12.456024   1000.043945  208.099304  5.897366  1.781626  396.144653
221 -61.774277   2.220414  355.000763  0.349819  5.868644       9.220720   1408.814941   36.971809  5.808393  0.559685  118.646255
222 -58.677673  10.920119  354.319427  0.333315  2.244790      11.612703   1129.986694 -131.771912  5.696789  1.148495  253.003265
223 -59.436691  17.438950  351.399109  0.292679  5.340492      12.611980   1419.982910 -163.178696  5.809700  1.446913  251.364441
224 -55.833084  34.129147  350.315613  0.298866  5.379652      11.272298   1577.303589   67.392471  5.672004  0.912308  127.894310
225 -59.548950  19.027840  350.675476  0.253834  5.707652      14.200539   1131.549927  -29.203566  5.393176  1.628617  311.698151
226 -56.116432  17.202438  353.244812  0.329605  3.139247       9.345624   1157.593994 -162.957916  6.052547  1.086840  293.172211
227 -63.227821   5.045599  356.603607  0.340831  5.987545      13.896089   1115.007446 -159.898087  5.677299  1.583084  485.063995
228 -67.433411   5.934886  356.160461  0.311911  4.370767      14.488582   1658.864990   39.174435  5.052718  0.737477  283.032196
229 -65.204948  -1.094294  353.672943  0.349767  2.542514      12.890327   1525.634399 -226.727493  5.272811  0.717927  251.381027
230 -62.629299  -8.155864  353.979340  0.342614  4.661167      12.203057   1689.050293 -150.896347  5.330409  1.759717  344.488647
231 -65.887505  11.242881  356.330719  0.349869  4.564878      13.347377   1459.472900 -207.289597  5.672426  0.968206  414.388947
232 -68.268044   4.285422  355.699219  0.341537  5.020982      11.694955   1674.253296 -178.844955  5.255938  0.569428  391.212219
233 -65.976837  -4.703718  356.088470  0.340460  5.511136      11.150040   1488.384888  -77.607170  5.213886  0.510111  260.861908
234 -60.123974  23.700119  355.021637  0.310684  5.959868      13.088428   1350.668457  -46.962540  5.076014  1.123120  266.251099
235 -61.476513   0.164318  352.871429  0.347816  3.679586      12.049614   1240.847412  109.681236  5.597623  1.275932  338.899017
236 -65.247597  -6.337423  359.492065  0.320602  3.469682      13.603827   1418.250732    7.943671  5.371206  0.702264  204.252090
237 -59.787369  -1.822641  356.162842  0.276390  4.962438      11.318231   1430.559692  216.962967  5.205724  1.115954  142.276978
238 -59.400547  13.277358  348.395050  0.332928  4.214007       8.736592   1381.863770 -175.265991  5.441992  0.943164  285.573792
239 -60.943085   1.119551  356.027130  0.313716  5.697650      10.746878   1380.036011  -74.426186  5.174752  1.178595  290.632690
240 -62.911713  24.658068  346.125641  0.336010  5.327945      14.714409   1159.968140  155.034210  5.593718  1.334054  547.703674
241 -54.333141   2.688177  354.028656  0.337557  5.554119       6.644570   1278.576660   57.674988  5.746397  1.022218  210.831787
242 -57.563217  23.618790  349.545044  0.296009  2.961276      14.874637   1032.971558   39.666145  5.756626  1.964309  325.403046
243 -65.916084  10.714213  357.810455  0.342044  4.413209      14.728960   1505.420044  163.904510  5.638296  1.441401  468.264435
244 -61.537521  15.072324  352.210480  0.327382  4.251388      10.740923   1678.860474  131.046875  5.072843  1.296422  302.830231
245 -66.917168   9.029655  354.766418  0.340197  4.060839      13.762079   1427.567627 -119.515099  5.297625  1.334331  592.184448
246 -66.799881 -12.095284  352.416656  0.338592  5.879749      13.399999   1636.127075  -84.892998  5.239324  0.953430  361.844513
247 -62.561810  -1.198839  356.425629  0.291475  3.007148      13.181540   1497.691772   60.834064  5.228924  1.544426  312.295929
248 -55.731007   8.111550  352.653809  0.314295  1.893453      11.188759    901.586731 -108.559853  5.932864  1.631678  343.227203
249 -64.645592   0.498756  355.720856  0.333899  2.402140      14.964264   1034.080444 -233.612640  5.536185  0.405120  244.741043
250 -59.226982   8.190732  356.942139  0.321574  4.100888      10.900855   1020.660339  -90.490776  5.369684  0.454053  132.275558
251 -57.584846  13.517701  350.823059  0.289515  4.313496      13.951113    806.741394 -171.516129  5.115355  0.581482  136.055161
252 -63.801968  17.081184  352.038727  0.344582  5.154426      12.872215   1367.327881 -203.139984  5.276753  1.715515  542.079651
253 -61.975269  -9.846593  359.311707  0.323643  4.501688      12.973611   1464.741699 -168.308746  6.030754  1.595693  311.517670
254 -62.180443   1.140090  358.369263  0.252089  3.008965      13.153236   1666.718872 -249.865250  5.554546  1.950893  303.452698
255 -58.780277   9.456107  345.241364  0.325202  4.075142      14.335174    779.271240   13.422740  5.785884  0.903983  260.537109
256 -60.738968   5.005480  355.338989  0.251975  1.183554      13.930471   1313.645386  169.844925  6.084321  1.115198  113.108856
257 -62.746269  11.801417  348.433044  0.304625  2.304277      13.980787   1403.933472 -178.103790  5.910776  0.812377  114.017731
258 -60.184921   4.031952  357.010162  0.348244  2.540615      10.906320   1344.390991 -217.350876  5.556789  1.795408  367.927948
259 -56.972824  11.699434  354.073608  0.318734  3.469652       6.480515   1468.148315   16.529816  5.576714  0.821615  187.026718
260 -59.400093  -1.598787  359.102173  0.263213  5.884855      12.506021   1265.912109   79.484665  5.032843  1.525537  252.168854
261 -59.101604  10.026035  352.206207  0.338994  1.781181       9.379251   1479.323975 -177.583542  5.963594  1.791617  418.127045
262 -53.974350  21.718729  350.860443  0.246972  5.808422      11.495595   1528.485474 -120.920296  5.504144  1.834610  162.084824
263 -58.728077  -8.696091  359.209167  0.320000  5.059816      13.016309   1057.801636  -95.370476  6.281971  1.540010  278.957336
264 -61.033054  12.872561  355.055695  0.277845  4.223879      13.136751   1340.429321 -236.124359  5.930822  1.973528  375.420013
265 -59.570633  15.699087  357.623016  0.258501  5.736640      12.773040   1318.810913   28.077808  5.143737  1.427148  236.482269
266 -58.030010   9.055590  354.125519  0.325148  4.542742      11.066198   1316.105347 -205.722702  5.156015  1.630454  287.492828
267 -59.638813  20.974157  350.956635  0.301942  3.686712      12.235076   1263.837524  134.512115  5.157345  1.100642  312.415405
268 -64.634323  21.365259  347.895294  0.329656  3.419033      13.452568   1325.049194 -200.887100  5.825704  1.004825  523.465454
269 -61.219658   4.998386  358.045410  0.315546  4.315489      11.444551   1489.117920   10.394448  5.659959  1.931776  406.228851
270 -57.796333  34.637829  343.720703  0.331181  4.893311      13.131219   1093.454224  -80.218742  5.689544  0.282600  108.743782
271 -55.871761   5.774491  348.513306  0.313196  4.624105      13.327218    725.952148  -44.605042  5.152558  1.213067  274.653107
272 -55.215118   1.224054  350.974060  0.349044  4.119941       9.554286   1088.439087 -181.695221  5.240090  1.076342  203.423553
273 -56.983837   1.638411  355.621979  0.210101  4.457499      11.176701   1643.938232  -47.237522  5.248107  1.594493  103.078400
274 -64.121696  15.650351  346.979889  0.338069  4.911101      12.355060   1291.758301 -144.951431  5.296723  1.199916  535.012878
275 -63.021255  12.150725  350.128510  0.287475  3.211939      13.991362   1513.126709   -8.831588  5.419150  1.285109  269.838287
276 -59.391434   5.444703  354.309326  0.259735  5.410769      14.232812   1034.727783  -99.855682  5.231724  1.894851  299.312195
277 -56.763397  -2.593622  358.106659  0.321941  3.889681       9.715958   1453.104370 -107.915779  5.881527  1.547049  213.609512
278 -57.427952  -2.336408  351.297424  0.307183  4.662390      12.283699    988.028625 -120.632790  5.769073  1.849748  293.067780
279 -59.225574  26.194910  344.210938  0.333791  1.478315      12.682915   1200.466064 -108.591972  6.191223  0.704207  202.541534
280 -63.031971  -6.700846  359.461151  0.326475  5.296415      14.364343   1014.861084  -29.279453  6.300435  0.879469  342.077454
281 -61.361797  -4.771240  354.627350  0.296271  5.175048      10.328252   1476.651855  186.078918  5.636375  0.788072  134.270508
282 -56.492832  25.379557  344.372681  0.296187  2.860853      14.632439    945.440063  189.450424  6.124947  1.356162  278.915344
283 -64.248863   0.547048  358.804596  0.318681  5.730713      14.837237   1414.754272  -82.368958  5.391417  1.378863  318.341980
284 -58.500439   1.848070  358.360443  0.262900  1.012032      14.081715   1000.987976  147.365723  5.154858  1.161592  147.383224
285 -60.249405  28.786383  342.476349  0.301387  1.167626      14.859303   1326.657227 -107.207024  5.025225  1.012056  282.131073
286 -64.972214  14.662275  355.204590  0.333732  3.979630      12.984198   1374.230591   10.177812  6.000919  1.104255  478.359192
287 -64.918190   8.584969  356.261566  0.335007  3.013578      10.981682   1577.374268 -232.640167  5.130952  0.656897  258.853149
288 -57.647739   4.031830  351.959747  0.338610  2.721095      13.987750    720.528137 -243.195145  5.516159  1.033364  304.457428
289 -63.436855  -2.263198  357.993164  0.321304  4.739220      12.295284   1324.070312   58.730633  5.709482  1.193280  409.784027
290 -59.762947   5.408112  354.392059  0.329365  4.952052      13.873926    853.404724   14.292579  5.764174  0.928811  278.364197
291 -62.491135   4.263455  356.284760  0.269895  5.530061      12.712639   1384.068726   30.468121  5.359884  1.050357  242.929474
292 -60.707600  12.967170  352.861359  0.339675  2.201188       9.350848   1258.267944  -69.336388  5.822025  0.430872  124.375977
293 -62.501652  22.877115  354.470245  0.309709  5.532531      13.689915   1545.734741 -119.432167  5.123378  1.884129  469.233795
294 -62.363464  11.020288  354.020599  0.339530  2.942827      13.671261   1003.078735 -159.815109  5.933243  0.537661  244.226440
295 -59.624538   1.273242  355.525299  0.346184  5.868721      13.230467    740.245056   52.065582  5.125918  1.506984  539.320068
296 -58.697460  27.622749  349.265198  0.263229  3.666892      14.222132   1374.113281 -219.032242  5.282413  1.364020  231.058319
297 -65.337769  15.247044  354.054352  0.327168  3.622997      13.508331   1606.654541   35.294605  5.105145  1.220475  417.937714
298 -56.667332   5.287184  358.354462  0.320266  4.576291      11.657659    904.641296 -190.160660  5.632807  1.370294  296.598206
299 -60.103779   1.641643  358.484314  0.268208  4.982967      12.988949   1328.635254   33.143925  5.154542  1.641329  232.243362
300 -61.400646   7.853541  348.823669  0.268417  3.975733      14.961030   1232.245483 -214.042618  5.381053  1.324973  195.437256
301 -62.960411   2.004059  357.158295  0.321065  4.537502      14.273393   1101.446045 -143.771317  5.518398  0.694607  200.744202
302 -62.460384   8.142251  353.386200  0.269582  5.199214      13.430114   1203.466187  147.397659  5.031279  0.802569  194.870331
303 -62.653023  17.407749  356.350433  0.334026  2.957684      11.361755   1642.107422  185.821106  5.258566  1.391333  404.405914
304 -66.765572  -5.962776  358.274963  0.335751  3.621638      13.678990   1697.027222 -131.407242  5.014504  1.567905  534.513428
305 -62.965427  -1.854472  356.272339  0.299681  4.364602      12.908937   1365.729126   40.573914  6.152770  1.817676  413.988342
306 -61.666180  -4.818376  356.019592  0.308501  3.848454      12.088301   1304.683716  -85.291702  6.225873  1.641395  383.821228
307 -59.302780  15.103956  355.518402  0.316207  4.905276      10.629794   1516.123901 -162.199051  5.986218  1.811945  362.802826
308 -63.075333   3.145953  358.726135  0.287915  1.980222      14.016788   1103.041016  143.536560  5.332187  0.696270  224.886063
309 -58.419636  10.736632  353.135742  0.299751  4.833484      14.207014    866.489929   21.444925  5.627346  1.615917  301.336273
310 -53.162113  33.542183  354.044342  0.323899  5.854115      11.572953   1567.571411 -125.435066  5.063832  1.805249  206.162796
311 -63.137859  26.007586  357.504456  0.346159  4.603833      14.839827   1326.168579 -205.793762  5.429820  1.502236  490.125397
312 -58.050518   8.032475  353.495789  0.318046  3.959797       8.953110   1446.398682  -59.753117  5.292849  1.145862  232.180267
313 -55.425655  13.795838  353.810699  0.308285  4.160785      14.424110    692.512756 -224.536453  5.131632  1.680210  302.599640
314 -56.746696   6.030057  353.334259  0.307015  2.849056       9.211583   1523.449585   56.129108  5.853203  1.840163  292.730377
315 -60.620674   0.994580  357.299347  0.341630  2.846365       8.619807   1341.907471 -197.320770  5.134825  0.865073  304.131165
316 -61.853931   0.513929  357.769745  0.320253  3.277983       9.354290   1485.769165  155.866547  5.687817  0.774906  222.113022
317 -65.134132  12.982627  351.904846  0.292833  5.918477      13.007082   1520.928589 -165.764175  5.314505  0.686222  243.993073
318 -62.636780  25.612041  355.914948  0.324220  3.759760      14.599338   1437.080811  126.125877  5.671418  1.144010  358.096344
319 -63.700470   5.835989  353.389221  0.295941  4.942142      12.292626   1667.987427   13.268509  5.672500  1.820118  415.095856
320 -50.680222  18.526134  349.193207  0.337836  3.674707       8.896659   1229.388306 -173.786240  5.369959  1.547447  197.734467
321 -55.429787  26.032057  344.130707  0.291029  3.540700      14.037475    894.300781 -208.812607  5.655274  1.309753  297.628296
322 -52.298389  34.356022  347.272644  0.290647  4.819285      13.143013   1169.322754 -225.341324  5.851416  1.372930  206.038742
323 -64.458267  16.939278  353.651947  0.255758  5.677759      13.638971   1489.803955 -123.318649  5.612144  0.657695  168.759384
324 -61.182014  20.212002  356.411621  0.322225  5.579324      11.157469   1575.547119 -136.875916  5.815511  0.994654  218.904617
325 -61.324181 -15.847304  355.714417  0.339689  5.549363      11.910770   1181.868530  157.217438  5.473045  0.607668  138.437195
326 -61.744247   4.073632  359.992767  0.337223  5.604417      10.611244   1371.987671  167.073837  5.305418  1.753335  474.570251
327 -55.935982  27.959538  343.620300  0.347345  2.272780      14.564169    784.642395  -54.007343  5.804473  0.427680  195.236359
328 -56.647610  15.057261  358.109650  0.318768  5.878237       9.470150   1291.967896  -41.747993  5.354158  0.915620  151.368484
329 -55.192883  13.983802  359.964539  0.334411  3.437329      13.705608    825.661255   85.814072  5.825789  1.542182  212.388870
330 -61.951698  21.261957  349.098633  0.345052  2.611984      10.801190   1363.651733 -165.994781  5.568766  0.642917  314.761505
331 -59.943718  10.929235  354.755188  0.310029  5.874553      13.046890   1110.433472   11.807704  5.694581  0.821930  149.288483
332 -63.745667   5.382172  354.223236  0.319548  4.445230      14.923470   1174.386963  -58.691727  5.356281  1.011486  284.313904
333 -57.988895   1.450387  355.171448  0.317808  1.067210      11.785099   1506.921875 -153.680206  5.861590  1.598108  197.295746
334 -67.015343  -1.144460  358.826508  0.318803  5.064573      13.113059   1523.491455  -17.073542  5.836726  0.667808  368.007019
335 -56.730412   9.152523  351.896820  0.331556  5.530793      12.298202   1035.479492 -164.335754  6.189276  1.686781  268.781830
336 -62.746918  13.218799  350.338806  0.326747  4.627446       8.999571   1619.789673   37.376675  5.192858  1.226172  456.453979
337 -63.687344  13.450856  352.408844  0.306738  4.629488      13.870682   1193.644409 -138.335693  5.168993  0.675681  295.768158
338 -56.082783  14.954160  356.499329  0.307122  4.505028      12.759315   1035.933350 -245.232727  6.009497  1.508996  207.119202
339 -62.121284  -0.634125  357.104858  0.293540  2.296728      12.665639   1500.889282   44.109665  5.630962  1.560931  321.151520
340 -55.668049  24.214764  343.801453  0.300065  4.141708      13.961854    853.503540 -161.146683  5.118952  1.339771  309.860687
341 -59.192760   1.077364  356.043152  0.312862  5.835454      14.741408    788.130249   78.858803  5.204078  1.480551  349.216766
342 -64.611755   5.392519  357.250153  0.318406  3.738181      10.912042   1638.062988   43.373219  5.061059  0.881515  297.968323
343 -60.593555  18.921919  350.751282  0.346019  5.584208      10.630161   1583.736816   28.803452  5.468016  1.548345  384.481842
344 -63.326862  -0.298160  358.792419  0.334181  4.260283      11.946081   1452.931274    6.190517  5.569557  1.767349  475.345795
345 -60.683445   6.237721  357.479279  0.337878  3.769671      14.460007    795.944214   57.095875  6.083363  0.944026  395.190308
346 -60.490566   1.274887  359.592987  0.309266  5.940258      13.750561   1070.808838 -247.144150  5.513425  1.372555  295.163116
347 -53.238071  23.919870  351.415009  0.330401  5.645984      10.451673   1132.137207 -229.579819  5.351349  1.524634  273.870819
348 -62.053432  30.697124  346.765320  0.321355  5.863039      12.038239   1680.220581  -22.328098  5.221132  0.739802  259.457520
349 -61.221363  -0.207133  355.808716  0.328878  2.537320      12.484557   1052.113281 -163.601288  5.568949  1.143972  375.774750
350 -57.763546  12.992894  358.011322  0.349402  4.279367       8.254146   1483.844482   26.244001  5.521719  0.869828  154.476242
351 -65.660950  10.604984  357.245331  0.341620  5.030763      14.318011   1559.934204   36.139515  5.443430  1.669778  470.925201
352 -58.593357  11.583497  353.256714  0.293368  4.944024      12.156581   1101.201660 -177.502563  5.367385  1.476689  308.159729
353 -61.139595   3.430600  353.592926  0.272813  5.415947      11.094950   1554.430664   50.814568  5.129427  1.061862  182.031113
354 -53.026798  -2.968312  355.658417  0.338201  1.896349       6.962927   1469.389282 -133.107132  6.364893  1.402529  207.080444
355 -66.865837   5.804825  356.416962  0.322184  4.900028      13.922265   1506.233887 -217.903214  5.329298  1.338075  550.719910
356 -64.529976  18.550379  352.699310  0.323240  3.210884      14.860482   1236.741943 -167.662827  5.452969  0.666808  313.443665
357 -62.983059  29.086256  345.253784  0.346416  3.004632      12.507476   1458.090454 -141.695465  5.408289  0.580214  349.596436
358 -53.839573  -7.536927  351.196045  0.328863  3.988480      12.246110    854.857422  -86.743088  6.239118  1.626780  179.121979
359 -63.261246  20.361992  359.856354  0.335866  5.222698      11.602704   1562.416504 -139.627579  5.378712  0.799484  294.781311
360 -65.499031   6.519556  350.384613  0.341666  3.699813      14.040556   1657.564209 -157.354996  5.215988  1.353818  382.299042
361 -64.091660  21.366817  351.630249  0.349054  4.083909      12.825622   1310.185913  -53.041885  5.647120  0.544720  322.581635
362 -53.730579   1.146979  359.877838  0.271183  3.266269      11.272683    995.429138 -205.419525  6.325089  1.570171  191.356201
363 -63.069080  -0.393578  356.796265  0.311738  3.528213      13.037709   1536.364624 -161.258011  5.326496  1.404992  297.913818
364 -53.788742  20.399168  353.400970  0.322193  4.333222      13.636554    779.416809    5.169745  5.024536  1.477625  251.118210
365 -63.098640  22.984749  355.943939  0.324319  5.947851      12.651529   1532.409546  -95.462456  5.121628  1.155835  395.945831
366 -58.981308  12.313932  351.773743  0.345789  2.451900      11.225901    922.933899 -211.472626  6.232851  0.663714  366.623474
367 -52.966213  21.488811  348.248291  0.284846  4.453367       9.109980   1490.909180 -233.502075  5.206011  1.927519  271.238953
368 -57.802582   9.021484  357.358307  0.309219  4.810998      10.268846   1252.943359 -164.234009  5.142549  1.320494  268.054016
369 -64.566277   6.793482  351.493530  0.340318  4.217927      14.144482   1086.721069  235.394684  5.019869  1.798740  605.979858
370 -54.893784  38.381023  354.862457  0.348511  5.369326      14.472798   1446.526733  -84.253677  5.006023  1.821165  265.285065
371 -59.064793  14.258025  355.105835  0.240890  1.925809      14.478813   1500.156738   22.428024  5.316442  1.781944  151.610565
372 -49.001068  11.194578  347.585541  0.332549  1.600102      11.605407    709.967224 -198.737000  6.795408  1.911768  218.307190
373 -56.176647  -5.056781  356.887970  0.341165  5.753686       8.818269   1159.109985   72.973373  5.387071  0.848830  161.125534
374 -63.650215   7.235239  358.208405  0.344293  3.651372      11.969872   1222.457886 -125.676933  5.140543  0.610685  286.991333
375 -62.703423  13.898348  357.008972  0.323978  5.864654      12.498709   1524.287231   -8.025615  5.082656  1.477056  370.118011
376 -58.841946  18.597639  350.897980  0.325997  4.353197      14.974111    925.894775  248.183884  5.045268  1.279209  287.635559
377 -52.829338  21.071583  351.254425  0.322370  5.793464       8.546641   1328.288574 -155.679901  6.047050  1.414766  234.886917
378 -64.420479   1.453823  354.231018  0.338573  4.162433      11.933996   1271.725464   77.754959  5.399121  0.705236  362.309509
379 -58.147312   6.665264  359.440521  0.237667  2.059911      13.073950   1351.053711  238.584106  5.413229  1.679679  173.944702
380 -56.406925  10.491263  353.901855  0.325010  2.028812       7.250884   1615.858154  -14.448378  5.698616  1.110913  200.008438
381 -61.833797   8.831110  351.480438  0.320484  5.849300      12.772043   1536.958740 -239.938766  5.350162  1.812828  336.880188
382 -61.419449  -6.867690  359.155579  0.298678  3.429666      12.197066   1488.605469  -61.474758  5.269739  1.324069  247.386139
383 -62.272537  -0.671205  356.419891  0.323125  4.873972      12.467820   1249.823853  238.278992  5.704941  1.728639  432.672974
384 -60.061958  -1.640713  358.975128  0.284364  4.716502      13.894368    900.721313 -118.158356  5.663280  1.400639  344.210663
385 -52.428211 -11.863951  356.657379  0.338544  4.382322      11.987182    722.089233 -163.210663  5.558698  1.430685  224.074493
386 -61.199715   6.082148  354.460663  0.341694  4.548013      10.841599   1174.896240   93.730499  5.660666  1.396340  468.455627
387 -52.615143  12.454306  354.640076  0.324864  3.455389      12.684627    582.474365  -13.589490  5.287567  0.735141  312.788055
388 -63.094761  -3.501308  359.922760  0.316136  4.561416      14.423559   1044.891235  -67.958961  5.442426  1.288617  440.837036
389 -61.789780   7.435658  359.245575  0.332409  4.778433      14.541070    988.026428  166.367676  5.321325  0.924017  288.046204
390 -65.303116  10.383786  353.982086  0.339526  3.429001      12.305689   1546.481812 -137.956009  5.609730  1.214907  457.383087
391 -61.286163  17.761889  352.473358  0.345577  3.793740      11.160313   1459.306274 -123.062119  5.348589  0.839929  234.672470
392 -54.746246  19.281637  357.146362  0.325970  5.815507       9.727429   1197.069336 -224.743759  5.253734  0.972025  146.150909
393 -56.420811  30.754419  352.925110  0.341759  4.672261      13.996652    873.503113   -8.037807  5.124840  0.577490  253.072220
394 -58.311848  19.496325  346.254272  0.321348  3.197181      10.371620   1281.496582  -10.130148  5.457880  1.500652  395.082336
395 -57.016052  26.213772  353.024963  0.312997  4.332504      13.052915   1500.573608 -197.906296  5.230552  1.905639  264.072357
396 -63.909214  24.407703  351.191010  0.332908  3.030160      12.897541   1342.094238 -102.137749  5.145408  0.821781  479.851410
397 -60.432220   3.159363  353.441132  0.319908  4.682057      14.184997    952.331116 -196.349426  5.096185  1.594007  363.468353
398 -61.029648  11.067013  356.305542  0.349056  3.298054      12.119886   1255.696167 -231.176956  5.232930  1.884661  420.102417
399 -47.086937  41.305008  344.662384  0.323323  5.928665      11.454576   1071.215454 -172.131729  5.322163  0.793845  111.658997
400 -59.379650  21.414820  350.325684  0.342102  3.670775      12.563684   1096.205444  101.908722  5.325715  0.723042  253.741653
401 -62.802292   0.739682  359.496277  0.304403  5.163900      12.301566   1552.907227 -146.309097  6.176535  1.858046  396.832672
402 -57.675365   7.094873  348.957886  0.344384  4.007258      10.922403    979.171021 -175.445908  5.763369  0.545504  148.373749
403 -61.869492  21.470932  351.642639  0.270580  5.197832      14.710052   1286.034180 -239.019501  5.580676  0.841392  195.768936
404 -55.884659  -6.925047  350.542236  0.308218  4.647095      10.906739   1109.829590 -185.551483  5.941879  1.419235  176.309143
405 -60.289299   8.658425  354.462433  0.344894  3.259495       8.711321   1432.066284 -152.611008  5.523638  0.656275  145.680420
406 -53.653938  29.138018  351.064392  0.327539  5.707056       7.935379   1651.319580 -122.116096  5.166114  1.043370  142.008163
407 -57.353355   0.886618  356.211334  0.299482  3.739400      12.721051    924.269775 -198.466507  5.858710  1.236529  218.336029
408 -67.061172  -0.542271  357.468719  0.343019  4.258366      12.894065   1325.568726   47.543011  5.258518  0.611741  477.487335
409 -61.107567   9.801836  357.994141  0.345230  4.321588       9.919333   1237.367798  124.590202  5.457426  0.758250  334.952789
410 -70.587997   9.742372  355.947601  0.338029  3.923179      13.314497   1682.657104   89.591370  5.557703  0.351494  455.596375
411 -61.692806   4.948716  355.081360  0.314658  5.154090      11.047384   1465.615723 -212.122131  5.483619  1.341841  336.220215
412 -62.520935   1.083835  355.471771  0.288753  4.812996      12.103450   1671.634399   54.663616  5.746879  1.474949  277.002136
413 -64.081825   4.382294  359.356140  0.309461  4.729502      14.093893   1275.504395 -246.299973  6.031606  1.103260  361.264618
414 -60.669449  18.855473  349.308319  0.290222  4.899572      11.579466   1660.411743    3.231906  5.879539  1.370334  289.365997
415 -62.551277   2.851085  353.398956  0.331502  2.866679      12.157481   1223.373901 -157.755875  5.237011  0.573276  151.627991
416 -63.483696   7.111726  352.851776  0.328224  2.891138      12.355969   1299.626709 -166.775757  5.732400  1.544015  480.984039
417 -59.960804  -2.175172  351.642792  0.298455  4.259573      12.866585   1092.239746 -137.357025  5.637414  0.786056  128.253632
418 -53.187336  20.521099  349.671753  0.321456  4.464793      13.542442    748.799438  -24.829750  5.271742  1.572752  251.453430
419 -60.449032   9.244334  351.797485  0.349290  3.222273      13.668861    958.066650 -189.466400  5.446916  1.650563  418.161469
420 -62.353779   1.742120  354.294739  0.290628  4.308458      12.046680   1662.217407   22.514856  5.622040  1.317406  238.567230
421 -63.931843  18.368692  352.112030  0.324017  1.346448      14.837399   1214.786987  -24.197636  5.711606  0.678536  295.260437
422 -57.536854   0.288955  354.645996  0.292831  2.953161      12.170044   1046.547485 -241.422302  5.566725  1.188538  187.292999
423 -59.412468   3.953640  355.598389  0.242683  5.833045      11.563267   1433.148682 -234.920334  5.146080  1.653593  248.634964
424 -60.282566  22.687492  357.501404  0.312079  5.765717      12.234124   1530.596191  -32.138569  5.542704  1.157410  222.358185
425 -53.082664  32.946068  346.243561  0.316941  5.909162      14.969305    822.165649 -170.984695  5.630736  0.706504  147.096512
426 -55.520569 -10.914947  358.236298  0.339947  4.788652      12.269350    744.340698 -246.348862  5.595019  1.663452  360.917358
427 -64.881294  11.284594  356.535370  0.298754  2.653426      13.399798   1523.421021   39.159878  5.256742  0.793960  211.207794
428 -57.129406   1.600107  356.183594  0.291858  5.028774       9.496628   1573.789673    9.096210  6.401556  1.335010  150.496979
429 -63.303688   7.553994  357.995544  0.226770  2.533574      14.335032   1551.108643  171.265732  5.129696  1.094383  161.293839
430 -53.665768  13.374835  352.479950  0.324355  5.269284      12.356461    824.564880 -103.036110  5.044340  1.058382  172.567429
431 -55.551376  32.995033  347.974426  0.341073  4.667858      11.520614   1332.190430   73.299583  5.361268  1.030313  242.516785
432 -57.631821  17.248482  355.060760  0.310670  5.700814      14.430438    705.479919  108.231354  5.176000  1.120610  401.868805
433 -60.095379   3.651883  352.045654  0.265587  3.543202      12.966858   1441.164307 -220.317505  6.208917  1.682576  211.198883
434 -57.879002  15.554151  354.026672  0.300998  5.607012      11.625198   1123.624390  157.984863  5.641541  1.313196  286.970459
435 -65.502716  11.922689  355.754333  0.339751  5.281220      14.065556   1338.031128  -40.150059  5.529038  0.910552  384.333466
436 -58.358727  15.114341  356.361542  0.343419  4.422550       9.834717   1430.260498 -151.383087  5.036427  0.955336  177.357742
437 -55.076870  22.931091  345.427277  0.258204  4.270767      11.712731   1085.412354    2.448785  5.334415  1.129320  205.247025
438 -60.682167  10.726756  350.973511  0.328227  2.658241      11.209408   1625.430664 -115.855209  5.988455  1.598265  299.142487
439 -65.234688  15.053418  354.368439  0.285095  3.786635      12.672349   1695.817017   26.386988  5.794465  0.798538  256.252441
440 -61.903114  10.865336  353.307404  0.268325  2.679198      13.143455   1366.900513   16.430801  5.658226  1.507100  318.900482
441 -56.698109  13.015206  351.948212  0.316387  1.410978      10.598611   1353.417603   -9.203171  5.513169  1.800544  288.572052
442 -61.933582  14.719398  350.701477  0.318101  2.403762      14.128270   1123.892334  -17.896999  5.161954  1.450177  422.082214
443 -61.497604  18.606043  351.263885  0.287144  1.078954      13.119891   1402.166504  -98.966576  5.708511  1.304563  307.304626
444 -63.344601   6.373725  352.977844  0.308846  3.615663      14.268535   1093.353638  -36.294830  5.862386  0.694799  259.657166
445 -63.018883  23.073996  354.392853  0.330056  4.263943      13.792705   1427.283813 -139.442902  5.553605  1.653973  481.891998
446 -64.222641   4.450220  353.838440  0.325222  2.244201      13.939300   1173.284424 -179.919510  5.283263  0.643102  291.110565
447 -55.702534  17.194935  344.135040  0.300097  3.110020      12.408943   1089.768311 -194.623734  5.539566  1.492070  226.624847
448 -64.114548   7.975759  357.065857  0.318929  3.348934      12.041278   1445.809326  -29.520525  5.730696  1.117107  379.077728
449 -66.151131  18.171337  354.457764  0.285138  4.171108      14.440385   1667.345825 -150.793472  5.033710  0.667558  194.726456
450 -63.299679  17.220436  346.839508  0.334144  4.254186      13.718497   1529.215210 -241.000595  5.293897  1.738033  437.139435
451 -61.316547   7.536411  353.260437  0.273241  3.288364      14.400569   1374.884155 -249.953140  5.325428  1.876826  282.560303
452 -63.796257   0.177047  349.940735  0.331647  5.809852      14.162512   1267.880371 -214.680405  5.527558  1.219289  286.229523
453 -53.687038  21.360558  344.058838  0.317155  2.482503      12.702652    819.058899 -121.882195  5.277081  1.166436  240.600693
454 -60.680012  -1.464406  357.794159  0.304891  5.190861      13.167012   1061.298828  156.790604  5.738873  1.039125  263.489624
455 -59.352951  33.117001  356.129150  0.341507  5.583974      14.955018   1405.606323  139.594604  5.034084  1.470979  312.021515
456 -60.914936  18.673948  347.913483  0.287180  5.937734      12.509318   1523.134644  159.930222  5.159995  1.472971  292.532104
457 -54.966713  24.072842  342.107239  0.263931  1.430302      13.266893   1221.056152 -205.648422  5.118280  1.273021  114.525444
458 -58.489040  23.229536  349.720581  0.280035  5.993356      11.277812   1636.080811  -20.317589  5.912893  1.654583  293.399170
459 -62.451088  19.633831  353.619720  0.335716  1.393416      13.481894   1608.123779 -226.665253  5.292829  1.435641  351.912445
460 -61.624599  24.663610  350.149353  0.309293  5.862385      14.582922   1147.189819   76.152901  5.260581  0.604599  222.913177
461 -62.257195  26.646521  356.037201  0.346110  5.421675      10.116715   1680.542236  -57.840057  5.518889  0.553557  133.298416
462 -58.148052   0.693583  355.263306  0.286455  2.753843       9.944567   1417.591064 -244.460312  5.587251  1.337399  211.909561
463 -60.853065  11.403378  353.555206  0.265457  2.487859      13.726259   1431.983154  -83.750000  5.510193  1.972779  305.081207
464 -58.445965  29.230947  351.404480  0.304652  3.978596      13.815927   1222.646240 -235.480652  5.160469  0.720937  125.433563
465 -56.382755  17.674086  358.141998  0.339151  5.476574      12.553002    930.687927 -212.160919  5.141673  1.870196  331.324890
466 -55.890911  -4.370471  350.423462  0.332908  4.411194      10.897157    888.376953 -164.288437  5.830397  0.736136  155.386246
467 -64.346069  16.018528  358.085571  0.300835  4.674054      14.867224   1661.947876 -231.867737  5.737788  1.513166  342.588287
468 -62.534634  20.501425  356.515594  0.312844  3.355350      13.623723   1442.919800   83.605591  5.694831  1.203199  329.485199
469 -59.455109  11.913265  351.375336  0.332043  4.747029      11.534328   1275.738281   52.753113  5.122895  1.202928  263.975128
470 -67.356522   6.583519  357.766968  0.278393  4.629775      14.126814   1665.804688 -119.777763  6.087688  0.983340  381.716705
471 -64.776352  -2.981584  357.822754  0.303152  3.827296      13.258209   1479.977173 -237.138641  5.812810  0.949439  274.757812
472 -61.215351  24.899590  349.296356  0.339143  1.779227       9.934331   1672.105957 -146.973145  5.213061  0.859222  334.945862
473 -61.665264  -0.310828  358.145203  0.294690  3.317897      14.129199   1209.851074 -100.808754  5.368340  1.366549  250.172684
474 -63.335072  -6.819555  357.430450  0.290674  4.427993      11.756950   1644.159302 -124.141670  5.588438  0.927858  209.212067
475 -63.078804   7.763844  357.602722  0.303512  2.539160      12.672580   1471.009766 -159.874802  5.661867  1.345384  333.871704
476 -57.739929  16.730009  354.378601  0.320281  2.870264      12.270805   1035.244141  194.220932  5.425904  0.817193  165.341812
477 -64.736389   4.122519  356.827240  0.309807  1.875078      13.577760   1636.979370  210.689575  5.286063  1.744368  407.834381
478 -62.735081   4.088345  357.885193  0.346595  5.642987       9.581791   1488.780884 -192.310776  5.787821  1.067339  399.658508
479 -55.096733  18.219881  345.031982  0.331086  4.350134      11.717899   1006.785095 -151.729568  5.921743  1.708379  292.943542
480 -64.931099  14.401786  351.925232  0.349967  1.418859      12.757358   1416.719727  -25.380123  5.339044  1.185915  492.697845
481 -55.235146  22.984570  350.152161  0.322524  2.025430      10.796348   1345.120605  -15.245216  5.495140  1.482786  261.037079
482 -65.652100  10.424428  359.994873  0.316074  3.313128      12.718275   1469.747681   23.800413  6.270219  0.667618  301.415222
483 -61.225777   0.075386  351.259155  0.328264  3.634540      13.222143   1159.377441  -25.598877  5.627681  0.792631  149.665512
484 -57.274025   4.829895  356.534058  0.301864  5.713790      11.458286   1074.460327 -189.111465  5.873906  1.616381  312.657227
485 -57.953392   2.920882  354.129944  0.293846  3.296598      12.311693    909.015320   11.830434  5.833133  1.035481  249.268265
486 -62.011433   8.711727  353.304352  0.272047  1.732903      14.969001   1223.695312 -231.988113  5.725613  1.206910  199.448288
487 -55.918736  16.256479  351.744141  0.346254  2.629673      12.260956    873.136292  -75.088905  6.000496  0.800070  215.845291
488 -66.388229  -0.856490  357.410980  0.317864  4.415129      14.629802   1398.541992 -119.924789  5.246012  1.457424  513.018677
489 -53.479336  12.934849  352.315155  0.298990  4.020334      10.492352    938.302673  -57.997215  6.014030  0.757658  120.404785
490 -59.454590  18.322046  358.956909  0.331592  3.538913       9.185589   1656.190918 -115.928917  5.171850  1.059092  228.955658
491 -65.829659  19.431604  352.585052  0.314353  2.378763      13.910810   1565.546387 -165.964172  5.041408  0.611017  220.817917
492 -56.574165   6.772816  356.962982  0.330196  5.870023       7.080282   1571.527954 -187.204529  5.630705  1.150992  204.460495
493 -56.926491  -0.088320  355.342712  0.333285  5.640202       8.120354   1288.137085 -125.198166  5.809031  0.851486  162.917389
494 -58.598629   5.953110  359.895050  0.325413  4.052042      12.869687    898.825806  -58.031769  5.246553  1.661177  399.339050
495 -60.806061   5.964610  356.722198  0.275043  5.198942      11.935131   1367.215576 -114.871872  5.339655  1.180255  240.213211
496 -61.699593  20.832762  350.512634  0.308216  3.962377      12.320632   1540.822754 -244.259888  5.479579  1.916340  477.913422
497 -62.335052   6.520348  354.584015  0.343302  1.827669      12.545007   1432.278320 -147.014038  5.594346  1.836058  413.663025
498 -60.459946  28.262676  349.839172  0.292238  5.717592      10.180501   1593.805298  -13.412026  5.723210  0.599893  156.769958
499 -60.329155  24.741594  344.161591  0.348708  3.910117      13.409354   1096.595215 -135.326782  5.128123  1.015880  437.167999
500 -67.545708  17.329353  358.900818  0.339342  5.275311      14.793955   1699.935181  148.805939  5.233752  1.139310  490.214813
501 -63.018948  13.140378  353.764038  0.339801  3.101871       8.735251   1539.926147 -151.253357  5.810680  0.593490  279.167755
502 -63.767391  -4.504749  358.004272  0.285063  3.790075      14.870184   1454.053345 -146.636444  5.014111  1.824826  371.493500
503 -57.150341  11.832232  352.427521  0.332471  4.929693       7.478351   1665.663818 -228.587814  5.483734  0.986653  153.173279
504 -63.122612  14.611501  354.391266  0.306679  5.117240      14.948533    977.851807    1.721332  5.733969  0.966471  455.573181
505 -59.032867  17.452452  356.735870  0.311602  5.915180      11.608389   1377.310303 -212.406937  5.589643  1.454905  292.560638
506 -63.769558   8.713850  351.660370  0.317784  4.503736      13.984429   1314.111694  -18.709637  5.192092  1.682372  428.531464
507 -60.211914  11.353700  353.880432  0.311886  2.739964      11.190811   1264.052368  159.918655  5.699216  1.692955  418.312714
508 -64.359467  18.593071  356.607117  0.310784  4.363367      14.696454   1382.624634  180.185547  5.205706  1.570192  488.751740
509 -59.271767  14.321262  357.360474  0.340821  5.294655      12.805044    938.532104 -118.045731  5.669632  0.647867  218.495972
510 -64.664703  11.143002  353.609833  0.298745  4.762840      11.260673   1554.040039  -95.156334  5.581748  0.516723  109.316521
511 -62.765446   0.660814  358.018860  0.308488  3.344608      12.973891   1455.505249  159.142105  5.469090  1.904861  418.130859