           lon        lat         inc      D1AU     delta  launch radius  launch speed    t factor       B1AU     gamma         vsw
0   -28.513168  41.059032  304.594513  0.285721  4.742364       7.496518    926.518677  -84.646507   5.686271  1.432974  333.971924
1   -41.254173  32.003216  343.705841  0.283818  3.860167       9.342031    821.866394 -163.171814   6.267030  1.480233  273.287323
2   -38.860336  21.988287  332.004852  0.321894  2.878597       8.552933    651.983643  -59.635727   5.308965  0.854099  335.428192
3   -35.946144  13.627728  346.536133  0.309147  3.979220       8.846402    565.607117  140.583176   6.955197  1.654191  286.730530
4   -47.887867   7.507533  345.421844  0.340678  5.719176       8.297136    927.334717  240.356033   5.126535  1.735658  340.092743
5   -44.212715  13.139349  336.716919  0.337828  5.278685       6.459382    736.357056 -179.986618   6.496961  0.727577  297.171875
6   -48.759945   9.361230  346.619476  0.343150  5.067165       7.879196    732.649536 -180.096664   5.424160  0.827190  431.539581
7   -35.634296   2.745955  353.573883  0.344406  2.351012       5.642508    802.879639 -183.329849   5.431896  1.850416  346.417114
8   -51.066219  -7.702867  349.713379  0.346403  3.749199       7.927390    873.476135 -235.283936   6.282879  1.266737  381.424561
9   -49.280525  19.390856  346.377502  0.307531  5.969073       9.649931    788.343140  -38.575378   5.706429  1.093495  330.561554
10  -47.112202  14.817190  345.770721  0.271435  3.798090       8.718046    780.314880 -176.761734   5.900032  1.410157  297.538086
11  -56.438755   3.926935  356.282288  0.339744  3.578193       8.351922    912.459717  -71.026260   6.458336  0.332724  423.710358
12  -52.805634   3.003457   19.672573  0.336211  5.983519       9.294861    801.774597 -244.422852   7.125920  1.960629  391.088806
13  -42.287174  -8.834049    5.324381  0.318867  2.276798       7.163278    810.724915 -246.152206   5.531256  1.449838  286.304993
14  -44.604725  16.860823  345.606049  0.342391  3.137192       9.543994    691.177856 -199.405487   6.222465  1.755544  342.783691
15  -41.819019  36.554066  349.881226  0.339176  5.142552       8.906701    708.117676  113.802475   6.616571  1.358318  423.942169
16  -44.975815  26.089396  342.750916  0.302418  4.878457       8.579089    822.319214   11.876493   6.310122  1.101025  275.060577
17  -52.682167  -3.618804  344.441925  0.306402  4.804175       9.480477    871.701599 -121.189095   5.044439  1.295591  285.015320
18  -51.061062  19.227398  339.552094  0.301986  4.690814       8.544474    884.379822 -123.935432   5.393513  0.737029  332.645538
19  -51.831928  19.903280  348.348145  0.327033  4.045717       9.486423    855.392334 -117.211426   6.599715  0.672676  376.251038
20  -46.439873  -2.947117  354.249878  0.342791  5.754963       8.007931    633.629944  -76.740799   5.453502  1.785384  427.434357
21  -39.200836   2.356164  352.124268  0.290499  3.310330       6.683240    640.860596 -178.536972   5.018274  0.808542  277.375000
22  -44.577496  11.179134  357.722229  0.345549  3.076340       8.182273    804.797119 -151.908554   5.031754  1.516664  361.599884
23  -42.570152  22.412539  342.888214  0.275482  5.393141       8.862451    813.320007 -152.550064   6.840189  1.657367  282.098053
24  -54.273647 -21.057432  349.036530  0.349509  5.494960       9.032640    932.911743 -227.884811   6.530527  1.344758  330.827850
25  -35.678242  34.738125  333.684967  0.337768  3.452519       6.627637    965.084534  -23.914293   6.144498  1.921482  334.531830
26  -44.195969  19.246204  351.929565  0.316306  4.205584       7.043920    837.194885 -120.406898   6.208370  1.989462  362.627686
27  -48.970654  20.627359  342.109192  0.318468  2.424542       6.940085    837.655884    5.265504   6.529881  0.599904  411.761658
28  -33.405178 -11.602205    5.460687  0.306097  4.735053       5.115116    755.329529 -125.574150   5.699075  1.560272  285.336700
29  -16.639795  46.895599  305.402069  0.290924  5.631495       7.882419    972.144714 -151.376892   5.702600  1.731452  296.611542
30  -39.656109  12.285146  351.958160  0.325403  3.692909       5.550122    824.217346 -219.835709   5.770113  1.093726  286.877655
31  -43.362381  29.055906  353.467163  0.325732  4.935716       9.428442    659.322632 -194.573639   7.043959  1.001539  299.337585
32  -45.734287   2.860985  329.356934  0.308741  5.859148       8.394440    541.915344 -107.874840   6.259319  1.803319  330.928070
33  -53.239620 -10.054534    0.085886  0.301508  3.483962       7.498963    945.980103 -213.268509   6.488615  0.492834  257.145325
34  -47.893349  12.542574  356.085327  0.333014  3.263650       8.446501    765.565430  -99.782104   5.464460  1.016881  362.715729
35  -41.282288  15.287139  336.089783  0.318897  3.227529       6.369602    757.907532 -155.871811   7.511389  1.171038  363.954102
36  -47.237690   5.874362  355.251648  0.268381  5.780218       9.481207    626.167786 -130.331009   8.405022  0.856820  354.201263
37  -56.169025  -2.044252  349.281555  0.325104  4.786266       9.278243    797.823303 -102.081787   5.076769  0.437821  408.259430
38  -49.380985  -0.984009  353.179260  0.334843  3.387289       6.728711    890.733765 -135.567062   5.452080  1.469458  433.166046
39  -43.484543  29.495710  345.858429  0.347584  4.455524       9.511045    767.576416 -241.645538   5.784120  1.443519  327.436157
40  -42.685253  -0.002706  357.768219  0.287033  2.738119       9.916368    521.652710 -165.473953   6.939786  0.414705  337.304535
41  -48.338932  -9.109127  344.729034  0.344627  5.781992       6.930550    692.150269  -93.661896   6.719589  0.443389  278.585327
42  -47.416851  13.976764  338.958801  0.309246  3.084992       7.694309    782.119629  -60.932110   6.836830  1.540524  387.079468
43  -42.652946  15.438074  330.854889  0.332320  4.955327       9.754964    507.973724 -187.433731   6.029910  1.422907  363.795380
44  -47.002666 -20.975798    9.714311  0.311998  5.845739       8.536689    938.616882  -27.714727   5.248771  1.442012  306.250366
45  -50.764259   0.407704    4.107286  0.345226  3.845729       9.024778    715.343201 -101.807823   5.502359  0.389677  395.206146
46  -47.010338   9.493304  331.417786  0.320239  4.596443       7.161488    953.713684 -232.270737   5.893330  1.912018  274.613220
47  -55.244549  -0.218079  353.037598  0.339353  2.735433       9.667043    964.683105 -180.493179   7.156297  1.420753  336.009735
48  -37.537907  40.511726  329.045471  0.336677  4.130457       9.573626    867.158508  -90.555740   5.099101  1.157668  337.064087
49  -49.691971  11.603864  342.555542  0.311458  3.913838       7.168645    917.421814 -128.355362   7.039680  0.965295  337.855652
50  -48.106831  22.406530  336.533600  0.282447  5.027586       5.630284    967.335693  -33.791183   6.204995  0.644651  322.778839
51  -54.388149   3.372234  356.992126  0.309847  2.534297       6.659272    916.989868 -115.738258   5.661881  0.369102  435.435822
52  -46.018192  20.273119  331.689636  0.303845  3.921961       7.987364    963.709229 -187.378220   5.646487  1.442927  297.322235
53  -49.483223   9.271989    2.989532  0.341625  3.391111       7.693017    902.895935   39.220581   5.275744  1.259133  310.321838
54  -49.725033  12.379161  343.421326  0.329681  4.636767       5.351356    911.972595 -104.679443   7.091800  0.345144  329.987823
55  -44.170803  20.497196  338.678619  0.332237  5.050354       8.411990    825.361206  -80.755394   5.724807  1.359884  393.321899
56  -47.786423  -0.978179  347.828888  0.344370  5.474940       8.983120    824.497192  -10.109367   7.392001  1.615452  329.156036
57  -48.097046   6.315324  357.347382  0.304180  4.275924       6.593628    997.498596 -139.720215   5.978819  1.274722  298.820129
58  -51.856091   4.811642  351.514099  0.329626  4.743726       8.087050    823.059509 -178.559021   5.557684  0.567397  386.979492
59  -39.634914  14.377965  356.656799  0.343081  4.321208       7.122516    757.209473 -168.495270   5.231679  1.370909  312.482025
60  -31.159389   6.461088  339.802490  0.316574  1.273502       9.286963    459.180450 -154.536789   6.643188  1.889626  250.333847
61  -45.081768  36.362667  338.179596  0.316417  5.501221       9.447487    801.841309 -151.515350   5.252994  0.785146  397.997101
62  -49.469990  21.439768  341.805298  0.349452  3.246802       7.109972    970.407898 -225.875748   5.683112  1.379346  430.758026
63  -36.767681  -0.035281  354.668518  0.340847  3.558715       7.970970    498.365265  -51.624714   6.790810  1.279467  320.701263
64  -46.980629  13.362594  346.949341  0.286195  4.155968       9.083864    697.813843  -93.604012   6.538917  0.980107  262.434326
65  -53.203217   5.532967  355.716888  0.311029  5.627896       8.367168    859.776489  -64.444359   6.674015  0.550038  387.903931
66  -35.862083  27.652382  331.097961  0.347532  3.132321       8.299984    631.221008 -238.221680   5.869170  0.713585  414.739258
67  -56.398636  -7.605344  352.028320  0.339360  4.862382       8.724989    984.631470 -120.990875   5.054522  1.192952  412.890900
68  -45.864033  12.767868  352.687286  0.323463  4.512159       8.417158    670.382996 -237.407196   7.225817  0.741293  297.898712
69  -51.213863  12.790482  346.571625  0.331565  3.400220       7.859686    911.787476  -34.024994   6.335600  0.674266  269.174957
70  -45.094765 -13.632638   11.230417  0.349407  5.176890       7.038587    758.412415  -23.623756   5.598320  0.955416  341.775116
71  -38.887100   7.071647  345.173401  0.323234  5.650463       8.954527    552.901184 -228.478348   6.913701  1.271101  297.662048
72  -41.248497  -0.463561    3.483203  0.319419  5.195005       8.207320    636.397339  -92.204437   7.492795  1.531572  370.422760
73  -51.836029   8.501123  335.079742  0.312383  4.627252       8.139706    834.953369 -161.993042   6.829048  1.251658  343.101929
74  -44.523689 -23.083971    1.788213  0.328287  5.314853       7.989148    772.036255   41.736813   5.992131  1.859248  361.531830
75  -51.027435   8.306390  337.371918  0.344425  5.556669       6.075047    933.038086  -93.525986   7.239186  0.818291  303.379181
76  -51.850170  14.573174  346.938263  0.266335  3.109674       8.771926    732.253967  -74.327049   7.052391  0.261285  385.266541
77  -45.624821  30.565506  345.972839  0.349970  5.668093       7.854824    881.987488  -93.138542   5.276470  1.320417  405.022064
78  -45.973583  12.571592  354.116028  0.327001  3.550404       7.253493    724.352478 -161.578537   7.897125  1.179296  377.927124
79  -41.014038  -9.834516   20.200558  0.316302  4.296852       5.015934    929.371277   -1.131333   5.436744  1.475817  316.075958
80  -49.915295  14.306258  354.919800  0.344949  4.064947       8.603781    725.471313 -141.701096   6.431977  0.302360  269.487762
81  -51.733971  -6.581172  350.588806  0.338840  5.416656       8.013125    922.163635 -218.828918   5.027530  1.503695  319.730804
82  -42.888298  30.244127  328.924286  0.333461  2.032039       8.832079    864.267273 -148.189148   5.037693  1.014167  264.903961
83  -51.736546  -3.188599  359.027222  0.342746  2.770114       8.945365    731.129028 -220.754166   6.354026  0.787153  382.269257
84  -53.516113  -7.315350  343.356903  0.343364  5.985180       8.141297    826.048401 -176.016800   6.529036  0.655642  263.315887
85  -48.393555  -2.406209  357.131439  0.337635  2.230074       8.946167    731.596008 -105.273552   6.308376  0.915518  292.356384
86  -52.373993  -9.416573  350.266388  0.338282  4.485474       9.526899    740.773987  167.522415   5.244995  0.901451  308.159546
87  -57.225346   0.341949    2.010301  0.319323  4.113593       9.888675    942.725769  -74.932617   5.595223  0.441847  358.929291
88  -36.398045  10.537898  353.154602  0.339509  4.749936       7.628329    588.099121 -226.443542   6.947495  1.314408  296.664032
89  -51.509689   6.052003  342.965179  0.313659  4.734126       7.300591    939.071289 -153.561050   6.673808  1.358255  415.513123
90  -50.166119  21.074034  339.906494  0.345292  1.589091       8.257277    768.503662 -186.956146   6.989595  0.369539  444.656738
91  -43.784447  -0.445723    8.150376  0.318308  5.795033       9.396006    582.672485  -92.705162   5.264060  0.823662  266.327667
92  -38.170578  36.060120  338.749573  0.315749  5.296678       8.265325    699.666870 -110.662003   5.607975  0.526310  388.932129
93  -56.909233   9.451793  350.769043  0.342996  1.777077       7.723207    996.140686  -54.869774   5.719028  0.333517  349.879730
94  -46.905182  34.859131  352.673706  0.335038  5.733137       7.996357    898.027039 -172.538742   5.365920  1.061934  376.667877
95  -48.585613  19.643826  332.227112  0.303867  5.211319       5.932245    911.923279   44.545654   6.649452  0.860864  413.146698
96  -50.059364  14.141615  353.776917  0.341298  3.740138       8.466522    813.532837   60.798431   6.848044  1.668195  428.825165
97  -48.777061  17.821198  346.714478  0.321889  2.777573       7.888853    719.346313   -3.903470   7.348302  0.250533  385.415375
98  -51.089622 -14.658241    1.390980  0.341072  5.428506       8.020955    886.788757  193.889694   5.941430  0.852054  392.405670
99  -34.457157  23.907993  337.952789  0.309125  4.096714       9.833706    469.671600   24.236115   7.051520  1.469947  409.907867
100 -50.449234   9.848479  359.811859  0.326683  3.978929       7.680169    977.644470 -166.630325   6.918041  0.944357  282.447235
101 -36.843594  27.781982  321.502960  0.327814  3.212111       8.448907    657.977356  -66.542068   5.939105  0.976968  408.884735
102 -37.852657  30.352758  331.042328  0.335862  2.921977       8.051822    684.776428 -232.080963   7.813931  0.657881  283.738800
103 -43.056164  -3.574968  354.246796  0.306557  2.218721       9.081097    639.931152 -238.474548   6.268231  1.908549  305.318542
104 -51.127987  10.781906  353.055054  0.292089  3.029097       9.811087    873.203491  -99.036949   6.084433  1.682001  349.243439
105 -52.770123   5.544201  358.712677  0.345389  3.319652       7.898315    934.422852   46.113491   5.149888  0.829456  414.240845
106 -43.662708  19.449760  349.663971  0.316738  4.275723       9.050965    592.601196  -83.951561   5.118081  0.762081  394.669250
107 -51.107819  14.884029  356.379272  0.347835  5.423610       7.583769    896.054932 -245.853775   6.062387  0.533021  319.027527
108 -46.034874  13.005663  339.408356  0.325533  5.202815       6.497422    993.954956  125.149384   5.632171  1.729140  386.112610
109 -49.618851  27.299068    1.468700  0.334989  5.746508       9.501904    955.650146  -93.941246   5.446976  1.565749  309.822693
110 -51.008919   6.862391  353.052338  0.330055  1.901924       8.794209    744.632568  -82.276558   6.441617  0.457254  341.614319
111 -52.232769   9.537706  356.386383  0.324366  3.758904       6.053267    947.859619   -1.396518   5.498618  0.339398  292.844696
112 -43.774601  -8.177562  354.251099  0.334631  5.651837       8.218445    750.913452    8.495582   6.208769  1.955261  274.725311
113 -38.885349   7.912226    2.141997  0.322901  4.486407       6.982865    691.537903 -192.135498   6.394678  1.641358  330.869690
114 -49.356251  10.572374  351.465515  0.320987  4.047573       7.893726    766.771790 -243.097641   6.208273  0.960048  400.423706
115 -50.459930  20.014608  349.024963  0.347813  3.171338       7.828965    905.251953   -7.568532   6.929080  0.999549  407.773102
116 -48.264641  17.824539  331.710449  0.341651  3.249208       6.308054    958.511353 -203.315170   7.234178  1.284432  392.087189
117 -34.369419  10.471620  336.406158  0.327409  5.047336       9.047128    462.391357    2.593837   5.741753  1.713100  317.346985
118 -47.387112 -11.504924   13.859698  0.337859  2.192226       9.583240    709.613342 -105.626945   6.626958  1.246228  340.222565
119 -49.041588   1.059112  339.302216  0.328257  4.335630       7.828310    789.012207 -164.363876   5.593003  1.933428  369.473755
120 -48.432636  24.728735  344.133209  0.314601  2.833712       8.776749    902.867126   -2.860143   7.704242  1.366204  403.537750
121 -54.673622   1.569529  355.760803  0.327419  5.485266       8.496634    997.739380 -183.315872   7.566164  0.948434  330.386780
122 -51.971783   5.169926  351.028320  0.306680  1.470629       9.642776    940.632751 -162.433121   7.201358  1.608248  304.645874
123 -54.659073  -1.443641  348.274414  0.340165  4.743177       9.931042    852.575745 -115.882278   5.852402  0.891857  326.027618
124 -39.390144 -20.331860   12.184647  0.334947  4.161181       7.437596    731.277832 -203.897766   6.571624  1.996208  323.333710
125 -47.321644  10.183187  338.716339  0.331672  5.964123       8.493045    782.381531 -244.937180   5.316270  1.333761  322.807922
126 -52.129490  -1.917641  356.960663  0.347704  3.099818       8.210212    858.042969 -185.117599   7.633457  0.865488  407.171936
127 -43.268410  20.406727  350.684113  0.322221  4.074417       9.926800    596.672852   -9.322284   6.285611  0.714863  335.219727
128 -42.763363  19.206467  344.159180  0.336994  2.346121       8.375588    838.442444 -199.751480   5.713898  1.085982  275.150269
129 -44.364594   7.515682  335.122803  0.311639  4.186022       4.546191    971.893921   93.447548   6.315672  1.268838  289.229950
130 -53.589413  26.443117  358.436218  0.327065  5.670670       9.908082    944.358643 -198.961151   5.127413  1.163106  360.389374
131 -32.041538  32.922756  315.165741  0.318232  1.152153       7.690323    627.317383 -219.607681  10.257611  0.957928  435.722717
132 -46.856667  29.662546  340.720093  0.276947  5.119434       9.472375    868.363037 -177.596741   5.169520  1.323564  341.987030
133 -41.364677   7.949912  337.179108  0.323963  2.489035       7.704663    625.276062 -162.778687   6.157106  1.461732  342.268372
134 -40.640774  15.219937  336.366394  0.342610  3.600741       9.321959    569.586365 -108.506248   6.491622  0.939411  401.611145
135 -44.613865  -2.622282  354.633881  0.343260  3.057343       7.476703    767.643921  -43.652245   5.631172  1.821377  408.127167
136 -48.920429  21.698534  341.844391  0.293471  3.710704       8.665869    923.586121 -205.192154   6.119171  0.931257  272.690094
137 -48.169464  29.819571  352.247223  0.325252  4.800605       8.869990    858.133972 -136.979721   5.877313  0.903207  346.877014
138 -53.922974  15.877389  356.134888  0.324374  2.786394       7.106380    982.639465 -235.161972   6.279031  0.557656  352.118042
139 -52.496387 -13.784044   23.876266  0.340814  3.776308       7.692164    844.155334 -120.397232   6.674963  0.824490  422.599884
140 -51.120903   4.055265  341.337616  0.307923  5.229936       9.302476    947.737854  -41.936565   6.434902  1.312499  260.110504
141 -50.663635 -10.866745  355.422150  0.280208  5.756879       8.566850    700.590027 -207.474457   6.096207  0.958793  422.610413
142 -47.862530 -14.662304    0.542351  0.333059  5.459875       7.538887    795.581848   51.507519   5.641943  1.365071  370.396088
143 -46.911469  16.698053  342.759644  0.311711  3.498586       8.702764    988.049255 -187.171387   6.844979  1.574204  277.094116
144 -43.205986   6.450749  352.342651  0.346750  4.077248       7.955823    708.423401  -68.869606   7.402965  0.638043  287.851776
145 -34.287048  37.422161  329.854004  0.347337  3.631461       6.870628    820.635925   10.354607   7.765629  0.743520  327.437714
146 -41.059486  -6.529233  358.587494  0.336584  3.246688       8.462317    573.496216 -136.007111   5.468468  1.713722  346.994263
147 -55.020428   3.652557  359.559631  0.274633  5.947045       9.600377    790.546143  -45.764778   5.999326  0.455631  317.296783
148 -52.134800  24.262379  343.416931  0.336215  3.712304       8.850364    911.884766   64.819313   7.276069  0.824654  388.878876
149 -56.365719   5.009771  359.836029  0.346434  2.958461       9.538103    928.165100 -145.020782   6.209479  0.792413  305.070068
150 -52.249336  -4.854625    7.896743  0.335203  5.239179       6.922737    896.798706  -48.458912   6.139047  0.273655  275.359375
151 -44.295979  29.239882  348.495911  0.335709  3.230247       8.168196    829.815063 -140.957352   6.231967  0.908617  290.240448
152 -55.173630 -21.222736  359.782776  0.311597  4.717760       9.188723    952.800903  -75.086967   5.900079  0.647333  331.882141
153 -34.174400  35.985531  333.742828  0.349512  5.148199       9.938196    669.657104 -139.217773   6.285740  1.016718  329.188995
154 -44.816372   9.512202    1.081638  0.349600  3.486092       6.070459    917.048645 -190.513947   6.139851  1.263849  361.710052
155 -50.666271   7.293743  357.330536  0.324687  4.250656       8.492754    912.018250  -44.117661   5.195814  0.823771  290.667084
156 -48.348331 -11.938284   15.656262  0.295583  4.378016       7.303361    889.412048 -108.335045   6.353356  0.925689  308.615936
157 -44.388977  23.786119  334.369507  0.322695  1.417184       7.392197    836.357910 -221.248993   7.854074  1.320770  415.564117
158 -48.758976  11.147734  354.017975  0.292567  4.186521       8.354049    807.667786 -203.187912   7.055594  1.599645  419.697021
159 -39.203175  35.589893  317.841461  0.343665  4.620615       8.296882    712.281921    8.911000   7.843477  0.227827  298.577362
160 -39.370487  19.742714  333.011414  0.340306  2.193597       5.995872    712.597595 -164.349548   5.403750  0.745051  391.760986
161 -42.163113  20.186798  326.312256  0.315550  4.784262       9.684704    682.457947  -82.325729   6.876782  1.890078  322.485565
162 -40.050301  -9.976648  350.834595  0.313943  5.555966       8.594797    536.716553   24.910770   5.666318  1.880049  300.283203
163 -43.616207  18.581085  344.503998  0.303397  1.477437       9.938278    625.394897 -144.567505   6.988790  1.238589  317.975372
164 -34.178410  25.657640  316.042206  0.342617  2.069776       8.758755    605.029480 -186.663773   6.943412  1.275730  291.947510
165 -40.030296  22.602905  346.343323  0.334179  4.612227       9.634729    668.458435 -167.321884   7.815742  1.940836  323.479645
166 -48.870941   9.092855    1.216135  0.331199  2.948011       9.512195    785.493103   14.698602   6.361091  1.653272  391.648926
167 -49.990700   6.804550  353.442627  0.312377  2.239827       8.084319    878.754761   31.899426   6.145693  1.194197  298.887421
168 -45.925533  33.930252  326.417511  0.311285  4.772901       8.686913    868.691711 -217.849762   7.587960  0.725835  362.077087
169 -49.836128  13.976606  359.076904  0.316856  3.848648       7.836610    900.030762    6.238288   6.730883  1.555214  373.609100
170 -47.524700   7.407124  334.573151  0.329926  4.940876       8.034714    797.036133  -70.699997   5.213184  1.408069  287.933777
171 -38.799767   1.412675    6.973733  0.319300  4.854198       9.004231    517.924500 -229.699203   6.896162  0.558303  342.831238
172 -47.196884  17.721300  345.522949  0.310016  2.465636       8.354735    808.110901  223.622589   6.575889  1.319112  370.949554
173 -45.854664  -8.358388  353.390869  0.346891  3.187979       9.363374    686.606140 -190.188766   6.144732  1.802931  254.833481
174 -49.010418  -1.916744  357.060730  0.349136  3.992762       8.325392    792.505188 -200.240326   6.118335  0.919354  426.455719
175 -42.448429  21.769810  338.967438  0.320776  5.234622       7.522989    966.432983 -241.279434   6.350451  1.140413  276.617706
176 -41.312431  27.193314  339.601105  0.321002  4.806258       8.172478    777.687500  105.162094   6.820230  0.840777  295.437836
177 -53.671360  20.610950  344.630554  0.305071  5.559466       7.928250    899.884094   58.315144   6.718693  0.278692  332.850494
178 -30.460968  33.364525  324.359253  0.348472  3.580569       7.251535    647.382751 -199.587006   6.497411  0.700263  332.917328
179 -46.820507   1.309887  349.936035  0.329728  4.326582       7.331159    996.523499 -210.578690   8.870872  1.785682  287.690613
180 -49.701134  -3.066757  353.006226  0.324209  5.996067       8.714765    898.994324  -40.034210   7.261555  1.992705  319.713135
181 -40.927956  39.901283  317.773804  0.322747  3.660149       8.631915    885.494934 -162.454361   5.824026  0.614486  320.202026
182 -56.073368 -10.937824    4.836986  0.340465  3.225236       8.295110    978.223450 -219.109146   6.354013  0.640153  351.145752
183 -50.696144  -9.554383  359.746521  0.333890  5.092016       8.314553    848.240845  -27.434624   5.297766  1.392477  348.500031
184 -42.692108   2.698478  349.408691  0.334543  2.600208       8.036342    604.488647 -200.109329   7.034588  0.345024  257.671112
185 -47.148582  26.848761  334.247162  0.310749  4.169644       9.334002    921.555298 -175.723083   5.937863  1.624069  295.495605
186 -48.827660  22.491266  349.956146  0.292195  5.677557       9.446663    729.695557   31.432508   6.409051  0.824074  351.726135
187 -54.983124   4.679927  349.323578  0.292852  5.350955       8.824029    852.692810 -117.107803   5.268762  0.686535  435.963074
188 -49.489243 -16.188046    7.445262  0.329268  4.204384       9.713756    694.557129  -26.379597   7.222797  0.694569  352.349121
189 -45.821907 -13.231229   13.423067  0.343512  1.047657       5.163211    989.231018   43.494823   6.846976  1.561182  380.293823
190 -48.324448  11.028374  350.362091  0.320836  4.771747       6.563676    863.856567 -214.411011   5.544764  0.654410  353.301910
191 -34.848122  25.488575  321.302216  0.333158  2.940284       7.366321    651.227966   89.644440   6.813617  1.399642  395.668304
192 -29.551003  -9.346563    4.391962  0.342405  4.996772       7.698915    438.296539 -238.035187   6.965796  1.530410  371.555206
193 -51.671070  -4.538201    6.267915  0.280301  4.449459       7.995770    859.342529 -216.219543   6.579596  1.103886  367.693024
194 -49.403542  25.621244  332.296692  0.293413  4.425025       9.032487    793.884216 -208.017975   5.704678  0.343177  251.322922
195 -51.178505  11.387157  341.375519  0.329943  3.322481       8.417441    848.699097 -245.153473   6.298533  1.224548  368.905945
196 -34.350163  10.487351  344.662811  0.296217  2.334703       9.987876    405.677246 -170.500641   7.385157  0.854441  406.673401
197 -39.163284  25.888847  316.313446  0.340755  3.734529       9.206535    561.542786 -233.388977   8.203025  0.670393  310.202637
198 -34.930557  31.662773  340.518585  0.276251  5.701386       8.071350    637.946838  -50.940445   6.804608  1.027536  271.764954
199 -57.766979  -6.695796   11.904943  0.319207  3.277083       9.885166    924.846375  115.747162   5.717552  0.571147  337.791931
200 -50.755592 -13.078444  358.511169  0.348209  2.420949       8.734487    975.018433   23.136826   8.205936  1.600410  323.296814
201 -39.944496  31.645929  334.240387  0.321065  3.617059       9.826795    834.858887 -183.474640   5.910629  1.038225  251.805542
202 -47.752449  21.499935  338.824188  0.324472  5.625377       5.860726    996.236816 -124.486351   6.369915  0.976858  384.635925
203 -55.815865  12.391057  347.334564  0.326859  5.619836       8.628570    933.166565 -185.695572   6.087565  0.533473  299.411926
204 -41.406273  24.222136  324.062988  0.332017  2.666854       9.016973    640.921387   -3.297446   7.670936  0.796838  253.167709
205 -35.089432  19.716629  328.452545  0.320840  5.231497       8.179225    600.788818   62.696606   6.961726  0.907538  268.852997
206 -36.284428  16.151987  340.145416  0.347602  3.246048       5.728152    837.437988   16.047848   5.705686  1.267782  267.227753
207 -52.844631   9.544960  339.963623  0.334257  4.691941       7.677793    923.847412 -110.387962   6.521580  0.644101  332.250854
208 -46.510349  -7.507591    6.419554  0.323010  2.728959       7.265512    905.069641    8.534534   8.422911  1.341154  298.117523
209 -50.703163  20.625412  339.825928  0.347137  2.451071       7.660028    841.085876  -14.904508   7.937410  0.575963  423.316986
210 -53.721424  13.465235  345.377594  0.321736  5.530672       9.709120    947.481384 -182.818558   6.051457  1.458583  344.553223
211 -34.826626  36.954758  329.576538  0.293280  3.055247       8.340444    780.015076  -66.420113   5.508232  0.941159  274.280304
212 -48.323265   7.286086  354.082886  0.326755  2.236536       9.390707    669.291443 -221.651917   6.080495  0.664041  411.341400
213 -48.420891  -1.506542    0.827439  0.290903  4.796382       9.152533    693.823059  131.565765   5.572707  1.007898  337.078796
214 -38.726288  -1.025883  352.584442  0.340653  5.847234       8.062457    659.496216  -67.938019   5.931977  1.098745  265.707764
215 -43.866512  -1.442879  351.366638  0.327102  4.128084       9.683804    637.316406 -143.975891   5.788721  1.357797  284.276245
216 -43.575687  33.884384  324.733429  0.298335  1.948650       8.930311    987.806274 -115.504456   6.849703  1.194776  271.526184
217 -41.499130  20.936733  334.162659  0.315250  3.169550       7.389289    788.803650 -245.456451   6.907404  1.966789  360.013824
218 -51.786770  22.676657  340.783295  0.329354  4.332210       8.746338    919.116699  -49.147964   6.490825  0.381905  327.296021
219 -47.646847  15.090532  337.532562  0.300844  4.201179       7.238568    786.014404   -1.112789   5.879653  0.569119  327.531433
220 -38.002960   8.263283  348.745789  0.300349  2.116907       5.939651    617.276672 -126.657013   7.976357  0.696585  332.089386
221 -45.586578   8.304440  353.570740  0.346678  4.337160       8.202672    714.377563  -88.594292   7.940422  0.707929  415.578125
222 -48.084457  -4.076446  359.376587  0.349698  1.343789       9.020613    740.301880 -169.081360   9.561648  0.710560  294.224060
223 -32.629742  44.310280  319.074799  0.316054  5.139018       5.636659    965.992126  -67.967094   5.169622  0.476076  339.072479
224 -47.319359  -3.880123    7.573648  0.239254  5.311751       9.948359    596.620728 -141.697128   5.598562  1.917221  351.257660
225 -40.553535  19.638269  336.143982  0.342861  5.299539       7.945595    938.257935  -15.085426   5.752818  1.854508  308.188965
226 -51.053444   4.492221  355.747650  0.337348  1.933625       7.026914    976.414490 -148.299927   5.655001  1.121894  356.813049
227 -51.833607   1.991640  350.203766  0.348821  3.694328       8.375298    817.179626 -191.278107   8.122655  1.580934  422.414764
228 -53.956326   2.871791  353.426086  0.348873  3.924949       9.686907    910.384644 -187.684021   5.778773  1.394708  384.152466
229 -37.301876  29.456364  322.580566  0.328428  2.553458       8.498645    683.653320   31.553864   5.300756  1.555262  360.966492
230 -46.170277  22.179684  346.412659  0.348166  4.288448       7.274526    828.169006 -132.410675   6.935578  0.832724  300.615540
231 -41.549904  32.489494  339.943970  0.336337  5.721752       9.465664    696.875183    2.798083   5.029987  1.404763  430.854340
232 -35.260071  38.579117  315.475494  0.338949  5.447388       8.504248    930.837158   61.671600   7.902720  1.334654  291.978394
233 -44.510891  13.988999  335.609985  0.347677  2.337204       7.428550    825.056763 -207.835342   7.344110  0.973337  301.298218
234 -31.269073  39.711010  306.001007  0.346101  4.575909       9.550637    809.721802   -7.844714   7.066979  1.407393  299.672852
235 -44.366669  16.988186  358.627380  0.311758  4.780540       5.738279    937.122192 -248.443634   6.546675  1.982114  367.194183
236 -36.155148  25.513163  330.152496  0.316929  2.383879       8.201934    633.944214 -192.529526   7.585214  0.706599  280.545959
237 -50.772816  18.654982  337.313263  0.315856  5.522250       8.939030    918.278076  237.585785   5.930878  1.204582  339.541534
238 -50.298061  13.570840  352.408386  0.345126  4.099115       7.631676    846.571655 -172.752686   6.743579  0.666506  389.659637
239 -32.978451   3.178146  339.050781  0.349916  3.209306       4.408049    722.278320 -202.759766   7.487323  0.939588  257.273773
240 -46.718281 -13.693595  354.579132  0.328063  4.983317       9.262350    566.716187 -210.842117   5.203047  0.575997  335.784241
241 -47.935127  10.773875  353.813843  0.316390  3.348995       5.888898    940.711914 -133.053192   7.151132  1.297071  348.087219
242 -52.442795  13.942671  342.329498  0.290718  4.434776       8.091757    962.177124 -194.930634   5.807158  1.412295  398.949951
243 -49.055725  28.550827  341.897888  0.334336  2.981417       9.951549    802.518250  -87.429893   7.607441  0.303106  366.470428
244 -51.794846  14.751416  354.598297  0.318932  4.546677       7.271233    937.679565 -211.273224   7.043542  0.884738  439.380066
245 -50.966217   9.819817  339.537872  0.314137  4.718874       5.676344    860.795044 -228.824524   6.977618  0.338027  297.317963
246 -42.896549  14.753132  351.167114  0.283932  3.346673       8.357075    632.119202   46.718113   5.391176  0.908728  347.298828
247 -39.849140   4.864943  339.512543  0.280424  5.226897       4.636069    837.217590 -223.418961   8.313343  1.303964  274.626007
248 -51.748520  13.735907  334.103455  0.322989  3.947112       8.865354    883.452271 -185.869461   6.633650  1.085175  269.989136
249 -50.210865  10.275837  343.165649  0.297196  5.436722       8.405231    716.236694 -134.539520   5.000785  0.874859  415.953979
250 -52.165615  -6.086042  359.936707  0.336758  5.988447       9.936731    736.155640 -169.644501   5.796405  0.664437  302.206238
251 -47.307419  19.504372  358.553192  0.314060  4.994102       8.261789    875.641052  242.460724   6.301231  1.493687  298.145660
252 -46.155155  32.730000  341.719879  0.306810  5.926953       8.496547    946.220032 -216.747421   5.885081  1.384372  440.924133
253 -48.507523   4.338929  348.353088  0.292468  5.892178       9.589732    702.971191   18.542297   6.256272  1.466685  371.066132
254 -41.264885  17.637232  354.823822  0.337256  3.925463       8.044193    704.746460 -178.131088   8.127279  1.483399  304.843628
255 -43.946087  19.120068  342.872772  0.307377  1.102029       6.680444    847.841187 -203.330078   7.637648  1.315994  355.795715
256 -40.641045  -0.776072  355.425964  0.305175  1.649883       6.049356    704.326050 -154.449600   6.016175  0.994669  311.081390
257 -49.284657  11.553290  355.697510  0.303504  2.717926       8.056673    822.363708  -83.058380   5.645648  1.512563  366.185486
258 -51.072727   0.593467   14.874999  0.346447  3.826437       8.629249    795.162231 -112.666809   6.058161  0.911379  362.833984
259 -45.567173   5.819420  353.604980  0.285456  5.189672       6.663127    682.116028 -248.562820   8.014992  0.722263  424.721100
260 -49.560032  15.557075  355.242279  0.301604  5.453763       9.295114    963.351135 -116.775871   5.257962  1.475692  264.532074
261 -40.975536   2.097225  351.323273  0.325361  1.485527       8.048049    657.016357 -232.457611   7.604794  1.508822  273.388489
262 -56.122341   3.586646  357.457367  0.317856  3.369645       9.755616    980.552734 -201.537643   6.465197  0.962440  316.197205
263 -53.589157   8.566765  353.343872  0.328355  3.347765       9.074094    865.031006 -190.531982   5.566005  0.899479  328.710632
264 -45.182533  12.019260  359.155212  0.317540  3.279816       5.987298    843.027283  -34.191345   5.626730  1.108780  304.048706
265 -17.425371  44.065983  303.547302  0.341651  2.674440       8.498064    678.146729 -129.810211   5.865956  1.692005  411.856354
266 -45.069237  23.510395  331.298798  0.333398  4.979968       8.581325    860.328918  127.553902   6.172995  1.013999  359.029358
267 -42.636616  32.844906  323.796387  0.320696  5.372925       7.498278    826.060608   34.206696   6.717703  0.285525  272.011597
268 -47.698257  22.291147  339.453400  0.292099  1.692554       8.454866    756.507507  -76.523102   7.045494  0.454451  276.856201
269 -47.159393  10.221437  351.394562  0.349365  2.742258       8.926176    633.921875 -112.997490   6.599946  0.576031  293.584198
270 -52.915321   7.292451  351.660400  0.329650  3.555023       8.407373    888.966125   82.201729   5.149618  1.093404  388.353912
271 -45.527565   9.517323  351.175995  0.335879  1.313176       9.936932    567.625549 -175.028183   6.065425  0.826170  364.386169
272 -37.284985  27.600019  340.147430  0.291157  5.383559       9.065593    614.634338  -44.501015   6.106942  1.390284  320.767426
273 -49.923706 -11.827382   20.238173  0.312890  5.015669       8.356384    864.965210 -163.908295   7.197065  1.765079  355.927795
274 -55.244781   7.217066  353.742981  0.320536  3.195471       9.944768    897.312622   80.691002   7.417702  1.505522  385.930634
275 -38.319469  31.163122  318.793121  0.317185  5.263981       8.570487    649.510559 -219.102783   8.489188  0.667640  290.759857
276 -29.856493  31.002535  333.691803  0.345910  5.909906       6.818495    630.821228 -148.547958   6.118741  0.725006  353.840851
277 -49.994999 -23.720310  359.300171  0.331759  5.521451       8.602158    848.076233   13.534823   5.498624  1.862610  398.581512
278 -49.769753  -7.550822  354.789734  0.348924  3.845000       9.900965    701.736206 -190.399597   5.958490  1.117574  374.735992
279 -50.470760   0.882097  356.311615  0.337965  4.040999       9.803592    707.925232  -79.055420   6.443265  0.437225  393.240662
280 -42.925652  39.019821  323.841064  0.286032  1.927871       9.436067    825.555603 -192.513092   5.466654  0.295609  331.937805
281 -44.068764  23.965996  341.192383  0.344458  2.406548       8.764710    950.232605 -193.299973   6.795742  1.980767  335.583282
282 -39.273586  -9.427509   12.277122  0.256526  5.270788       7.842482    652.635376 -159.684509   6.412716  1.774498  286.582062
283 -45.920372  -6.411524    7.713379  0.339911  3.795046       5.053878    948.515320 -226.989319   6.476867  1.098324  378.910126
284 -51.637264  -5.717224    2.851716  0.304610  2.754091       6.646847    952.171509  -47.750923   7.121533  0.885430  386.831085
285 -39.474342  26.368347  338.082581  0.311762  2.054707       8.562951    819.532349  -70.154877   5.561511  1.710341  261.779755
286 -50.574780   5.802730  356.434143  0.285434  4.159561       9.988785    743.881836  118.387115   6.051836  1.851639  436.511688
287 -47.158043  16.867113  341.320465  0.340504  4.194537       8.509353    807.077026 -179.941086   6.062864  0.732822  322.431915
288 -48.452209 -15.736515  356.856812  0.327793  5.380546       8.762763    700.202942  149.380493   5.014504  1.983812  448.333435
289 -36.746525  43.486729  298.971222  0.291239  5.905770       8.686527    839.808411  -20.917233   5.237216  1.262291  382.778992
290 -50.825760  26.775911  333.725067  0.324231  3.326853       9.129311    886.828003 -174.849350   6.530828  0.610214  335.055420
291 -50.363293  -5.805176  353.025970  0.343302  5.040581       9.971613    786.428589 -157.247589   6.592035  0.786314  288.567810
292 -44.236904  26.967108  348.107239  0.338848  5.495086       9.316011    699.917847   80.761208   5.381218  1.992116  415.880951
293 -42.701309  33.801796  312.381287  0.347886  5.722791       6.788966    823.897583 -132.269684   5.583568  0.377764  270.651184
294 -35.021595  38.791187  325.598541  0.319103  5.898241       7.596000    796.927307  119.621170   6.994205  0.887438  397.391022
295 -41.482571  22.210344  350.602997  0.317849  5.976886       8.809725    577.323547 -247.076538   5.915224  0.785254  426.228638
296 -39.997780  15.423679  348.023529  0.309427  5.698469       7.093893    812.667480  181.485535   6.237494  1.908018  335.687805
297 -53.566071 -10.340959  353.077759  0.337441  3.900069       9.371153    899.313232  176.601547   7.322740  1.268952  346.211945
298 -28.278465   2.361254  338.025085  0.338211  1.640985       7.338955    468.536041 -176.307175   8.687845  1.463161  321.066559
299 -53.985504  16.407969  340.530365  0.264112  4.028742       9.732099    867.486023 -219.322113   7.075117  0.705317  325.717743
300 -44.655476  30.558020  333.591309  0.333697  1.070030       8.717673    938.967102 -222.780289   5.316255  1.071920  252.297043
301 -37.130482  30.432762  340.692688  0.326171  5.425291       9.568046    618.847473 -242.027908   6.694355  0.478148  269.698547
302 -47.610229  -1.948894    6.796384  0.284224  4.446601       9.628456    792.230042  -99.586838   6.242056  1.601824  308.527100
303 -34.277737  34.219250  338.240570  0.346833  5.871749       9.140141    566.333008 -230.797897   5.961372  0.286537  314.477478
304 -49.548626   5.366526    4.293879  0.311849  4.889287       9.297496    758.013306  212.537109   5.784873  1.107910  310.024536
305 -54.501598   6.523234  345.037445  0.307427  3.760834       9.433311    994.904236   27.597931   7.034904  1.538977  398.052002
306 -52.890419  12.493332  357.727936  0.276452  3.027125       9.792827    816.410706    0.277123   5.271780  0.677092  301.897522
307 -44.740345   8.296832  345.958710  0.330451  3.572446       6.661391    877.445618   80.042130   5.990161  1.822136  373.859741
308 -46.787407  19.479546  337.490936  0.319226  4.226931       8.485229    872.168335 -231.303482   5.717520  1.161671  301.828491
309 -47.166550  22.210127  339.848511  0.347952  5.170401       8.621752    792.108521   33.875217   7.528229  0.383102  322.735138
310 -48.283981  29.244232  340.807343  0.305597  4.045568       8.803335    910.883240  -90.499901   5.795728  0.914816  305.297638
311 -47.232132  -1.077336  349.984436  0.343184  4.398359       8.031878    708.771118  111.509476   7.564875  1.622868  387.487549
312 -49.050682  17.631277  346.663391  0.320452  5.561107       9.950936    836.208374   38.554138   7.244155  1.510125  312.001099
313 -45.759991  19.833519  338.767334  0.290438  3.366193       9.956779    753.648010 -171.433350   6.327462  1.231097  259.794495
314 -44.784138  -2.152397  353.286469  0.303101  2.867452       8.793547    600.880188   49.566738   7.777682  1.298628  406.549957
315 -49.442528   1.798503  353.562195  0.309912  2.903616       8.497842    742.589661 -178.676392   5.882349  1.274254  375.168335
316 -45.716774 -10.666512   16.477339  0.301035  5.323298       9.453426    640.957275 -202.121246   7.823744  0.702050  331.354187
317 -42.241905  -4.108731   15.731167  0.275888  5.361100       9.035728    529.988403 -131.956741   7.021358  1.871853  340.130493
318 -42.905567  -4.413960   12.159184  0.337855  3.212006       4.911856    865.816467 -177.113556   6.111260  1.568642  403.177887
319 -51.776924  -2.822711  355.352570  0.315839  5.707433       8.493780    943.189453  200.879684   5.967734  1.891841  397.890106
320 -50.756981   6.215141    7.657292  0.345250  5.612412       8.276682    942.676575   81.067307   5.661674  1.645931  365.365692
321 -48.803089  15.545662  348.517914  0.308933  3.717448       6.776194    898.345764   82.162437   7.151232  1.505525  421.570435
322 -42.626476  32.056557  331.627106  0.325329  3.375262       8.574674    871.682068  -28.088629   6.492304  0.583611  284.916992
323 -39.918007  11.651882  350.718018  0.334953  4.088262       7.520466    661.900513    2.426276   6.658012  1.504521  324.041229
324 -44.853897  29.159283  321.517639  0.294863  5.463607       9.919316    853.544922 -222.867706   6.272364  1.945829  340.766449
325 -42.610004  -0.602931  345.591461  0.339569  4.804569       9.180445    481.652771 -206.660477   5.930038  0.832351  339.776215
326 -36.541134  25.936146  333.893799  0.340406  3.632170       6.617443    808.880615 -134.940353   6.352245  0.979448  335.230408
327 -52.212994   4.460036  359.609497  0.326815  1.782617       8.070063    893.985107 -226.648804   7.207328  1.655485  418.898651
328 -44.210667  37.261436  322.862671  0.336238  1.120289       9.942519    969.147400  -53.961849   6.503747  1.177963  361.807007
329 -48.763741  -2.398615  358.625610  0.315890  2.205263       5.818431    854.270996 -158.606659   6.856308  0.816224  434.964783
330 -50.413101   9.664208  351.293762  0.309956  2.299597       6.055930    996.377136   -3.949017   7.462215  1.103344  352.359344
331 -48.496113   2.167325  357.804901  0.277134  4.255087       8.204546    745.741516   20.978678   5.808760  1.232808  333.149902
332 -53.113514  -7.103476    3.416173  0.325696  2.809327       9.094091    984.430603   11.143487   7.268506  1.530484  381.103577
333 -49.806160 -11.592864  347.235992  0.313413  5.818397       8.959781    716.951721  -65.310143   5.559560  1.480830  298.159088
334 -43.614979  13.518069  349.900818  0.319790  3.553676       4.119766    972.678894  -33.257370   5.786315  1.129069  336.618652
335 -43.658226  31.915075  330.976990  0.345340  3.161078       7.313954    822.339417 -185.263077   5.236349  0.468669  297.603149
336 -33.740986  25.895660  333.427460  0.326463  3.927903       7.262595    594.962769 -212.813980   6.114282  1.385109  412.301636
337 -51.002342  -3.847471  354.569641  0.324281  2.015700       9.104618    821.396118 -179.535431   7.355067  1.558156  355.068604
338 -35.777348  44.999767  333.304810  0.343664  5.259690       6.499309    877.261658 -183.628601   5.965333  0.249327  304.955688
339   2.803733  55.284119  282.674011  0.341874  5.609519       7.989925    891.909241 -143.286285   8.081531  1.141101  428.059052
340 -57.363983   0.514002  353.240540  0.326398  4.894362       9.275752    980.406311  -11.807100   5.936301  0.498761  289.110657
341 -41.054317   2.379044  352.489227  0.303450  3.382611       7.197436    733.758301  -46.115124   6.872847  1.450176  271.324249
342 -47.930046  10.581533  348.847443  0.301452  4.363986       6.262656    907.483398 -206.320267   5.980754  0.895750  333.153564
343 -43.987030 -17.706270   14.194051  0.333237  4.091785       9.145595    608.313782  182.852554   7.265490  0.839143  306.067657
344 -48.121746  13.107281  344.937988  0.285731  3.458592       9.419695    762.565491 -158.977997   5.354038  1.795598  353.256287
345 -46.538208 -22.092733   18.305820  0.263795  1.035239       9.398602    790.004578 -122.922752   6.982542  0.833023  268.519958
346 -56.077858  17.204142  354.034851  0.316773  1.866207       8.838206    997.330933 -212.202377   5.686212  0.700245  411.304810
347 -48.336044   7.151125  356.220947  0.264569  4.445525       6.410902    872.443176  209.081116   5.714354  1.746142  436.531799
348 -42.323654  39.140015  317.648010  0.340976  4.013832       9.631440    793.546692   90.404816   8.373103  0.399654  348.809021
349 -53.398026  27.889023  350.813751  0.325993  5.832608       9.644758    983.139099   59.280251   6.973914  0.408325  279.695312
350 -28.673704  36.892998  322.278839  0.320018  3.563673       9.470593    642.002563  -42.572666   5.983321  1.880988  316.303345
351 -43.338543   0.974556  355.795746  0.320937  1.946296       7.662791    671.784546  -48.044029   5.924034  1.512132  387.878967
352 -41.951611  17.476557  346.339447  0.317215  4.331882       6.529369    956.736389  -11.300720   5.320443  1.431684  304.546356
353 -50.767387  -1.651796  357.526947  0.342756  4.822707       8.602892    827.542786 -121.355240   5.768084  1.777839  437.119293
354 -52.706337   3.614626  350.485443  0.309258  4.372242       8.710531    794.610046  -91.092827   5.564570  0.854238  366.640350
355 -31.935360  17.264250  327.872528  0.345585  5.718303       7.968566    558.190491 -185.878174   6.583150  0.493945  299.823242
356 -45.978325  20.455189  342.429749  0.311386  2.678896       7.944049    950.614868 -206.327332   6.723099  1.667823  383.054993
357 -42.605911  34.161926  340.621002  0.342688  4.455304       8.715182    853.321533 -177.125534   6.105064  0.902953  279.644958
358 -49.946037   5.446056  353.718781  0.342046  4.825865       7.857555    889.902344 -114.310265   7.913724  0.869819  313.643738
359 -49.900826  -5.306437  352.824310  0.334924  4.728121       7.642799    738.055481 -134.545013   6.224860  0.237216  318.312866
360 -50.168526  31.662285  348.117126  0.329836  5.631310       9.916184    972.062500 -226.511902   6.449988  1.378615  386.411469
361 -49.950787   4.426817  354.061493  0.310765  4.033420       6.783537    983.010498 -214.868088   6.563110  1.290878  348.348969
362 -43.509922  22.331396  329.373474  0.328351  3.741994       6.724364    921.960388 -200.786697   7.023244  1.323181  301.556183
363 -51.040352   1.730012    5.563803  0.346933  3.751472       7.595811    829.901978 -213.429855   5.741958  0.916611  427.564453
364 -44.776581  12.419995  347.757355  0.258113  2.589277       7.486101    828.606506 -100.420395   6.537577  1.914108  308.259796
365 -59.162537   1.493308   10.559475  0.340626  5.861050       9.938287    975.222900 -206.801758   6.169308  0.840122  375.219086
366 -12.086228  51.033184  295.250000  0.303886  3.846562       8.862900    740.745850 -125.187943   7.263030  0.757820  359.675323
367 -50.867550   3.071026  348.288300  0.324497  5.382187       8.498626    775.802002   52.768196   6.667492  0.616796  371.900665
368 -42.918880  22.697939  344.119202  0.338801  3.448532       8.322410    796.290527 -164.061996   5.107625  0.712377  274.448303
369 -48.281918  -2.032043    6.698473  0.339708  3.750865       8.732676    743.482422 -145.495178   6.401841  0.801656  386.467957
370 -51.542019  24.983974  326.864288  0.340202  5.350694       9.807607    848.449097 -164.936890   5.423501  0.699478  311.747833
371 -44.722759  14.298345  356.913177  0.335597  4.372374       7.151275    960.501282 -180.315140   7.135718  1.802716  290.349518
372 -48.375145  22.363255  335.150757  0.283206  3.974187       8.032907    806.389648  -38.503056   5.931698  0.961201  392.285858
373 -39.491684  15.787407  345.360687  0.326039  3.696993       8.880418    668.513184 -217.863647   6.107128  1.638930  347.070557
374 -52.080547   0.627239    5.091249  0.303144  5.910558       9.310381    906.329956  -21.350281   5.122019  1.556255  301.098633
375 -43.332809 -22.832281   11.011249  0.306560  3.140819       9.280354    637.149536 -224.697327   6.448716  1.515024  390.252686
376 -39.613838  18.652611  334.937286  0.317026  4.187975       9.238078    566.281067  -43.269730   6.078008  1.263748  393.694580
377 -42.581917  10.039944  331.920929  0.322023  3.881396       7.317667    603.102844 -108.692131   5.257596  0.484042  289.839630
378 -24.723921  33.716908  312.702271  0.293926  2.684515       8.840921    583.172607  -51.640240   6.310205  0.957461  262.924774
379 -50.843994  24.262335  343.295227  0.331852  4.020580       8.585423    795.745911 -112.598999   7.062566  0.301396  409.751740
380 -37.429245  22.985622  338.518524  0.329333  4.637434       9.364635    642.970337 -247.133911   8.489400  1.955689  383.011810
381 -40.805885  15.179787  328.190887  0.271945  4.068141       9.115872    517.736694 -144.228638   6.508320  1.696177  350.574738
382 -56.066650   8.194050  356.252869  0.310393  5.802327       9.817874    866.893127  -45.226685   6.505120  0.418193  294.824036
383 -53.396454  21.222715  349.212799  0.315249  4.650925       9.799829    971.125305 -170.366272   5.790656  0.587302  343.270233
384 -47.669418   4.681206  359.456085  0.310326  5.372210       7.279999    814.377441  -91.596062   6.293498  1.041001  335.857971
385 -38.519066  23.683857  330.326569  0.339424  4.237309       9.152513    587.989502 -234.553345   6.749043  1.241506  292.929932
386 -51.723583 -16.581215    0.464760  0.325626  4.900747       9.098019    872.777588 -177.691132   6.125340  1.479163  401.186279
387 -52.181400   8.064566  340.919769  0.327829  4.811805       7.067228    933.507385   76.947464   6.639772  1.013029  423.729126
388 -34.868954  27.539434  344.415619  0.343424  5.702932       4.565640    760.295959 -238.475479   8.202684  0.493817  278.205383
389 -28.937874   7.018452  346.255707  0.266668  1.247503       7.923195    416.825500 -221.343552   8.244808  1.226480  403.614563
390 -53.701233  17.846092  344.853485  0.314487  3.594491       9.340127    963.237549 -108.138985   5.623053  0.610656  268.378143
391 -44.273952  10.037230  339.257935  0.338506  1.911342       9.747691    597.273987 -191.978577   7.342467  1.704161  362.627747
392 -46.026978  33.268284  337.482208  0.342891  3.057232       8.629951    988.084473 -113.370346   6.857136  1.169122  444.493469
393 -44.806179  22.181709  345.300110  0.325193  2.618373       7.848497    795.095947 -201.078384   6.615576  1.436058  401.385864
394 -50.619175  10.880201  351.332367  0.287714  1.338360       9.018283    767.276733 -247.602737   5.671914  0.751146  383.422913
395 -53.437214  -0.284818  353.121307  0.328180  3.680377       8.643363    882.559204  -22.083755   6.433434  1.520596  391.409149
396 -36.960621  16.914337  346.536316  0.331258  5.643677       5.876374    680.391907  182.588409   6.241530  1.835100  420.006989
397 -51.195950   9.729065  346.962402  0.330591  4.242516       7.538045    885.231689 -119.736259   6.917457  1.092522  359.004852
398 -53.033337   5.239699  342.399353  0.307583  4.975154       8.739438    907.749695   49.416672   6.623990  0.960660  276.402771
399 -51.856598   1.472393  356.672913  0.294439  2.764331       7.497076    910.139160 -154.659698   6.678239  1.169374  408.797089
400 -44.582851 -10.161800    4.245463  0.297582  1.834807       7.565292    859.063354 -128.872772   8.852793  1.912329  325.342133
401 -50.315147   7.227942  351.450409  0.320799  1.562601       9.419271    919.216187  -99.886169   6.250256  1.957141  412.364441
402 -39.467838   1.756442  356.290009  0.337219  2.847921       4.794733    769.200073 -207.954163   7.913523  0.768076  292.140381
403 -50.654621  10.227718    3.851131  0.323315  4.301507       7.468415    920.903748 -195.318161   6.495574  1.590156  430.632202
404 -52.096004  -1.264630  353.549866  0.338028  4.807922       9.040913    727.301758 -232.223572   5.979402  0.643857  439.425537
405 -40.457840  -1.363472  347.893829  0.330927  2.429395       8.264490    551.865845 -154.854797   6.414318  0.703662  308.103088
406 -48.598652 -11.823823  351.313507  0.327564  4.800506       8.196182    713.899536   54.040237   6.983437  0.715696  272.767883
407 -45.287601  12.836177  356.153229  0.326120  2.255170       9.081669    591.438782  -77.602196   6.678526  0.850107  377.979187
408 -46.960991  12.611173  357.374359  0.310808  4.641271       5.806133    970.697327  -89.252449   5.269072  1.296131  335.281342
409 -32.562263 -11.071953    8.626925  0.330609  2.319317       8.713399    459.138367 -218.021759   8.194747  1.061190  304.217865
410 -47.418987  -1.673690  350.238617  0.328671  3.822817       8.146996    826.450073 -179.509857   5.211596  1.568546  332.951874
411 -44.169262   2.557577  341.895844  0.346281  4.168568       6.018547    847.506958   84.579498   6.161773  1.629502  327.786194
412 -47.889099  22.512686  359.412537  0.324616  5.357673       8.489072    976.114441 -107.476555   5.350136  1.704756  323.954559
413 -44.924473  -3.750901  352.850891  0.308318  3.724528       9.786759    521.911865 -184.999634   6.292591  0.245972  433.818604
414 -48.853577  -8.252529    1.477095  0.304432  2.051747       7.272302    980.481873 -212.024643   6.580065  1.738362  343.688843
415 -47.390728  28.871502  335.341431  0.328937  5.346474       7.747086    900.565002  -47.294571   6.290567  0.635233  390.511383
416 -50.199043   9.162867  359.436066  0.284207  4.495536       9.793083    888.480713   30.551891   5.833593  1.462309  300.511078
417 -41.267609   2.958104  350.304962  0.329691  2.324753       8.711509    597.925598 -139.870880   6.454633  0.918643  328.661804
418 -48.895405  -7.442125  348.770447  0.345771  4.823890       7.256915    924.754822 -137.179199   6.988029  1.963904  399.136200
419 -46.644085  11.244845  334.361084  0.304679  5.710110       7.761725    813.736450   -4.563885   6.217494  1.731122  300.450531
420 -58.369377   5.012206  341.768250  0.338812  4.813542       8.529038    930.518921   -5.534534   5.319994  0.445769  410.331818
421 -48.870995  17.534115  323.836182  0.342803  5.106650       7.252982    817.565002 -100.075806   5.432440  1.109453  361.070343
422 -46.648636  28.356014  334.858582  0.312887  3.694763       9.354753    764.257935 -249.107468   6.190938  0.498149  274.141815
423 -50.105457  15.932057  343.556549  0.334396  3.894096       9.938221    909.763733 -178.127335   6.696609  1.260566  364.622406
424 -43.804676   5.877520  334.855408  0.330367  5.504729       8.318528    644.925537 -124.586342   5.819724  1.478784  310.233521
425 -50.236023  16.737465  342.542419  0.345232  1.604536       7.494831    980.243896  -89.979301   7.926207  1.607869  387.761536
426 -47.983257   4.707225  350.009735  0.323432  4.125564       8.067618    651.191223  -67.990776   5.999692  0.421338  423.882538
427 -42.067947  18.368206  332.235016  0.340346  2.044451       8.646275    593.945862  -88.747215   5.881305  0.322262  401.160675
428 -51.680058  -4.080374   16.142879  0.349608  5.845193       6.025852    906.200623 -108.536255   5.173447  0.676662  301.470367
429 -39.051815  -1.186846    1.754844  0.269606  4.820385       9.271014    463.124451 -239.711517   7.173902  0.999703  289.578033
430 -37.265823  31.579288  331.511200  0.334831  3.707988       9.385060    609.542542 -241.568817   6.359620  0.980827  352.632904
431 -52.591133   8.628268  342.182953  0.341072  5.742701       9.552120    793.085693  -90.525658   5.946512  0.922619  401.827545
432 -45.465290  13.587218  334.563904  0.346715  5.013629       9.896318    610.748047  -94.924271   5.515914  0.347562  394.376709
433 -50.338879  19.830336  336.592194  0.299972  3.227328       9.588664    990.181152 -181.035141   5.781535  1.836454  302.318604
434 -44.452538  20.045633  332.568085  0.308715  3.475659       8.828382    665.167114   -7.244716   6.812587  1.136267  329.295410
435 -53.765705  -7.614245  353.840729  0.349007  3.155122       9.209731    943.391296 -159.928650   6.965329  0.866154  284.143005
436 -41.574604  13.358280  334.976654  0.325897  5.034485       9.798837    659.846558  113.313599   5.853371  1.433617  285.705627
437 -45.911358  36.017353  327.647339  0.326887  1.751775       7.771895    971.234741   17.102715   5.934325  0.938303  427.130951
438 -53.924866   2.660321  345.029022  0.329282  5.174726       7.034927    959.261658   79.674896   6.777069  0.947821  402.087921
439 -49.195053  -0.862178  358.430420  0.333128  4.171515       6.531720    873.100952 -178.110016   6.141296  1.355492  396.340424
440 -47.726460  15.114880  336.849548  0.309317  3.980683       9.738254    695.347534 -239.460754   7.321755  1.995853  341.423828
441 -46.312328   1.167576  345.575317  0.345022  3.095377       5.987134    981.259644 -222.402679   7.353310  1.875539  356.002716
442 -34.099617  30.879841  336.592346  0.343637  4.113995       9.095568    604.671326  -95.991585   6.528059  1.166226  287.066376
443 -49.141041   8.572254  339.581818  0.321224  5.535834       9.126767    670.817322 -144.462082   6.617009  1.242447  380.859619
444 -29.324947  36.160522  315.256195  0.339914  5.289384       9.072976    667.270630 -199.958313   6.499537  1.721526  365.423798
445 -52.277596   7.998970  352.706299  0.344926  2.992190       9.688215    802.950134   33.448132   6.747011  0.800104  257.535858
446 -44.053673  32.424057  325.353821  0.304309  4.138866       8.901179    973.600952  -78.964935   6.582868  1.712995  326.599762
447 -52.419094  13.953332  346.041138  0.318291  1.028602       9.322123    931.851013 -113.284241   5.925207  0.754888  257.063110
448 -46.902225  -2.501776    5.632076  0.347523  5.757738       9.076255    650.665710  -88.065109   8.159453  0.447487  388.006287
449 -48.582172   8.522093  341.868225  0.318610  5.814790       7.474985    951.104431  -67.121422   7.917429  1.653155  305.582672
450 -54.509808   0.852584  349.969299  0.274770  5.197218       8.821592    908.915771    3.565699   5.383419  0.908713  348.797668
451 -45.964832  19.855486  349.505920  0.308760  4.419180       5.590672    934.443726 -163.936172   5.988338  0.672465  298.654785
452 -45.205414  17.593409  356.664368  0.338706  4.840689       8.758593    755.836914  -28.675043   6.376812  0.822447  292.266052
453 -38.736469   0.380103  352.515564  0.344039  4.539153       9.291724    442.846100 -226.394104   7.373266  0.743001  342.038177
454 -44.679443  -3.149771  354.827026  0.340510  4.153766       6.952101    663.639282 -126.156509   5.908312  0.240868  327.452515
455 -53.953228   6.911068  358.174316  0.325150  1.636738       7.112347    899.159729 -240.131577   5.925215  0.247757  362.516632
456 -39.365089   5.631488  341.211456  0.305572  3.972534       7.954705    583.130432  105.894012   5.286313  1.375028  332.649506
457 -51.371853  -8.334488  352.334076  0.334495  4.057985       6.787661    958.777588 -111.212807   6.197686  1.034483  294.445709
458 -31.828695  32.397469  327.776917  0.318481  3.802513       9.350577    586.278564  -94.228279   5.004014  0.907312  290.351868
459 -39.884785  -1.119561  349.663757  0.336432  2.192398       5.209791    861.703247 -247.570282   8.287919  1.783876  299.299255
460 -46.192955 -13.159919   17.366209  0.335781  3.329472       6.859583    922.172668 -136.660126   7.072338  1.823971  332.208069
461 -43.317417  30.132826  330.426300  0.306246  3.098137       9.760508    699.940002 -152.951050   6.127107  0.520717  346.104675
462 -46.631069  16.739738  339.371887  0.330460  2.490179       7.663661    882.328308 -107.766235   5.490707  1.542657  305.252808
463 -46.967056  20.240562  357.834229  0.314574  5.892267       9.139019    952.279785 -218.572998   5.880128  1.830965  294.019745
464 -45.809479  -2.887179  351.438904  0.342787  5.203634       7.526413    817.762329   -3.187633   5.025847  1.901499  299.873962
465 -45.204159  22.345673  334.430389  0.298941  3.783550       8.545227    698.997803 -184.240570   6.709354  1.044448  406.107574
466 -37.259892   9.039571  336.171570  0.309248  5.836509       6.745436    642.097168 -224.283829   6.057943  1.421747  306.637482
467 -36.255230  29.599747  337.829956  0.343989  4.418624       6.682312    977.606812 -189.136841   6.341980  1.931006  251.409515
468 -41.698669  20.916058  359.554626  0.345927  3.941598       9.473249    544.070984 -129.421646   6.551387  0.716432  282.818970
469 -45.442242  14.900527  352.530304  0.310812  5.481065       7.887772    815.351379 -106.997269   6.512019  1.157332  341.214905
470 -23.665430  38.605461  314.214233  0.329706  5.052733       7.907870    741.531067 -248.810089   5.783982  1.279583  335.809937
471 -51.256550  12.506584  348.590881  0.346934  1.025163       9.317688    799.696411 -120.993340   5.802921  0.518939  390.807526
472 -42.620407  33.648384  337.122528  0.349876  5.066763       8.156777    885.226868  -12.204464   5.180259  0.823817  338.043488
473 -45.724197  23.840561  336.902588  0.331789  5.057017       6.524977    906.676697 -136.270889   6.350012  0.907768  327.755524
474 -44.650028   8.643517  335.597809  0.309226  4.844736       8.388968    789.625977 -200.085724   5.402651  1.906354  263.247314
475 -51.825447  12.445252  356.402771  0.330395  4.939170       9.235259    802.558716  -93.784332   5.305289  1.918662  423.621033
476 -35.606361  24.187511  328.634613  0.335137  3.054963       9.304219    590.111938 -187.688095   5.752678  0.774104  254.771225
477 -47.373158  -0.962003  342.159729  0.325934  5.830576       9.562444    676.294373  133.032532   5.254216  1.075432  266.834473
478 -44.342205  17.372204  349.785492  0.349784  3.807242       6.615506    905.874878 -182.622192   9.033807  1.501278  314.394867
479 -43.377769  20.676102  341.122894  0.311550  2.932730       7.781409    808.689209 -233.627594   7.918328  1.574677  385.023071
480 -42.246090  30.539814  332.151337  0.293411  5.559686       9.475581    778.686340  -88.656036   7.018541  1.092595  328.944122
481 -57.173225   1.655442  353.007294  0.333155  5.648298       9.860783    961.936523 -147.756241   6.363594  0.746446  433.336700
482 -45.334969  24.512478  341.910583  0.346616  3.468354       6.812481    916.242249 -209.932007   5.041246  0.562088  334.116516
483 -50.107662 -18.409103    7.270660  0.306169  4.252153       8.544296    881.736389 -211.262634   5.138873  1.398734  448.911713
484 -46.709114  -3.474781    4.544409  0.346006  2.697138       8.794118    874.189209 -226.022873   6.733489  1.560837  310.575745
485 -53.592476  16.495174  351.331848  0.318034  2.755207       8.717892    848.711548 -169.822418   5.910942  0.580401  407.718079
486 -49.208332  -9.321218    0.271876  0.269905  3.366806       9.146337    937.897766 -108.542931   6.271375  1.877061  307.618011
487 -51.986046  11.857246  332.698059  0.330201  5.141788       7.913150    864.462341 -174.073364   6.248062  0.740655  300.649780
488 -43.135380  -3.128889    9.580462  0.299768  3.483432       8.172543    653.697693  -20.655195   6.040845  1.725038  354.550873
489 -46.851196   3.904339  352.802185  0.308903  4.716004       6.639845    834.703125  241.572067   5.548858  1.240446  321.649689
490 -31.029753  42.512123  313.869415  0.288320  2.217245       8.419010    932.314026 -185.830383   8.448321  1.533036  358.772217
491 -42.243134  11.670594    0.313572  0.328921  5.268527       7.204577    776.137634   61.035061   6.846416  1.321428  279.314056
492 -45.875324  36.272614  332.783569  0.298494  2.399163       9.549355    815.813416  245.899963   5.264726  0.209862  318.681854
493 -39.219685  20.360508  344.484802  0.303201  3.163998       8.820170    578.886658 -211.729614   6.298049  1.699064  401.171997
494 -37.477894  20.835001  329.402466  0.329176  3.758847       5.779334    797.936157 -191.241470   5.734811  0.929904  261.539307
495 -49.572964  10.714577  355.331024  0.322027  2.032276       8.116394    912.597351 -178.370377   6.770115  0.886503  277.592682
496 -53.450562  28.358459  329.363434  0.341562  3.485029       9.923248    970.998962 -198.651825   5.727157  0.637921  313.091888
497 -45.987553  -4.415111  342.588989  0.314046  4.598278       8.434961    643.532288   29.262646   5.861796  1.088970  276.299164
498 -55.194439  10.152147  348.832611  0.334479  4.734294       9.615847    938.108643  -74.974731   5.290264  0.405593  325.580048
499 -43.927479  27.652241  340.826385  0.323721  3.192211       8.264400    769.089722  -98.380959   6.412844  0.778847  356.290161
500 -51.423893   8.977033  336.130920  0.342612  5.558834       9.821424    782.781982 -100.495811   5.191301  1.592373  269.700775
501 -45.045437   7.596870  343.891235  0.336146  4.592202       7.428987    839.388611  161.002457   5.436200  1.837657  285.895416
502 -51.909893  11.539934    1.676950  0.328018  3.863123       8.675472    856.140625   62.444382   5.434719  1.453104  408.628265
503 -37.448029  30.559860  325.218048  0.332489  4.504309       8.670897    890.416992 -137.485443   6.426646  1.200667  265.860199
504 -49.476532   1.891779    1.480423  0.338998  3.987520       8.685589    724.143311  -32.456142   8.679497  1.207625  436.639893
505 -46.646912  14.241286  355.276733  0.328590  4.119161       9.127707    788.626770 -231.359634   5.482574  1.455549  334.175171
506 -39.430180  37.383308  332.200836  0.338466  4.254149       7.226519    869.258545  197.042191   6.705778  0.904706  421.559662
507 -48.816669   6.119814  333.237793  0.344501  5.973364       7.296760    845.152100 -126.712723   5.815403  1.291083  339.751434
508 -47.873550 -12.934799    9.549002  0.315183  4.680466       6.332704    799.786499 -182.956085   8.135547  0.610807  405.486267
509 -45.958485  13.282024  343.864899  0.343034  4.928656       8.616521    836.257263 -244.986038   8.259644  1.365013  296.060303
510 -52.430260   7.133504  331.463257  0.311460  5.493343       7.708123    946.994568 -196.087677   6.060176  1.458673  293.569885
511 -52.171223  13.804293  341.186005  0.332963  5.302730       8.038643    871.553345   83.289001   6.263652  0.747779  330.441132