           lon        lat         inc      D1AU     delta  launch radius  launch speed    t factor  expansion rate  B decay rate       B1AU     gamma         vsw
0   -29.805693  15.754004  328.196564  0.340490  1.080295      10.315866    336.955078 -291.605316            1.14          1.64   9.779201  0.204226  662.462769
1   -47.272224  12.087422  343.691772  0.324359  1.551927      11.618491    574.495056 -290.500183            1.14          1.64   7.047778  1.182948  269.917145
2   -36.716648  -0.158474  350.563660  0.319048  1.489430      10.058439    477.489929 -250.345184            1.14          1.64   8.234470  1.063009  150.517105
3   -44.916046  21.246471  336.977875  0.296130  1.266990      12.091090    457.216400 -279.477112            1.14          1.64   6.828127  1.901765  569.886169
4   -24.446110   6.690841  335.339844  0.336341  1.059406       8.165151    434.107208 -244.956345            1.14          1.64  10.758430  1.226964  197.307846
5   -40.747017  11.604650  342.625763  0.301411  1.045505      11.322611    410.918213 -261.832092            1.14          1.64   8.762213  0.427712  421.814026
6   -27.756224   2.241727  344.875153  0.334854  1.238545      11.224164    203.003799 -235.357056            1.14          1.64   9.405929  1.688080  499.413574
7   -25.995808   5.259685  336.451324  0.349105  1.200264       9.209411    354.004547 -242.400391            1.14          1.64  10.381837  1.076194  323.088226
8   -44.287376  12.274394  340.079834  0.325371  1.565368      12.231140    471.872833 -281.173218            1.14          1.64   7.648301  0.350991  112.827034
9   -41.753185   5.932714  346.942932  0.332370  1.241184       8.968336    514.853455 -175.054337            1.14          1.64   7.697214  1.148731  484.092743
10  -37.688263   6.869051  343.021423  0.308587  1.449068      11.808934    318.879578 -244.514908            1.14          1.64   8.375327  1.363955  474.987701
11  -27.420290   5.420063  334.911011  0.285210  1.713014      10.303713    349.077484 -298.331299            1.14          1.64   9.624307  1.305063  145.903641
12  -14.910004  -0.452429  339.708221  0.315985  1.143747      10.665889    211.921051 -289.585480            1.14          1.64  12.182724  1.694396  393.163147
13  -22.393784   5.275063  331.805603  0.313865  1.317947      11.227252    246.384964 -287.386658            1.14          1.64  11.062291  1.890602  325.913452
14  -41.458241  12.643390  341.572205  0.340565  1.422974       9.638933    517.795349 -295.080780            1.14          1.64   7.868377  0.682380  281.576233
15  -24.214539   7.213428  333.756012  0.291434  1.143926      11.063489    278.750793 -283.889374            1.14          1.64  10.446779  1.906815  193.036255
16  -46.879875  15.738273  340.210724  0.320562  1.503611      14.713292    349.245422 -280.047760            1.14          1.64   7.778559  1.020656  553.361206
17  -31.375942  18.691803  325.752686  0.300435  1.243128      10.336978    419.331299 -291.400085            1.14          1.64   9.564453  1.628830  203.987839
18  -32.020084   5.177778  341.465851  0.317988  1.434079      10.441015    366.594452 -296.723602            1.14          1.64  10.102117  0.429737  142.303909
19  -29.280416   6.631262  336.560089  0.345110  1.403648      10.694955    308.314697 -264.086517            1.14          1.64   9.512388  1.556198  411.587280
20  -51.762405  15.099905  345.257660  0.327697  1.593352      11.084296    629.864685 -298.963043            1.14          1.64   6.449694  1.379474  511.475494
21  -49.691746  19.082962  342.173737  0.334322  1.014370      12.025011    569.648071 -264.601990            1.14          1.64   7.134950  1.183006  534.631409
22  -41.583412  18.035679  336.367096  0.315077  1.197971      12.749936    298.732208 -250.483322            1.14          1.64   8.448351  1.706095  597.706970
23  -25.489834   3.374941  342.095886  0.331445  1.014812       9.902674    320.215607 -259.959045            1.14          1.64  11.230039  0.951273  386.676880
24  -34.367584  12.704252  334.650757  0.328513  1.349700       8.583438    616.818115 -292.013245            1.14          1.64   8.663952  1.870244  184.550568
25  -35.054638  15.697714  331.262756  0.340199  1.464709      12.642775    248.364487 -262.126556            1.14          1.64   8.488857  0.936740  550.392334
26  -31.507952   9.300745  337.206787  0.343226  1.230724       7.994644    541.013489 -265.183563            1.14          1.64   9.912319  1.185365  174.326645
27  -33.473324  13.672814  334.604828  0.275855  1.102976      12.052658    311.143707 -278.403503            1.14          1.64   9.145804  0.773025  249.864624
28  -47.645756  11.039229  343.572906  0.346380  1.803980      11.880393    455.181305 -284.034515            1.14          1.64   6.644614  0.956875  683.206970
29  -33.781059  12.518847  336.104919  0.268777  1.107197      12.076559    269.492645 -295.034119            1.14          1.64   9.116294  0.575697  555.402344
30  -26.156128   6.461059  330.814331  0.346836  1.438871      10.822895    299.023376 -267.025330            1.14          1.64  10.301994  1.902324  281.067047
31  -45.444355  21.057547  338.089233  0.322985  1.159239      10.190829    603.141541 -272.122894            1.14          1.64   7.370960  1.406256  385.598816
32  -33.985538   0.314287  350.976196  0.340413  1.009946       9.069479    417.128906 -212.198303            1.14          1.64   9.376719  0.348180  616.251831
33  -30.886089   4.554653  341.420410  0.285814  1.334707      12.312232    228.942902 -218.199890            1.14          1.64   9.495871  0.840681  491.129059
34  -25.914196   3.252019  339.496826  0.331309  1.295478       9.073197    379.617523 -273.961151            1.14          1.64  10.032796  1.343092  238.215927
35  -26.674601   4.513709  339.085999  0.330476  1.180787      10.060991    378.754852 -242.808044            1.14          1.64   9.718591  1.060527  114.193550
36  -37.617268  19.514042  329.321625  0.327402  1.429807      12.587744    298.919739 -277.381805            1.14          1.64   8.085733  0.815008  603.443176
37  -45.746483  11.201126  342.226379  0.334518  1.624321      12.196973    452.746368 -224.859512            1.14          1.64   7.062062  1.199249  356.639954
38  -38.408501  16.952415  333.991638  0.299047  1.207934      11.564461    387.667664 -270.217957            1.14          1.64   8.610890  1.107977  463.082581
39  -27.253782  11.298472  331.332977  0.320311  1.073371       8.369451    533.604858 -297.459686            1.14          1.64   9.645382  1.787246  142.993240
40  -31.251106   9.121346  335.636230  0.349703  1.182528      10.384439    360.211487 -215.533051            1.14          1.64   9.850160  0.520797  279.977631
41  -29.767803   5.991386  337.804199  0.310334  1.481814      11.010168    321.285828 -285.003235            1.14          1.64   9.337584  0.587481  111.824158
42  -18.442558   2.303476  334.198456  0.337430  1.098545       8.188321    387.033203 -231.715027            1.14          1.64  11.786640  1.058684  222.168777
43  -28.453306  -2.031824  349.008759  0.349082  1.242942       9.070029    383.508484 -207.771469            1.14          1.64   9.811417  1.217659  453.953613
44  -31.538492   9.452241  336.351379  0.339494  1.153963      11.068665    283.280182 -252.478043            1.14          1.64  10.084504  0.624026  590.001587
45  -35.624554   5.279993  343.745575  0.301723  1.302641      11.833421    337.475067 -271.680664            1.14          1.64   8.024775  0.769809  237.531876
46  -32.999176   6.894360  343.522339  0.319284  1.034100       8.357755    465.338898 -280.242035            1.14          1.64   9.925219  1.376583  284.899597
47  -45.177452   6.746177  349.257233  0.312567  1.139909      10.792783    536.709473 -263.220062            1.14          1.64   7.985837  0.330192  114.005486
48  -12.814528  -3.196850  338.024780  0.349191  1.181061       9.058607    334.251068 -246.664825            1.14          1.64  12.850999  0.597196  140.667908
49  -25.001141   4.654737  339.518707  0.302099  1.156985      11.492434    222.121689 -264.655701            1.14          1.64   9.670844  0.807034  471.093414
50  -47.693130  20.475494  340.290894  0.328289  1.132120       8.841724    736.281067 -269.558685            1.14          1.64   6.994497  0.444700  235.855530
51  -36.579033  12.022513  334.404877  0.318595  1.533810      13.204552    264.702515 -234.911972            1.14          1.64   8.337670  1.595174  413.132629
52  -45.066338   7.280755  348.563416  0.313566  1.304873       9.440228    545.825989 -240.508286            1.14          1.64   7.154126  1.045818  602.393433
53  -19.952271   7.207680  326.317993  0.318083  1.283540       9.038316    411.142761 -299.262634            1.14          1.64  10.606160  1.412981  101.904976
54  -44.374241   9.596069  344.640106  0.344038  1.370510       8.939620    629.068542 -268.638245            1.14          1.64   8.105762  0.326319  122.753960
55  -26.335720   5.380325  340.302551  0.318945  1.088279       9.136634    398.077454 -229.409546            1.14          1.64   9.787575  1.826998  230.031479
56  -33.318737   7.696552  338.036682  0.338662  1.382549      11.022186    344.400421 -260.511749            1.14          1.64   9.256848  0.970856  324.937347
57  -28.317492   7.697542  337.653351  0.312454  1.022433       9.686761    366.928772 -246.495819            1.14          1.64   9.885192  1.253651  241.799088
58  -39.918663   5.752799  349.047913  0.293436  1.097390      11.360736    332.211792 -223.908157            1.14          1.64   8.043968  1.769405  554.763306
59  -37.416706  17.579603  332.074707  0.325672  1.198911      11.296311    397.483856 -271.983185            1.14          1.64   8.926492  0.774739  369.421417
60  -48.859222  17.379366  343.309326  0.276501  1.166475      13.831644    440.894653 -283.922455            1.14          1.64   6.881904  0.821505  598.628601
61  -37.921906   3.474744  349.049988  0.262479  1.275704      11.933400    322.211182 -261.486725            1.14          1.64   8.590988  0.767895  496.729004
62  -41.195301  11.553315  339.291107  0.336284  1.477358      11.956651    385.313873 -280.697571            1.14          1.64   8.044378  0.741541  516.177002
63  -36.230213   9.140965  339.576813  0.343270  1.304812      10.525388    346.263702 -204.867279            1.14          1.64   8.394616  1.683323  543.513550
64  -26.406067   3.362165  340.354797  0.320790  1.230680       9.066528    490.304443 -237.181686            1.14          1.64   9.811636  1.867396  133.031143
65  -34.976509   8.823716  337.153961  0.324961  1.758344      10.171803    466.929504 -294.218964            1.14          1.64   8.425765  1.878103  189.899292
66  -35.969524  10.579235  335.703979  0.312406  1.455268      12.371339    296.792664 -247.114761            1.14          1.64   8.693911  1.314022  432.632294
67  -42.468506  11.494123  342.911133  0.320252  1.242351      11.845148    395.074310 -256.468353            1.14          1.64   8.137704  1.088044  563.595520
68  -43.232220  15.052184  334.880798  0.322926  1.881464      14.092267    346.199554 -297.249451            1.14          1.64   7.382202  0.387688  471.927032
69  -31.389463   1.708681  343.152344  0.349886  1.408295      11.030878    316.316772 -226.590256            1.14          1.64   9.694473  0.583135  445.391632
70  -30.455675  17.736675  324.382263  0.310283  1.299389      10.855861    361.875031 -250.144318            1.14          1.64   8.488114  1.353191  225.089874
71  -42.792805   6.555084  348.886963  0.333117  1.149313       9.646157    499.250000 -263.628723            1.14          1.64   8.344685  1.976970  582.668518
72  -20.336758   4.478192  332.077026  0.343131  1.087181      10.548038    260.389862 -242.918915            1.14          1.64  11.692581  1.295165  406.825073
73  -44.281799  13.819448  341.413361  0.314254  1.326940      10.615352    541.664062 -262.298401            1.14          1.64   7.677814  0.554777  207.761871
74  -39.773113  16.632963  336.073700  0.314789  1.281087      12.606930    296.447662 -264.903320            1.14          1.64   8.161465  1.175459  590.235657
75  -28.638351   1.532471  346.344666  0.331528  1.228131      10.235826    312.430023 -253.061050            1.14          1.64  10.666726  0.886420  467.248077
76  -39.192646  11.027545  339.900421  0.342297  1.446000      10.771018    413.489594 -283.304352            1.14          1.64   7.669024  1.498152  501.293915
77  -32.544968  11.854926  332.550049  0.318595  1.422458      10.136600    427.253265 -286.460754            1.14          1.64   9.347987  1.637382  198.606766
78  -27.695761   5.166952  338.488983  0.348759  1.248290      10.354644    293.960144 -239.848801            1.14          1.64   9.586889  1.461126  472.118561
79  -30.710545  11.979854  329.836731  0.334555  1.381679      10.778356    349.061279 -284.399475            1.14          1.64  10.013631  0.866676  235.700668
80  -30.285807  11.457158  333.042938  0.302725  1.212942      10.704129    343.315552 -292.769989            1.14          1.64   8.873103  1.787718  233.442917
81  -30.723948   9.819170  332.537415  0.326165  1.467804      11.729599    230.944641 -298.171875            1.14          1.64  10.120802  1.387211  489.165985
82  -35.913639  12.551424  337.617859  0.337585  1.057871       9.539903    487.954010 -238.608627            1.14          1.64   9.410764  0.996922  188.166153
83  -35.169296  12.496487  331.959381  0.326998  1.523006      11.676884    316.451050 -277.669983            1.14          1.64   8.307866  0.367273  599.757507
84  -39.189743   9.570760  341.476532  0.317725  1.276332      12.768134    323.574860 -259.719910            1.14          1.64   8.497750  0.330780  551.105774
85  -34.789169  14.766946  332.613220  0.333146  1.422382      10.381892    389.255371 -290.320862            1.14          1.64   8.970220  1.967810  416.357361
86  -38.593296  13.098107  338.469543  0.310170  1.153206      10.988925    415.831024 -234.475937            1.14          1.64   8.505315  1.376022  309.534515
87  -33.856651   7.056301  342.307312  0.310396  1.130741      10.813728    337.442139 -228.626099            1.14          1.64   8.937473  0.280914  587.167603
88  -36.565151  16.152306  336.077576  0.249712  1.016755      12.865386    298.642731 -299.481445            1.14          1.64   8.138638  0.522070  445.851837
89  -25.199051  12.828611  324.547516  0.327626  1.120602      10.600345    304.081970 -274.919678            1.14          1.64  11.170412  1.955402  313.369171
90  -36.274055  12.130882  338.156708  0.310499  1.068885       7.864685    631.370911 -247.656693            1.14          1.64   8.933916  0.923187  151.613159
91  -43.871410  11.942779  341.065979  0.341192  1.418162      12.527579    319.670044 -248.242065            1.14          1.64   8.028477  1.785259  635.270630
92  -31.712408  17.059786  328.677368  0.329951  1.015378      11.181931    339.985443 -249.133698            1.14          1.64   9.392741  1.239093  382.618408
93  -39.595097  10.037337  342.861023  0.346874  1.110371       9.853547    467.476135 -204.761002            1.14          1.64   8.241207  0.405337  325.496307
94  -25.333765  -0.443634  347.184784  0.344194  1.159324       8.732583    377.615662 -208.829224            1.14          1.64  10.051009  1.660811  402.703522
95  -45.263920   7.330841  346.723480  0.331803  1.190430      11.806830    463.354462 -200.802353            1.14          1.64   7.302488  1.575107  395.913025
96  -30.584127  10.150892  336.764893  0.262537  1.079161      12.298409    266.818878 -256.772095            1.14          1.64   9.234553  0.481548  258.085144
97  -43.455711  20.054068  336.838043  0.319457  1.344316       8.470486    741.020874 -292.625702            1.14          1.64   7.288195  1.210274  266.480591
98  -37.902901  15.964327  331.728058  0.280454  1.741314      12.980394    318.934723 -282.122711            1.14          1.64   7.408181  0.571016  352.714508
99  -35.402206  10.036982  340.432190  0.326727  1.128331       9.470110    429.033142 -241.754425            1.14          1.64   8.770513  0.239889  240.907974
100 -39.799896  11.077353  339.395050  0.321206  1.391882      11.481180    392.514679 -271.837494            1.14          1.64   8.089124  1.822523  352.765930
101 -40.592125  17.655716  336.850372  0.322897  1.095338      11.213324    443.484619 -261.855957            1.14          1.64   7.925948  0.230695  230.527420
102 -46.967266  17.399162  338.829712  0.329623  1.477098      14.812379    261.925842 -235.734863            1.14          1.64   7.016599  1.329650  688.087341
103 -36.010231  11.340240  334.987488  0.323100  1.555156       9.634174    514.653564 -238.589813            1.14          1.64   8.044691  1.315721  172.397156
104 -34.130882   2.373186  343.239258  0.343704  1.583205      11.453575    297.043854 -236.433884            1.14          1.64   8.849217  0.981251  479.605530
105 -47.439953  11.040444  346.627045  0.318133  1.161697      10.097423    590.888245 -258.341919            1.14          1.64   7.363347  1.447606  418.668610
106 -46.104744   6.961950  344.413147  0.339263  1.839053      11.370963    495.363770 -284.966278            1.14          1.64   7.214082  0.326698  249.465591
107 -39.811188  16.709183  336.605377  0.301704  1.112440       9.824451    654.062378 -217.891876            1.14          1.64   7.564412  1.808521  193.877289
108 -35.007557   6.541776  342.128113  0.339786  1.159714      10.575665    366.804810 -175.580429            1.14          1.64   8.499234  0.406657  619.957397
109 -39.297054   4.620485  346.837799  0.262736  1.492398      13.410527    279.319824 -271.386627            1.14          1.64   8.085493  0.298169  544.532043
110 -41.478092  14.060573  335.675201  0.348355  1.502354      11.603330    425.183746 -244.101196            1.14          1.64   7.948034  1.540373  456.620941
111 -46.811905  10.286134  347.154510  0.293362  1.397999      10.848295    540.140869 -296.919281            1.14          1.64   7.606358  1.205497  348.631470
112 -36.557896  11.085365  339.709229  0.340328  1.066796      10.865358    383.257355 -206.783554            1.14          1.64   8.821255  1.911793  426.653107
113 -22.798187   3.444062  337.445648  0.340807  1.069405       9.764863    304.006226 -220.188278            1.14          1.64  11.127271  1.654685  406.770599
114 -40.511528  15.176886  337.416168  0.334643  1.324247       9.379328    605.834961 -267.195618            1.14          1.64   8.493917  1.068195  204.179016
115 -28.959131   8.542958  331.033051  0.322602  1.535514      10.828724    342.305084 -280.883575            1.14          1.64   9.850174  0.820244  114.103134
116 -39.879482  15.237199  337.948700  0.294752  1.162426      12.188611    374.037659 -279.708069            1.14          1.64   8.105195  1.699635  450.026337
117 -40.539101   8.315591  344.057465  0.304629  1.333277       8.653286    673.870178 -242.057678            1.14          1.64   7.926554  1.202888  171.193741
118 -34.380905   6.764216  342.269684  0.305398  1.386902      11.703117    300.583649 -288.922760            1.14          1.64   9.656597  0.952250  416.411713
119 -38.740753  12.811243  341.265808  0.267893  1.047587      11.787223    365.951477 -294.245728            1.14          1.64   8.531834  1.503452  419.208435
120 -41.663330  15.866364  340.023773  0.299173  1.051340      13.612447    246.321259 -287.626343            1.14          1.64   7.631083  1.518402  596.453430
121 -24.563103   3.379984  340.034119  0.343272  1.111528       8.520891    444.645905 -215.653381            1.14          1.64   9.738710  1.350199  175.539841
122 -35.926617  10.250237  336.222931  0.318040  1.475483      10.836874    374.795227 -262.704376            1.14          1.64   8.707802  1.324737  393.555969
123 -40.655849  19.226358  335.268677  0.341423  1.078038      11.357761    387.536621 -279.532471            1.14          1.64   8.434609  1.249527  626.092285
124 -30.966003   0.512340  339.449493  0.347719  1.984422       8.515795    516.597412 -294.559387            1.14          1.64   9.524619  1.641966  156.015060
125 -33.902100  13.729301  334.743561  0.287795  1.116330      12.929194    250.998566 -256.536102            1.14          1.64   8.494259  0.464414  531.045166
126 -41.813202  13.118882  339.101349  0.342253  1.263262      11.011808    446.967590 -232.916534            1.14          1.64   7.602080  0.318949  414.580414
127 -42.038990  20.143135  335.391449  0.323464  1.142910       8.635243    621.998230 -270.309845            1.14          1.64   7.686553  1.106649  346.328156
128 -34.222408   6.919122  339.454865  0.320464  1.425412       9.048771    553.771118 -278.690552            1.14          1.64   8.657952  1.920690  181.850128
129 -34.266323  -0.104545  347.408661  0.336230  1.684832      10.968571    326.332947 -277.350586            1.14          1.64   9.095103  0.971494  457.391113
130 -24.852591   8.357819  332.914124  0.319753  1.074946       6.135501    735.047424 -277.322571            1.14          1.64  11.178674  1.573177  113.153183
131 -54.179661  10.115924  350.978760  0.298597  1.412419      10.586381    687.876709 -297.517303            1.14          1.64   6.609890  1.214547  641.776367
132 -46.172176  17.459095  340.416931  0.288545  1.236587      13.035343    461.779938 -294.568848            1.14          1.64   7.657905  1.012690  347.005310
133 -40.341019  11.210938  338.617676  0.340004  1.778609      10.980829    441.656830 -297.209137            1.14          1.64   8.349446  1.120245  279.834381
134 -48.900055  15.314861  344.665680  0.335766  1.116367       8.698117    657.723511 -265.340912            1.14          1.64   7.497933  0.435157  670.526306
135 -45.532978   5.749651  344.142029  0.329158  2.087920      13.264769    307.224731 -292.808228            1.14          1.64   7.557090  1.786819  590.145691
136 -30.169943  12.253871  333.945679  0.306453  1.016899       7.308279    590.879028 -229.586304            1.14          1.64   9.030934  1.628586  207.855225
137 -21.394846   1.862795  341.172760  0.325670  1.020535      10.508132    277.586548 -207.544922            1.14          1.64   9.456436  0.320775  470.496857
138 -39.040924   8.748010  340.626434  0.325343  1.584630      11.201477    425.359528 -253.505325            1.14          1.64   8.249692  1.118541  226.174026
139 -35.772694  15.311275  333.859833  0.321040  1.278354      11.697742    349.048248 -286.451141            1.14          1.64   8.483105  1.136543  410.738892
140 -44.528011   5.638696  342.220642  0.289693  2.246590      12.220851    477.984192 -287.245148            1.14          1.64   7.497154  1.221252  178.305923
141 -28.134459   4.593802  342.401093  0.314562  1.000650       8.738512    474.104858 -204.186279            1.14          1.64   9.975457  1.933520  202.562912
142 -33.271233   9.551273  334.304596  0.331290  1.476817      11.479414    303.374847 -252.898361            1.14          1.64   8.876690  1.068779  440.663361
143 -44.518826   7.428339  338.379822  0.335671  2.567653      14.155470    283.669769 -276.554108            1.14          1.64   6.669765  1.374266  508.348663
144 -50.130795  20.723234  342.101044  0.323952  1.033660      10.542936    723.928650 -279.751892            1.14          1.64   6.848002  0.593433  283.145813
145 -36.368408  11.601729  337.305847  0.333520  1.306778      11.923881    333.171692 -247.640808            1.14          1.64   8.474477  0.319320  526.299622
146 -29.792315  19.300606  321.772858  0.336706  1.270197      11.997344    213.012589 -279.495026            1.14          1.64   9.716295  0.777726  633.273315
147 -52.452518  20.016117  342.764526  0.311613  1.144232      12.234326    624.911621 -263.811371            1.14          1.64   6.810744  1.801782  597.172913
148 -37.169426  10.955192  340.066650  0.305826  1.285550      13.061287    249.740875 -287.516815            1.14          1.64   8.300098  0.615225  588.958923
149 -45.481094  14.443328  341.939758  0.240550  1.577422      13.453525    430.095490 -280.832306            1.14          1.64   6.545422  1.677738  239.074631
150 -49.759602   8.784057  347.815796  0.333362  1.526603       9.792775    646.571716 -227.548050            1.14          1.64   7.503742  1.603027  486.054504
151 -21.019121  -0.887055  344.201111  0.322937  1.196637      10.841847    212.923859 -243.054688            1.14          1.64  10.955460  0.773267  531.786926
152 -39.192146  12.841872  337.027771  0.285172  1.476578      13.046673    325.038818 -236.530777            1.14          1.64   8.190374  1.654670  316.522980
153 -43.668304  17.903160  335.390503  0.328540  1.635502      12.819561    413.777557 -293.206116            1.14          1.64   7.830842  1.920308  433.949402
154 -40.184753  15.343545  338.960907  0.327885  1.092819      11.410048    414.708954 -247.976822            1.14          1.64   7.933686  0.584062  508.087433
155 -31.471457  -1.162828  349.142059  0.322646  1.514140      10.264158    337.744141 -238.814545            1.14          1.64   8.745779  1.746668  400.484497
156 -32.254108  13.096395  330.425781  0.323882  1.524226      11.269173    333.105164 -299.758331            1.14          1.64   9.035605  0.858093  350.658905
157 -50.411350  19.740568  342.928772  0.343552  1.028329      10.176361    722.730347 -295.861176            1.14          1.64   7.304275  0.681689  381.400116
158 -23.764444   1.607541  339.853149  0.318504  1.320275      10.315075    299.256348 -239.199600            1.14          1.64  10.495336  0.947609  323.917328
159 -39.560547  17.918516  335.685608  0.329557  1.131389       9.705275    528.669312 -266.090790            1.14          1.64   7.395335  1.630028  336.457733
160 -42.587498   3.582044  347.785950  0.339615  1.529832       9.819627    526.182556 -230.250641            1.14          1.64   7.870174  0.588596  280.185242
161 -42.098549  20.081512  336.126801  0.311525  1.067047      10.030101    598.942383 -259.475281            1.14          1.64   7.886727  0.577593  136.533752
162 -51.318573  16.048769  342.436920  0.342283  1.672174       8.944344    777.878174 -263.335754            1.14          1.64   6.940678  1.245979  491.534302
163 -40.176884  16.412767  336.895477  0.305354  1.125490      11.595847    387.359955 -283.141571            1.14          1.64   8.288383  0.467402  608.540649
164 -34.307655   7.564302  342.352081  0.273798  1.252641      12.009934    330.650177 -270.492401            1.14          1.64   8.100109  1.603340  172.642075
165 -27.572905  10.947384  325.976379  0.343135  1.466041      11.287003    258.740295 -295.456940            1.14          1.64   9.827741  0.577922  508.247894
166 -46.017464  15.445268  340.192017  0.346222  1.443999       8.870241    676.831909 -271.314545            1.14          1.64   8.086695  1.586679  380.511108
167 -43.683025  14.985407  339.675659  0.289910  1.406980      11.161185    490.536682 -281.985596            1.14          1.64   8.404101  0.361113  184.906174
168 -33.866371  15.636166  328.660919  0.328671  1.431323       8.714591    668.002502 -247.536911            1.14          1.64   8.709888  1.507816  115.500320
169 -44.630585   8.734151  346.523712  0.272051  1.426426      10.947694    554.267273 -267.185791            1.14          1.64   7.629498  1.268886  228.227844
170 -36.402485  14.270319  336.777740  0.329748  1.043790      10.888638    386.248596 -274.073608            1.14          1.64   9.376867  1.383316  424.936646
171 -39.280849  13.240627  340.012939  0.326232  1.078380       8.985332    494.016693 -285.353943            1.14          1.64   8.802286  0.872854  438.194611
172 -47.189934  12.423169  342.685913  0.327854  1.649940      10.521636    580.587524 -295.754883            1.14          1.64   7.117973  0.732637  313.525879
173 -46.422935  13.972052  343.743347  0.321435  1.287018      10.490510    567.755737 -243.618500            1.14          1.64   7.027308  0.265700  219.181686
174 -43.482204  11.432901  344.075195  0.314412  1.343017       7.833392    730.570923 -244.772446            1.14          1.64   7.882051  0.879596  179.746399
175 -34.946697   3.923424  341.346313  0.312876  1.689041      11.773299    288.404572 -264.649872            1.14          1.64   8.964943  0.362316  594.454529
176 -33.145950   5.803269  340.441956  0.341248  1.344119      11.218098    299.538940 -238.841125            1.14          1.64   9.206123  1.951409  442.693512
177 -38.920242  16.430769  334.484863  0.345754  1.473032       9.974970    464.821106 -272.672974            1.14          1.64   8.563287  0.863627  424.458923
178 -31.611956   7.964443  338.020508  0.304484  1.220742      11.767205    297.159332 -290.409424            1.14          1.64   8.940588  0.246973  242.262802
179 -40.963428  17.077631  334.199768  0.316754  1.497971      11.460153    421.600983 -274.209259            1.14          1.64   8.550026  1.128358  501.041626
180 -49.564339   9.087932  348.152374  0.297533  1.413455      12.585596    498.079041 -273.259155            1.14          1.64   6.870303  0.856365  455.101044
181 -31.350565  22.536394  322.966736  0.336394  1.034514      12.176991    277.145599 -292.490448            1.14          1.64   8.845508  1.129749  530.649841
182 -48.107250   6.878744  347.196503  0.324562  1.706861       9.928968    572.621094 -281.197144            1.14          1.64   7.857465  1.413612  594.009033
183 -41.034672   6.978873  339.202881  0.340922  1.876003      11.786850    378.658813 -269.396210            1.14          1.64   8.253798  1.503868  449.091736
184 -19.495840  -0.910601  332.993561  0.349219  1.640267      10.232696    238.561432 -261.734589            1.14          1.64  11.591921  1.111391  453.452332
185 -15.912910   3.131752  327.603577  0.346218  1.007771       9.144902    357.003540 -228.974319            1.14          1.64  12.232450  0.750728  101.127396
186 -36.732132   9.872766  333.846100  0.347940  1.778609      11.609134    348.260925 -261.546173            1.14          1.64   8.531468  0.226868  293.305725
187 -18.699993  -0.243858  337.034454  0.316817  1.344024      10.973440    255.222488 -280.623657            1.14          1.64  12.256255  0.313156  223.797089
188 -46.573257   5.346538  351.117004  0.311452  1.174838       9.902042    544.243042 -280.855652            1.14          1.64   7.992894  0.304608  563.260315
189 -34.710728  14.223813  330.551849  0.331440  1.500550      11.500120    338.794098 -283.495789            1.14          1.64   8.673141  1.454365  422.213226
190 -28.811583   4.808321  339.856537  0.345628  1.147953      10.845757    255.325851 -192.967880            1.14          1.64   9.571652  1.442171  504.614410
191 -44.154675   7.914207  346.999817  0.294291  1.273959      12.978107    388.858154 -236.505005            1.14          1.64   6.972121  1.278195  362.432556
192 -37.262932   3.785765  343.425751  0.294518  1.622045      12.428928    320.873718 -223.802139            1.14          1.64   8.077483  0.294109  375.970337
193 -35.669243  14.822581  335.806488  0.319402  1.036450      12.156824    214.563522 -242.320602            1.14          1.64   8.103138  1.950659  549.473572
194 -41.457413  13.266560  336.860260  0.325442  1.510741      11.448172    454.312073 -258.291351            1.14          1.64   7.884131  1.228231  258.900055
195 -39.947906  15.357948  336.872925  0.345498  1.334680      11.382881    410.794617 -246.866318            1.14          1.64   7.193229  1.226884  494.886841
196 -26.178244   7.992830  336.845215  0.309403  1.007546      10.011395    341.521912 -274.180481            1.14          1.64  10.410478  1.738119  223.806519
197 -21.029648   4.396201  331.483521  0.326322  1.250500      10.111009    280.679504 -264.515320            1.14          1.64  10.778020  0.999747  393.447968
198 -21.189528   5.629980  330.360077  0.331114  1.167695       9.935559    299.491760 -213.344666            1.14          1.64  10.346565  0.820238  306.632080
199 -33.678131   4.448181  344.824890  0.321870  1.221204      11.059976    324.548157 -235.263901            1.14          1.64   8.553428  1.792828  402.391968
200 -42.685314   2.449361  346.550537  0.315874  1.880601      11.721176    421.293518 -230.597046            1.14          1.64   7.664020  0.802779  250.415268
201 -29.791685  11.213411  327.525208  0.331688  1.505710      11.499222    290.071381 -284.908630            1.14          1.64  10.574865  0.621782  399.689941
202 -41.910328  13.732540  338.954559  0.336774  1.393954      10.744207    429.967163 -284.634827            1.14          1.64   7.649140  0.500351  692.134644
203 -26.109438  -0.152056  346.479828  0.324927  1.250892       9.169490    435.490265 -260.475037            1.14          1.64  10.652542  1.254001  114.303940
204 -50.974823  14.691288  345.824158  0.317661  1.019890      13.567855    480.475525 -216.859436            1.14          1.64   6.855455  0.892044  689.595337
205 -19.851231   2.521222  333.154572  0.347901  1.194031      10.067859    272.819458 -261.784851            1.14          1.64  12.506383  1.031965  437.679474
206 -48.586899  17.507521  343.509583  0.307036  1.025783      10.993009    559.356628 -278.806946            1.14          1.64   6.901630  1.616699  667.994629
207 -34.399136   7.229490  334.107025  0.346628  1.797543       9.424247    529.391541 -265.149231            1.14          1.64   8.886259  1.982472  177.162186
208 -43.100353  15.318664  339.899933  0.331920  1.201785      11.109194    460.880951 -235.163605            1.14          1.64   7.297035  1.455937  553.418030
209 -42.894176  19.487968  336.398163  0.314527  1.251398      13.631152    245.475616 -286.038757            1.14          1.64   7.399214  1.520010  663.301392
210 -31.545521  14.696846  329.738800  0.280866  1.209529      12.345355    286.786133 -277.236633            1.14          1.64   9.393517  1.149627  209.760025
211 -30.529299  14.929082  329.860809  0.298975  1.079521      10.887610    354.310333 -258.534027            1.14          1.64   9.053884  1.812695  212.695145
212 -27.126238   9.048604  329.507568  0.308056  1.304770      12.876501    225.132401 -263.744385            1.14          1.64  10.093482  0.840664  224.081558
213 -25.743382  13.932217  324.399994  0.303744  1.238391      10.831377    275.005402 -297.580170            1.14          1.64  10.831201  1.150341  441.274200
214 -42.406471  11.891768  342.998047  0.320303  1.115212       9.763331    500.003784 -248.829956            1.14          1.64   7.824868  1.240182  416.592590
215 -44.110462  15.836589  340.477692  0.279788  1.231405      11.298968    497.433899 -281.188354            1.14          1.64   7.248300  1.276778  317.693420
216 -35.008492  12.454060  337.380676  0.287153  1.030325      11.169637    376.389099 -242.511368            1.14          1.64   8.605322  0.690794  209.019699
217 -39.147034   8.225451  340.574036  0.330848  1.910490       9.737100    465.334198 -297.017792            1.14          1.64   8.356023  0.750982  245.502853
218 -32.289894  -0.448207  342.657593  0.288429  1.901433      12.667477    258.289703 -259.134308            1.14          1.64   8.332055  0.838424  250.067490
219 -45.626579  12.733003  342.351257  0.337477  1.578929      13.108628    355.910614 -265.513977            1.14          1.64   7.181462  1.255090  625.576416
220 -37.419426  13.742652  338.301392  0.315848  1.174981      10.529407    404.730286 -267.075256            1.14          1.64   7.873786  1.195135  390.420715
221 -31.082447  11.859383  331.667511  0.306125  1.356213      10.633229    392.245544 -234.417587            1.14          1.64   8.641538  1.633543  176.681473
222 -25.110249   6.272931  332.557800  0.339871  1.339222      11.035728    263.072693 -269.611084            1.14          1.64  10.008344  0.961213  375.096100
223 -45.447502  15.121685  336.638428  0.322295  1.926914      13.782620    384.967072 -298.912781            1.14          1.64   7.874779  1.933986  482.094604
224 -27.102648   9.265483  330.209045  0.313275  1.305158      11.558659    258.933868 -255.931259            1.14          1.64  10.280866  1.093472  379.407776
225 -30.397551   6.122874  337.754761  0.309991  1.515015      10.603366    326.328888 -232.139313            1.14          1.64   8.376104  0.939724  326.281921
226 -30.452318   3.061166  333.396210  0.331915  2.075179      11.978423    266.226288 -290.819214            1.14          1.64   9.713494  0.575715  217.939697
227 -41.563290  17.411356  336.236115  0.326848  1.189454      12.504528    343.727783 -274.616089            1.14          1.64   7.705406  1.221881  619.285522
228 -40.669872  19.945297  333.657623  0.339830  1.182235      11.418243    422.489349 -244.341156            1.14          1.64   7.558331  0.610476  627.773438
229 -32.007462   5.897640  338.268463  0.336177  1.300303      10.161524    471.328827 -204.294556            1.14          1.64   9.255415  1.786715  156.036423
230 -28.729639   7.336147  333.039886  0.326671  1.351439      11.639930    300.019501 -218.993149            1.14          1.64  10.076958  0.841207  145.867172
231 -24.287918   3.782997  340.365845  0.316584  1.068775      10.340846    246.563324 -235.767944            1.14          1.64  10.901808  0.441601  643.929016
232 -46.132000  18.289469  337.888489  0.333427  1.589877      11.912079    493.312988 -220.053024            1.14          1.64   6.581280  0.459447  601.889221
233 -29.982672   6.864983  333.875793  0.333891  1.507491      11.555888    298.173767 -244.856628            1.14          1.64   8.704766  0.744936  204.095642
234 -38.072208  11.348314  340.995605  0.335512  1.201993       7.649713    635.206116 -279.941803            1.14          1.64   8.548869  1.072847  207.382553
235 -40.405277  15.202852  336.505920  0.338733  1.491145      10.637973    460.286133 -293.778809            1.14          1.64   8.524153  1.386442  357.677155
236 -42.728123   3.032911  346.769440  0.320493  1.781310      12.276252    372.467041 -291.498779            1.14          1.64   7.848505  0.277117  648.100891
237 -39.991409   4.625163  346.019958  0.334122  1.312854      11.474685    396.480927 -213.127289            1.14          1.64   8.085394  1.172226  393.238098
238 -30.905497   7.179629  338.945496  0.348478  1.119832       8.356870    426.303650 -217.489212            1.14          1.64   9.059330  0.704198  407.935516
239 -20.881195  -0.601723  346.434937  0.308658  1.050060      10.776291    280.539642 -247.681870            1.14          1.64  10.317727  1.131439  191.898743
240 -48.746700  16.492451  340.004456  0.339251  1.466780      13.434755    470.554657 -262.558014            1.14          1.64   6.902068  0.564606  510.120850
241 -31.074976  16.834351  327.041840  0.328354  1.325342      10.284401    374.439331 -299.082214            1.14          1.64   9.469056  0.274669  273.921631
242 -20.031292   2.606812  334.155823  0.349729  1.208610       9.928258    288.975128 -260.814850            1.14          1.64  11.426785  0.726694  387.853821
243 -33.831558   6.027010  339.741547  0.341744  1.426043      11.262693    331.366241 -228.577042            1.14          1.64   8.356786  0.340078  486.478180
244 -41.615887  12.215821  339.609222  0.347676  1.368334      11.733070    368.771606 -244.990982            1.14          1.64   8.312078  1.881455  562.178467
245 -43.830387  12.107719  340.057343  0.349862  1.606996      11.249510    455.931152 -291.471191            1.14          1.64   8.226398  1.173839  564.546326
246 -26.911112   0.451121  339.767670  0.342886  1.643813      10.757260    297.593445 -248.877228            1.14          1.64   9.355100  1.551179  350.843201
247 -27.536932   6.638927  337.426086  0.302318  1.240450      11.049538    263.019196 -277.526398            1.14          1.64   9.786541  0.938356  438.591858
248 -45.103630  17.735867  338.353790  0.319567  1.369386      12.668246    448.236694 -249.859665            1.14          1.64   7.356492  0.220346  523.494019
249 -28.025713  13.474265  327.220886  0.315425  1.228559      10.735084    323.989258 -265.306946            1.14          1.64   9.924486  0.352934  196.775726
250 -39.303703   6.730612  342.816895  0.307002  1.728586      10.774076    399.972137 -292.571991            1.14          1.64   8.851236  0.645755  360.885864
251 -30.954906   7.567608  338.273285  0.341866  1.212242      10.207659    346.761047 -240.895966            1.14          1.64   9.610413  0.715220  288.348022
252 -42.123489   1.443709  347.727356  0.321121  1.965430      11.931919    385.403748 -232.196487            1.14          1.64   7.689109  0.421644  512.957642
253 -39.807011   8.833916  338.547333  0.323503  1.850918      10.519556    490.941925 -289.349152            1.14          1.64   8.188343  1.548268  235.133774
254 -43.864929  16.040379  339.540771  0.337301  1.244789      10.904441    534.072327 -253.144211            1.14          1.64   7.911216  1.465788  338.471008
255 -42.274578  16.116825  336.639771  0.346990  1.561624       9.951603    500.492615 -296.034271            1.14          1.64   7.704550  0.457064  547.840515
256 -44.512611  11.068979  345.088348  0.314436  1.136976      11.324698    441.315765 -230.513107            1.14          1.64   7.412682  1.905796  544.780273
257 -45.186424   6.881353  342.812836  0.327950  2.082606      11.654349    422.938171 -280.390747            1.14          1.64   7.878744  1.853316  551.181641
258 -46.877518  10.725801  346.137848  0.338754  1.223689      10.692221    529.950195 -254.386963            1.14          1.64   8.037908  1.154595  630.904480
259 -37.998440  11.422314  333.486542  0.320962  2.013385      12.507552    303.617676 -292.618958            1.14          1.64   8.522918  0.221389  626.163147
260 -39.096378   8.598259  339.489471  0.325360  1.657470      11.547162    343.668243 -296.727112            1.14          1.64   8.567410  1.693591  510.770325
261 -47.445591  19.792789  339.843628  0.296565  1.103229      11.562428    555.789795 -283.731445            1.14          1.64   7.149275  1.183144  392.074921
262 -37.614902  22.042915  328.637451  0.329346  1.311085      13.663119    263.395203 -297.480103            1.14          1.64   7.602832  1.979107  499.793457
263 -34.330196  13.837671  332.496582  0.299352  1.342518      12.865292    266.368866 -282.514587            1.14          1.64   9.193586  0.973217  427.160797
264 -41.726543  20.058538  334.493011  0.315909  1.188924      10.201874    500.239136 -278.763184            1.14          1.64   7.894745  1.527730  535.934509
265 -30.481667   5.902471  340.456970  0.337595  1.036036       8.682331    557.883667 -207.272797            1.14          1.64   9.855103  1.935470  179.629517
266 -38.185555  14.517112  335.696167  0.330542  1.348554      12.716503    320.780273 -240.031479            1.14          1.64   8.744870  1.947138  413.663300
267 -33.633099  12.071334  328.556915  0.326557  1.698853      13.608260    228.967911 -253.978271            1.14          1.64   8.413002  1.100200  390.470917
268 -24.217503   5.945026  328.692108  0.324449  1.529129      11.403454    261.570709 -278.827972            1.14          1.64  10.672339  0.736272  151.865311
269 -31.099806  14.468779  327.966187  0.342053  1.250550      12.154405    282.770050 -256.425903            1.14          1.64   8.902198  1.829232  381.858215
270 -20.197275   1.253983  342.267731  0.345003  1.073804       9.001483    304.505310 -226.447113            1.14          1.64  10.751276  1.906724  464.906158
271 -24.226179   0.559434  340.104126  0.342794  1.333631      10.127616    317.534241 -270.338684            1.14          1.64  10.519094  0.784786  210.225388
272 -39.886250   8.178026  339.732178  0.324990  1.516479      12.299510    332.976898 -232.336365            1.14          1.64   8.551154  1.618330  510.954620
273 -44.901821  13.575624  341.915558  0.311757  1.533155      12.362930    452.808746 -250.641006            1.14          1.64   7.460644  0.623966  276.453918
274 -49.972881  19.466793  341.241058  0.313107  1.540215      11.954700    644.411865 -241.784103            1.14          1.64   6.837015  0.999611  311.601410
275 -32.549114   0.758443  350.351410  0.303852  1.183086       8.922791    453.573730 -253.658920            1.14          1.64   8.860700  0.689355  166.057510
276 -49.029228  13.706223  340.947754  0.337034  2.007272      11.046016    616.547119 -287.753479            1.14          1.64   6.783925  0.774847  292.085571
277 -43.962097  12.863467  340.525909  0.329584  1.395716      11.986934    416.121033 -260.817261            1.14          1.64   8.245870  1.208125  597.772766
278 -47.808319  20.677883  337.948212  0.317364  1.314849      10.906225    705.321167 -249.744583            1.14          1.64   7.024071  0.912140  245.948029
279 -28.522709   4.149329  335.329224  0.346756  1.606262       9.679319    385.351868 -256.648468            1.14          1.64   9.934793  1.318292  169.982376
280 -36.446671   6.728567  345.171875  0.279812  1.129380       8.593941    630.797424 -242.979538            1.14          1.64   9.231040  1.286822  117.513084
281 -42.280266   7.352944  343.160858  0.318478  1.497852      10.922699    454.731659 -215.497284            1.14          1.64   7.544876  1.445360  353.866455
282 -26.374929   7.132343  332.965515  0.281951  1.396044      11.521786    270.229767 -290.307953            1.14          1.64   9.703451  0.697592  183.790146
283 -47.548946  11.851501  345.894836  0.320295  1.194564      11.874706    537.313538 -277.259949            1.14          1.64   7.266459  1.824867  333.086884
284 -30.626680  12.406949  333.854034  0.326873  1.046082       8.757702    519.173035 -269.530334            1.14          1.64   9.113341  1.624283  189.482269
285 -50.201557  14.843224  345.941650  0.315980  1.054638      12.606374    527.877808 -282.967407            1.14          1.64   6.580795  0.986798  596.224182
286 -44.081360  17.761431  339.212311  0.343961  1.068798       9.214311    567.116150 -224.153046            1.14          1.64   7.252999  1.900108  592.495178
287 -46.393055  19.459629  339.327881  0.298698  1.082530      12.242419    504.968536 -260.702850            1.14          1.64   7.093641  0.355525  358.183044
288 -38.245121  16.983013  336.309692  0.288141  1.039483      11.857115    374.989044 -284.178406            1.14          1.64   7.461109  1.363616  313.934143
289 -37.153587  17.766497  333.838776  0.322467  1.082655       8.793550    577.608643 -280.442688            1.14          1.64   8.494029  1.813870  282.991302
290 -28.698919   5.311765  342.923309  0.344605  1.041931       7.099641    534.194763 -234.692688            1.14          1.64   9.751545  0.942533  183.565109
291 -38.083450   1.622242  349.857819  0.327934  1.158386      10.286466    480.068756 -210.848114            1.14          1.64   8.669312  1.367474  200.758942
292 -31.796846  11.720468  336.243713  0.334504  1.139680       8.053682    523.695312 -270.117035            1.14          1.64   9.689170  0.975144  194.312500
293 -24.496433  10.467692  331.273346  0.314967  1.004936      10.526095    310.007904 -296.033997            1.14          1.64   9.673063  1.270834  195.710495
294 -20.571342   1.247246  330.849823  0.346935  1.427433       9.345873    397.145111 -257.842133            1.14          1.64  12.593976  1.918965  137.040436
295 -42.116718  17.468567  336.465637  0.341325  1.273558       9.504653    570.925659 -196.453552            1.14          1.64   7.276308  1.210537  315.492676
296 -41.818039   4.669258  349.395691  0.281319  1.364388      11.896157    336.321289 -275.974945            1.14          1.64   8.566744  1.241639  570.606812
297 -30.400249  11.481935  330.174591  0.332161  1.448087       9.224534    455.212097 -248.187988            1.14          1.64   8.630570  1.396225  178.089081
298 -34.812511   2.762660  348.705475  0.294845  1.084155      11.506763    306.639221 -194.138092            1.14          1.64   8.563390  0.297537  631.229431
299 -38.877953   7.257583  341.935303  0.308759  1.496346      11.289310    383.308929 -270.068359            1.14          1.64   8.220402  1.183543  363.243286
300 -28.219246   6.644407  335.095612  0.343654  1.311085      10.574896    259.182800 -271.412537            1.14          1.64  10.065527  1.411529  517.129944
301 -28.747490   3.548362  343.096771  0.340081  1.160881       7.418260    535.509277 -228.322556            1.14          1.64  10.033927  0.767028  105.674698
302 -33.323032   9.278055  337.719238  0.319615  1.384358       9.457958    458.266602 -263.745636            1.14          1.64   9.058138  0.775490  137.757690
303 -46.514126  -3.182956  352.488159  0.318517  1.997806      11.264900    565.624207 -224.473251            1.14          1.64   7.402129  1.816732  297.795685
304 -19.091015  -0.496036  341.154694  0.343337  1.078233      10.321708    251.431030 -222.494751            1.14          1.64  11.258329  0.752170  506.048615
305 -41.125809   1.205397  344.248047  0.341230  2.203570      10.427531    437.568787 -272.791138            1.14          1.64   7.644564  1.939080  352.780121
306 -45.621529  14.989468  336.269379  0.325892  1.872029      12.759311    442.617432 -267.395569            1.14          1.64   7.233801  0.442885  305.305939
307 -45.134193  12.336411  341.063049  0.346201  1.482503      10.698445    499.655273 -239.215057            1.14          1.64   7.579496  0.972098  530.756409
308 -31.337402   7.747806  337.225555  0.309062  1.381895      10.206833    355.958008 -265.864319            1.14          1.64   9.266126  0.338626  257.369629
309 -33.478725   4.218793  341.312958  0.335934  1.474641       9.260696    494.977692 -259.627228            1.14          1.64   8.806911  0.926007  127.540909
310 -17.688807  -0.067380  337.325836  0.346491  1.230702      10.073250    238.006622 -243.648651            1.14          1.64  12.301057  1.087425  478.554840
311 -47.993080  17.472765  341.758881  0.322567  1.177186      11.604066    538.892395 -269.322968            1.14          1.64   7.320650  1.174795  457.983887
312 -27.974230   8.220947  334.230835  0.321741  1.290135      10.158031    324.716705 -288.386322            1.14          1.64  10.422048  0.260689  467.890747
313 -43.399040  20.630953  336.061584  0.323100  1.039369      10.265059    584.759094 -255.885178            1.14          1.64   7.897972  1.585503  337.310150
314 -31.862541   4.613381  340.885010  0.345996  1.216535      10.760096    373.502106 -186.976486            1.14          1.64   8.823874  0.819470  141.261795
315 -34.042999   7.773989  342.249298  0.325771  1.323057      10.429332    356.395630 -279.971863            1.14          1.64   9.112835  0.270408  567.944031
316 -36.963768  13.382271  335.378021  0.342721  1.370679       9.615910    437.872681 -293.344269            1.14          1.64   8.452196  0.585480  547.475342
317 -44.554493  17.877361  338.127533  0.341941  1.192971      13.446376    379.342804 -271.098236            1.14          1.64   7.622505  1.237940  563.172852
318 -38.337757  15.229724  331.247314  0.335899  1.694067      13.772653    237.624359 -272.325348            1.14          1.64   8.380864  1.139381  527.281921
319 -41.675255  12.908380  339.582947  0.312436  1.522343       8.026031    783.157593 -299.976807            1.14          1.64   7.628924  1.159372  149.466339
320 -21.839638   6.184897  332.371399  0.329309  1.169976      10.135343    284.552704 -289.747528            1.14          1.64  11.335179  0.342954  429.470612
321 -20.643267  -2.064908  346.914215  0.314331  1.208652       9.614882    356.693665 -247.338562            1.14          1.64  11.125288  1.088972  114.496590
322 -41.332153  16.518085  337.394806  0.320608  1.271913       9.853955    489.754364 -264.521088            1.14          1.64   8.324358  0.469776  523.574524
323 -23.834951   2.069585  338.046082  0.346996  1.284736      10.353112    301.464966 -220.747467            1.14          1.64  10.132051  1.029791  364.235443
324 -26.744413  10.092875  331.347260  0.333957  1.096439      10.173557    334.107483 -230.796661            1.14          1.64  10.031079  1.303812  282.199127
325 -45.517235  10.582213  345.469757  0.345964  1.157728       8.565942    696.833984 -236.224319            1.14          1.64   7.444830  0.991258  304.442810
326 -32.475483  -0.484816  347.922180  0.331369  1.367070      11.979318    290.175720 -235.275208            1.14          1.64   9.578614  0.412184  455.413452
327 -35.486485  10.395041  338.126312  0.344212  1.240323      10.104836    405.954102 -222.034042            1.14          1.64   9.162566  0.540052  432.682800
328 -46.599915  15.083598  343.070526  0.342355  1.173104       8.936528    655.746216 -280.506683            1.14          1.64   7.353587  1.519787  422.463898
329 -40.444885   6.379122  346.888489  0.324088  1.124657      10.318860    448.122437 -193.202576            1.14          1.64   7.642045  1.264117  382.875885
330 -28.376202   9.821563  333.872894  0.300602  1.164359      10.792517    314.578735 -256.355743            1.14          1.64   9.543915  0.282161  152.134384
331 -36.365196   4.949566  344.980560  0.270861  1.430678      10.957042    375.279785 -246.310013            1.14          1.64   8.444832  0.288135  127.159142
332 -31.127380   6.136704  341.114624  0.325933  1.100726      12.040275    223.297470 -253.947540            1.14          1.64   9.955955  1.948702  445.881622
333 -41.221474  16.432861  339.184509  0.290189  1.112820      11.250884    435.474731 -298.250549            1.14          1.64   7.490791  0.546289  326.295044
334 -35.021660  11.119685  334.240662  0.344744  1.664454       9.772561    423.372162 -283.434021            1.14          1.64   8.752445  1.492912  294.949982
335 -43.070030   7.586248  346.626984  0.330447  1.367725       9.782792    559.607239 -276.390076            1.14          1.64   8.402870  1.123693  278.742340
336 -32.444023  12.107977  331.924896  0.313022  1.422417      12.444533    260.393616 -277.737915            1.14          1.64   8.660589  1.191537  379.297119
337 -40.121094  10.744610  343.515991  0.327423  1.059969      10.036358    476.241455 -247.209351            1.14          1.64   7.715616  1.380384  355.898376
338 -29.089161   7.405010  329.716949  0.329367  1.649056      11.646727    281.155304 -262.129486            1.14          1.64   9.381252  1.596726  298.880554
339 -31.880707  -0.017762  348.560516  0.326884  1.375634       9.654078    371.351746 -216.903595            1.14          1.64   9.147205  1.088033  434.862488
340 -44.829754  10.111930  345.009216  0.288601  1.527710      13.591425    349.460968 -277.543793            1.14          1.64   7.832677  0.869150  556.390564
341 -23.349205   3.756243  338.693878  0.335945  1.082831      10.051421    313.790558 -262.600189            1.14          1.64  11.133707  1.764276  302.960083
342 -38.012539  11.603442  339.547913  0.326216  1.180647      10.184416    423.123688 -198.222504            1.14          1.64   8.149893  0.459107  457.935547
343 -30.105358   9.199281  337.553345  0.265007  1.067069      12.861742    238.821838 -298.970764            1.14          1.64   9.086842  0.776751  231.408127
344 -20.713047  -1.931450  340.204956  0.348382  1.408158      10.253876    300.361633 -204.430969            1.14          1.64  10.180804  1.118759  229.024109
345 -43.872452  16.579668  338.372284  0.348016  1.185779      11.155844    453.969238 -240.195557            1.14          1.64   7.623780  0.877101  667.617371
346 -19.927162  11.067114  318.948029  0.320777  1.058828      10.279459    284.719513 -273.100647            1.14          1.64  11.496008  1.579935  354.606598
347 -33.117401  12.992507  334.700531  0.319697  1.178358      12.074453    222.853622 -296.325592            1.14          1.64   8.987616  1.367618  551.905457
348 -41.073689  15.816052  337.905945  0.330900  1.190639      11.589778    440.115173 -263.848267            1.14          1.64   7.717640  0.779904  282.788361
349 -33.785862   0.384701  339.051575  0.346011  2.161840      11.074730    325.646576 -260.567932            1.14          1.64   8.281897  0.812828  246.100861
350 -45.245300  13.714423  341.591461  0.335173  1.262112       9.566115    626.138916 -280.219666            1.14          1.64   7.722317  0.571099  223.978378
351 -34.476578   9.579634  338.972595  0.348131  1.316944       9.197312    437.367584 -298.562866            1.14          1.64   9.473511  1.726637  337.835510
352 -45.616581  12.782400  341.341675  0.345978  1.752855      10.154932    528.888245 -275.501129            1.14          1.64   7.500833  0.783610  448.808563
353 -29.718672  11.470709  333.060699  0.299313  1.115503      11.864801    280.621735 -294.044342            1.14          1.64   9.541720  0.809865  356.683777
354 -28.639956  11.726303  327.086151  0.306632  1.482785      11.540480    299.748749 -274.192444            1.14          1.64   9.521400  0.797644  137.815475
355 -36.431461  12.901283  336.188934  0.343015  1.225578       9.117804    516.232605 -211.985519            1.14          1.64   7.988593  1.091857  216.717758
356 -45.268639  13.088461  339.945770  0.346930  1.537679      13.058401    416.240845 -240.353027            1.14          1.64   7.548242  0.649596  472.041290
357 -32.101948  11.224528  332.849213  0.336444  1.237036      11.552991    318.704773 -244.127075            1.14          1.64   9.409907  0.202163  322.723785
358 -25.584570   5.104166  339.284088  0.291422  1.178848      11.283069    204.206924 -254.449539            1.14          1.64   9.647997  1.431367  467.139404
359 -48.510357  14.691886  345.063019  0.345521  1.040196       9.567681    630.877075 -259.823792            1.14          1.64   7.757236  0.362408  630.465332
360 -24.733044   3.046535  334.739197  0.327050  1.365464      11.152390    273.572601 -239.253326            1.14          1.64  10.642774  1.835107  275.226257
361 -37.167725   7.385523  343.175079  0.347247  1.130620       9.086262    452.709351 -212.517273            1.14          1.64   8.825582  0.859085  444.607666
362 -17.178160   2.686360  334.126923  0.324254  1.016878      10.485279    238.249954 -239.549850            1.14          1.64  11.554374  0.329129  518.570435
363 -29.123878  13.362632  330.717804  0.348888  1.045313      10.209526    350.740265 -230.162292            1.14          1.64   9.188565  1.107020  419.716095
364 -38.120045   8.025286  342.301392  0.257139  1.449712      10.753165    496.511658 -290.444519            1.14          1.64   8.242253  1.158446  101.102875
365 -45.635098   9.236508  344.146881  0.343430  1.640688       9.592078    590.010986 -270.884125            1.14          1.64   7.349162  1.828864  416.257324
366 -48.407513   9.127799  348.213684  0.312520  1.189162      14.806849    276.729889 -209.234634            1.14          1.64   6.677496  1.685021  632.457520
367 -42.308464   7.964315  346.965240  0.314476  1.159247       8.055699    705.436096 -258.841248            1.14          1.64   8.039549  0.746258  121.294060
368 -48.673191  23.246788  336.183838  0.347466  1.408727      12.153860    598.953369 -259.470245            1.14          1.64   6.980010  1.941684  426.081818
369 -39.871704   0.939029  350.311554  0.324710  1.290474      12.693582    268.448059 -238.295624            1.14          1.64   8.691315  1.674304  549.816833
370 -38.240585   5.643253  344.858795  0.289787  1.348323       9.013762    708.394104 -280.203522            1.14          1.64   8.152516  1.423362  101.503166
371 -31.307440  11.564948  334.333374  0.326761  1.158869       9.227091    482.320038 -240.618805            1.14          1.64   8.932861  1.378246  178.112854
372 -46.831100  -2.000975  354.591339  0.332574  1.479928      12.285567    351.862823 -230.578491            1.14          1.64   7.445120  1.923224  685.890808
373 -38.837673  16.736942  335.282715  0.304404  1.207635      12.282475    362.971100 -242.448975            1.14          1.64   7.763005  1.284079  449.947083
374 -31.681889   4.392787  341.603973  0.329233  1.465626       7.331161    594.805908 -296.266022            1.14          1.64   9.698056  1.195896  148.309830
375 -25.713427   3.094414  340.512238  0.326641  1.213689      11.409202    241.599091 -234.553055            1.14          1.64  10.410785  1.072188  428.009766
376 -30.261883  10.559521  333.891541  0.311513  1.188701      10.208925    341.442200 -226.073883            1.14          1.64   9.234615  0.824141  433.401978
377 -50.470856  17.318134  343.931946  0.301277  1.170805      12.474101    552.273132 -298.343506            1.14          1.64   6.687594  1.360732  493.083282
378 -33.288284  16.337311  327.691132  0.335023  1.402963      11.502979    340.198883 -287.343048            1.14          1.64   9.649907  0.657059  411.224091
379 -29.275126  19.087225  321.303436  0.344533  1.289793      10.217177    392.306427 -276.751251            1.14          1.64   8.865807  1.679278  261.624939
380 -34.614559   9.625208  337.914032  0.338613  1.433428       9.783482    403.767853 -288.355011            1.14          1.64   8.681865  1.344877  403.196472
381 -33.795845   6.647113  341.918915  0.270406  1.311832      13.014817    209.704224 -283.832306            1.14          1.64   9.385017  0.533320  557.402222
382 -37.138596   4.670912  344.386658  0.335158  1.342115      12.792989    298.490265 -218.081619            1.14          1.64   8.499654  0.489046  399.718933
383 -42.276489  -3.077809  348.866943  0.338524  2.255472      13.091912    326.883148 -280.099335            1.14          1.64   7.440322  0.868324  477.970703
384 -45.672447  17.023748  337.549469  0.286268  1.637641      13.162464    468.624725 -279.418457            1.14          1.64   7.671686  0.696776  178.841446
385 -35.806812  -1.775788  346.223389  0.338505  1.821929      10.032136    490.061340 -240.215210            1.14          1.64   8.112006  0.968331  102.743202
386 -28.757601  -0.942056  349.149567  0.346766  1.227315       9.121473    369.084137 -204.204773            1.14          1.64   9.193570  0.917029  499.170776
387 -42.602917   5.537194  346.842041  0.288252  1.492427      13.396056    334.355774 -247.178192            1.14          1.64   7.562444  0.239679  550.317993
388 -29.758720  -1.272251  336.883850  0.337964  2.090500      11.530361    297.224548 -254.776535            1.14          1.64   8.345316  0.960058  128.200974
389 -34.282738  12.475856  334.809662  0.299367  1.096979      13.262961    238.339005 -225.760040            1.14          1.64   9.064954  0.838602  460.914886
390 -18.183924   2.390609  337.699738  0.311544  1.020101       9.721231    298.619476 -262.842621            1.14          1.64  12.073139  0.774651  273.438507
391 -35.881916  14.072450  333.480743  0.327105  1.373164      11.916755    341.486969 -286.012848            1.14          1.64   8.859779  0.417267  269.861176
392 -34.851303   8.954678  338.729980  0.343273  1.269521      10.788005    366.276062 -239.531204            1.14          1.64   8.868118  0.933520  340.873383
393 -41.433853   4.691399  349.714813  0.299666  1.177768       8.183736    591.980103 -256.827576            1.14          1.64   7.708120  1.031299  299.890503
394 -44.975399  17.051867  341.284546  0.340881  1.064332       9.243410    595.046143 -294.411346            1.14          1.64   7.882938  0.444554  307.584290
395 -47.548477  17.354517  340.438049  0.348128  1.305283      11.789307    511.119141 -227.495789            1.14          1.64   7.103517  0.369545  501.003448
396 -25.877068   0.718176  342.630951  0.316365  1.341894       8.349428    491.905792 -247.583588            1.14          1.64  10.278173  1.697259  157.474579
397 -32.301811  14.850084  330.781860  0.313311  1.254436       9.325291    508.102142 -285.626068            1.14          1.64   8.892179  0.949386  107.420441
398 -39.066250   5.789322  342.425446  0.342721  1.735322      11.519568    327.765991 -295.242920            1.14          1.64   9.220140  0.704415  613.844910
399 -44.033222  19.002855  338.935669  0.319188  1.043626      11.058287    496.664703 -293.879639            1.14          1.64   8.013021  1.664711  555.341858
400 -30.064281   6.236304  338.142761  0.330943  1.355625       8.586382    509.034424 -274.555756            1.14          1.64  10.530497  1.527818  169.727890
401 -26.735046   4.516642  339.762543  0.315680  1.222997      10.077868    335.892059 -269.525330            1.14          1.64  10.413555  1.385956  259.903717
402 -25.185501   0.224628  339.511719  0.343032  1.440352      11.333679    265.773499 -237.355988            1.14          1.64  10.826747  0.552668  362.626770
403 -40.310043  15.928574  339.020203  0.264855  1.017414      12.815674    314.576508 -254.807922            1.14          1.64   7.441740  1.211334  535.013550
404 -25.719177   6.494648  336.930176  0.285839  1.008965      10.776448    315.563812 -238.574600            1.14          1.64  10.487827  1.135654  155.643250
405 -45.821629  15.726458  340.485962  0.342446  1.508702      10.903330    500.966309 -297.761108            1.14          1.64   7.270238  0.948838  630.357056
406 -25.205439   4.823851  335.042023  0.341529  1.285326       9.734648    329.341309 -243.473938            1.14          1.64  10.101128  0.909295  344.059753
407 -39.117542   6.732770  343.608978  0.313396  1.425295      11.798668    375.677612 -260.364746            1.14          1.64   8.500393  1.873446  280.540985
408 -42.479210   5.158357  348.561951  0.286078  1.402581      13.078649    263.752075 -299.144897            1.14          1.64   8.078362  0.699286  689.720764
409 -27.833099   3.466717  334.455627  0.333874  1.641810      11.392349    275.758026 -278.046753            1.14          1.64  10.643600  1.896284  225.455658
410 -40.831459  13.609964  336.360779  0.337570  1.608511      10.337696    486.344879 -260.930450            1.14          1.64   7.572630  0.412994  162.277893
411 -38.125027  14.148993  336.870605  0.326596  1.367337      11.759412    364.816681 -295.925903            1.14          1.64   8.915961  1.957456  418.334473
412 -21.842871   2.610063  332.609802  0.340747  1.488562       9.953735    322.936005 -297.752441            1.14          1.64  12.322158  1.659170  205.130920
413 -32.955456   4.375757  339.114258  0.337300  1.442708      11.211370    347.749725 -255.807205            1.14          1.64   9.628319  0.512225  145.587753
414 -38.030224   8.274312  340.866302  0.334550  1.327404       9.935210    462.026672 -204.921661            1.14          1.64   8.392335  1.445746  288.017517
415 -37.920303  10.106334  341.402496  0.334699  1.297486       9.785980    471.097595 -267.975952            1.14          1.64   8.334016  1.329329  274.493958
416 -33.072491   7.920860  337.106445  0.329282  1.371679      12.213080    268.627411 -240.514709            1.14          1.64   8.765597  1.002563  460.001343
417 -36.554577  22.056204  327.327637  0.326112  1.260638      12.241331    359.307892 -291.289673            1.14          1.64   8.459850  1.057775  441.557526
418 -43.302685  11.927841  344.010101  0.340817  1.156110       7.570489    701.473572 -265.793915            1.14          1.64   7.864038  1.038199  299.145905
419 -29.551733  -2.076979  343.062775  0.311843  1.956096      12.519890    204.991455 -255.344513            1.14          1.64   8.549865  0.564878  499.838989
420 -32.572506   9.213107  337.481079  0.322721  1.109138      11.081624    376.676270 -223.958313            1.14          1.64   9.364803  0.815659  125.700958
421 -45.169113  10.261741  342.453827  0.330555  1.586484      10.497803    505.862457 -293.331451            1.14          1.64   8.305375  1.110267  513.520142
422 -41.285088  18.229479  336.104187  0.343654  1.224552      10.597967    440.128357 -293.856171            1.14          1.64   8.692932  1.167122  636.846069
423 -41.504726   7.625189  345.724701  0.323204  1.331138       7.758416    713.515747 -219.421799            1.14          1.64   8.276824  0.779888  110.744118
424 -27.188784   7.406269  335.313049  0.294810  1.250960      11.197867    258.495483 -279.980164            1.14          1.64   9.588477  1.463520  395.053741
425 -16.331640   2.238097  328.848969  0.341144  1.158556      10.654569    261.550873 -248.623932            1.14          1.64  12.132179  1.753252  198.977112
426 -31.120384   9.630857  336.745667  0.311214  1.189844      11.420366    296.427460 -276.981140            1.14          1.64   9.542270  0.802907  423.916046
427 -35.376282  18.122540  326.779510  0.344143  1.410850      12.818201    298.027130 -248.710144            1.14          1.64   8.348908  1.499253  417.919128
428 -45.366898  15.303492  341.388000  0.294239  1.429478      12.030887    549.084229 -299.071228            1.14          1.64   7.146897  1.794645  250.720612
429 -16.583519  -0.617362  341.343994  0.348460  1.067792       9.973355    283.363281 -237.584061            1.14          1.64  12.119912  1.131195  344.169373
430 -23.547514   1.512321  332.918762  0.314418  1.585746      12.214872    236.211639 -295.215118            1.14          1.64  10.967760  1.180019  118.600876
431 -42.320160   7.484333  347.463440  0.316378  1.148784       9.546072    504.522095 -251.196075            1.14          1.64   7.392128  1.512998  430.049927
432 -45.180584  22.111324  335.979645  0.333553  1.185909       9.872003    582.822205 -290.281036            1.14          1.64   7.573811  1.820504  551.492737
433 -48.847481  13.856502  343.963593  0.314122  1.507740      11.598678    640.786865 -295.426453            1.14          1.64   7.072132  0.991876  238.005508
434 -32.486240   8.714954  336.783508  0.322628  1.421158       9.484035    434.651642 -278.281677            1.14          1.64   8.850554  0.543278  111.796227
435 -36.004978   5.960086  338.317139  0.346196  1.694401      10.617709    368.396759 -211.080444            1.14          1.64   7.739388  1.144314  442.025024
436 -33.526581  12.234328  335.715118  0.332512  1.208097       8.804333    527.864380 -272.765045            1.14          1.64   9.539015  1.150029  158.217331
437 -35.122307   5.265417  337.728455  0.348316  1.750338      10.603372    372.792755 -282.545715            1.14          1.64   9.137283  0.731754  291.829895
438 -31.008171   4.751470  343.563232  0.337457  1.080416       8.792220    409.954956 -236.703049            1.14          1.64   9.815104  0.325281  402.848267
439 -34.960991  -1.434812  341.779968  0.345316  2.063344      12.542107    299.127747 -275.650055            1.14          1.64   8.386924  1.750848  191.766266
440 -46.401066   5.891411  343.250488  0.339063  2.135527      11.246754    511.578705 -289.588013            1.14          1.64   7.591298  0.375261  188.730804
441 -34.670227  13.127043  334.249969  0.309256  1.421306      10.495788    418.356171 -251.055878            1.14          1.64   8.356393  0.627148  155.410751
442 -29.998110   5.374488  334.890808  0.325517  1.637788      10.662549    335.224091 -274.146240            1.14          1.64   9.550037  0.491725  135.334045
443 -34.182999  14.355390  333.956055  0.334751  1.207605      11.664966    280.090424 -270.685547            1.14          1.64   8.816659  1.325324  531.674622
444 -22.623711   4.887085  335.187683  0.335642  1.042816       9.245094    339.576355 -210.267563            1.14          1.64  11.462945  1.270665  305.584839
445 -38.723698  11.205713  341.850464  0.308331  1.201893       9.850047    463.021179 -262.783356            1.14          1.64   8.537712  1.676611  341.949158
446 -42.274345   9.570361  343.416779  0.325231  1.238504      10.371222    532.314392 -218.746368            1.14          1.64   8.052112  0.734616  180.670029
447 -43.737679  15.051036  338.984680  0.346571  1.656482       9.724092    531.411072 -293.492493            1.14          1.64   7.854229  0.692784  583.789856
448 -34.124210   7.585850  336.630646  0.335648  1.613995      11.057028    357.761841 -264.820190            1.14          1.64   8.496758  0.834949  225.507599
449 -41.193928   8.820145  342.404205  0.337670  1.492885      10.375641    510.255066 -282.432587            1.14          1.64   8.317370  1.715454  252.596466
450 -35.976772   7.695984  337.770721  0.347833  1.693648      12.927234    245.169189 -271.001160            1.14          1.64   8.659150  1.605572  433.486115
451 -30.868322  14.834508  330.349609  0.289851  1.045372      11.750960    313.090210 -253.796295            1.14          1.64   9.020614  0.830850  230.891129
452 -28.919800   8.397725  337.546448  0.342257  1.004697       7.431396    524.569336 -240.555283            1.14          1.64   9.857868  0.930010  169.109650
453 -30.660666   9.716475  332.183441  0.327104  1.505267      11.302424    307.492737 -254.555923            1.14          1.64   8.826984  1.345894  300.148895
454 -28.926193   7.026895  333.693054  0.311262  1.477939      10.552789    356.804108 -287.564667            1.14          1.64  10.088411  1.681738  171.554062
455 -31.552591  14.124711  328.015015  0.326589  1.581625      11.328034    288.691010 -295.044617            1.14          1.64   9.046863  1.095065  491.244110
456 -39.650963  22.420481  331.214294  0.341757  1.102917      12.016772    334.559479 -259.415222            1.14          1.64   7.800473  1.315196  673.720581
457 -42.121590   4.302272  348.480164  0.339484  1.437065       9.820855    483.163544 -256.017487            1.14          1.64   7.682743  0.658738  513.744751
458 -40.468899  20.310555  330.656982  0.340516  1.469255      12.149088    414.444122 -273.203888            1.14          1.64   8.080715  0.370569  287.633209
459 -22.463364   4.760675  330.531128  0.340160  1.372244      10.573503    258.537689 -262.100372            1.14          1.64  11.188878  1.486280  395.877380
460 -41.707973  17.978823  335.130890  0.333881  1.405317      10.390588    529.577454 -267.016693            1.14          1.64   8.356750  1.137454  276.857178
461 -47.045326  18.147293  341.487823  0.301591  1.227081      11.407710    525.909790 -298.778931            1.14          1.64   6.893245  0.620926  462.704102
462 -39.030190   3.976849  345.890656  0.343181  1.668737      13.051483    205.065369 -294.669006            1.14          1.64   8.412057  1.266909  581.483276
463 -49.730957  12.224939  346.833801  0.325396  1.250589      10.635698    625.651184 -270.512421            1.14          1.64   6.956173  1.629644  410.102722
464 -30.688910   6.367365  340.354553  0.339600  1.079839      11.644242    243.819687 -227.916199            1.14          1.64   9.583899  0.435522  649.642456
465 -42.426075  11.876699  340.381470  0.285875  1.690952      11.389207    493.922516 -298.350891            1.14          1.64   7.813580  0.741437  128.369537
466 -42.663490  12.738026  340.955658  0.349240  1.294825       7.371094    724.166687 -222.536652            1.14          1.64   8.084065  1.506689  350.373901
467 -35.818062   0.610291  350.644989  0.345693  1.388718       9.640710    409.682129 -238.507004            1.14          1.64   8.920788  0.858002  508.654083
468 -32.340908   3.830049  341.979431  0.347255  1.386990       8.866617    552.774231 -265.217407            1.14          1.64   9.688246  1.668616  160.640671
469 -33.765118   6.027619  342.208008  0.339681  1.314860       9.803695    390.065918 -251.367233            1.14          1.64   9.250807  0.566891  325.307526
470 -32.972031   3.333464  337.944153  0.340373  1.751819      10.349428    444.473633 -263.603088            1.14          1.64   9.636596  1.861926  154.779419
471 -35.166344  18.150473  328.157715  0.341802  1.463302      10.907796    391.903717 -268.821899            1.14          1.64   8.482322  1.208400  285.684753
472 -43.180443  12.294530  344.208984  0.301750  1.181599      12.486457    330.121094 -294.052612            1.14          1.64   7.560807  1.181872  644.685425
473 -37.802319   9.779905  340.934540  0.313938  1.097636      10.321198    416.165558 -234.092148            1.14          1.64   9.011526  0.956248  476.904083
474 -37.886036   7.393280  344.727234  0.311895  1.011821       9.071825    463.105865 -186.592697            1.14          1.64   8.312923  0.325565  455.505829
475 -29.346199   9.734590  330.613953  0.334851  1.344224       9.896441    402.187012 -221.287369            1.14          1.64   8.605781  1.021304  150.948257
476 -35.622837  11.553944  338.479034  0.337313  1.175341      11.023657    328.556000 -252.411133            1.14          1.64   8.863003  1.970259  505.838776
477 -41.123539  11.786852  338.527100  0.308786  1.712453      11.082268    509.947235 -294.774902            1.14          1.64   7.749358  0.926506  144.389801
478 -33.604961   8.762219  338.994568  0.341666  1.076199      10.513723    365.455719 -209.812469            1.14          1.64   8.737602  0.788302  339.299225
479 -43.077843   4.671852  350.877106  0.291020  1.316082       8.152767    657.237000 -250.485107            1.14          1.64   7.205508  1.277726  291.450378
480 -38.416042   2.189576  347.633301  0.325334  1.493442      12.643089    300.374298 -235.221848            1.14          1.64   8.209705  1.073345  466.273560
481 -42.468372  11.391681  341.448578  0.333194  1.237702       9.511600    577.056702 -260.717407            1.14          1.64   8.395272  1.620899  317.174408
482 -46.866062  15.003304  342.317596  0.328375  1.255130      11.714654    489.476135 -249.633377            1.14          1.64   7.217932  1.526770  624.089661
483 -43.366848  20.063360  336.662231  0.293851  1.250685      13.466747    412.183197 -288.045197            1.14          1.64   7.258012  1.816336  286.296021
484 -39.307190   8.296718  342.615326  0.342687  1.295561      10.008109    452.269043 -224.870819            1.14          1.64   8.302571  1.555570  446.423981
485 -33.483044   4.254937  340.179657  0.346793  1.572491      11.831472    262.351685 -226.975403            1.14          1.64   8.637322  1.247570  475.849731
486 -45.950344  11.975739  344.475830  0.341458  1.484256       9.077288    586.680969 -283.451599            1.14          1.64   7.864534  0.351368  373.576660
487 -42.523411  17.940538  337.903076  0.338120  1.283290       9.142647    582.303101 -265.043030            1.14          1.64   7.664908  0.799032  319.434021
488 -25.615959   1.366760  337.196106  0.327137  1.608405      10.163923    371.338104 -296.625885            1.14          1.64  10.604704  1.660033  130.310394
489 -32.207245   3.001914  343.245300  0.319575  1.504437      10.197476    368.618286 -288.604797            1.14          1.64   9.536870  0.400446  158.030502
490 -27.606146  10.629600  331.289307  0.292638  1.212010      10.807678    322.648773 -253.105225            1.14          1.64   9.127941  1.538115  198.344849
491 -32.046280   4.533688  337.653351  0.344012  1.668702      12.323842    235.971451 -259.505981            1.14          1.64   9.819153  0.397717  569.727051
492 -44.507202  20.768061  335.576324  0.347179  1.390941       9.864569    564.062805 -289.922394            1.14          1.64   6.941636  1.575790  591.736511
493 -39.535061  10.118872  334.689972  0.319986  2.068535      12.514647    335.122742 -290.842773            1.14          1.64   7.922685  1.768158  364.201874
494 -44.649780   9.756034  341.258423  0.313524  1.921715      13.805116    342.608734 -294.748962            1.14          1.64   7.263407  1.292194  508.916931
495 -41.712643  15.925654  337.541046  0.321538  1.491289      12.027267    425.498474 -294.481506            1.14          1.64   7.615596  1.334963  314.936249
496 -34.045242   7.907466  342.213379  0.271871  1.170645      12.844406    234.850235 -254.252716            1.14          1.64   8.321428  1.442054  430.915680
497 -40.845024  17.558092  336.460632  0.322099  1.213276       8.623797    732.864075 -247.431351            1.14          1.64   8.088882  1.490757  217.400284
498 -40.009396  10.626996  337.637360  0.345818  1.705835      12.460046    284.618439 -278.179626            1.14          1.64   8.573050  1.754893  533.411072
499 -32.457565   9.436663  335.221741  0.333874  1.262235      11.010309    319.062897 -203.320312            1.14          1.64   8.150784  0.855651  478.413116
500 -33.920403  15.306086  330.125854  0.340388  1.261475      13.256810    213.724228 -253.284210            1.14          1.64   8.296718  1.306047  491.001526
501 -40.067059  19.049442  334.458801  0.343101  1.136983      11.313715    390.597626 -272.349274            1.14          1.64   8.249046  0.959497  647.543335
502 -38.132000  13.422703  337.050873  0.348275  1.235342       7.636926    655.784302 -294.253479            1.14          1.64   9.247928  0.784806  169.930008
503 -43.321056  12.843732  341.249329  0.333906  1.259857      11.092809    468.035187 -243.323822            1.14          1.64   8.376741  1.446368  476.203705
504 -40.096046  10.574232  341.140259  0.333696  1.203005      10.513929    437.714539 -229.868240            1.14          1.64   8.742518  0.663901  390.450714
505 -41.982681   6.459294  349.387177  0.229214  1.040070      12.883574    363.134430 -290.092072            1.14          1.64   7.696349  1.457346  255.722198
506 -33.597866  15.577576  329.508759  0.324947  1.396642      10.785399    357.822113 -281.043121            1.14          1.64   9.180470  0.595738  495.254944
507 -25.630186  -0.149933  347.567841  0.326851  1.111358       9.764036    350.162628 -209.530197            1.14          1.64  10.198023  1.107378  241.883041
508 -17.542862   0.876862  337.144562  0.291991  1.182187      11.778481    218.241608 -299.868744            1.14          1.64  12.045172  0.856775  138.536575
509 -25.061430   5.387113  336.280426  0.303751  1.186504      10.103702    358.483337 -220.672943            1.14          1.64   9.660343  1.283352  118.864349
510 -41.932983  13.342175  341.761322  0.325844  1.096997      10.355861    484.287872 -261.237366            1.14          1.64   7.831770  1.178905  472.433838
511 -40.295303  10.001633  337.714661  0.330938  1.829974      11.711010    395.728668 -273.118652            1.14          1.64   8.148484  1.490905  277.194794