           lon        lat         inc      D1AU     delta  launch radius  launch speed    t factor       B1AU     gamma         vsw
0   -20.319727  23.124487  102.734970  0.309816  1.884513      10.764524    763.309875  128.050171   6.318398  2.001288   68.525040
1    -0.120182   3.629205  100.394211  0.270193  2.323898       6.558812   1598.369751  129.668777   9.950766  3.612430   67.034233
2   -11.920606  40.332840   84.785904  0.296931  2.766009       7.686993   1319.647095  148.004318   7.155517  1.694416   54.584000
3    -3.118301   4.526981  352.352936  0.342607  3.105356       6.341300    894.684509  106.175110   5.464705  2.970366  268.499878
4    -3.653645   9.660571   16.541874  0.335874  2.531382       6.168924   1305.783081   79.757355   7.396192  2.119390   70.830658
5   -22.820566  22.849960   77.444176  0.345748  3.277353       5.880206   1296.281006  238.219040   6.403676  3.779451  138.445709
6   -12.751689  32.090126   81.112617  0.321791  3.395968       5.215002   1160.103638   -6.789408   5.933033  1.953290  159.619446
7   -19.506746   5.966409  345.757111  0.283469  1.750464       8.271558   1074.284302  187.274643   6.355047  2.446965   82.185112
8   -28.710655  17.631615   82.913506  0.328199  2.766263       6.640192    935.494385  200.662231   8.560285  3.580048  140.008835
9    -1.783115  15.336576   27.084305  0.347546  1.103272       8.640915   1459.206177 -229.164902   6.311962  3.125009   70.297218
10  -33.475845  10.632167   99.222069  0.305882  4.070955       5.132776   1591.127319  184.076706   6.029007  3.187445   62.805477
11   -1.557300   8.523232   39.156399  0.311209  1.929892       6.678478   1312.146240 -142.224258   5.581485  2.975861  152.348190
12  -24.987455  27.085230   23.152901  0.332665  2.449774       6.983553    793.690674  177.344498   6.476043  3.662678  161.644913
13   -5.591004  13.286781   54.269150  0.319923  2.662034       8.430452    712.475037  199.513474   6.447351  2.510921  103.165283
14  -13.485497  14.901705  341.974945  0.298267  2.353878       7.885427    770.779236  159.311661   6.606749  1.702543   66.535576
15   -3.060217 -17.257118   96.035591  0.323481  1.710871       6.930805   1280.297974 -111.944572   6.534245  3.925583  175.820801
16  -17.786695  14.526818   37.089073  0.329223  4.145836       5.519180   1337.125244  151.365845   5.052601  3.678423   95.864456
17  -12.566868  33.516926   20.800659  0.332099  3.443443       5.241800   1419.476807  246.976624   8.588120  3.812716  149.599808
18  -17.364454   2.846773  350.265625  0.291470  3.986506       6.009230   1509.534058 -230.126968   6.202565  3.446810  112.658058
19  -14.191561  25.060659  104.381607  0.292557  2.041691       8.375947   1091.249512  -53.071629   5.742501  3.721519  182.561646
20  -26.245901  20.502924   82.941879  0.284962  3.871306       6.767740   1100.976807  175.693893   7.999829  3.183533   66.020676
21   -6.533744  28.357985   56.179855  0.313596  4.276017       6.781417    984.831726  247.395737   5.872245  2.695261  117.931152
22  -10.402552  25.580496   85.571518  0.347293  2.504318       9.083570    765.484314  196.009506   5.132424  1.902884  157.305466
23   -5.260441 -25.559587   85.843773  0.296038  2.182540       7.555882   1366.869385  115.744682   6.064878  3.555388  147.796265
24  -17.996920  24.984161   49.666515  0.309547  2.594536       5.544718   1566.144043  184.625854   9.811329  3.146279  109.978554
25  -35.982368  14.659167   59.434418  0.272319  3.389421       5.170174   1145.996338  216.490799   6.902041  3.223360   71.694756
26  -19.429762  25.242655   42.025665  0.309341  4.623105       5.125416   1024.004272  170.213516   8.054114  2.229689  124.140968
27  -15.430671  18.097330   33.512794  0.327358  2.730950       5.142715   1124.789307  174.558548   5.924349  1.981356   86.040924
28   -5.592448  22.985069   87.341141  0.319758  4.577856       9.039346   1178.990845  144.779694   5.494353  3.589086  147.484360
29  -29.050861  -1.673108   42.759247  0.287266  2.377487       9.061931    840.464355  205.205719   5.176400  3.603050  151.901840
30   -4.519231   0.316432  102.517784  0.340381  3.088948       5.540132   1039.823853 -179.297028   5.411205  1.270431  150.595428
31  -10.601771  23.757322   37.360081  0.335499  3.606137       7.677472   1041.751953   21.179066   5.147087  3.534260  120.204018
32   -4.065508  18.797537   86.330750  0.258070  1.829932       7.678021    907.840210  -25.235672   5.560979  2.122334   53.952816
33  -34.733067  14.017381  104.419670  0.343463  2.821956       7.708785    909.862732   95.792503   6.196256  3.060697  143.549698
34  -13.656934  30.592150   41.028488  0.278342  4.262695       6.980988   1152.864258  221.842468   8.078045  3.552371   93.294304
35  -25.083786  22.705952   32.474270  0.343530  2.850830       5.361427    935.462524  223.875046   7.356672  2.316742  134.622070
36   -3.016566  15.511550   72.683228  0.330008  2.679914       5.358363   1095.272827 -140.859283   6.112442  1.821619  118.655365
37  -16.599592  36.004482   55.818356  0.333690  4.276534       6.692432   1337.833618  228.875687   7.857260  3.395806   93.642921
38  -11.409371  -6.644646   82.305916  0.260551  2.869036       5.600643   1184.304810  184.517059   7.567470  2.800052  101.757072
39  -21.718927  22.993551   96.001541  0.349845  2.567948       5.764825   1810.082153  191.712738   6.275427  2.853972   55.555660
40   -4.245348  39.867210   68.691864  0.316584  3.435836       8.952607   1156.959106  161.170044   6.363518  3.198942  102.518158
41  -10.737577 -12.417372  322.335907  0.325639  1.386860       6.654226   1291.882324  187.511368   6.107690  3.817162  143.491623
42   -1.184079  18.431459   11.970268  0.299814  3.661204       7.104908    701.927673  126.047722   6.859193  2.900316  191.537415
43  -26.728758   6.286580   94.511032  0.344649  2.105463       7.356853   1129.850586  137.086868   8.041142  3.974263  117.088455
44  -27.522297  13.336307   48.402760  0.346362  3.601270       5.841053    851.511719   89.166237   5.720887  3.602750  178.589157
45  -12.964416  21.345589  354.156372  0.317267  2.181318       6.070995    733.691467   65.188538   5.381534  0.860637   56.334118
46  -30.228313  22.719074   82.888283  0.292760  4.043733       6.609924   1366.747559   94.660751   5.205532  3.766456  103.156914
47   -7.908831  22.529043   34.345833  0.299260  4.008914       7.092788   1276.285400  222.850464   5.527851  3.992802  107.736717
48  -30.281412  -0.718615  347.015717  0.340028  1.491426       8.396378   1197.105591  202.530594   5.017704  2.952826  179.412064
49   -6.492524  13.272214   42.904125  0.306941  4.843903       7.725586    827.223572   89.218063   7.289305  2.004317  101.341019
50  -16.854877  -4.104939   35.687469  0.317384  2.260971       6.902274    894.995850  153.824753   7.470130  2.099697  152.858826
51  -22.802256   1.235269   57.843651  0.274573  2.554380       6.642061   1271.965942  182.144226   5.779525  3.245046  109.579811
52  -14.362460  31.975822   71.502831  0.304976  3.662090       7.753995    878.979248   72.690079   5.745251  2.803776  128.824081
53  -41.346516  -6.732983  122.836700  0.331934  2.672821       8.084292   1039.235962   78.143204   5.956227  3.657046   78.288979
54  -19.404087   4.060956   99.092285  0.260625  4.063573       7.091739   1514.580811  214.680695   6.777604  3.376801   69.019928
55   -6.653882  26.332943  352.385834  0.318482  1.763119       6.230798   1346.325684  227.429810   5.835195  2.576466   76.599335
56   -1.056641  22.961281   41.779980  0.343032  3.613094       5.158671    903.603699  167.320297   5.828503  1.832152  154.606964
57   -1.935157  10.875855   70.729317  0.320792  3.587631       7.932199   1267.757812  -89.838562   5.276814  3.679813   79.641266
58   -1.746017  22.365990   63.178120  0.323174  2.830901       8.424692   1385.381348 -227.603714   5.271317  3.707692   57.982719
59   -4.278372  37.760170   34.497246  0.335446  4.722395       5.731781   1348.452271  143.373947   5.335517  3.631190  156.062424
60  -11.532151  26.014584   44.291813  0.255480  3.358146       7.800492    876.951599   67.555832   5.130905  3.275281   68.209473
61  -11.008389  29.558510   60.596977  0.344461  3.780182       6.867372   1080.279053  202.681702   5.068224  3.290659  142.541458
62  -33.806290  13.490703   91.837395  0.335440  3.658366       7.221536    744.575073  223.802124   7.126842  3.075451   64.451073
63  -15.523736  25.842779   19.345676  0.294800  3.687258       5.266445   1480.939087  218.039978   7.355458  3.829026  105.062469
64   -2.001362  -2.630329   30.442049  0.334105  2.391499       5.542862   1268.303101  -57.419395   5.464640  2.329190  149.638443
65  -20.043604  19.900770   63.509308  0.334736  4.389831       6.976051    919.408813  147.258194   5.668378  2.777740  112.259445
66   -7.611046 -16.648252   65.958626  0.271085  3.016567       8.529312   1083.110840  224.880341   7.016450  3.394883   69.398285
67   -0.206531  13.736091   38.643322  0.332540  3.479791       6.903539   1271.028564  189.040222   8.857190  3.632369   59.470528
68   -5.357152   3.590638   12.961833  0.229789  2.328307       6.308345   1464.111328 -246.936081   6.163931  3.307602   65.123642
69  -12.265899  23.048273   69.198723  0.343296  4.202102       7.571960    725.435791  136.560654   5.904680  3.655926  151.841187
70   -0.623617  20.016205  349.713745  0.338214  4.464736       6.873280   1242.814819  239.830444   8.096158  3.415559   59.437527
71   -5.684933   4.279778   96.156036  0.337745  3.244921       7.814907    777.865784  196.196533   5.138374  3.729470  187.613297
72   -1.521331  22.097660   77.362244  0.344117  2.566097       8.686630    811.277283  -74.537697   6.855042  3.234171  116.102074
73   -1.525640  41.767574   43.991352  0.292843  3.748524       7.623584   1391.114502  212.537140   5.857016  3.517164   94.181374
74  -19.109526  31.911543   53.567375  0.333212  4.086821       5.170181   1009.409912  207.747070   6.955322  2.116758   66.009468
75  -31.275644  45.639610   62.524879  0.320094  4.971755       6.474123    729.663513  205.268082   6.471307  2.407028   50.009861
76   -6.539930  19.689360   43.310863  0.332095  4.401514       8.054430   1044.914551  103.910950   7.285713  3.435647  111.447578
77  -27.727848  28.180830  105.166313  0.279509  3.679508       7.301732   1744.741211   37.497623   5.157395  2.544348   68.383118
78  -14.188018  32.083775   38.743866  0.340375  3.135919       5.177265   1379.734497   50.689938   5.360726  3.002063  155.320694
79  -10.127591  25.481012   39.438587  0.329918  4.981025       7.181327   1039.457275   14.397916   6.126235  3.937041  124.182953
80  -16.179609   4.939399   85.295555  0.301326  1.446260       8.015681   1217.773682  176.837784   6.903248  3.377035  130.188019
81  -11.456120  17.353254  108.884430  0.300632  2.633090       6.860902   1066.187988  -60.948811   7.856134  3.585655  224.142914
82  -25.352552  36.761608   86.721352  0.279527  3.729010       9.623228    940.254639  137.068039   5.016513  3.572742   93.086105
83   -0.220559  14.789601   75.282875  0.349458  4.519227       5.679359   1396.327881  102.108337   6.887214  2.501852  183.418777
84  -13.672321  14.868350   94.920654  0.326198  3.014849       5.842211   1677.039307   97.329796   6.311142  3.511585  164.952332
85   -3.147109  19.916386   62.661022  0.283121  3.117022       6.512562   1834.312866  104.320686   5.737504  3.029040   66.583885
86   -1.049483   7.096471   69.647491  0.310736  2.673052       8.581289   1093.242676  196.243683   8.016098  3.806793   90.882416
87   -0.705484  30.857038   31.822306  0.267035  4.570861       5.629491   1644.107910   80.718040   7.873648  2.760347   59.961121
88   -0.926821   2.744414  109.847649  0.313757  1.802292       6.675440   1494.077637 -244.698196   5.138298  3.061044   83.436157
89  -26.304823   3.269634   68.150864  0.325281  3.629841       5.855401   1111.541016  125.533157   6.556996  3.157303  168.327530
90  -11.006562  29.376293   55.760838  0.349060  2.900880       7.120678    973.716797  211.789566   5.567027  3.535123  202.637711
91  -13.823443  41.883579   73.367729  0.346225  3.033185       9.062267    823.260010  232.173340   7.833146  1.979757   81.713150
92   -9.020572  21.225134  306.620575  0.318962  1.910309       7.709935   1710.789307  210.362045   6.281347  3.656010  127.924911
93   -2.474486  21.500923  288.819031  0.313963  1.321485       6.614109   1937.574219  102.056923   5.415307  3.970401  175.364548
94   -9.911411  33.695255   74.950195  0.346517  1.729704       7.022209   1377.162231  146.912003   6.566977  2.003571   64.953438
95   -9.394897  17.795336    6.473212  0.339110  3.547019       5.624160   1106.514160  246.894165   5.121336  2.248149  182.173691
96  -17.494322  23.716238   49.791725  0.281071  4.338900       6.725276    988.497925  192.446365   5.266591  3.725113   99.199463
97   -1.575971  16.363960   39.016911  0.298733  1.824227       9.431981    836.496216  103.563629   5.654930  3.760833  101.380424
98  -17.066769   8.332098    3.961815  0.305493  3.015203       5.007356   1764.910156  196.090469   6.085965  3.334775  137.596161
99  -27.502766  17.134897   78.509979  0.258491  2.827271       6.661056   1429.286377  136.121216   5.169778  3.318241   56.586960
100  -7.260796  27.072937   69.649040  0.303609  4.847537       7.546338   1006.159180  214.484497   7.681549  2.015059   83.829178
101  -3.947010   6.166681   56.324532  0.280754  4.267356       6.778425    980.035706   51.466217   5.151881  3.608043  173.666153
102 -29.773529  11.130088   88.148880  0.348081  1.587490       6.503347   1773.189819  167.744217  10.521957  3.729671  121.592659
103 -13.093512  29.629908  146.395493  0.326928  2.157668       9.041013   1415.513306 -220.785492   6.614716  3.164229  108.528481
104 -18.155737   0.680288   70.745636  0.324621  2.223145       7.706426   1094.205078  239.046341   6.604808  3.255117  143.725891
105 -19.740814  28.230032   52.819748  0.275439  4.602382       6.526089   1157.093140  222.995392   6.303813  3.525347   65.195244
106  -2.853376  32.807022  336.185852  0.329575  3.188615       5.852183   1191.570679  211.768784   5.156785  2.467539  103.171349
107  -4.137095   5.956868   84.773857  0.267120  2.424771       8.646337    898.026306  120.009384   6.849994  2.216345   58.825832
108 -10.184530  34.440819   63.092476  0.327913  4.932496       6.889069   1060.934448  111.805428   5.002088  2.533819  104.278931
109 -29.755465  20.751879   66.199646  0.320586  3.602563       5.749458    817.149963  167.407211   7.146676  2.948894   85.585007
110 -30.634024  24.026436   85.228653  0.325353  3.404616       6.947222   1155.292969   87.262978   5.825750  3.505858  107.103447
111 -21.114916  19.343658   73.320534  0.305764  3.244238       5.924146   1539.132812  198.453232   8.519601  3.632371   69.468262
112 -22.042280  10.896306   15.911681  0.300501  1.881570       6.989986   1236.476929  168.031540   5.496355  3.295673  154.730057
113 -19.912136  42.524944   66.804634  0.321431  3.798073       5.947045   1936.868530  155.461395   5.536759  3.156942  102.290276
114  -8.174226  25.334974   63.373463  0.320991  2.150527       5.753827   1757.236084   62.197929   5.269135  3.365870  137.456757
115  -7.919055  34.851898   47.087421  0.345019  2.533512       6.636682   1653.091553  197.948135   5.476498  3.787073  151.059082
116 -15.960080  21.892147   42.558197  0.337532  4.886291       5.379343   1409.175415  161.063934   6.605584  3.452875  139.176727
117 -16.790415  38.522663   39.375217  0.302599  3.750850       6.385114    739.518433  197.130661   7.258611  3.684160  117.047890
118  -3.106319   6.452524  117.456169  0.326090  4.973762       7.510761    724.567505 -159.713120   5.673355  2.039974  101.853676
119 -28.872606  36.766701   87.930893  0.330787  3.010211       8.663473   1841.328735  185.895813   7.754455  3.782029   51.066570
120 -12.806993  33.415531   20.593472  0.324836  3.096084       7.589687    897.146179  208.378052   6.084878  3.808859  108.759056
121 -10.637779  33.565094   74.384186  0.329951  4.699961       7.205582   1464.863281   73.990204   6.651641  3.015032  129.208557
122 -26.717901   9.537840   91.955887  0.256447  4.196362       6.580486    918.699341   48.133636   6.781262  3.028436   80.987099
123  -5.350325  38.440952  321.455139  0.339469  2.471834       6.603686   1026.705688  247.988480   5.546554  1.755909   59.406010
124 -24.581402   7.523995   76.678154  0.338071  3.610571       6.173938   1108.148438  -39.806805   5.802790  3.092832  142.185699
125 -15.336413  21.906540   66.778015  0.302745  2.106461       5.349002   1292.604248   57.561256   5.175615  2.524028   86.589363
126  -8.396624   5.535557    6.900297  0.341228  3.063620       6.218281   1616.116211  176.034348   5.903733  3.807213  201.987335
127 -20.035368  41.260178   17.419342  0.341414  4.528368       5.264928    833.637329  111.523224   5.322254  3.652006  138.084259
128  -6.883320  23.120918   78.292648  0.346315  1.776392       6.471371    856.394470   49.157166   7.068898  2.221343  177.602829
129 -24.935364  45.009602   70.259819  0.314140  3.282954       5.512851   1372.735352  216.423019   6.915975  2.486113   80.434647
130 -29.663832  29.768642   73.701508  0.274430  3.331477       7.910055    714.682922   59.442154   5.527089  3.946657   75.607506
131  -8.994341  40.703533   34.756981  0.340583  2.802041       5.124217   1253.438965  192.020004   8.019216  2.631474  104.406906
132  -6.142135  12.447535   54.941746  0.322841  4.105836       5.836099   1822.300415  181.513092   6.568176  3.603276  157.624405
133  -2.410093 -25.418268   38.138458  0.338573  2.440731       6.830419   1093.714722  140.581879   6.430173  1.842764   53.023895
134 -26.101145  39.453461   47.316360  0.327019  4.934446       5.712633    899.810791  165.297714   6.025561  3.293393   65.711082
135  -2.084461  24.980623  122.929955  0.346460  2.655461       8.422247    819.175110  -99.075027   7.758853  2.207409  113.123421
136 -12.572073  22.260223   43.737350  0.312557  3.496192       7.711106    841.736633  164.146774   5.315116  1.928112   68.225037
137 -14.086366  32.144672   44.009510  0.343369  3.684345       6.388860    913.273743  126.913467   5.517768  2.004389   81.965317
138  -7.325740 -39.418064  205.964142  0.324931  3.411170       6.373632   1745.022583  249.483063   5.149600  2.988019   85.752968
139 -24.752054  34.544796  113.727280  0.346843  2.784509       7.681685   1321.629517   14.552485   7.668295  2.621956  200.133972
140  -2.308905  21.491402   39.282898  0.319479  2.873789       5.651737   1476.512573   67.465080   6.900848  3.652062  194.682907
141 -19.139042  -3.999839   37.949993  0.334961  3.639327       6.511637   1137.264648  198.104965   5.470218  2.797961  116.376129
142 -16.344231 -19.387312   85.655922  0.330088  1.080016       9.761025    962.773499 -226.645813   6.209298  3.093859  118.563438
143  -6.395464  19.487284   77.094444  0.247523  1.448446       9.220346    988.854248 -150.432007   5.971094  3.864008  108.072517
144 -25.103664  30.608509   71.196632  0.318671  3.519701       7.101006   1093.577271   80.442146   6.185271  3.247765   50.201195
145  -7.093001 -11.277930   70.834076  0.306271  1.703944       8.962730    744.313965  -88.090729   5.234440  3.174919   93.207428
146 -19.710125   2.056709  166.841110  0.331529  3.716853       9.412331    858.488831  -33.010445   6.612176  3.117868  194.215652
147  -0.803247  16.135628   68.780045  0.305918  2.582164       7.599235   1090.146118    6.307845   5.923422  3.980770  151.082840
148  -4.909154  14.583775   70.646477  0.338837  3.601249       6.567415   1735.282715  -42.766602   7.320842  3.303413  123.543350
149 -30.869530  22.034531  112.597702  0.325095  4.219072       7.815496   1399.658691   48.504539   5.370497  3.912443  202.445984
150  -2.115407  22.823587   38.513863  0.311748  4.017682       5.653925   1550.621582  216.322403   5.050474  2.851604  130.861740
151  -1.197621  38.372417   36.869820  0.337165  4.047316       8.269752    872.629578  211.018799   6.909815  3.957152  184.314774
152  -0.290744  -7.682076  342.879608  0.271451  2.739171       7.550803    907.678955 -135.835159   6.608590  3.859643  138.960037
153  -2.427358  16.540899   26.353251  0.309745  1.474972       6.303468    991.685730  101.505661   5.305474  2.292182  117.221565
154 -26.422775   6.232225   16.874634  0.288709  1.989340       8.813953    750.745667  138.070236   8.979684  3.496432  141.440048
155 -11.443732 -12.437654   78.186028  0.314256  1.787478       8.118258   1103.889893 -109.936180   6.590322  2.764037   94.988281
156 -18.927937   4.752006  152.954681  0.320103  2.368264       5.297832   1686.133057  137.883606   7.704663  1.837020   58.937653
157  -4.635839  31.081146   53.497627  0.303936  2.775821       8.532488    940.133545  190.875870   5.703593  2.105102   75.894402
158  -0.072793 -10.155695  282.584076  0.335176  1.520929       6.453000    909.049805 -133.223221   6.306410  3.747299  253.068192
159  -7.194562  18.696964   65.840744  0.309747  4.061922       6.041900   1782.914673 -221.306702   5.341273  3.805138  113.978294
160 -24.462198  38.262547   79.041695  0.347867  2.544122       9.856216    737.050476  227.069092   5.840764  3.542119  114.905731
161 -39.007133  29.441521  100.613152  0.341938  3.196673       6.599207   1245.551270  210.774841   6.779793  1.819630   66.893608
162  -5.321458  34.161579   34.983257  0.339059  4.392062       6.690039   1625.265259  196.688385   7.776004  3.706804   60.783154
163 -22.037201  37.605858   34.441948  0.275729  3.691342       5.022472   1360.886475  197.015518   5.061463  3.854115   69.314476
164 -11.569323  27.585829   71.597824  0.347775  3.966527       5.577925   1571.140747   25.351627   5.694234  3.808539  150.709457
165  -5.699838  26.490515   34.667770  0.248753  4.578688       5.386421   1667.720825  230.931107   8.196960  3.702041   82.072014
166 -13.677978  39.501694   68.665237  0.321530  2.691004       5.240159   1794.308350  140.242508   6.759488  2.334950   70.231064
167 -14.143235  -6.102573   98.653664  0.276449  1.546901       6.292184   1876.447144  171.240601   5.679380  3.932635  118.518913
168  -1.993158  24.292780   35.247059  0.229577  4.648459       6.282497   1330.867920  111.241173   8.092174  3.525079   85.216972
169 -10.957223 -12.081566  340.648285  0.337056  3.022571       6.476137   1343.932251   -0.870081   5.844138  3.631056  160.121170
170  -4.542503  11.889251   29.557974  0.319572  1.601835       6.220991   1221.730347   19.236683   8.300541  2.077076   76.134407
171 -11.347576  42.111931   21.793243  0.323853  4.045117       5.752096    790.025391  118.785446   6.311134  2.092242   67.309113
172  -3.874440  11.994887  332.139801  0.341107  2.140809       6.936821   1382.110352  236.910416   5.404320  3.814065  165.218887
173  -6.602562  -2.664847   88.301895  0.301083  1.434098       8.613422    720.058105 -203.001907   6.310294  1.610131  131.399597
174 -28.821365 -17.858027  134.058029  0.308066  3.176936       6.580266   1065.094482  155.803268   6.352005  3.541722   87.981789
175  -8.290510  43.725212   45.976185  0.304429  3.335901       9.307256    878.965759  111.541580   7.401839  3.973500   99.482353
176  -3.570624  37.665020   29.458336  0.310812  3.589597       6.588741    831.456970  210.020630   7.328525  3.022517   87.613380
177 -24.466961  21.408566   71.547615  0.327227  2.116326       6.031339   1114.046875  224.801315   6.864691  3.494154  155.364944
178 -11.186399  -0.631793   41.105022  0.309055  3.234007       5.617297   1807.932251 -174.692688   5.893670  3.119516   91.017136
179 -21.095634  22.887268   61.828342  0.317612  4.912052       5.970980   1329.600586  169.431641   6.859455  3.048712  127.438072
180  -7.341209  21.635609  345.677979  0.340780  1.517182       7.108470    776.677368   59.766613   5.621863  2.332852  171.505219
181 -16.780760  21.813028   59.965034  0.295533  3.733106       7.433362   1018.811096  196.968109   8.589858  3.911637   76.778748
182 -24.310602  17.320732  355.167206  0.334839  2.139842       8.982059    851.266907  201.819626   6.204210  3.760973  144.621796
183 -29.033182  25.002897   87.620491  0.326263  4.172660       5.463938   1113.722168  228.163177   5.988711  3.112660  132.004913
184 -15.365513  17.163160  151.023087  0.312883  1.411862       8.048724   1180.145874 -208.939301   5.134896  3.410918  129.989273
185  -3.125729  16.852882   23.822468  0.283940  4.793129       7.548337   1135.509155  218.696045   5.759013  3.744332   77.764893
186  -8.158836  34.751701   35.337509  0.324223  4.836131       5.354651    740.210754  170.119568   5.913842  1.958230  152.210342
187 -22.925301  30.581171  149.199860  0.327240  1.493844       8.367524   1528.748779 -182.358551   5.830339  2.356929  114.385117
188 -36.399921  26.579544   95.400536  0.343413  2.979562       7.032670   1275.618530   82.173111   6.663661  3.199609  118.261124
189  -3.366914  28.309694   53.481403  0.317295  4.713423       5.869891   1874.085327  203.381378   6.580391  3.972092  153.045731
190  -2.399200  23.805737   54.674892  0.298807  4.759454       8.519689    964.498535  242.878983   5.103959  3.396402  148.786621
191  -8.964665  25.835209   43.811287  0.323624  3.918120       5.562162    856.785156  185.574142   5.684519  2.148036  145.504669
192  -8.144823  17.427668  107.635704  0.311717  4.394127       5.394761   1295.792480 -212.825577   7.125149  2.216290   86.309799
193  -2.524713  11.567038   35.398834  0.348800  4.432636       6.140661   1256.391724  196.250320   6.051513  2.881491  152.915268
194  -3.092696  25.815899   27.335060  0.319927  2.936443       5.562653   1350.365479  182.888489   7.387897  3.394000  144.951935
195 -36.426018  19.020376   20.281504  0.334793  3.469460       8.747492    998.323181  204.709381   5.551167  3.458088   88.391785
196 -16.773214  27.586361   59.573902  0.277140  4.805289       5.374360   1875.057373  103.366104   6.871871  3.935614  129.053802
197 -13.909197  48.684605   69.413025  0.274399  4.183703      11.538092    973.740173  159.540253   5.292535  3.590375   98.067795
198 -25.696596  26.200367   85.142075  0.320346  4.751202       7.518455    931.803955   75.017990   6.793824  3.238151  110.197159
199  -4.302562  12.312281   43.383343  0.261104  3.651180       8.462735    933.987183   59.585461   5.233060  3.249040   77.569008
200  -8.761207  13.387188   51.251434  0.332813  2.199019       8.272311    947.603638  189.286972   5.998772  2.923077  153.984665
201  -2.115996  19.989317  109.603935  0.296285  1.986652       5.810815   1040.388306  173.095932   6.033212  1.711566  105.206367
202  -4.218882  26.574730   28.000067  0.313897  2.912160       7.244704    883.489685   75.081039   5.833965  2.812666  141.246338
203 -22.695837  -0.413732   45.294590  0.328184  3.244320       6.051225   1130.125366   85.506760   5.708061  2.075314  102.522896
204 -12.317697  40.900734   48.632133  0.342487  2.659286       7.684821    733.730591  132.007385   6.611785  3.041854  122.502594
205  -8.058743  15.638825   71.143906  0.346011  2.622389       6.164157   1487.274292  192.914719   7.399706  3.758874  142.099548
206  -9.068110  19.816439  121.217361  0.311434  1.566952       9.574437    930.713379  -64.441910   6.123834  3.976280  120.710915
207  -9.135401  10.785923  334.285278  0.311148  4.266064       7.286299    798.938354  247.302963   6.146933  2.300216  148.288559
208 -12.644088   0.109964   29.515959  0.346480  3.464701       7.430048    740.735840  246.320190   5.591824  3.425519  191.702881
209 -14.636904  44.188599   49.612823  0.324120  3.394812       6.274006    792.824402  234.633224   5.946990  2.382418   80.376595
210  -5.218771  46.841637   49.391289  0.348754  2.908211       8.387684   1012.448181  100.263260   5.607172  2.208302   90.586700
211  -0.136914  36.432236   46.133629  0.335830  2.258581       5.838219   1725.203735  239.556641   7.135418  3.117238   97.369682
212  -2.938591  22.003763   25.615046  0.324492  1.704324       5.357823   1333.134399  144.591934   6.174165  2.906670  140.014145
213  -9.043890  31.180763   49.149319  0.268588  4.186152       8.685328    910.297424  237.889114   7.234734  3.565364   80.568039
214 -15.740794 -19.854919   44.716949  0.328952  2.407310       9.368080   1025.495972 -158.077927   6.258845  3.109323   85.011650
215  -7.998021  31.614826   38.637177  0.329909  3.341469       6.410314   1272.741699  126.903526   5.151348  3.067494  124.490265
216  -5.234634  27.743500   10.520042  0.297165  4.625562       5.084268   1177.414795  244.117050   6.001616  2.794674  105.037064
217 -11.465247 -11.407966  307.262054  0.342699  1.634053       8.047754    953.990540  207.848892   5.134147  2.522690  165.667923
218 -23.051182  -6.969953   27.263691  0.346971  1.578123       7.497762   1471.159668  169.026566   6.768439  3.503170  184.889175
219 -10.202842  11.665556   38.847366  0.317328  1.834346       5.122088   1647.029175  -11.079790   5.238667  3.057523  207.813538
220 -34.152901   7.575491   72.231674  0.296859  3.427883       6.208595    749.161316  213.181305   6.345057  3.828015  134.027878
221 -17.815329  34.268524   59.606709  0.321292  4.955723       5.852790   1411.860107  204.944336   5.575701  3.759155  121.734650
222 -21.573912  23.066650   29.938475  0.219391  4.418159       6.025557   1153.533936  154.836487   6.819100  3.798998   51.295277
223  -5.769449 -27.988503   63.228172  0.346668  3.395394       7.412581   1072.862671 -176.931107   6.315826  3.157147  164.437347
224  -9.354284  41.257797   32.426182  0.344867  3.872180       7.314986    744.735046  189.753387   6.450151  3.985342  127.904251
225 -19.566704  30.686350   87.612801  0.300087  2.628413       8.819548   1022.234253   71.973633   7.442688  2.319297   55.736507
226  -6.441031  18.438551  128.026505  0.322720  1.114538       6.678161   1018.113159 -139.225311   8.685953  2.864541  202.153534
227  -3.580806   3.392478   49.593315  0.280340  3.471913       6.105971   1422.265015  176.678680   6.536521  3.556492   81.019363
228 -24.515583  12.203591   28.754341  0.340021  1.842279       6.573606   1603.621704  108.381210   5.055928  3.770370  170.226639
229 -34.413673  19.634071  335.993469  0.315369  3.046422       8.941656   1220.265015  231.169037   5.308414  3.322034  223.145813
230 -16.859880  16.785427   34.061638  0.325618  2.557905       5.003640    955.352539   95.970146   6.983644  1.835801  102.238304
231  -5.732786  25.967878   52.065563  0.272473  3.013445       7.715854    931.732666  154.441864   5.827734  3.696679  117.916229
232 -14.196652   8.167778   64.303467  0.287242  4.561333       6.867008    792.559875  218.107300   6.967154  3.003066  178.719406
233 -13.580992  45.591644   58.347424  0.349505  4.075277       8.117537   1093.338745  218.806610   6.575206  3.419857  155.352448
234 -24.004280   6.296820   31.222977  0.304089  4.213480       8.503880    827.039368  165.925217   6.574380  3.036451  160.662460
235 -34.716084  41.585075   79.864540  0.300220  4.004199       5.435438   1841.277832  195.555450   5.928442  3.328880   55.346352
236 -33.682556  10.486699   96.534103  0.303250  4.361989       6.995020    734.676025  151.898331   5.516630  3.757005  109.474899
237  -5.860808  39.660084   50.187489  0.319618  2.344447       5.833325   1415.105835  208.823502  10.714005  2.438581   64.496086
238 -26.761723   6.258096  116.845009  0.344968  3.074720       7.357682   1319.372559  154.949814   6.382638  3.129716  112.351715
239 -10.803946  44.744434   48.281269  0.300010  3.404490       6.974452   1553.696655   98.295631   5.046943  3.253128   60.172729
240  -9.019320  27.226919   62.210011  0.310932  4.087866       7.622554   1321.948120  219.487717   8.683125  3.463838  111.162064
241 -21.961655  34.791924   41.086979  0.319115  3.784647       6.019563    819.225586   87.501122   5.472006  2.695221   96.953957
242  -6.893305  20.853205   54.059063  0.319329  3.743269       7.048436    767.747314  108.213615   5.185140  1.868014   64.591576
243  -7.328196  28.932045   43.103039  0.274331  4.318062       5.590655    841.613403  183.245407   5.077294  2.406800  127.327904
244 -30.463076  47.421047   50.417099  0.323151  4.453404       5.139366    877.465515   76.439163   5.286345  3.683124   84.397888
245  -1.195687  31.713755   53.840054  0.347505  2.916331       9.276102    904.350159  239.121841   6.033926  3.271171  164.538528
246  -9.265812  20.759529   37.200386  0.255966  3.786134       7.068954    752.703979   76.966003   5.263251  3.597525  130.434616
247  -5.588585  14.270675   58.245148  0.311984  3.099690       6.442595   1337.528564  113.122650   5.100533  3.989866  102.685043
248 -22.878515  32.377277   68.596611  0.337846  3.471011       6.685951   1381.765259  200.699692   7.216197  3.558448  140.654175
249 -25.460026  45.671169   52.372131  0.330382  4.453359       5.137224    756.189209  247.355789   7.122867  2.930836   93.514023
250  -0.513601  42.084808   39.899368  0.334714  4.248484       5.087710   1444.739868  157.932892   6.859462  2.946498  118.232040
251  -0.086705  23.478741   28.556372  0.305728  4.588952       7.915200    848.688965  114.875824   5.341172  3.097960   87.339653
252 -12.059159  28.169630   27.542229  0.331446  3.383870       7.034143    809.556274  128.842331   6.873998  2.978564  120.584007
253 -14.801831  47.889126   46.155590  0.330543  4.582694       7.215282    787.397949  227.579987   7.691325  3.001550   52.012169
254  -8.617491  16.657637   98.355019  0.284504  4.668139       9.071315    802.075256  197.400101   7.413834  3.993016   74.137619
255  -3.256096  22.540081   27.262964  0.330626  3.435213       5.444462   1434.436890  109.766838   7.649901  3.438743  205.682526
256 -29.096649 -17.435654   43.822330  0.335087  2.675047       6.502049   1258.616089 -172.526642   6.409577  2.295114  141.873199
257  -5.678030  37.563908  339.347046  0.346090  3.189839       6.077675    717.499878  238.846207   5.377689  2.717065  186.001724
258 -17.525011   3.596435   84.778687  0.260306  1.738846       8.369900    972.042664   45.954922   6.368157  3.831125   55.093754
259 -10.301004  14.655614   23.036255  0.308019  3.553869       7.628832    910.749084  162.111145   6.934102  2.847014   95.651558
260  -1.312216  36.804508   41.365158  0.309248  3.280457       6.952550   1327.655518  124.305229   6.406565  3.935750  150.648849
261 -14.743818  24.966761   12.891052  0.345551  2.813612       7.157160    751.709045  169.914597   8.944390  3.864685  161.069092
262  -4.580945  18.951450   41.575405  0.346527  4.630055       5.265622   1542.964111  151.699463   5.708450  3.006401  131.610825
263 -18.056030  12.665851   56.230633  0.331089  1.906141       7.922226    810.885925    9.722247   5.745761  3.990255  127.701141
264 -13.041883  33.340385   71.298737  0.346011  3.968320       6.889483   1586.513306   14.300901   5.695371  3.791462  160.049332
265 -39.757420  32.787033   74.984070  0.324211  3.640466       6.285281    734.432373  206.144958   5.067650  2.821636   56.369083
266  -6.904471  17.067795   70.584076  0.327125  1.146112       7.837821   1305.896729 -166.702881   5.477657  2.685418   92.545303
267  -6.301087  17.924149  126.410980  0.332388  3.604059       7.243719   1190.971069 -193.418167   5.089210  2.585440  125.022820
268  -6.436075   6.944817   36.668076  0.286396  2.850836       5.628885   1541.425781  228.341965   7.143635  2.349633   81.066925
269  -0.859592   0.169268   19.307493  0.317126  3.950314       6.034411   1149.061646 -209.597015   5.866269  2.593034  169.337830
270 -31.880592  11.142612   95.033905  0.346783  2.769567       6.385566   1475.580322  226.728012   7.292382  3.415043   83.868240
271 -24.244808  14.186431  354.521301  0.298723  1.393618       8.333932   1143.472534  144.200882   5.324018  3.897285  140.811768
272  -0.988560  41.116962   53.594906  0.306418  2.563020       8.124919   1404.199219   84.140617   9.106915  3.529180  121.343330
273  -5.952888  36.130119   28.856094  0.301218  3.743032       6.654352    831.710876   81.783905   6.926877  3.248349  103.937500
274  -9.983838  35.789917   55.923874  0.294210  2.683025       6.932520   1447.653687  111.807327   6.127649  3.633897  135.219147
275 -10.964559   1.963882   57.883297  0.290552  2.124964       6.230417   1126.197388 -107.783882   7.325922  3.136950  165.729507
276 -18.312723  33.042362    8.064838  0.324233  2.723748       7.994230    848.459473  231.256180   5.378970  2.390494   55.715939
277  -5.732366  22.053581  342.578949  0.310482  3.855665       5.156730   1338.978271  130.728073   5.383038  1.973471  110.557175
278  -0.848395 -30.686377  104.547234  0.300547  2.836620       9.179494   1231.337524 -239.754303   5.445568  3.225753   86.228203
279 -13.429143  26.536112  339.183990  0.343671  1.889022       5.830432   1433.575684  199.937180   5.569709  3.285586  204.781921
280  -7.270432  13.507936   57.688938  0.319771  3.698021       6.670182   1135.287231  175.413239   6.090264  2.628242  108.403893
281  -6.676617  25.230846   44.220623  0.261719  2.603896       5.985877   1127.225708   55.919125   7.737413  2.465316   72.044899
282  -7.048610   1.257504   33.939999  0.343514  3.928190       7.448192    803.419250  173.128265   6.241416  3.151524  169.945450
283 -21.443628  16.127050   54.678345  0.286477  4.946682       5.223397   1187.632690  187.829819   6.359200  2.757878   89.226616
284 -16.707714  -0.651174  248.902710  0.288687  1.589418       7.632741    802.234558 -118.078323   5.830690  3.012836  132.718353
285 -21.886053  40.649010   55.809959  0.346569  4.084041       5.063212    834.996399   83.587570   5.381850  3.980859  222.404114
286  -5.188280  32.531517   93.678024  0.322061  3.721464       6.990639   1589.054565  173.466782   6.271552  3.426002  173.934937
287 -20.255859  23.282545   80.749596  0.274056  2.972572       6.660019   1442.778564   98.259560   6.869584  3.481591   71.813675
288  -3.364530  42.014633   48.542751  0.295621  2.490646      10.384262    879.194885  241.717422   5.644598  3.268749   53.642941
289 -22.073763  32.130432   53.401684  0.301636  4.656272       7.342468    716.760376   80.563713   7.252411  3.355679   71.763512
290 -19.106138 -12.714819   40.234035  0.249930  2.849976       9.591958    958.795471 -216.212753   6.539588  3.974458   98.967438
291  -2.137721  -8.237247   53.973839  0.325077  4.011260       5.672718    931.785767  121.256912   6.892788  2.423384  168.934021
292 -28.597551  14.297705   70.128662  0.323817  4.669963       6.726236    783.956482  209.941376   5.407657  2.610796  110.569183
293  -8.565619 -13.980505   26.745853  0.286670  3.139022       5.366197   1878.739136  157.151459   5.146248  3.568567  162.333176
294 -12.324882  16.684599   71.700340  0.349730  3.562662       5.164313   1485.439575  131.562225   5.388337  3.062898  209.138245
295 -19.753777  30.294838   81.388832  0.303713  3.756661       5.914569   1215.846436   71.941772   5.415604  3.509966  173.854172
296  -0.840249  27.339382   48.804020  0.261671  2.317337       8.698132    843.582275  -70.155983   5.242564  3.515437  131.074966
297  -6.445951  -3.835401   77.986351  0.310338  1.520387       5.895249   1980.119141  202.029526   5.870420  3.194583  159.452011
298 -32.117020  23.858774   79.973076  0.334064  3.829566       5.077918   1072.041260  102.068634   5.523201  3.498940  134.085831
299  -6.177203  33.300789   15.275615  0.347176  3.083144       6.273831    708.518860  111.248718   5.326989  1.618614  113.853287
300 -21.863754  28.986849   42.455685  0.333397  3.574765       5.824744    965.741577  182.249344   5.218614  3.915164   93.086052
301  -2.546785  23.336687   29.750093  0.331260  4.072872       5.850720   1711.226318  180.775589   6.892562  3.742156  181.377701
302 -13.322304   0.398004   74.052437  0.259062  3.334908       5.141374   1334.192749   -2.952453   6.112778  3.065082  137.408112
303 -18.584503  25.404303   62.662579  0.243849  4.555804       6.859670   1270.715698  248.878067   5.336636  3.582874   59.808552
304 -21.243160 -20.368452  192.482727  0.329229  2.211304       6.487556   1582.888672 -206.660522   7.769164  2.653848  104.968193
305 -31.289650  28.791697   84.374939  0.347166  2.045294       7.342408   1231.884888  202.377335   5.315749  3.790896  115.816925
306  -5.639707  10.513257   89.572250  0.292368  4.596915       5.434821   1790.888184   46.540909   5.457835  3.508351  151.383713
307 -12.149248  33.997414   49.720455  0.323394  3.922145       7.390824    700.627869  138.858765   6.223914  2.208365   61.622604
308  -2.137477  46.058712   30.531784  0.338461  3.896168       5.323385   1390.386841  175.609985   6.966431  3.639490   90.920044
309  -2.910652  26.381788  112.213181  0.299615  1.853626       6.739347   1740.203369  -41.119549   5.081896  3.289234  135.685333
310 -13.160256  14.700987   68.180099  0.335029  4.070220       5.174767   1966.616821   12.043543   5.163222  2.719047   90.488762
311 -17.449039 -15.255050   31.000584  0.341094  2.999085       5.306392   1390.390137 -229.670074   5.313814  2.286394  127.832924
312 -15.166142  18.135975   72.476616  0.310264  4.831219       8.577991    722.407471  145.690796   6.374369  3.662283  112.813087
313 -20.764080   7.357645   73.981171  0.298452  3.367343       6.751246   1007.338867   87.056877   7.174543  3.478416  149.892731
314 -14.011533  36.563278   34.911144  0.329809  3.624044       5.750867    750.399597  141.341019   6.355370  1.765611   75.254700
315 -13.772346   0.226971   68.733452  0.244084  4.222084       9.240567    861.870728   49.625748   6.004737  3.647538   93.124611
316 -16.223186  40.495296   50.928463  0.316387  2.964903       6.346359    922.338867  188.184692   5.582038  2.086299   54.387890
317 -24.161200  24.242323   51.168022  0.294111  3.179846       6.294243   1343.998535  229.258118   8.999057  3.071573   54.657452
318  -6.203429  30.732950  310.457367  0.334268  2.085187       6.194033   1537.702026  216.003479   6.283774  2.702201  100.380440
319 -18.102776  38.206013   73.053795  0.318463  2.941297       8.237436   1158.586670  127.737091   6.319581  2.946514   76.806976
320 -11.390882  44.429695   34.633373  0.288546  4.273046       6.912485    722.248901  104.407906   5.006814  3.998829  112.054977
321 -15.470055  34.205307   59.209663  0.300659  4.759661       6.659502    973.174133  183.967209   6.568269  2.789166  130.161026
322 -26.288761   7.627295   89.113327  0.322496  4.416533       6.516338    811.416016  249.395828   8.712114  2.986423  132.664780
323  -7.019643  -6.455040  119.785118  0.277017  1.270357       7.237886   1204.045898 -181.239502   5.703290  2.723642   59.441387
324 -17.762093  30.022188   16.223766  0.333340  3.590746       5.050299   1201.072144  187.890839   5.694571  3.102164   75.032204
325  -0.217432  27.569725   13.547049  0.348255  1.840345       6.353972   1438.180908   16.941231   5.747643  3.188229  118.444679
326  -9.352404  12.407955   48.672112  0.347741  1.964549       5.757975   1630.372314  174.816391   6.021373  2.421574  119.687286
327 -30.951965  -3.473892   13.320762  0.292442  2.423914       5.873181   1875.581421  221.327072   5.481974  3.454532  166.106873
328  -6.150444  -5.625997   45.622692  0.335683  3.493783       6.210131    833.296448  247.086868   5.065404  2.852653  261.476929
329 -24.962133  45.827229   68.278473  0.324598  3.765916       6.968999   1328.388794  198.946747   6.858732  3.122565   90.297775
330 -16.889519   0.836803  358.795441  0.341335  1.855547       6.378039   1441.450562  108.345253   5.244095  3.957205  192.435120
331 -11.448961  42.823040   56.970669  0.345345  2.826053       8.412548   1123.807861  167.093811   9.053519  3.812373   99.787666
332  -1.658991  16.120701   91.908905  0.305127  1.924099       5.760070   1646.964966 -157.886703   5.557492  3.300034  130.250641
333  -4.667529  25.801970   43.992760  0.311502  2.891687       6.036979   1125.016968   23.878550   5.870233  3.584414  136.797760
334  -1.059303  40.431915   34.633923  0.299283  4.269906       5.331206   1380.327271  216.652756   8.125676  3.474031  132.697357
335 -35.179581  14.363251    7.331248  0.319476  4.687924       8.516431    944.286194  199.630676   5.121193  1.430168   53.079800
336  -9.800517  25.350809   36.494118  0.295290  3.458688       6.691560   1021.565186  -14.576424   6.399070  2.773812   90.731880
337 -13.122472  34.024216   51.124050  0.339886  4.448637       6.127584    932.849609  224.259720   6.897606  3.982113  203.746567
338 -21.402056  43.879211   54.714378  0.310493  4.055233       5.195816   1451.517456  112.630104   5.777337  3.340554   62.740070
339  -8.230052  34.378593   40.802433  0.301329  4.002669       7.296834   1132.031982   95.216064   5.316073  3.513036   54.067276
340 -38.801888  38.116741   75.553772  0.345760  2.853947       5.555553   1691.302002  224.640717   8.737940  3.452066   55.498116
341  -3.883043  23.669622   86.622498  0.340488  2.209203       8.648829   1291.530151   34.017296   7.446239  3.282776   79.885963
342  -2.036295  21.661245  337.282532  0.322759  3.438749       6.291130    720.351135  215.114899   5.405067  1.475033  132.820740
343  -8.289555  48.439232   47.511482  0.308010  3.461997       7.379540   1038.292114  219.633896   5.136272  3.029664   71.135048
344 -10.454311  19.713722   47.582111  0.315465  4.054325       5.212883   1918.988770  223.351868   5.791731  3.119031  106.794945
345 -29.286350  41.088516   77.884300  0.340426  3.649698       8.105292   1071.858154  184.064468   5.359085  3.741674   98.334518
346 -42.507721  41.834229   79.440819  0.309166  4.746533       5.533599   1240.476074  186.440094   8.194180  3.540989   53.320171
347 -12.977230  37.400959   58.088154  0.261875  4.595273       6.492406   1467.700806  121.749817   5.969967  3.512222   91.393944
348 -17.628677  20.348202   74.480919  0.330983  1.920209       8.119090    820.077942   77.789185   5.774978  3.101799  152.640915
349 -13.821012   2.398463   80.982185  0.325431  1.945576       6.054778   1242.950195  138.172516   5.973337  3.211568  102.173622
350 -15.307790  37.438774   60.970097  0.302605  4.812301       7.378618    999.713440  180.834579   6.409446  3.308033  125.470695
351 -10.044456  30.086147   67.496948  0.346992  4.416434       8.434926    934.552368  116.014908   5.303113  3.244065  156.213364
352 -10.693996  24.890198  332.408997  0.301033  1.553052       8.908148    822.145325  207.037949   8.260218  2.315141   99.997963
353  -9.735022  34.988396   68.983612  0.310479  4.064315       8.056496   1291.300415   58.833405   6.218316  2.524413   93.083786
354  -9.702748  32.414696   47.039829  0.322130  4.079353       8.279892    762.252441  207.402267   6.906246  3.741391  129.794922
355 -26.038027  21.660555   59.010513  0.348123  2.868471       5.673978    996.540833  186.879105   6.479542  2.381195  154.664139
356  -3.356555  31.562485  354.078278  0.308909  3.997833       5.801363    715.663147  175.874939   6.958008  3.298391  183.320572
357 -20.091269  27.127958   65.646370  0.338295  2.168894       6.013551   1544.665649  170.249847   5.119891  2.911357  112.429047
358 -12.382380  32.551636   35.926781  0.317883  2.939394       5.046633   1212.291260  246.721268   7.615057  3.564922  118.030930
359 -22.191286  14.854125   65.893219  0.337255  3.466415       5.277529   1078.181763  132.877899   9.770763  3.609082  152.026245
360  -3.301699  20.703005   34.189407  0.290759  4.107217       5.136439   1217.332397  168.276276   7.570212  3.912409  206.711227
361 -13.426154   0.336166   46.399849  0.269915  1.326441       8.140865   1161.038330  -66.463974   5.960461  3.881546  101.496338
362  -5.918609  32.921188   38.680233  0.263771  4.576396       5.384269   1518.103271   82.972771   5.430473  3.836874   90.927330
363 -14.631444  21.478531   46.948669  0.315566  4.094862       5.774111   1269.171997  220.643967   7.239658  3.034390  188.589081
364  -2.613335  -8.157622  330.249359  0.320375  1.038326       5.945671   1595.963135  -16.717167   5.087004  3.746691  136.577438
365 -24.760891  16.320482   79.756134  0.257249  4.060725       6.404882    843.403809  225.840912   6.061947  2.875070   87.395462
366  -1.182101  17.976501   61.774059  0.244312  4.141239       6.462872   1137.763794  161.042404   5.893248  3.139290  117.876266
367  -8.303717  33.770756   45.830753  0.329958  3.886113       5.040059   1204.684082  109.950745   5.718504  2.564080  101.216187
368  -3.507793 -19.923328  104.046066  0.334184  1.003794       7.751466   1257.118652  -40.935299   6.443182  3.555852  185.507706
369 -26.417202  31.830240   43.294582  0.303727  3.884721       6.584164    782.937317  131.803406   5.440936  3.884210  138.342773
370 -16.404594  17.819624   56.623043  0.312363  1.362616       7.460940   1065.899414  202.500900   6.720344  2.531195   95.277039
371 -16.577934  30.489079   81.457603  0.345406  3.394342       6.705226   1544.499268  218.810120   5.854004  3.578479  152.410904
372 -17.320330  23.943056   43.602802  0.266557  3.753497       5.678877   1341.987671  229.360092   8.587379  3.965640  112.298531
373 -16.094334  14.744395   41.787945  0.307805  4.705437       5.519487    964.311951  219.505753   5.229568  2.454621  109.712563
374 -11.507080  21.714333   60.073032  0.312020  2.174001       7.122530    859.958191  134.310867   7.733063  2.367025  143.691681
375  -2.448817  29.785433   51.925987  0.284419  3.440646       5.667270   1146.397583  137.186295   6.766484  2.691435  151.979507
376 -13.060499  26.902182   40.501591  0.338486  1.885852       6.827595    983.621643  139.581039   9.210720  2.763988  170.043365
377  -8.360785  -9.086341   32.092236  0.275719  1.124425      10.337518    724.128784  -23.500135   5.395545  3.157480   76.172974
378 -16.815363  35.990913   50.136314  0.328798  3.330607       6.922538    809.418945  214.971985   6.056557  2.508851  122.919815
379 -25.815168 -23.462259  334.008331  0.269703  4.579647       8.463983    764.128418 -180.859894   5.556975  3.466918   76.767548
380 -20.132275  15.571571   34.548985  0.321912  2.828460       6.449010    971.899658   42.283192   5.457845  2.669883  116.285515
381  -6.567248  21.338539   64.676399  0.286977  3.538871       8.121008    982.677856  -70.008667   5.290040  3.826499  123.788437
382  -0.085625  25.549377   26.329653  0.278378  1.976464       8.298846    755.777893   96.155914   6.557072  2.789649   88.682541
383  -1.205149  37.626648   44.489761  0.348484  2.101046       8.823400   1359.119263  217.054794   5.229609  3.732895  125.506821
384  -8.846052  38.412941   57.932720  0.315482  3.585730       7.665372   1424.634644  125.507156   8.402645  3.500665  123.783813
385 -19.719547 -41.896297   18.913313  0.284330  4.419316       7.746935   1545.552246 -104.504074   6.101978  3.029186   84.286331
386 -24.228498  12.755663   70.366699  0.345641  4.850002       5.889928   1058.255127   22.813881   5.359630  3.820709  131.349670
387  -6.203382 -12.674953   56.038998  0.297617  4.069032       5.658742   1463.044678 -178.836624   6.121584  3.293474  153.549179
388  -7.291193  37.550220   29.569429  0.336925  2.735177       5.710778    861.079895  234.309982   7.205375  3.698395  204.554916
389 -31.465767  23.778816  100.534538  0.335725  3.337152       7.324821   1495.533325  131.578720   6.627488  3.447639  125.946785
390  -4.332087  15.666553   60.150772  0.342398  1.818910       6.164308   1313.257446  100.389603   7.803924  2.231894   71.847557
391  -1.732272  40.305340   25.508780  0.327875  3.496768       5.281277   1091.963989   31.968510   5.232759  3.229757  116.563194
392 -16.897615  27.420319  117.243706  0.349099  4.602585       5.835199   1440.461792  -77.484406   6.276343  2.226217  186.175262
393 -24.880974  25.984686   69.200722  0.275192  3.151987       5.891674   1021.351440  179.532440   6.879237  2.687993   65.491066
394  -0.728745   4.739695   64.329414  0.280764  3.614556       6.138344   1768.233398  243.271759   5.978970  3.382174  111.908112
395  -7.257888  -4.242216   25.175564  0.320077  3.852891       7.385227   1450.285400  114.069214   5.124078  3.251981  108.907738
396 -21.521578  35.689297   65.644730  0.336790  2.435149       6.213459   1944.584106  236.371689   7.602446  3.843321   72.199402
397  -4.931196   6.172950  137.686676  0.325272  1.354711       7.065034    807.822510  236.263641   6.580363  1.347330   62.040226
398  -4.598075  30.639696   62.291756  0.323314  4.341524       6.741228   1006.818787  226.068710   6.930856  3.430305  228.733047
399 -21.411734  21.171848  225.405960  0.349240  1.865614       5.832558   1057.793091  -82.835907   5.178891  2.954001  199.222031
400 -16.498064  22.085308   42.803921  0.339686  3.946617       6.889492    749.651123  217.980392   6.844138  2.488929  166.950745
401  -5.529091  32.703617   25.294245  0.272627  4.747530       5.707787    959.394470  231.588058   9.385333  3.611309  138.301025
402 -19.383814   2.956284   49.838139  0.296822  4.085535       5.224549   1387.119019   65.516449   6.802702  2.832266  149.132660
403 -18.812532  40.604706   58.434078  0.341034  2.540720       5.252611   1605.961670  179.568405   9.154164  3.165219   77.576614
404  -4.655611  21.880045   56.488251  0.272580  3.340881       7.320165    833.845276  200.501617   8.400049  1.907160   72.234299
405 -22.033272  31.995577   72.147568  0.309351  3.755238       6.492540    751.081421  150.861542  10.228901  2.203712  112.115929
406  -5.822910  25.170219   50.593201  0.289537  2.013243       8.773846   1336.848145   69.319389   5.483594  3.904042   98.541901
407  -4.543814   4.709526  307.517914  0.308361  2.464064       8.228900    816.758301  202.262497   7.162662  2.307441   82.072113
408 -21.648346   7.318329   76.333229  0.339005  1.753342       6.811523   1549.800293  120.837852   7.828919  3.909989   95.209183
409 -12.813758  12.532749  305.834259  0.331728  1.639567       8.754839    864.778870  184.262726   8.594507  2.653015  132.498398
410  -4.941933 -23.692118   97.789848  0.304450  1.631711       9.517157    715.105042 -222.020309   5.069932  3.100569  159.187881
411 -11.118315  34.284340   93.888847  0.341877  4.700296       6.709795   1059.140747    4.416798   5.833343  2.218755  255.991882
412 -19.060326  36.749683   78.059196  0.343727  3.569673       7.998585    722.425415   78.768547   6.244697  2.743369  170.372055
413 -19.381968  38.668194   62.838509  0.324341  2.641257       5.831521   1027.823608  145.147614   6.412846  1.791094   59.941837
414 -11.746761  14.791726   38.428581  0.337326  1.839393       5.942958    973.989563  163.845673   6.814411  2.388580  168.533463
415 -21.939384   9.300181   99.392746  0.316908  3.395150       5.688375   1463.390503   10.814553   5.021901  3.151000   78.330719
416 -24.386953  16.765667   64.057877  0.295016  3.840401       7.663776    881.924805   94.765785   5.605045  2.983963   61.151596
417 -17.816954  28.324648   33.612350  0.298585  4.100305       5.060503   1014.721436  185.556076   6.382175  2.806368  107.835922
418 -40.616398  18.356440  123.422951  0.340247  2.485417       9.137220   1727.517456  205.085022   6.162648  3.875004  142.826172
419  -0.992280  26.788298   58.122688  0.313859  3.198972       5.855071   1245.853271  -27.258677   5.287869  3.767030  227.780411
420  -7.963578  18.457439   21.693903  0.331315  3.601218       8.076599    746.365540  166.697342   6.792076  3.305843   98.812401
421 -12.249683  19.452267   24.757280  0.324541  2.519956       6.594091   1361.330933   57.094204   5.614892  3.728361  118.502121
422 -16.906174  27.712126   81.606255  0.265767  3.155293       8.269947   1619.830933  199.508621   5.012666  3.925681   99.819191
423  -3.684210  17.135395  101.475563  0.344480  1.262022       9.093420    975.501953 -144.074722   6.246654  3.028584  110.099609
424 -30.698061  -0.354528   10.171001  0.343551  2.973745       6.617044   1097.604858  229.634628   5.647574  1.337652   93.655769
425  -8.173815  25.435322   41.764084  0.332226  3.416343       7.829949   1081.960815  106.795273   7.841797  3.190467  105.625229
426 -34.116295  27.601767   96.584373  0.323095  3.950456       7.128413    782.574341  184.562759   8.196758  2.447578  154.881241
427 -14.515924  24.817575   66.886925  0.339712  4.057856       6.224296    806.231445  141.191208   6.310861  2.781477  195.600510
428  -7.706332   3.291501   43.895535  0.242300  2.332018       6.854541   1176.212280   -1.402450   5.813423  2.643243   70.980766
429 -13.763811  40.830120   53.216267  0.324159  2.626191       5.321020   1899.179077   45.047901   5.811327  3.176164  105.298279
430  -8.454474   3.862394   89.181259  0.339650  2.436939       5.992952   1702.408325   87.074570   5.970828  2.995990  160.235672
431  -3.110844  34.879738   38.128609  0.279813  4.739034       7.635255   1215.690430  190.798035   6.894874  3.507429   85.141159
432 -11.963709  10.037570   87.998177  0.320242  1.206560       8.508512   1124.235596  -46.311436   5.890855  2.867274  106.997833
433  -8.572745 -12.769111   25.985161  0.295451  3.199670       5.860144   1167.994019   31.963278   6.337855  2.231659   71.461777
434  -0.666006  27.370537   38.252884  0.326671  3.711827       7.985765    805.088013  160.967209   6.447664  3.275339  119.267181
435 -36.279556  25.811705   83.490845  0.332379  3.394563       5.772485   1603.012573   59.932247   7.409597  3.858919  121.516312
436 -21.330500  -5.861189   43.194275  0.256053  3.447558       7.153152   1073.428467  186.351547   5.086605  2.741625   68.883194
437 -11.302590  20.845228   36.885208  0.321652  2.164909       6.383604   1234.969849  129.012817   7.157867  3.091439  127.598701
438  -8.582889  -9.994187   36.714649  0.282613  4.255418       7.379102   1159.527344 -164.242767   5.958758  2.347579   94.399284
439  -4.914012  15.794895  305.356750  0.314338  1.654349       5.755778   1382.610229  202.685471   7.073787  3.319176  172.386261
440  -8.547793   6.289515   52.586006  0.277400  2.916862       6.749002   1803.242676  201.933044   5.427586  3.635294   84.230927
441 -10.319862   3.285523  310.250214  0.327794  4.025649       5.420601   1356.357056  139.085495   5.123918  3.631892  229.898499
442  -0.450414  30.210148  124.069496  0.298612  3.771337       7.195946   1796.145386 -238.391678   5.993634  3.560884   81.889931
443  -4.541264   8.684425   94.981369  0.313217  2.695469       6.296606   1058.634277  -58.688435   5.961728  1.767108   84.941574
444 -24.736540  41.687943   50.229774  0.331172  3.741599       6.237717    866.066406  219.016953   6.600502  3.850182  108.482445
445 -16.762829  29.626791   75.279205  0.250077  3.978258       6.804640   1028.026611  184.643967   6.122676  2.841403   90.006851
446  -1.844858  20.893934  124.656998  0.343337  1.763115       7.467978   1105.678101 -175.250320   7.092361  1.949528  136.567154
447 -11.797837  30.642973   46.105389  0.331756  3.070469       6.703427    740.325867  185.587616   6.075129  2.097780  109.849602
448 -14.048831  13.227743   79.651901  0.290649  4.174209       6.599524   1159.368530  163.623764   6.989066  3.416298  136.625946
449  -4.827126  -7.805810  357.621429  0.268954  3.245625       6.303822   1247.346924   87.402443   5.887233  3.060135   94.177986
450 -17.601761  20.382980  355.103973  0.328914  4.127883       6.218691   1345.668823  189.088043   6.055263  2.427467  121.349953
451 -12.651467  38.270596   54.207699  0.328986  2.669612       6.121736   1642.621216   42.051624   6.487131  2.714114   64.970436
452  -3.884950  30.213713   84.382103  0.296906  2.678249       5.339308   1725.185059  -26.826365   6.964234  2.193800   50.637695
453 -22.501303  34.900391   12.104955  0.339551  2.921105       5.885910   1163.964478  190.778778   6.922688  3.348074   68.151138
454 -21.376442 -23.039103   18.032318  0.322123  2.030363       7.729454   1047.001587 -229.877411   6.199553  3.258868  147.422470
455  -1.281952 -21.118362  292.516998  0.314927  1.389247       9.801968    861.691956   86.163185   5.013473  3.286275   95.680298
456 -25.968531  -8.446295    3.937776  0.282569  1.595421       7.773610   1411.764771  201.024750   5.160048  3.502585  137.443954
457 -16.522743 -12.677809   29.926012  0.321574  2.774702       9.776022    842.314819   19.176403   5.527329  3.288180  142.640518
458 -14.294941  27.059591   34.976364  0.348075  2.342128       5.201649   1610.963867  113.599022   8.503065  3.714759  157.930313
459 -17.839979  31.560320   94.061089  0.314820  1.932257       9.213943   1243.060669   10.442336   5.668888  3.788649  109.601257
460 -17.510139  40.748665   57.482391  0.349037  3.824117       7.424385    806.851318  198.716507   5.988689  3.291979  156.170624
461  -2.816887  19.493650   73.597046  0.333463  2.213221       8.834050    893.330627  -35.922390   5.179087  2.478637   66.600243
462 -11.889085  36.811024   37.268497  0.277833  4.521535       5.741444   1632.371216  239.786911   5.384551  3.966177   88.889488
463 -15.901793  38.398697   56.243221  0.341488  4.191866       5.815693   1217.859863  246.566483   5.212191  3.024428  152.561417
464  -7.281333  31.202749   41.939987  0.330846  3.932931       7.383680   1105.213379  242.295563   5.441942  3.881269  138.228729
465  -1.138698  38.665127   36.875313  0.329791  4.128043       6.586431    812.448364  171.012177   5.518492  1.816058   65.085617
466 -18.842417  29.347383   83.543365  0.307610  3.008248       7.810488   1001.533264  178.599350   6.139256  3.058937   95.345253
467  -7.770150  41.165749   77.389496  0.336741  3.947560       7.156652   1451.703003  137.859085   6.559618  2.213133   90.735603
468 -28.880465  37.100586   65.151382  0.301456  3.679549       6.427451   1040.338867  219.899078   5.983494  3.583838   68.991600
469 -10.928411  24.764685  142.084885  0.296634  2.475715       6.621357   1061.892578 -184.012833   7.107053  2.985759  162.549637
470 -14.732665  28.666027   71.791992  0.290958  4.550779       7.995186   1099.214355  118.251427   7.071617  2.781772   75.049370
471 -16.152523   0.673274  135.476166  0.270605  2.263119       8.183347    840.133179 -239.794312   5.659533  3.126096  110.202187
472  -3.865736  -5.990472   43.338100  0.267414  4.565082       5.424653   1843.927124 -218.840790   5.844187  3.785542  132.634995
473  -9.065878  27.268175   67.605492  0.300768  4.161158       7.220142   1760.990112  219.507050   6.814693  3.137898   88.356697
474 -22.101851 -30.108906   89.848770  0.310511  3.035488       8.642872    768.772583 -197.029175   5.848327  2.817487  133.333466
475 -25.253202  16.957024   96.346504  0.338233  1.984266       7.965910    870.760071  104.220016   5.106028  3.132970  141.513123
476  -7.539057  -5.436740   20.202623  0.299110  1.956702       7.726459   1402.583008  100.104607   6.073625  3.453011   87.521614
477  -1.355814   3.638895   67.763336  0.268833  2.077214       7.367049    720.064148  -56.169731   5.637111  3.606380  173.573959
478 -34.561531  35.692066   77.569496  0.329810  4.303540       6.456735    846.843201  212.634171   6.618603  3.996447  128.049118
479  -0.415810 -11.283360    8.787222  0.338879  2.835758       8.332466   1037.483643   -0.163686   5.327638  3.074389   93.123116
480  -0.001342  46.256054   64.848221  0.308459  1.831999      12.902555   1090.182007   46.632641   5.706130  3.263671   76.106300
481  -9.014390  36.072247   78.093254  0.320154  4.130147      11.432092    748.781616  188.059677   6.048847  2.837598   97.783424
482  -1.419066  24.872391   37.703644  0.312567  3.296978       6.196046   1807.219482  150.208954   7.253483  3.651793  151.739609
483 -22.436308  43.822182   50.431416  0.343225  3.488875       5.905080    854.444153  187.977798   6.060004  3.970664  114.900993
484 -27.366774  -4.888409   22.738586  0.299092  2.882916       6.666187   1184.412354  246.107986   6.074774  2.208229  129.907013
485 -13.190285 -24.151413   57.665440  0.248966  4.205509       8.111935   1353.644165 -188.939987   5.702304  3.107232   93.822067
486  -7.183486  30.510883   17.956663  0.320491  2.610512       5.803034    820.520020  173.282684   6.207191  2.835394  174.361343
487 -39.187920  32.013321   88.673798  0.306242  4.551223       5.022316   1640.062866  244.100296   6.012747  2.947489   52.551308
488  -3.051232  16.246029   12.535370  0.294164  4.432812       6.096196   1368.736572  112.406036   5.562192  3.454004   80.974899
489 -22.255564  30.552887   65.286354  0.342993  4.647453       6.453696    951.684570  185.777008   5.964256  3.404147  103.369652
490 -25.959126  -0.140934   92.719643  0.328022  4.671639       6.030622    925.303101  157.785980   5.240535  2.163748  159.657410
491 -30.309576  17.967588   83.692390  0.341516  4.648718       6.391766   1146.939697  122.236839   6.487223  3.868091   90.577621
492 -13.552934  17.944468   84.412590  0.303035  3.011031       5.017899   1891.419434  109.423820   6.365249  3.526993  113.720352
493  -9.257660  -0.245400   36.346008  0.278136  3.470392       5.684722   1095.100342  198.434235   5.990534  2.777404  144.823318
494  -2.796159  24.206871   39.483078  0.301674  2.447806       9.319246    885.458435  202.519028   7.709509  3.456414   81.694931
495 -11.816107  18.503418  340.869873  0.316667  1.938431       7.197085   1209.265503  196.565155   5.684847  2.320903   79.252426
496 -16.816313   5.847847   51.103729  0.280020  3.764273       9.200009    807.263733  109.531235   5.365569  3.183024   85.535362
497  -0.845382  29.573292   82.687134  0.318899  4.034110       9.300679   1639.150269   88.728340   6.386848  3.724479   57.871494
498 -23.352329  29.706518   72.316315  0.306367  4.110346       7.027147   1128.547119  171.874939   6.648447  2.339444   68.098686
499 -12.203451  33.510250   63.125347  0.253875  4.982363       7.022386   1125.807739  242.329269   5.540828  3.287159   84.581161
500 -34.624500  32.544758   79.299454  0.344347  3.172082       8.153017    744.915100  239.513351  11.031755  3.480754   69.697258
501  -6.051839  31.798813   46.695103  0.309094  2.921743       6.004997   1173.921021  146.265045   8.634793  3.637264  149.396606
502 -22.334179  40.297005   58.156734  0.348966  4.147791       7.008536    800.314636  124.346069   8.266132  3.138082  158.028793
503 -19.581415  27.479050    9.220520  0.287900  3.219510       5.459504   1317.282227  217.313614   5.794832  2.622379   92.479897
504 -17.115009  18.053183   79.313751  0.318265  3.550495       6.761198   1099.460571   24.756836   6.587180  3.273116   80.492737
505 -26.096544  23.672256   58.569191  0.263641  3.473843       6.446162    756.481567  105.021164   5.079638  3.629333   87.391907
506  -7.577471  46.463581   45.427807  0.342612  4.247183       6.931799   1311.558960  247.253281   6.620787  3.181962  118.802490
507  -4.168816   0.294206   18.712992  0.287390  3.567051       6.485801   1449.559448  180.292755   5.038353  3.842598   74.317627
508 -42.456879  18.504000   91.898132  0.309512  3.663591       6.897666    925.531677  175.602600   7.794272  3.673382   63.010262
509  -7.184013  18.758530   17.079149  0.219554  2.519051       8.572694    887.122620   89.733192   6.687308  3.619970   56.713871
510 -12.020333  25.286482   57.954861  0.334220  2.885489       7.194636    894.927734   -0.388832   5.707558  2.794897  138.617828
511  -8.108102  33.673744   48.045464  0.336337  2.377972       5.423996   1918.981934   39.363243   5.767197  2.433974   95.114693