           lon        lat        inc      D1AU     delta  launch radius  launch speed    t factor       B1AU     gamma         vsw
0   -27.513699  -9.341433  62.405933  0.286239  4.643415       5.759060    713.431396  -19.180395   9.112031  2.784712  101.020393
1   -13.215705 -38.054996  51.398735  0.338586  2.418046       5.712189   1043.175537   23.579153   9.155482  1.215236  202.903885
2   -26.679064 -21.893669  52.284237  0.292906  4.685142       8.345490    802.902222  -42.803951   7.962615  3.501315   96.190880
3   -17.363888   2.121654  42.957558  0.295205  2.537172       5.611971   1465.304565   82.734253   7.793483  3.225831  139.793259
4    -7.145415 -25.344639  55.376301  0.218403  4.336584       7.164872   1783.892090  -11.707373   8.019027  3.579033  185.596207
5   -11.291670 -15.667883  51.279846  0.228670  3.510326       7.797703   1018.968628  -75.492462  10.171124  3.094883  103.936279
6    -8.676326   3.934165  39.360386  0.331698  3.835620       5.159585   1609.910889  -45.738186   9.017259  3.586625  239.581238
7    -1.142287 -13.805285  57.395096  0.264794  1.323202       6.975370   1269.192505  -15.109179  11.316930  2.183519  125.925400
8   -14.787469 -19.635572  52.238426  0.257845  3.975859       6.094465   1283.770142   42.153004   7.379193  3.826574  188.895691
9   -23.621920 -12.004923  44.005672  0.211284  4.792853       6.856884   1545.902100   69.744743   9.771910  3.789127   85.694336
10  -25.768692  -6.158530  52.949520  0.257602  4.378552       7.662221    835.912903  -31.015566  10.026376  3.362037  140.598297
11  -16.926245 -22.632956  52.223370  0.214896  2.945158       5.563881   1932.253784 -118.089516   9.152198  3.387776  164.723740
12   -9.148255 -26.433830  53.315636  0.335236  4.494894       5.174092   1255.503052   28.609255   9.840377  2.317313  106.219093
13  -22.397886 -37.991222  58.675037  0.343325  4.196409       7.522302   1341.183838 -229.175995   5.232720  2.434780  171.005371
14  -19.313198  -0.520784  36.618996  0.278996  4.443154       8.863347   1035.978516  109.750641   8.642420  3.481575   97.607384
15  -10.391177 -19.287338  38.588947  0.346569  1.935287       6.581944   1491.694824   60.396751   8.652628  3.798644  253.909958
16  -21.062508 -20.944105  62.504852  0.305006  3.115185       7.339963   1318.267090   70.673462   7.081970  3.658190  123.776886
17  -11.297958 -26.936853  55.636036  0.314865  4.013680       6.309799   1649.876099  212.326477   8.962030  3.743482  197.776245
18  -24.619049 -13.694109  33.975254  0.270196  3.827951       5.896993   1376.619751  134.944305   8.055655  2.548688  158.049179
19  -44.075436 -18.294168  38.379250  0.327826  4.880481       9.891965    924.112122   19.431843   6.776257  3.052555  253.161514
20  -21.048183  -0.343985  50.349892  0.249974  3.670102       5.772543   1018.215149  -27.330875  10.760650  3.050379  167.288040
21  -25.312990 -14.566372  40.762741  0.302367  2.263876       8.717386    933.082581   -4.880748  11.078444  2.678969  167.595474
22  -17.392950 -34.105793  49.721870  0.281392  3.495324       7.393138   1264.425537  -72.309914   8.472168  3.691903  261.280823
23  -16.254820   2.749546  36.053898  0.349563  4.790855       5.332478   1126.739746  -21.525297  10.476531  1.991832  143.296326
24  -15.929618  -3.003692  51.198212  0.224019  3.161001       8.091298    770.346558   -0.886341   6.943258  3.642887   57.904392
25  -27.877258 -25.350628  54.254734  0.253368  2.099498       6.062168    717.297424   40.856934   6.782939  3.402832  307.116272
26  -21.654135   7.330980  65.560684  0.279050  3.203544       5.124528    966.323669   18.808661   9.452455  1.353306  145.248596
27  -31.905312 -26.253639  56.487579  0.275508  3.493624       8.784009   1071.129761  -41.780281   7.144950  1.726166  180.022873
28  -22.448690 -11.398739  37.677849  0.242769  3.796191       7.900840    995.924927   38.207912   9.952816  3.426809  129.400665
29  -20.949207  -4.974320  36.903740  0.230924  4.599266       5.675675   1098.485474  182.004166  10.467088  2.169612   66.222702
30  -21.489550 -21.210823  58.819885  0.329825  1.124618       8.837675   1012.128296  -70.028908   8.794557  2.341512  130.754288
31  -31.832678 -10.086812  38.509327  0.275465  4.163503       5.235764   1280.595825   99.695587   8.568287  3.545920  318.134125
32  -13.347686 -21.189314  56.929493  0.242218  3.953200       7.654488   1117.549194  102.595779   7.718513  3.985807  112.117958
33  -11.527425 -11.978297  37.972073  0.349102  2.856291       6.367934    920.522888   44.292065   9.956972  2.426050  308.953308
34   -1.460613 -37.273033  66.671707  0.290314  2.319382       8.070729   1100.165161   10.508394   9.921198  3.667998  191.636475
35  -29.689217 -41.171192  55.211918  0.348429  1.005646       9.386259    893.028687 -129.871094   6.320911  2.131683  464.828125
36  -24.487448  -8.284061  39.681728  0.287355  3.942150       7.015426   1055.801514  154.240265   8.508010  2.873379  249.888290
37  -17.766579 -14.418467  20.841074  0.272659  2.533212       7.440117    713.245972  133.173706   7.401938  2.935076  348.761749
38  -12.200119   4.526151  51.929165  0.289780  3.732847       7.425892    846.968201    7.527261   7.720819  3.231671  156.431763
39  -18.714422 -16.079920  39.530506  0.349875  2.592944       6.545162    751.125000  -17.013271  11.190221  3.927644  416.654114
40   -2.380692  -4.008165  45.956047  0.257816  4.386634       7.056602   1241.967041   85.192650   8.548220  3.740419  189.279099
41  -27.406836 -15.281609  30.862471  0.322244  3.347497       5.186936    819.758423   19.825945  10.661289  1.853171  286.727936
42  -30.307110  -7.956519  51.938366  0.306509  1.750390       6.287456    782.060486  -13.970703   8.224346  1.119576   59.958088
43   -8.156077 -19.460579  46.982182  0.334957  2.775435       6.627659   1085.254395  -21.394831   7.714213  3.551875   94.656586
44  -19.994692  -6.451068  50.940929  0.268647  4.239191       7.383214    836.622925  -53.410423   8.474147  2.669868  211.606277
45  -25.309885 -13.994259  58.821854  0.312050  3.939538       6.770439   1120.879761   17.986271   9.547836  3.756164  182.537949
46   -9.827425 -14.358191  45.518414  0.217154  4.660088       7.305141   1059.096436   18.682899   8.764525  2.161248   69.286049
47  -28.139490  -3.914793  35.182426  0.287832  4.242633       5.896664    969.617859  119.536705   9.010757  3.536409  202.283051
48  -19.192699 -31.961098  60.994659  0.264111  2.496194       7.375926    734.848450  125.324821   7.596756  1.455931   77.916000
49  -26.978704  -0.106062  56.728611  0.246905  3.116493       8.197606    785.770142   -2.088043  11.488727  3.236064  263.876404
50  -16.057207  16.832640  56.762276  0.298249  1.373562       7.487102   1386.074097   13.465138  10.111531  2.456012   86.735901
51  -22.604881 -15.782646  41.317703  0.201641  2.776471       7.684457    926.375305    3.588628   8.086658  3.836449  180.138016
52  -19.632524   4.322208  35.520245  0.332136  3.442636       7.074965    876.173645   94.517258   8.920254  1.857666   89.167679
53  -16.225780 -28.750605  29.382395  0.348037  3.110448       8.267172   1194.048340  -33.539608   9.384073  3.529191   95.170059
54  -10.158632 -47.698242  63.290340  0.219591  1.016086      12.418800   1343.784668  103.956520   9.254994  3.979561  116.489990
55  -16.280331 -30.243147  57.034016  0.209001  2.074841       6.323813   1158.661743  119.935104   9.065164  3.150026  165.858994
56  -11.301023 -35.863003  71.681572  0.286360  2.205383       7.993014   1031.021240    4.269057   9.460671  3.323260  279.741882
57   -3.693829 -26.595898  58.432133  0.253128  4.244781       8.190925   1120.913696   38.812710   7.901557  3.378257  160.895294
58   -6.639648 -18.588837  51.958126  0.309724  2.458633       5.268163   1342.588135  -66.063087  11.993550  2.675804  107.315117
59  -19.513414  -4.094134  50.423847  0.312515  1.698954       7.522973   1174.391357  -52.320591   9.624179  2.560364   66.066071
60  -37.378151  -9.767430  43.447525  0.303122  4.592080       8.457009    847.717346  -81.801445   6.897344  3.476412  195.701767
61  -11.154621  -6.998958  46.499180  0.200465  2.022860       5.435925    906.029663   21.532581   7.887855  2.515125   92.345253
62  -13.310473  -7.804530  53.457012  0.339341  3.599962       7.725142    715.778442   67.374023  11.989794  3.761055  114.644585
63  -13.244834 -13.853086  42.360165  0.307524  4.199228       7.162980    842.647949   85.864365   9.370884  2.316149  130.745453
64  -11.191649 -15.908117  44.536346  0.234454  2.285892       7.391633   1505.359619   14.579885   9.753351  3.828410  116.218834
65  -24.539782  -9.769506  43.193127  0.316659  3.983995       5.985137   1227.329590   -1.949378   9.645582  2.616929  216.799484
66  -24.073500  13.812737  34.804359  0.338824  4.250323       5.934896    924.357544   27.396318   7.592196  2.322461  140.846329
67  -21.256073   7.389483  21.805317  0.335026  4.165847       5.275904   1650.166260  195.944382   9.023403  2.631751  147.804031
68  -16.878874 -12.351624  44.136086  0.213103  4.256392       5.188403   1184.154053  197.758224  11.809250  3.783429  114.494003
69  -27.850895 -16.487879  51.354591  0.203700  2.425079       5.367174   1502.830933  -84.347061   9.299260  2.145240   69.583054
70  -27.856270  -1.946185  44.869083  0.309842  4.302238       5.529201   1214.178833   68.721184  10.027781  2.463341   92.423958
71  -18.378790 -46.621410  55.568249  0.324622  2.077482       9.813159   1114.882446  176.087830   8.977592  3.564387  299.885437
72  -17.454411 -17.536974  55.590168  0.316396  3.381444       6.650756   1273.950928   22.379425  11.224021  2.779166  112.057922
73  -25.578943 -25.855652  38.862072  0.287203  3.919460       7.191616   1434.934937  131.386246   8.885664  3.180519   83.652969
74  -16.269390  -6.863093  34.792477  0.205725  2.272008       7.733699    790.048950   84.606171  10.084220  2.763060  136.690628
75  -21.950062 -19.431875  41.854748  0.244924  3.971689       6.182049   1218.323120  -70.060432  10.422180  3.420739  115.551186
76  -14.073199 -11.575294  50.592529  0.273051  3.900641       5.092443   1411.543213   96.235420  10.783965  3.894376  180.474930
77  -22.559088  -6.416913  31.030119  0.312819  3.512353       9.092652    815.460571  119.836784   8.604455  3.638595  265.047333
78  -35.282448   6.505761  23.857515  0.303162  4.465567       6.667985   1776.013672   47.822048   7.639388  2.308729   83.977524
79  -15.781830 -40.651649  67.232635  0.342059  3.012214       8.801906   1333.406250    6.897641   8.249858  3.033739  162.397552
80  -30.147581 -13.480223  30.389265  0.201942  2.848102       7.107455    734.921021  -39.701748  10.142089  3.207669  181.490570
81  -24.236891 -27.713963  51.947422  0.317374  2.702196       5.451551   1478.640259   84.879265   8.045112  2.558712  278.630463
82  -10.225294 -30.735771  61.748493  0.311004  1.794478       6.300231   1043.810181   84.022896   9.346720  2.620828  151.864059
83  -32.515282 -15.141101  18.705441  0.331860  2.931690       8.859560    992.206604   79.368546   9.108510  3.306772  332.100281
84   -6.296950 -38.931278  46.970135  0.276397  2.291788       8.613819    866.318420   31.403160   8.135363  3.521962  241.955780
85  -17.367617 -21.830399  41.388100  0.265820  4.624460       6.198055    902.053894   46.904003   7.146575  2.943878  199.241302
86  -18.547138 -27.677114  48.001831  0.333457  3.292640       6.991326    786.638611   90.014442   8.175596  3.492919  225.332336
87   -8.576067   5.720412  18.244915  0.315446  1.800552       7.038533   1431.209595  179.793732  11.670692  2.863205  123.377296
88  -30.552328   9.743425  52.978786  0.288746  3.003648       6.213343   1113.640991   13.290964   8.356553  3.589884  156.058929
89  -31.822521  -8.069002  53.566357  0.292487  3.401689       6.778458   1025.877441  -44.796383   9.401771  3.202434  259.533234
90  -13.385380  -9.766627  55.429585  0.276276  1.211488       5.077234   1786.928345  -17.103882  11.925132  2.221652  161.474167
91  -33.247791 -20.392355  36.555283  0.256048  4.118331       8.950637   1142.446777   12.807291   7.053674  1.322714   62.951771
92   -4.714490 -23.695902  55.657036  0.323104  3.625981       7.847647    945.607544   -2.278676   8.936271  3.492112  119.744652
93  -28.146996 -19.877331  35.070385  0.300088  3.027841       6.173546   1272.957397  -28.264797   7.827463  2.288404  198.997406
94  -12.026776 -14.194254  60.979641  0.246346  4.144091       8.769235   1377.706909  -68.381592  11.853252  3.961842   83.618050
95  -31.926331   1.248872  44.179890  0.283874  3.883967       7.327016    911.986572  -72.866798  10.515501  3.968808  158.791626
96  -11.736727  -0.164143  35.633690  0.337880  2.574181       5.605549   1369.254395   89.958984   8.194391  3.144821  153.780258
97  -31.779928 -29.249044  27.927870  0.259549  2.845047      10.043116   1567.882324  160.931885   9.698926  3.637009  255.312943
98  -13.240620  -7.675769  63.851402  0.280524  4.669190       5.392597   1500.414673    8.838120  10.073874  3.385756  126.072533
99  -30.266951 -18.228130  15.807118  0.300988  2.670098       9.425791    907.059998  160.180222   8.024042  2.200377  264.553741
100 -29.111620 -10.149535  58.494934  0.319371  4.222937       7.508146   1149.928345 -120.050987  10.025122  3.234325   82.693932
101 -18.405806  -4.369555  47.413651  0.316184  3.658659       6.055041   1708.068237  -94.439491  12.213536  3.766405  115.709564
102 -11.647369 -33.104069  54.599678  0.276295  3.447904       8.080333    899.755554   64.575493  11.270949  3.505065  209.241287
103 -10.611787 -45.854519  60.436302  0.224583  1.974905       6.467593    898.847839   56.288097   7.722012  3.853315  365.774933
104 -21.365755  -2.158993  41.809296  0.312128  2.202183       7.364152   1116.366089   50.692570   9.690866  2.309412  109.901230
105  -4.895496 -31.793671  43.817562  0.248996  4.183956       5.603714    945.125916 -179.271805   6.271108  2.880245   83.994720
106 -33.969742 -32.294373  19.185530  0.264650  4.145748       5.039926   1381.905151 -153.758179   8.133012  3.631984  289.089661
107 -18.933554 -31.861965  54.848579  0.233049  3.522613       7.181283   1152.005493   43.788261   8.299091  3.428436  269.732330
108 -17.283464 -33.569168  45.208755  0.329249  4.352733       5.950069    861.671265  -25.521580   9.323612  3.302511  367.362030
109 -12.398815 -26.223917  54.460903  0.296749  4.330500       9.689459   1231.235352   31.088415   9.721758  3.926571  183.778824
110 -19.774323 -10.578354  40.421722  0.319342  3.164482       7.460268   1222.180908   28.682634   9.303687  3.411525  148.382965
111 -18.514244 -32.680801  40.229099  0.271463  3.061564       7.205054   1138.130249   60.796574   7.999939  3.160203  111.492622
112 -23.744768  -4.948171  57.957150  0.217449  4.035464       9.095054   1072.737305  -11.160747   8.721685  3.896089   94.024094
113  -2.083755 -39.114727  68.483589  0.282345  2.556889       6.757355   1369.446167   56.260132   6.997144  3.273326  321.266541
114 -27.127365 -27.569750  40.451508  0.317547  4.747819       7.005967   1458.579834  -21.105091  11.776101  3.340292  211.004517
115 -21.214947 -19.443529  56.809666  0.234136  3.820684       5.964394   1946.992798  -83.691338   9.911614  2.587099  155.516571
116 -13.496050  -7.238928  57.499603  0.207015  4.594207       5.038230   1354.571045   72.035812   9.461592  3.889685  132.825058
117 -23.773424  -2.845677  46.369560  0.263376  4.081016       5.567643    813.572510  154.380051  11.086380  3.008383  206.146667
118 -12.630365  21.095238  24.969421  0.323835  3.449708       5.036582   1977.024536  235.444870   9.375029  3.150166   57.357250
119 -19.527582 -16.466972  38.613422  0.313867  2.576518       8.248496    798.803711   79.010727   7.843886  2.526415  108.243774
120 -14.553232 -25.066568  39.122444  0.317056  1.103024       5.124185    722.458252    5.158894   6.428613  1.876186  280.315918
121 -12.302246 -14.825243  38.742397  0.240081  3.245455       7.417162   1526.197144   36.331760  10.490420  3.194278   88.548531
122  -6.963202 -24.570072  57.310146  0.274675  3.206831       5.672303   1228.010620    7.895967   9.818275  1.528662  102.641022
123 -14.589207 -13.949332  53.668362  0.302121  2.738539       7.141590    780.898804   -4.258628  11.878119  1.343980  109.714180
124 -17.572321 -11.269265  39.217037  0.307048  4.266222       6.168421   1848.010498   73.165665   9.023067  3.091565  174.846497
125 -15.536139  -2.458557  44.034611  0.282198  4.458707       7.676775    868.989685    6.659545  10.511860  3.875406  271.110748
126 -34.100452 -26.215023  33.040989  0.300293  4.754674       7.514892   1729.320068 -121.983604   8.219995  3.400495  147.004333
127  -4.001092  39.362164  71.024490  0.324572  1.178629       7.149431   1882.509766  164.001816  16.936592  3.717934  219.860123
128 -15.412042 -21.075108  48.064041  0.257851  4.108262       7.567344   1419.135742   68.385391  10.091228  3.464718   93.200043
129 -20.580017 -15.322608  40.124878  0.261265  4.781176       8.273118    943.184204  148.040314  11.413662  3.805579  230.145477
130  -3.854770  -5.687474  41.690594  0.336715  2.758394       7.615860   1026.503540  124.672737   9.736443  3.626071  281.530853
131  -9.185606 -34.070950  69.069649  0.312050  1.738201       5.556042   1633.428345   35.915344   7.662614  2.874906  178.176147
132 -20.954134 -12.364280  31.941961  0.282359  3.351996       6.432836   1056.800171   21.411949   9.376551  3.041496  197.433823
133 -12.013949 -32.692551  58.500191  0.214549  1.297691       7.651053    854.356567  103.472160   8.510509  1.270605   61.515659
134 -16.692614 -26.258963  33.260506  0.338593  1.243105       7.450014   1456.228394   31.671122   9.749209  3.094496   70.320541
135 -24.524971 -29.594957  51.291729  0.234033  4.484425       6.640396   1264.047485  -72.568764   9.079248  3.171718  220.450195
136 -14.409058 -36.346413  54.763676  0.301539  3.063425       8.791456   1121.823242  -93.601479   9.945215  2.936039  163.232513
137 -33.612381 -12.953981  55.703018  0.232872  4.763853       7.515475   1259.046143 -129.636246   8.738646  3.615431  122.964653
138 -12.448619 -24.521002  45.965694  0.215028  2.255645       7.255669   1135.218018 -104.806961  10.987748  3.966527  115.485535
139 -11.083269 -22.238012  38.720486  0.286411  4.826361       5.765642   1750.944214   28.452877   9.389230  2.086505  105.891014
140  -4.003284 -17.554552  56.915283  0.307884  3.127714       7.491347    958.205688   45.487103   9.925717  3.175456  209.530884
141 -27.729033 -17.260853  20.460674  0.223750  2.024493       8.714128   1726.893311   63.486740  11.573623  2.659276   79.000572
142 -34.895554  -0.804970  22.177452  0.238653  4.932305       9.459991   1298.829346   54.731602   9.092329  3.458366  183.232513
143 -37.575195  -9.873428  41.574596  0.277081  4.355318       5.781177    985.356628  -30.075926   5.473149  3.759331  247.440048
144 -14.081709   2.167008  40.982620  0.257435  3.996338       8.025124    817.074768  137.018387  10.631670  3.415455  182.262466
145  -4.020769 -32.404392  62.910625  0.292896  3.711175       8.751083    729.183594  -50.729637   7.797277  1.847566   76.423561
146 -20.531172 -21.470310  42.735172  0.235882  3.600330       6.958341   1593.531982  129.224777   9.824952  3.174195  185.369308
147 -20.599297   7.054989  25.818361  0.300977  3.610495       6.248543   1119.507080  147.042740  10.144239  3.711783  238.191086
148 -27.251114  -7.337698  38.389423  0.286896  4.586202       7.838962   1263.114014  123.791496   8.475166  3.979128  251.330780
149 -25.624823 -32.031734  66.231895  0.224817  2.802468       9.352600    864.630859   36.029560   6.708211  2.875614  138.425674
150 -32.046059  -0.278068  51.498623  0.210842  4.701087       5.767368   1872.889160   -4.053432   7.287568  3.682877  160.945999
151 -15.104952 -17.613150  47.252010  0.226406  2.617949       8.342393    856.399292  -27.104719  10.111647  3.025684  132.778809
152  -6.830799  -4.719645  33.369938  0.243684  4.041005       8.106842    863.553833   96.444977  10.298264  1.751764   71.210854
153 -13.952786 -26.131058  46.359386  0.323355  2.694787       5.115301   1041.648560  -26.882381   9.231325  1.830874  138.124161
154 -27.387987 -12.683958  43.761181  0.307111  4.304465       5.294315   1835.870972  -41.895638   8.046006  3.079860  171.874619
155 -17.315941 -28.984638  38.710640  0.264122  4.925699       8.454339   1213.092529    2.926338   9.411036  3.794021  117.256615
156 -18.811768 -13.930699  51.148849  0.303252  4.404785       5.108078   1893.207153 -123.522743   8.879257  3.691074  160.909531
157 -30.626188 -18.322451  42.877941  0.286257  2.639262       9.406593   1113.271606   46.787361   8.627261  2.097752   82.327568
158 -11.257524 -27.421450  55.668484  0.299060  1.022135       7.845745    902.719299   88.111656  10.916483  3.165879  234.536819
159 -32.094223 -35.419384  56.081165  0.295511  3.869780       5.988882   1001.085815   15.918585   7.602325  2.892166  340.158630
160 -26.345203 -14.963857  36.240562  0.300411  2.635595       6.384595   1385.225708   58.884811  11.838380  3.704955  198.581161
161 -34.291172 -44.052250  45.409561  0.347787  3.747081       5.814651   1417.062744   16.735537   6.106357  3.841589  485.893158
162 -24.431957 -11.801311  27.469351  0.287095  3.255326       8.555474   1151.760254   37.786057   9.161436  2.057858  135.458481
163 -14.674800  -8.231696  21.540777  0.268371  2.882424       7.803939   1313.723511   65.020363  10.263903  2.932580   76.643456
164 -28.207972 -20.694532  41.021519  0.287426  2.704140       6.901691    861.042603  -24.258116   8.953365  1.976757   81.930122
165  -9.678268   9.541700  28.037426  0.294189  2.705309       6.077960   1214.274902  151.054062  10.149768  3.017354  194.774597
166 -10.287587  16.388674  49.821934  0.292667  1.862332       6.075810   1081.229370   65.551552  10.002750  2.315912  171.444138
167  -9.832233 -32.260033  61.630512  0.250926  3.333588       7.835886   1612.900024  104.744278  10.973187  3.818931  176.599091
168 -26.031876 -23.609356  43.405540  0.307773  4.786333       6.802645    773.186279   86.294357   5.892418  3.031138  411.211853
169  -9.181954 -20.336876  50.120682  0.326076  3.215817       6.411986   1190.690674    0.171804   7.952599  2.475449  168.240845
170 -17.412420 -31.758410  54.549156  0.285115  3.158648       6.510232    917.760437  -57.900848   7.241605  2.116176  320.364288
171 -15.218179  -8.566012  29.724339  0.259237  1.769585       7.995480   1346.348389  107.188965  11.224132  3.332820  171.980881
172 -27.382828 -34.399948  56.151913  0.333918  3.470287       6.126706    974.112366  189.257751   8.656687  1.888930  289.708984
173 -12.023993 -15.521132  66.909813  0.278090  4.086998       5.213030   1509.489502   28.101137   9.427999  3.123041  178.597549
174 -13.929551 -11.649144  48.016499  0.241152  2.696989       7.907238    945.346924 -189.140747  10.767448  3.915702   61.393799
175 -20.060745   2.123112  54.778023  0.250868  2.245099       7.012712   1447.901611   43.703518   9.459006  2.789257  105.906372
176 -10.895369 -20.591724  52.071083  0.303768  4.067565       5.182311   1401.509888   99.529007  10.415727  3.685266  145.520081
177 -29.404308  -9.480944  34.731480  0.344994  3.712296       8.078238    903.275146   72.620369   8.661781  3.348880  265.419678
178 -14.535775 -11.854981  41.901367  0.235922  1.105997       7.462082   1283.380371    7.515887  11.646781  2.496550  105.064995
179 -17.116583 -35.196178  53.875473  0.224710  4.026498       9.025858   1054.527954  185.800659   5.499517  3.219422  178.549301
180 -17.673647 -14.914655  49.318577  0.278030  3.472995       5.409351   1611.809814   77.905128  11.303422  2.611663   74.104874
181 -13.231631 -24.008585  47.101307  0.301280  2.388484       7.264270   1742.818604   21.700918  11.223426  3.171130  128.499100
182  -6.753257 -11.682173  43.818718  0.245319  4.548212       5.810378   1404.866577   58.534203  10.216535  2.326491   92.839691
183 -28.476316 -20.144388  63.263893  0.273098  4.755436       5.217297   1374.555176    4.562321  10.839450  2.704098   85.013809
184  -2.456264 -25.366507  57.664356  0.259440  1.679523       7.322113   1651.718872   13.832773   9.928272  3.537662  171.870270
185 -30.205439 -38.207180  37.223938  0.313054  2.322254       9.311345   1279.718140  200.304367   7.692899  3.913765  403.395233
186 -25.903444   5.530876  42.259686  0.348448  4.225684       5.116120   1321.499023  -20.413006   8.278347  3.110831   86.085403
187 -29.729057  11.835277  30.613379  0.337773  4.646583       5.583190    975.378235  -31.673885   9.017572  1.313705  194.960098
188 -14.428222 -15.924768  49.638508  0.245503  4.259142       6.304730   1545.327393  102.264061   9.832638  3.235905   51.059597
189 -11.055497 -21.354992  60.749489  0.308532  3.803674       8.392022    739.725159  103.007751  11.645048  3.697021  118.602997
190  -4.156428 -30.070961  39.065933  0.239978  2.078768       7.468599    786.716553   49.468918   9.624890  3.661031  218.570007
191 -33.571823  -5.354883  43.363354  0.281641  4.797622       5.755937    766.138245 -134.687012   8.335437  3.676587  180.364365
192 -31.865919 -20.519995  50.934139  0.346574  3.695827       5.196356   1498.713013  -12.419430   8.263077  3.595728  226.630600
193 -17.409605  -4.669182  66.365479  0.282456  4.865433       5.635592    903.929077  171.029419   9.770076  3.971298  288.112762
194  -8.739921  -9.710243  35.664677  0.321763  3.907091       8.215142    990.687439   40.586147  10.609934  3.243833  142.196747
195 -19.416384 -23.294519  42.199978  0.289247  3.661104       5.818858    818.659607  180.411652   8.570700  3.195356  198.321747
196 -11.947225 -19.261547  45.363083  0.285484  1.884372       6.580828   1602.241577   24.921755   9.452157  2.386781   58.728832
197 -28.138433 -20.652370  47.320683  0.319981  4.907384       5.836068   1046.843140   43.581039   7.336616  3.623316  299.321472
198  -1.691367  -9.685562  43.827477  0.345996  3.517402       7.840753    783.590515  132.883484   9.668887  2.872654   61.259151
199 -10.880284 -21.469070  68.774979  0.284876  1.647841       5.852420   1047.095703    4.231650   9.402552  3.053179  142.481064
200 -12.895488  -8.525428  47.599098  0.307540  4.896141       5.932755    717.419983   -0.218836   8.066732  2.529783  139.335190
201 -23.350597 -31.879025  63.285404  0.347541  3.192345       6.098634   1449.195557  -65.271172   7.125935  2.624703  147.576553
202  -8.055242   2.161475  25.593346  0.299058  4.610543       6.561959   1147.284912  110.427933  11.809471  1.479802   88.426895
203 -22.587055 -16.675764  44.879345  0.293086  4.717019       6.745840    842.343384 -183.843643   8.015694  2.475460  163.414307
204 -11.382006 -19.196211  30.001026  0.286577  2.217295       5.034146   1523.465210  213.935608   9.055583  2.077242  145.606506
205 -21.445564  -8.846156  40.119671  0.279744  4.400976       5.851742   1635.595825   25.717815   8.921833  2.579360   95.175179
206 -25.795738 -22.272970  27.658604  0.282249  4.602094       5.908267   1828.282593 -116.847900   9.119067  3.901043  143.134705
207 -10.161523 -11.158055  42.775730  0.276662  4.355192       6.846497    918.167969   85.779350   7.934017  3.804399  324.429596
208 -29.875927  -9.719954  60.755459  0.277831  2.793185       6.695972   1556.485962   35.156509   9.714233  3.575789  148.984161
209 -38.229019 -25.575644  33.262836  0.278481  4.748096      13.927872    808.695251   -3.679373   9.423669  1.812203   80.835175
210  -9.291681 -33.307529  47.305874  0.237208  4.809767       8.969634   1252.932983  -20.843300   7.720445  2.548198  104.876671
211  -2.010803 -43.176243  57.609535  0.330767  3.048095       6.862386    918.518005    5.665973   5.812696  3.159593  461.589417
212 -33.318638 -31.942404  36.739822  0.341868  1.772949       5.712504   1137.297363    3.584287   7.152606  2.160376  345.081512
213 -22.257833 -16.157089  48.152206  0.200729  4.348083       7.984693    942.987305    5.301293  11.110651  3.479863  103.789085
214 -22.262829 -15.935752  53.174942  0.204264  4.210166       5.898009   1006.283691  149.450317   6.897643  3.262493  197.076340
215  -4.086015 -24.215553  42.264740  0.255882  3.220544       7.576611   1766.283936   68.357224  10.332921  3.676426   84.769257
216 -17.526112 -22.868744  51.375927  0.336775  3.087445       9.838452    933.457153 -154.586487  10.251804  2.840096  158.430557
217 -24.937984  -6.429548  51.651463  0.307579  3.820224       5.954078    857.251404  -38.002800  10.756977  3.829350  268.630188
218 -17.694700   1.664416  37.445217  0.272014  4.252971       6.427817   1096.775391   21.870417  14.116733  2.464670  112.075417
219 -16.174520  -3.445225  22.762499  0.202840  3.389364       5.062410   1947.219360   39.272453   7.582928  3.528584   75.839226
220 -31.851360  10.098952  42.198803  0.312168  2.855845       7.951721    938.670532  -26.167442   9.397205  3.130666  146.483932
221 -20.225840  -0.193535  58.623226  0.281959  4.642098       5.092728   1120.511230 -109.329865   7.273817  3.415549  180.956436
222  -5.720809  16.065702  39.162430  0.275174  1.823074       5.698300    955.223328   83.951439   9.921337  2.621043  145.561478
223 -29.153027  11.604727  48.847504  0.257440  4.710144       5.163935    795.310120   76.266098   9.196549  2.251336  152.892471
224 -17.813463 -10.035448  57.076923  0.217440  1.827150       7.640566    757.053650   -8.056465   8.689537  3.555893   99.723145
225 -18.594027  -1.335970  46.458225  0.333836  3.897762       5.950486   1229.081543  -37.692127   9.916233  2.412745   60.826870
226 -12.439345 -12.007494  38.777031  0.278179  2.698476       8.595052    860.649536  100.090401   9.951072  3.440421  232.538361
227 -25.813322  -2.609300  40.643990  0.286024  4.544071       7.675955   1379.723511   80.731689  10.600052  3.421077   72.153305
228 -13.801726 -21.425493  49.539673  0.346095  3.933317       6.867388   1267.139404   12.016275  10.572894  3.421275  371.899750
229 -13.945285 -21.575413  53.283333  0.338099  4.772030       6.567564   1594.651245   21.547478   7.763920  2.612539  187.133469
230 -29.125431  31.775320  77.811539  0.342245  1.848018       5.068897   1338.328857  114.328011  12.277475  2.300998   88.334396
231  -1.277444 -20.717615  48.970070  0.348504  3.628027       5.842162    870.782166  -88.197365   9.419088  2.174305   62.463093
232 -26.390356  12.069138  39.187717  0.281261  4.750371       6.649463    703.756592  -20.148861   8.017217  3.342049  337.401550
233 -19.033655  -2.241173  46.313381  0.258097  4.064563       8.358392   1132.928833  169.007843   9.003823  3.151920  113.074554
234  -2.562356  -1.944110  58.344879  0.240873  4.684466       5.297421   1873.939331    2.239039   9.001015  3.926983  141.913956
235 -30.100161 -12.584907  46.264072  0.311613  1.529959       5.030270   1645.558350  -53.002018   8.423789  2.727985   83.137840
236  -8.859778 -17.663151  57.428024  0.334981  2.529650       6.094158    874.355347  -92.023506   8.414981  3.964945  209.450333
237 -20.589472  -9.678069  43.790455  0.333438  3.952240       7.234067    790.779724   65.079796   7.994482  2.206768  116.985939
238 -22.857590 -16.842714  39.402836  0.267969  2.563778       9.234205    863.549622  -27.066181  10.374189  2.340765  242.039993
239 -20.388321  -1.199263  46.552063  0.343091  4.948439       6.828089    928.756042   48.233025  11.698694  2.670371  131.844467
240 -23.698494 -15.036390  49.609234  0.266694  3.370395       5.667312   1212.774536   -3.644295   6.313848  3.618650  330.652069
241 -19.363270 -15.104859  57.963261  0.242499  1.981555       7.433978   1166.068604    0.459612  10.304876  2.691745  114.831009
242 -33.965729 -13.079246  48.135208  0.338395  1.674683       5.280323   1867.281738  -55.368256   9.406049  2.537974  192.249344
243  -2.529563 -17.085758  46.396278  0.233316  4.228897       6.712776    905.602966   88.957123  11.229774  2.059222   84.375999
244 -26.394890 -10.653924  22.478529  0.234084  4.005287       8.435422   1192.497559   59.771729   7.787381  3.388603   91.135788
245 -11.785553  -6.027553  53.851501  0.327775  3.274292       6.186432   1012.540466  -20.679548   9.310320  2.446142  219.008713
246  -5.911643 -20.629923  49.213959  0.322351  2.848891       9.758489    764.497314   29.091074   7.578132  2.382477  104.533592
247 -23.594780 -30.152468  42.402351  0.244343  3.953258       6.083949    883.561340 -135.109680   8.348883  3.414097  416.463806
248  -5.007759 -14.859179  49.661171  0.252268  2.005208       5.464258    932.561218  -51.305820   9.345654  3.061223  114.363434
249 -21.511379  -6.851964  40.534824  0.303836  3.985654       8.057731   1251.004517   -7.764203   9.039243  2.574765   89.811073
250 -23.245279  -7.392184  51.576561  0.267254  4.527133       5.869017   1976.548218  -15.443632  10.380426  3.094443   80.142647
251 -18.522625  -7.710671  45.851658  0.259862  4.622560       6.497998   1685.599854   67.844254   9.603944  3.288956   98.897247
252 -17.232828 -13.749328  59.287460  0.306357  2.847600       7.113205    955.069153   42.121685  10.246623  2.932707  170.112198
253 -17.193291  -7.610012  50.141567  0.320284  2.460123       5.426018   1602.718750   54.513611  10.564730  2.476439  103.257660
254 -30.077713 -19.930841  55.379307  0.310550  3.224643       6.734332    911.168335   13.818253   6.273394  3.842137  267.000183
255  -7.274191 -36.241352  46.493145  0.243829  4.893065       5.991664   1229.948853   98.406456   8.228633  2.077410   99.407448
256 -21.025661 -14.760353  30.395164  0.322473  3.126255       7.622268   1423.887939   65.612274  10.563520  2.171181  110.235344
257 -13.662903 -30.848886  58.104156  0.300912  3.351999       8.082802   1086.912109   41.376888  10.149155  1.460792  115.553101
258 -23.752068 -14.623742  27.891033  0.208673  4.489919       8.164149   1409.373657 -153.900970   7.616758  3.562186   81.791374
259 -18.618223 -21.669386  52.736195  0.339015  2.082724       6.303399   1285.864014  -93.129974   8.087903  2.396627  149.657196
260 -20.722597  -9.016776  26.189285  0.318157  4.051663       7.482193   1284.814331  234.904327   8.421006  3.197953  212.096054
261 -23.449345  17.253496  39.551403  0.339774  3.466022       6.360105    889.501892   76.848465   8.508104  1.811551  122.036133
262 -13.902854   3.169941  42.109325  0.241269  1.867640       6.654948   1195.398926   47.093067  10.573935  2.663952   50.209839
263 -30.323414 -34.604958  38.851578  0.284973  1.675212       8.961065   1025.233276   50.402637   7.958853  2.258385  246.443604
264  -7.916285 -19.879934  50.296616  0.207270  1.059376       6.214699    712.982666  -10.449680  10.422009  3.393659  192.439163
265 -27.312738 -10.903680  46.765774  0.339506  2.449839       5.226452   1847.753296  -20.449509  10.667657  2.812256  119.735680
266 -17.846346 -19.059341  54.738544  0.306890  2.184584       6.748284   1428.031982   64.942764  10.485715  3.863132  173.460266
267 -17.177080 -25.632383  32.627472  0.346445  4.309211       8.293137   1195.379272   41.313431   7.996217  3.117959  241.649628
268 -32.566952 -19.662090  52.568241  0.295385  3.706376       6.123054   1692.997192  -68.403343   9.729964  3.045969   85.326042
269  -0.414695  -4.109793  43.191341  0.278143  4.199522       9.250254    889.484192  -36.990959   9.913523  3.121896   76.260063
270  -7.863837 -12.492126  50.219776  0.305970  3.599157       6.304751   1474.671143   44.251690   8.001180  3.520463   95.949173
271 -13.740981 -25.664930  46.723679  0.307023  4.147965       7.289697    995.745667  -81.448273   7.270677  3.726485   72.402740
272 -24.267578 -13.037448  53.479168  0.309370  3.868756       8.313405    795.099854    3.804256   9.435944  3.636749  128.504715
273 -14.128969  -4.840639  39.980831  0.247121  3.116278       6.643485    716.702393    7.712301   7.802866  2.982450  113.986534
274 -23.897621 -24.612080  28.352882  0.243815  4.681454       6.476854   1748.595459   74.671959   8.896468  2.824268   68.079849
275  -7.019304 -13.967245  54.851234  0.268884  1.809511       6.760204   1248.459229   47.399494  11.932484  2.983696  112.531387
276 -17.586950 -26.863043  54.987766  0.232545  4.652032       7.459755   1741.570190  189.923492   8.635182  3.910254  160.994934
277 -12.494435 -21.980480  63.428036  0.277055  1.114379       8.577197   1182.585327   23.081797   7.594033  2.724404   84.193222
278  -9.977290 -20.009663  70.620804  0.288824  1.666296       8.654949   1073.116089   -6.885435   9.841232  3.559505  131.108749
279 -14.200286   1.479864  51.644768  0.236595  2.721022       6.221037   1213.777710   -1.424840   7.685080  3.287012   58.648975
280  -3.849961 -41.145653  44.147324  0.310564  4.109984       8.220301   1325.356445  123.529472   9.064380  2.232464   81.334618
281 -34.524403 -11.299325  47.637512  0.256705  4.744076       6.196567    877.457642 -231.341171   6.725080  2.930637  238.354340
282 -17.589348 -21.255327  48.954456  0.230056  4.357831       5.804449   1273.541016   92.848709   8.551167  2.367358   69.026939
283 -16.336344 -14.502919  48.278671  0.253489  4.902710       7.705863    793.882080  -14.975182  10.195805  2.738341   80.124695
284  -3.737149  -5.505084  58.853741  0.269504  4.357156       5.314919   1276.180054   86.760262  11.322953  3.636996  100.886398
285 -22.249321 -23.699364  40.109791  0.221143  3.323805       8.348945   1311.387207   81.617165   9.426416  3.603551  144.687576
286  -7.826440 -31.946997  50.448875  0.284491  2.262864       8.949231   1613.786987  118.732430   9.434623  3.844545   77.276260
287 -34.392990 -11.089258  41.804573  0.299308  4.257290       5.349743    830.981323 -152.915359   7.393662  3.982916  427.625977
288 -25.889925 -17.295671  26.555519  0.326126  1.260931       7.735726   1876.243408   97.364494   7.874066  3.822224  126.960197
289 -22.627489 -21.454340  64.102791  0.289710  1.349367       6.634028    736.689819  -19.489166   6.610476  1.710990  127.791092
290 -15.194287 -12.051802  37.051586  0.240606  3.595149       7.153837    767.195007   70.404388   6.493140  3.027822  151.469666
291  -2.459333  -7.892636  54.934212  0.296277  3.676743       7.017470   1612.923096  -49.515800   7.748754  3.482549  128.672577
292 -12.284499  -7.016425  56.737667  0.271191  2.200059       5.668713    873.447571  -64.367531   8.727873  3.415615  242.617172
293 -29.046019 -22.491896  49.628368  0.317893  4.618604       5.955817   1000.733154  176.630051   6.549383  1.802646  277.562897
294 -11.582065 -36.229805  62.329445  0.315370  1.225007       7.260478   1036.260498   60.239777   7.055793  2.781217  156.023804
295 -11.985813 -16.424303  42.772312  0.312647  2.571357       6.999090   1565.579956  -11.903893   7.745504  3.997609  306.224701
296 -17.874756 -38.372349  52.867359  0.212408  3.601338       6.710391   1197.854980  158.834076   8.613918  2.867156  216.780411
297 -35.212887  -5.694062  32.059048  0.246226  3.928159       7.203898    834.040405 -190.201569   8.905767  3.150964  188.885910
298 -25.226038   4.205337  37.970154  0.275007  3.404432       6.848187   1377.967041   35.898655  10.917125  2.952136  165.802078
299  -8.876259 -24.281116  53.831974  0.270944  4.979255       5.543005    861.744385   89.557701   9.771410  1.910917  150.987549
300  -3.286927 -29.238953  58.688560  0.266057  2.210021       8.272073    828.804504   22.319424   8.601296  1.857801  110.513840
301 -25.228132  -5.854336  50.894543  0.284655  3.941818       5.087144    806.419861  104.542206   7.102048  2.658444  101.049835
302  -5.758243 -13.922472  47.999378  0.276735  4.708355       7.565296    954.815979  105.522987   7.684075  2.686744  120.503723
303 -19.276831  10.888999  24.620251  0.266750  3.416456       5.813193   1042.197754  198.590866  11.312446  2.076034  115.792580
304 -28.161886 -16.391262  31.637877  0.295271  4.063360       6.969802   1149.508179   -9.526914   7.285904  2.444385   98.646408
305 -10.958720 -30.393843  54.371086  0.257161  4.675313       7.590657   1284.374268   49.981106  10.029646  2.833221  255.432144
306 -30.009521 -13.138402  40.219639  0.278353  3.504714       5.404194   1183.498779  -18.583612   7.674409  3.522813  146.410400
307 -25.324253 -18.557327  42.729412  0.349296  3.398125       5.214893    728.386963   58.117069  10.545069  2.009427  356.559448
308 -25.597366 -28.866852  58.529808  0.279025  1.571600      10.221646   1396.455688 -112.475067   8.420896  2.833807   67.322838
309 -15.552905  -2.013405  60.178314  0.313047  2.513991       5.870954   1113.456299   83.120064  11.369880  3.506058  240.330658
310 -24.973406  -4.277035  55.017780  0.232983  2.554470       6.108969   1656.007935   58.802090   8.865106  2.955122   51.018909
311  -6.194617 -15.921260  48.202976  0.267733  1.773680       5.471117   1250.306396  -37.536682  11.592886  3.864619  173.056320
312  -9.172646 -30.215273  53.138870  0.288102  4.153272       9.378750    764.757629   -2.095945   6.380830  2.984805  290.636353
313  -8.846200 -23.667028  67.593353  0.306232  4.762971       5.621347   1951.753540   18.562868  11.137630  3.719929  214.763855
314 -22.511427 -10.826866  53.794399  0.265001  2.099706       6.563081   1197.602051   48.323158  10.825358  2.908636  114.776115
315 -27.488827 -14.968872  49.941914  0.248389  3.369827       7.541342   1049.028320  128.906036  11.032541  2.476192  155.924408
316 -21.070023 -17.780468  33.050549  0.222981  2.951132       9.658996   1082.087158  125.005188  11.071639  3.892793   61.188026
317 -24.101044 -17.147242  47.362873  0.348163  3.719998       6.211511   1620.418823   78.416862   8.374316  3.328155  291.170380
318 -29.824186   0.744811  62.068699  0.258120  4.312279       6.839374    839.144409  135.216431   8.881809  3.972097  107.195625
319 -23.968622   0.290230  29.784069  0.340942  3.352551       7.331213   1385.483887   91.673988   8.531376  3.747068   72.766548
320 -29.592541  -3.483645  40.926281  0.240760  4.679144       8.937985    892.619873   56.599400   9.296576  2.599364  153.195343
321 -16.664265 -17.440207  27.586573  0.244361  4.411655       6.918987    866.197571  195.474426   8.766688  2.908134  137.550034
322 -17.963936 -19.566153  30.650749  0.283771  2.536203       6.581959   1668.555542   37.719597   6.157895  2.303659  128.418640
323 -25.265402 -19.909632  39.678185  0.319613  2.812718       7.078614   1501.829224   70.199554   8.152677  2.584976  106.539444
324  -6.163482 -37.875286  48.682220  0.224625  4.784222       5.880365   1209.965454   45.449455   7.970520  2.417105  143.860291
325 -19.530710 -10.708278  48.478210  0.276101  2.570890       6.501045   1557.643311  -40.200066  10.855391  3.023522   93.913544
326  -1.970297 -21.138626  62.400845  0.298979  3.220137       5.433905   1032.466919 -106.069695   8.334089  1.126154  220.773544
327 -18.983782 -16.468691  41.151955  0.268543  3.290455       5.556313   1772.445557   50.510189   7.845883  3.343231  179.583252
328 -23.890810   2.506241  43.749996  0.244151  3.048656       6.497928   1474.770142  175.847809   9.432191  2.702994  111.369598
329 -11.087292 -14.199356  23.893429  0.273988  4.044930       5.436589   1086.544312  114.437721   9.197487  1.631214  100.701233
330 -13.940507 -34.128307  46.862106  0.310389  4.154187       5.774848    959.014099   94.724823   8.195337  0.924994  184.638687
331  -6.581205 -23.402254  65.801476  0.203841  4.305092      10.420348    856.435059   65.560204  10.000251  3.763592  146.154037
332 -24.312557 -26.030682  31.418186  0.318185  2.001230       8.445430   1668.410767  114.212090   7.419156  3.542806   82.300194
333 -20.243265 -31.262566  31.484850  0.230917  1.749489      10.278175   1002.491150   27.323046   9.396543  3.788743   86.658035
334 -15.402486  -7.646827  46.739094  0.269031  2.582828       6.184257   1040.613770  133.124527   9.651639  3.654369   84.287735
335  -6.632064 -40.904774  73.024162  0.320164  2.494848       5.858450   1448.936401  226.423935   7.181554  3.824553  289.999542
336 -11.583478 -17.250328  59.168831  0.231954  3.213255       8.193606   1471.130371 -161.883377   9.892468  3.913316   93.457214
337 -18.222513   9.990421  48.305805  0.249806  2.939137       6.089128    826.896118    3.972939   7.803044  2.540299  180.933014
338  -7.746572 -38.732880  56.983631  0.279352  3.434799       7.178764   1289.210083  -60.416546   6.926095  2.483562  216.629486
339 -10.946224 -20.033133  45.128006  0.272895  3.213778       6.001127   1004.842529  133.455215  11.476824  1.951881   86.230469
340 -11.220552  -8.364685  51.741821  0.220938  3.696525       8.238182    882.836670   -1.573428  12.017653  3.077986  135.396378
341 -11.984315 -14.995604  47.408680  0.327040  2.256874       5.560872   1053.363647   31.109486   9.747060  2.609694  276.483521
342 -23.660990  -6.246051  50.646584  0.340181  4.583619       5.521463   1112.940552   26.024952   7.675515  2.859558  186.456299
343 -29.952250   2.640264  36.527653  0.227194  4.817379       6.004497    982.641479 -137.529617   7.943855  1.773339   53.290676
344  -4.763034 -21.484303  50.536121  0.231865  2.181659       7.731868    781.265503   14.255033   9.583682  3.013686   89.326340
345 -14.843530  -8.692134  29.971237  0.269965  1.769727       7.440549    796.945374  -22.708021   8.073626  1.342051  127.409470
346 -13.004342 -33.378288  38.264378  0.308194  3.595752      10.949799    998.882202  197.633041   9.071195  3.228068   97.949165
347 -34.717449 -16.578808  45.508472  0.330832  3.283596       7.567802    981.763184   39.000755   8.226449  2.413770  164.411682
348 -28.487183  -7.189096  42.033382  0.262388  3.798574       5.220484   1898.789062   32.908756  10.746877  3.788021  202.679214
349  -2.834255 -37.385326  63.607830  0.235624  2.700767       8.746715    982.124451   71.737984   8.619398  3.148858  104.971115
350 -30.831629 -13.820724  54.709976  0.311341  2.387734       7.773030    767.313477  -34.716076   9.433055  3.734512  190.081375
351  -1.083575 -30.524822  66.077568  0.238624  1.796068       7.442775   1190.492676   98.614670  13.277280  3.285418  134.598602
352 -13.696343 -18.097591  55.180183  0.338145  3.865587       5.757201   1346.157227    5.599854  10.404306  2.633309  241.894913
353  -6.611889 -16.873915  42.667992  0.320838  4.656613       6.999056   1840.341797   66.848351  10.953568  3.204504  105.068710
354 -29.211264 -33.971500  26.403976  0.274856  1.683078       6.712272   1430.223633   63.017151   5.634281  3.643494  348.021729
355 -39.721691  -6.756912  24.202763  0.288321  4.052652       7.398248   1098.115234 -237.914124   9.841830  3.542417  198.765228
356 -17.346447 -24.048763  55.885300  0.307552  4.519815       7.398658    721.702087  138.684418   9.817791  2.454848  214.345657
357 -18.416685  -4.361173  47.016682  0.281633  4.268802       6.540750   1554.851562  108.645195   6.961033  3.959224  197.039322
358 -30.831177 -29.480846  35.074974  0.332429  3.930057       8.130383   1562.700073  214.306824   6.650214  3.182395  269.549622
359 -14.037383 -16.509182  48.943542  0.202209  3.908516       7.740176    870.361145   65.862320   9.031442  3.465521  120.791679
360 -19.394037 -18.881310  47.519222  0.294613  1.744467       9.111804   1148.661255   52.985443  10.197964  3.049063  120.307732
361 -15.331518 -14.005805  51.554428  0.273378  3.836610       6.304949   1321.182007   59.489445  13.098312  3.619907   93.060722
362 -18.902407 -16.632639  47.150642  0.326541  3.266153       7.489313   1184.057251  -37.240543   7.985794  3.536573  197.839813
363 -19.105684 -24.392082  39.376476  0.313665  1.877096       8.023470   1505.897339   41.332329   9.320983  3.194798  210.388611
364  -9.625138 -12.819037  53.288784  0.259481  3.858224       5.144646    745.279480   41.521145  12.602109  0.710002  156.977859
365 -24.710165   6.928590  38.210522  0.289220  3.634255       8.286066    975.966003   21.509418   8.690985  3.566027  198.417068
366 -11.118661 -16.926928  35.840214  0.258014  4.276710       6.039021   1785.166016  127.431313   9.645734  3.317791  112.171898
367 -17.091902   0.175916  31.482479  0.260112  4.967132       7.114762    988.818848   45.909058  10.244741  3.614152  216.737686
368 -15.320151  -4.125100  29.506912  0.308372  3.246584       5.863009   1724.883667   84.578667   8.028359  3.825946  344.440491
369  -9.400303 -17.271870  41.451130  0.218093  4.088166       8.864037   1009.627075   86.035599   9.565891  3.052661   56.929020
370 -41.871857 -20.290033  39.016914  0.318679  4.011021       6.109037   1836.703735  110.113594   8.176821  3.735625  297.528809
371 -24.194862 -12.306306  49.602413  0.213142  3.835775       5.902076   1551.342773   17.162029   8.706082  3.400812  164.469650
372 -26.322422 -24.221241  47.041557  0.341327  2.449179       8.441856   1202.281128  -41.419983  10.708821  1.754761   59.880493
373  -7.881148 -35.732471  51.796669  0.259583  3.214432       7.335994    783.718567  115.469322   7.991733  3.041940  180.865234
374 -40.088676  14.890190  42.219482  0.305405  4.365810       5.750774    989.876770  -33.535721   7.387364  2.787013  101.724190
375 -21.056664 -27.993500  48.719379  0.265165  4.711467       6.995266    797.595703   -4.145805   8.285588  2.942734  281.859741
376 -16.724037 -21.160576  59.238056  0.297639  4.759058       6.484035    766.894958 -197.501190  10.413093  3.300164  295.297638
377 -37.453663 -23.078234  44.189571  0.345252  3.589716       7.065061   1126.334351   32.757290   6.127964  2.825912  180.000793
378  -6.422888   4.248409  31.493320  0.250301  3.496077       5.115839    839.281433   69.047287   7.661559  2.032914  271.397156
379 -23.674404 -21.149973  31.406658  0.254049  3.339582       6.414743   1932.335571   80.115906   8.104788  2.754764   58.754040
380 -22.429264 -21.991543  43.427891  0.213956  3.949685       8.276947    791.093933   24.274761   9.563066  2.934506   93.073151
381 -38.195023 -29.055622  36.871330  0.241900  4.583177      10.817260    984.251038    4.504722   7.171834  1.252580   62.108547
382 -22.899105 -22.526073  45.398777  0.348448  2.243157       6.326752   1375.781982  -29.111279   8.503176  3.425119  149.826691
383 -19.754305 -32.138184  52.891850  0.298492  4.431810       8.910426   1723.155396  -61.228077   8.555385  3.393603  172.745834
384  -7.902436 -15.939943  41.953793  0.265363  2.669448       5.941985    781.462708   20.580687  10.677017  3.056583  240.740723
385 -19.863537 -14.631076  43.488487  0.290383  2.779135       8.626729    729.185852   40.767891   7.275300  2.740873  220.813080
386 -21.227831  -0.016158  48.024258  0.303635  4.678653       7.817468    938.776367   86.545601   8.804868  2.145264  148.910583
387 -15.829576 -20.423689  40.734482  0.279641  3.601169       6.952028   1373.807861   27.905460   9.481990  1.514107  101.637436
388 -30.290869   3.326982  34.826088  0.304956  4.089992       8.777716    795.492371   58.658154   7.927975  2.803619  103.638092
389 -22.239773 -36.207394  53.215603  0.251349  3.021005       8.071106    848.913391  104.633286   8.944641  2.260976  279.507874
390  -8.836254 -13.328520  44.704117  0.317257  3.246538       6.387697    904.134216   89.672966  10.325223  2.324698  282.052338
391 -17.429989 -31.466797  60.019955  0.286017  4.756732       5.881178   1557.667114  127.213173   8.570045  3.795708  185.526291
392 -10.447046 -10.596154  37.319679  0.267123  1.748050       7.567685    970.206665   25.469955   9.697983  3.861520  179.870560
393 -15.264963 -31.836895  55.811165  0.291717  4.168102       8.002309   1008.665527  186.469711   9.947567  2.277851  120.075600
394 -36.165558 -19.489264  39.462841  0.246412  3.874575       6.930449   1092.612793  -89.286377   9.958677  1.177926  148.824890
395 -13.392395 -22.723722  61.274426  0.218313  4.846694       5.192380   1005.770569  162.757614   8.931106  2.140955   74.712708
396 -22.283152 -23.980484  35.722126  0.222772  3.413542       8.275685    900.515564  -61.231392   9.244874  3.285721   77.081688
397  -8.634442 -14.665960  56.773582  0.219300  2.914881       5.516582   1211.361450   17.536280   7.436062  3.526759   93.010902
398 -14.967063 -25.917061  62.690918  0.305642  4.275049       6.479336   1610.640869  -43.345169   8.714545  3.009227  154.987885
399 -23.546642  -6.967894  59.800182  0.226578  3.414264       5.360768   1190.165771   -9.047408  10.000581  3.519380   93.503319
400 -14.585953 -31.584833  52.889416  0.347922  4.191723       5.318577   1723.779907  -35.098351   7.678153  2.002909  191.547501
401 -12.705672 -43.161846  61.190720  0.274395  1.973238      11.793987    810.158508   94.275932   8.996229  2.598269  203.868790
402  -7.975111 -26.060980  43.461830  0.335955  4.066104       5.627380   1297.518921   42.022659   9.140224  3.397584  173.628632
403 -16.957426 -21.767248  51.449139  0.224541  1.326144       9.437119   1080.216309   87.031036   8.917776  3.248059  113.998756
404 -13.521297 -21.212271  43.748787  0.272418  3.578829       5.838621   1055.264160   35.216637   7.057837  3.717499  285.104248
405 -13.467056 -20.029009  40.682716  0.331740  4.391650       6.718048    881.041443 -151.713684   9.064654  3.724905  121.673225
406 -27.597654   8.341712  48.032200  0.308418  4.639220       5.978043    792.589966  133.186935   6.258994  3.706363  254.334305
407 -12.021564 -16.466854  52.367928  0.214170  4.232780       6.652181    906.209900   38.578419   8.536772  3.883698  118.897850
408  -4.585526 -20.918789  53.151157  0.226469  4.735256       6.513992    800.772705  -52.936180   6.557079  3.547966  127.125397
409 -24.077473 -32.006241  35.796444  0.227113  3.429278       9.507215   1686.365723  199.323044   8.489549  3.852350   66.033722
410 -27.889648 -40.900246  38.124607  0.282406  1.580686       9.497428   1995.990234   70.365158  10.326073  3.790283  203.490479
411  -4.487626 -29.969830  51.835213  0.300179  2.637042       5.205575    964.401550  -27.302408  10.412444  1.639121   91.778664
412 -13.605725 -38.258278  58.286518  0.287629  4.478539       6.631349   1855.215332   12.153406   6.869713  2.606439   90.447197
413  -1.586360 -41.222717  58.066845  0.292086  4.595508       8.427406    768.822327  106.433701   8.926175  3.542884  137.447372
414 -26.771271 -12.139832  44.954678  0.219016  4.065613       5.560584   1557.265015 -127.616798   8.081771  3.622363   66.236938
415 -29.580696 -36.294342  51.809956  0.282925  3.287158       6.130194   1621.231567  -97.166061   8.318887  2.312330  258.906158
416 -26.182068 -16.915863  50.060486  0.221583  3.325422       7.830085    828.717712  -71.618324   9.036886  1.702708  102.169876
417 -12.381165   0.215560  43.269222  0.326558  4.066094       7.861903    779.945129   72.879723  14.438116  1.736001   98.378174
418 -12.547663 -30.305079  54.396809  0.286275  3.824228       9.181086   1005.809998   68.282974   9.444619  3.624526  219.370575
419 -11.548717 -25.946518  55.424965  0.245094  3.860986       7.755301   1000.734009   45.379532   7.551044  3.533447  169.002228
420 -20.464312   9.236176  39.774277  0.201042  4.374489       7.826611    790.680115  158.814926  10.513092  2.815150   93.051743
421 -20.249561  -5.038445  44.265854  0.335783  3.125432       6.281657   1032.147461   54.644840  12.352245  2.094624  122.820747
422  -9.768161 -16.602114  53.350750  0.249991  4.736950       5.365789   1489.142212   38.968647  11.765880  2.757784   92.827766
423  -7.293884 -33.855034  61.759991  0.218138  1.894672       6.999694    714.843201   81.497337   7.744746  3.485478  294.006042
424 -25.903084  -5.915915  42.670563  0.325545  4.251403       5.473341   1508.729126   13.412357   9.563034  3.634207  334.433014
425 -37.355587  -6.159945  27.555969  0.322561  2.319838       7.537099   1581.452271   46.538021   7.849883  3.230499  345.293610
426 -15.566742 -11.541745  44.972401  0.315288  1.535343       6.129362   1680.631592   38.493504   9.711613  3.087966   67.208038
427 -15.362776 -28.320711  47.597878  0.301777  4.338937      10.815540    904.895142   25.119045  10.143315  3.083870  113.675537
428 -29.424713 -10.253930  52.243763  0.275002  3.409296       8.006970   1281.434814  -84.091080   8.478924  3.437663   97.148651
429 -26.673885 -36.541740  48.898331  0.236922  1.997819      10.420299   1051.905762  -10.770291   6.475064  3.592055  214.059250
430 -21.256344   1.472996  41.624519  0.327139  2.791667       7.985003    745.982544  -55.444153   8.565528  1.972237  122.373688
431 -31.318598 -21.077053  54.788723  0.217845  4.957911       9.390790    831.693359  -11.151760   9.137708  2.557815   71.305634
432 -20.592705 -34.128925  47.073673  0.275941  3.852197      10.554526   1267.915771  -73.725914   6.493028  3.981450  265.940338
433 -20.648394 -34.717804  43.906769  0.328141  3.783813       7.901226   1219.372925  127.481384   5.779287  2.740364  129.744095
434 -13.236005  -4.637374  34.936531  0.280585  4.668617       5.226795    786.980469  -70.104713  10.431384  2.349456  217.610275
435 -13.010748  -4.561455  53.765419  0.321923  4.787102       5.557708    758.051819  100.209694  11.201660  2.052745  119.687294
436 -21.840405  -2.654288  67.498093  0.284734  1.740074       6.313059    778.119019   -0.223822  10.050219  1.614911   93.677277
437 -15.310004 -25.136955  44.081135  0.272574  1.457047       8.162493   1398.275269   23.112169   7.365280  3.939004  165.031067
438 -21.821072 -17.035545  52.605076  0.295254  3.553479       5.202305   1015.036011  -10.842425   9.200819  3.356658  221.616013
439  -0.854899 -23.942135  50.453262  0.241420  2.051450       5.619944   1883.855347   -0.391312   6.973263  2.618885  159.471161
440 -21.405859  -3.258794  33.179516  0.278745  4.095291       9.156093   1144.134033  141.564255  12.577138  3.456190  104.094276
441  -9.059159 -29.640835  47.977970  0.306636  2.801285       8.209314    790.971191   25.081675   8.879651  2.136590  291.891296
442 -42.592381 -15.232303  37.430202  0.318541  3.600095       5.823014   1498.949707   26.071796   6.644937  3.538398  190.388931
443 -23.636604  -1.760620  51.681396  0.284229  4.509751       5.387608   1237.718262   66.347893   8.439940  2.213009  115.702187
444 -27.237370 -21.230206  38.533188  0.321262  3.338571       8.509892    704.185303  -33.244671   9.153862  3.745347  148.457764
445  -7.012236 -29.696630  50.814354  0.332062  4.100060       7.777329   1205.751709  146.472824   8.248238  3.249772  117.252655
446 -23.543961 -43.671474  42.690712  0.300571  1.295972      11.965052   1499.975098   94.159256  10.495587  1.737522   76.568672
447 -12.471846 -19.248161  50.921391  0.347861  3.367744       5.456778    767.633057   57.808449   7.805921  3.796918  248.093704
448 -26.096359  -5.011029  36.869080  0.264121  2.981029       6.328696   1138.829712   89.084526   9.211610  3.211686  195.732513
449 -26.463581 -14.744297  52.425880  0.342954  4.474580       5.842692   1115.033813  -30.799992  11.630053  2.050940  232.187408
450 -27.755793 -19.867476  35.061897  0.238369  3.456328       6.834270   1627.670166   60.171680   6.506045  2.847699  156.537140
451 -18.193691 -35.640873  54.774834  0.283876  1.313950       6.149431   1546.661743  117.418358  10.550728  2.775559  184.356750
452 -36.880527 -21.831629  28.232864  0.261718  2.278465       6.756876   1244.741821  158.292465   9.000336  1.784528   80.638458
453 -29.310970  11.556530  47.244305  0.290757  2.173162       5.465566   1139.186157  -20.023031   7.812454  3.626665  248.309509
454 -15.521499  -7.421887  30.176136  0.323268  2.382341       7.321024   1008.874573   47.953773   9.010764  2.822861  189.929459
455 -19.782871 -38.575577  47.619995  0.286174  1.583562      13.580422    878.372314  154.666016   8.559959  3.467400   84.425293
456  -8.935246 -26.909681  57.819878  0.264450  2.489798       9.874750    797.335571   83.144440   5.930275  3.385119  112.079170
457  -9.038291 -27.162619  49.873421  0.261572  2.856224       8.221887   1137.413330   21.619038   7.141432  2.350530  173.784225
458 -13.109715 -29.282076  47.504349  0.278267  2.610189       7.709451   1013.394470  -18.143461  10.491103  3.712301  278.941803
459  -6.062674 -41.222351  46.700539  0.264229  1.985606       8.012837   1667.202148   46.149769   9.119861  3.397514  154.489456
460 -18.970501  21.143152  51.484280  0.288730  2.599970       8.100428    914.684692   62.466953  10.657660  3.288533   72.620567
461 -26.487513   3.077194  45.818806  0.338192  3.239741       5.823267    964.569885    0.549915   7.795488  3.729407  439.564362
462 -15.914477  -3.285658  30.188143  0.348884  4.372100       7.090250   1619.512817  162.510117   8.918970  2.855361  101.131462
463 -24.330206 -27.484289  47.658405  0.269071  2.899959       5.353473   1456.186523   31.527731   9.106395  3.670615  267.348419
464 -42.882896   1.492103  28.628935  0.309702  4.268910       7.491933    884.777649  104.932678   6.652508  1.290900  136.326080
465  -4.293049  -6.181961  61.116383  0.250172  3.474033       8.514390   1009.435364  -90.917915   8.594691  3.692364   55.698875
466 -12.499162 -17.460649  63.582760  0.205089  4.489297       6.508980    800.019470   19.725578   9.463807  3.478545  158.984039
467 -20.041321  -7.070033  50.189873  0.226202  3.531787       8.279324    715.234070  230.360886   8.620990  2.666652   99.870094
468  -8.494139 -18.590099  61.252575  0.223472  4.241231       6.287449   1276.600830  -43.914028  10.239449  2.585687   79.034752
469  -9.564919 -25.549967  45.333736  0.325927  1.379952       6.805238   1365.123413  -28.935335   9.362866  2.707855  214.687546
470 -13.245547 -34.700802  51.630974  0.276909  2.542389       6.581306   1670.205811   71.406540   7.197185  3.723906  143.095718
471 -29.024458 -32.576756  29.903717  0.275715  1.278074       8.991945    997.095032   29.183538   7.009439  1.806345  222.186050
472 -28.378775 -18.719227  35.997631  0.344306  4.321830       5.659170   1493.232422   29.470678   9.900410  1.931057   55.463360
473 -10.919253 -27.942326  57.688847  0.313852  4.184131       5.143045   1340.803345  137.662766   9.155245  1.731793  179.556427
474 -24.191780 -31.462965  54.151402  0.295543  3.132767       9.570299    741.017700  -17.023140   9.646935  2.262717   72.843224
475 -18.956089 -24.209063  70.996819  0.267167  3.063390       6.623799   1355.859009  -16.149513   9.608095  3.630310  120.442924
476 -11.617104  -7.976797  52.125282  0.281384  2.310751       8.355730    746.872742 -117.690887   8.626320  3.216844   68.341568
477  -2.227748 -24.777298  59.996269  0.252188  2.588128       6.992016   1340.338013    0.893082   9.643432  3.173533  134.178925
478 -13.175643 -37.104149  37.245304  0.245065  2.727959       7.753566   1469.780273  -11.567719   7.193103  3.770134  185.913025
479 -30.160009 -36.166859  31.270758  0.306798  2.224599      10.664444    948.114868  162.786667   9.123693  3.306601  166.631104
480  -5.359923 -27.218979  65.455017  0.263299  4.003133       8.346893   1224.122437  -13.506611  10.608236  3.600906  128.858597
481 -23.544338 -11.360122  54.637527  0.243474  3.293451       5.697603   1787.833374 -111.458275   8.433997  3.439775   83.132225
482 -17.833147 -27.135345  61.093346  0.259320  3.086848       6.206795   1458.810181 -116.927734  11.103386  2.372783   74.969978
483  -9.590617 -12.300602  58.761093  0.294115  4.137965       8.002529    961.462280  -19.697081  10.311807  3.178683  155.137161
484 -13.712880 -24.968533  43.521286  0.317839  4.171812       8.733047    881.484131    3.856728   9.365621  3.069612  299.264038
485 -19.374437   3.743974  42.408321  0.325722  2.252641       8.207029    940.939392   67.532402  11.037533  2.441898  128.656891
486 -24.431938  -4.251211  59.862720  0.209148  4.622983       6.081089   1269.337891  110.946007   6.290622  2.742065   72.126740
487 -10.487530 -12.682513  35.118347  0.211808  3.266554       5.382229   1314.893921   98.622307  10.045452  1.863267   62.176132
488 -10.049336  -6.528198  49.854122  0.202101  1.841322       6.042363    910.384094  131.823425  11.543494  2.731662   95.915886
489 -16.970308  -7.544336  34.783405  0.332234  3.608294       8.187636   1545.808350   60.736748  11.149588  3.662746   54.444672
490 -22.202518 -27.516533  41.982258  0.280306  2.790075       7.582479   1198.817993 -139.106155  10.335661  2.251117   70.498466
491 -13.435822 -15.159603  46.945229  0.266243  4.286094       5.045797   1213.092773 -114.258621   9.481524  3.108358  253.027512
492 -13.663017  -1.098756  60.518684  0.261604  2.140460       6.900892    856.490295   28.804684   9.240599  3.450121  125.465797
493  -2.695540 -31.551615  54.189949  0.313930  3.742162       8.561968    981.970154  135.532639   7.786174  3.232975  153.439484
494 -21.984667   0.444435  46.431675  0.258672  4.948733       5.153619    916.412476   49.815708   8.546557  3.545034  159.420029
495 -34.569965 -29.103001  40.353024  0.249290  4.780272       7.792589    834.373718  141.934189  10.071330  3.331781  328.448212
496 -20.065233 -12.264454  40.565441  0.203319  1.589719       7.125141    983.010498   69.707375  10.158174  2.143005   71.026299
497 -24.917076  13.574740  66.267838  0.299065  1.210062       5.469717   1129.153442    9.162813  10.335749  3.444617  193.461197
498 -25.399233 -14.494815  37.723679  0.279976  3.535716       6.644825    750.121582    6.598877   8.749701  2.325731  235.178741
499 -20.452871 -35.598232  52.421909  0.241059  3.204077       9.268636    749.141235 -120.804306   8.875566  3.008428  142.292191
500 -11.223162 -45.736801  64.864380  0.281390  1.509916      10.683059   1145.420532   73.245461   8.273985  3.383496  137.522675
501 -14.393425 -34.918957  52.880779  0.303138  1.430457       5.380326   1315.407104   50.925709   8.829483  2.927765  336.814392
502 -18.589172 -22.389057  38.361942  0.296581  2.916209       5.609199    857.750000   48.198517   6.130697  2.539952  380.158356
503 -11.954226 -23.068195  59.367771  0.272801  4.296217       5.910956   1497.493286    6.191430   7.908769  3.935467  208.102859
504  -3.774317  -2.137576  54.538342  0.289541  3.922232       6.930862   1120.623901   90.567917   9.907608  3.105745  179.456589
505  -4.841112 -31.128414  65.261307  0.216648  4.343871       7.968252    717.429626  -26.541857   7.661747  0.955686   75.467896
506 -13.332234 -22.440176  49.456703  0.257256  2.897083       6.265678   1717.886597  142.518814   8.531468  3.006064  100.461830
507  -6.397162 -21.254837  52.808708  0.349607  2.666863       5.336833   1094.112549   44.739605  10.454307  3.004553  333.795807
508 -25.958780 -15.149479  39.645412  0.320151  1.472080       7.077889   1609.505981  -32.074978  10.560894  3.694227  181.390228
509 -22.765713  -0.039197  43.850605  0.339980  1.613428       5.269248   1258.820679    8.851023   8.917980  3.080131  198.996811
510 -14.235578 -13.143350  52.740189  0.265795  3.657395       6.350686    857.795654  -71.757248   6.670136  3.013179  248.012283
511 -15.629109 -17.018534  56.890152  0.312985  2.647578       6.813889   1898.870605  -12.898582  13.070197  2.916888   79.935486