           lon        lat        inc      D1AU     delta  launch radius  launch speed    t factor       B1AU     gamma         vsw
0   -40.080070 -44.311619  33.363827  0.720713  3.504120       5.318612   1251.629517   23.122885   7.910810  2.576534  612.046631
1   -39.311398 -29.781378  32.825909  0.532447  2.215183       5.760432   1953.074585   50.133907   5.073798  2.605721  199.725082
2   -40.334980 -43.181042  32.254753  0.539821  1.431587       9.175894   1620.377319   36.051968   7.438756  3.213060  298.934326
3   -32.104218 -25.058517  31.951786  0.476238  2.047701       6.194013   1012.566101   49.290180   8.740093  3.307914  177.821091
4   -33.096699 -39.034428  28.269733  0.539924  3.923538      10.197886    793.232056   63.111259   7.240339  3.630721  241.053635
5   -45.387253 -39.021431  32.843708  0.480349  4.271775       7.747947   1985.974365  119.060661   7.189714  2.213815  233.469681
6   -31.880367 -35.806725  38.194687  0.397388  3.430611       7.684382   1247.821777  111.219673   6.788370  2.325547   84.219986
7   -43.258499 -36.276836  38.339844  0.459029  3.301926      12.147594    813.398438   60.527554   7.790878  2.421347  190.724091
8   -45.894901 -27.752897  25.004633  0.598546  4.438207       6.354951    890.866943   17.018957   7.317063  2.042035  395.691345
9   -46.707958 -31.516214  26.301754  0.566397  1.281169       7.664170   1057.673096   18.437050   6.691218  2.511748  354.376007
10  -46.296535 -19.787045  34.047974  0.521992  2.588235       9.526538    887.433655   14.379177   8.686267  2.131869  144.400482
11  -47.507507 -43.709965  23.957489  0.531226  3.877748      11.050328   1542.397827   37.382629   5.787416  2.915247  361.203003
12  -42.944611 -36.875187  41.559212  0.507983  3.262857       8.451701   1688.570190   74.225449   8.049014  3.506989  268.027527
13  -41.464264 -27.567572  25.200817  0.604093  3.270411       5.903447   1153.433594   66.327835   7.809157  2.205747  292.819153
14  -28.000200 -38.880135  43.746372  0.475984  2.752331      11.312756    792.903137   10.015474   7.351950  3.337862  162.862503
15  -46.466286 -36.788265  15.089753  0.500979  4.006824       5.383825   1535.528687   80.397392   5.398314  1.198063  115.236656
16  -43.614845 -39.554688  36.262131  0.522660  4.043751       8.701934    784.423889  186.061401   6.993009  0.644124  202.967194
17  -38.676064   3.064752  26.499275  0.473327  3.951451       6.156843   1597.338501   82.826569   8.663637  3.701014   87.537186
18  -41.563553 -42.486748  38.673416  0.422373  3.593418      11.109810   1626.240234  170.013885   5.675842  2.129827  127.666908
19  -47.962856 -25.791929  23.086761  0.370970  2.617290      11.485225   1305.663574  136.563385   5.924105  2.355122   76.007614
20  -43.897488 -48.487461  26.428352  0.641683  2.533990       6.975670    895.111389   47.255486   6.584828  0.213721  297.107422
21  -45.720398 -44.175526  28.748993  0.674495  3.285405       9.143051    881.062317    2.633581   6.326986  3.080755  671.795898
22  -44.185074 -11.210493  15.409063  0.452602  2.835636       6.854922   1838.372314   18.856161   7.635214  3.820219  173.430573
23  -45.404606 -19.195517  30.959587  0.499268  4.746055       8.469913    755.151428  157.608765   7.098845  2.140209  190.101578
24  -45.090115 -25.723536  12.773342  0.398632  3.287387      11.112657   1117.579834  104.459106   8.329810  2.474442   71.482956
25  -42.663380 -13.980607  26.753601  0.559088  4.109974       6.369137    820.680725   63.517143   9.369825  3.130952  271.638519
26  -32.323727 -43.973484  35.179520  0.483443  4.060120      12.076313    732.821472    9.951811   8.369123  3.273779  209.779846
27  -37.841755 -49.442989  32.788685  0.592691  3.715912       9.532845   1203.595337    3.955695   6.347123  1.183226  260.823303
28  -43.661903 -25.699110  20.403318  0.373210  3.688007      10.065478   1108.961426    5.502396   6.456978  3.000593  110.110451
29  -42.772388 -27.827837  32.720474  0.593554  3.905312       6.093358   1000.025940   25.129053   6.300806  2.348454  324.108459
30  -38.315884 -47.971241  31.328634  0.583083  3.696911       8.890990   1218.907959   70.271935   7.302756  2.119623  357.842896
31  -42.773632 -19.438631  25.815695  0.335812  4.536944       8.344366   1804.293213  136.389236   9.067924  3.519737   75.901031
32  -33.240101  -8.196510  33.750740  0.482821  4.257844       5.356293    962.227417   67.154137   6.885836  2.556621  109.608017
33  -30.072372 -36.552731  24.770458  0.449880  4.383867       8.442215   1434.266602   45.790993   7.197768  2.747852   65.999786
34  -47.550468 -43.050774  36.177128  0.560214  2.134347       8.361217   1539.347290    5.985260   7.100748  1.933544  393.705811
35  -43.758965 -34.827122  40.044041  0.424592  2.589338       9.669818   1838.056519    4.646701   7.864188  2.997422  141.016296
36  -29.327688 -42.319828  35.284538  0.458529  4.179005       8.405461   1366.516479  142.090546   8.738765  3.114468  163.069092
37  -31.281771 -43.333565  33.931488  0.548116  3.773740       6.517718   1100.777344  127.346542   6.083623  3.123763  302.096680
38  -35.686153 -37.760048  33.270168  0.557158  2.548990       7.132476   1595.115723   14.961061   7.937200  3.709464  293.663361
39  -46.699722   0.589590  27.177336  0.555247  3.727710       6.986053   1047.459595  145.308746   7.059847  2.449140  135.935226
40  -49.477272 -30.651176  20.478434  0.552273  3.272563       9.443096   1487.972046   40.607975   7.479224  3.869744  363.686371
41  -47.374851 -22.021162  29.213194  0.519162  3.893218       9.803697    715.561707  112.452362   6.593151  2.335056  254.596466
42  -35.123196 -40.154293  36.104858  0.398785  1.914694      11.068495   1260.704224   46.725777   8.279483  2.954986  106.712837
43  -45.444950 -39.441181  27.383669  0.586429  2.843324       9.830012    947.831421   43.583210   7.089726  3.657051  464.138275
44  -45.182240 -34.405842  16.082687  0.665975  1.890613       8.538557   1015.798279   43.500835   8.355238  3.255380  407.210999
45  -41.823174  -8.253980   8.997781  0.530121  3.655106       9.025757    736.598145   38.240295   7.498096  2.696020  192.086746
46  -34.896652 -29.638891  34.003956  0.605982  4.792799       6.254621    761.350525   49.592503   8.584027  1.033056  196.617920
47  -35.315472 -34.021870  23.097242  0.504377  4.531299       8.418086   1308.062256   60.621819   7.978219  3.072400  157.752396
48  -33.360962 -34.470524  38.816780  0.531895  2.364150       6.885827   1762.839111   20.119366   7.563491  3.407525  213.229462
49  -30.272055 -37.546249  35.481564  0.488658  3.920878       9.213094    950.314758  107.930115   7.601970  3.751952  199.057587
50  -35.177212 -43.565594  34.773335  0.428354  4.535353       7.966292   1383.770386   91.475349   7.469135  2.078302  150.454453
51  -47.264389 -14.582639  25.753593  0.567875  4.431473       8.794638   1028.752686    1.435563   7.635293  3.294803  266.817169
52  -32.711884 -24.950659  28.929337  0.537602  4.631122       6.222004    960.739929   83.797791   7.452172  2.102493  155.958481
53  -28.727419 -43.537861  38.740524  0.464706  3.805583       8.086102   1089.607300   44.968040   6.114301  2.948680  203.148895
54  -39.374359 -39.984619  34.306145  0.530168  1.377531       7.939221    844.060608   45.357838   7.542248  1.333324  259.671509
55  -38.674625 -34.885872  33.984253  0.571529  4.884048       9.235015    768.830261   41.093002   6.849309  1.328208  227.851105
56  -36.099438 -40.707714  28.621727  0.471095  3.319704       9.501031   1769.625488   53.479843   7.513180  3.691230  175.057648
57  -40.841869 -35.026436  43.920685  0.501025  4.171705      11.235445    741.318420    5.897779   7.017017  2.378460  209.930573
58  -42.413391 -14.665890  26.399387  0.538657  1.990984       7.474630   1049.056152    7.581555   7.941406  3.547740  226.771149
59  -47.233669 -22.183607  37.886490  0.513828  3.403714       9.226639    966.034424   33.027470   6.142163  3.498153  213.812881
60  -28.603390 -41.857571  47.468739  0.560101  2.148308       8.140979   1269.468872   29.464167   7.375566  3.702072  293.064606
61  -40.382362  -8.791845  25.442936  0.492814  4.804634       5.643726   1561.477417  119.245155   6.580399  3.535237  157.895554
62  -33.722633 -28.103764  38.700119  0.576759  3.758746       6.294026   1079.226685   81.909981   7.706522  2.641855  223.625381
63  -29.605501 -34.259499  38.164276  0.424836  4.781603       8.191087    815.968811   39.048790   9.725772  2.239254  111.064064
64  -48.947605 -27.537016  21.637640  0.493571  3.018611      10.666577   1190.323730   95.329231   7.040252  3.470106  279.903168
65  -45.072872  -9.104897  33.618999  0.536965  4.205011       5.673817   1016.734009   45.502926   7.272933  2.325337  161.515457
66  -43.373344 -15.773108  31.821758  0.558511  4.354046       6.873091   1065.803833   68.158478   7.199918  2.039474  172.204071
67  -48.084354 -31.733187  25.197985  0.407335  2.451719      11.267527   1446.420288   73.937622   8.245329  3.602326  201.797165
68  -48.743305 -13.573253  19.386410  0.511306  4.451048       6.530026   1459.060059   19.694149   5.574813  3.233329  256.299805
69  -39.235653 -43.318081  31.065765  0.545742  3.131387      10.869373    872.254822    8.538224   6.177670  3.216238  344.335480
70  -43.586208 -22.448942  28.615454  0.556462  4.868352       5.712697   1383.559326   51.032345   6.557576  2.553565  247.944168
71  -33.574421 -26.341423  34.245869  0.503750  4.497133       5.750834   1612.473267   86.699989   7.498302  3.722618  202.587494
72  -46.665417  -7.539532  30.139353  0.515757  4.802654       6.846481    771.469177  108.646744   7.360481  1.940211  156.911530
73  -32.678131 -43.580471  35.078636  0.469939  4.953421       8.601274   1235.806885  156.133621   7.694878  1.590590   91.788383
74  -42.738628 -33.797142  24.844620  0.551906  2.776403       7.281476   1324.539917   32.226910   7.663835  2.066683  235.671143
75  -41.104156 -29.534937  29.248653  0.456032  3.589379       7.257507   1345.945435   24.118252   8.278547  2.375117  150.586914
76  -38.320583  -9.486643  30.388470  0.529050  4.215152       6.607448   1456.747070   36.265545   7.189501  3.889467  163.392899
77  -38.564949 -41.674892  33.319176  0.596762  3.882982       7.383497   1295.521973   78.727295   8.125768  2.176566  323.312622
78  -22.325035 -39.142502  45.215794  0.488854  3.953829       7.611290   1063.578247   31.994665   6.078621  2.785918  155.627258
79  -36.732422 -33.863724  32.488564  0.539772  2.056474       7.476474   1220.475342   61.623116   7.082625  3.761100  282.459930
80  -42.677528 -38.100826  22.143122  0.575130  2.176037      10.908712   1053.572998   76.865158   6.881710  2.768504  279.079407
81  -46.943096   1.931731  10.018870  0.582733  4.069856       6.004975   1473.749756   19.328880   6.447672  2.609808  222.227753
82  -39.689968 -35.491180  36.099361  0.646196  3.698262       8.569070    790.974182   19.104527   6.534353  2.329634  413.726532
83  -25.723408 -38.446735  39.934048  0.465097  4.945463       6.838004   1644.982056  208.820511   7.757649  3.847040  170.846649
84  -44.975452 -25.123890  10.497377  0.516535  3.538573       9.655365   1121.498779   92.570381   7.561399  2.895720  195.886078
85  -43.882336 -36.034641  35.428310  0.572751  2.863062       8.742896   1465.378052   46.236992   7.285920  3.565517  358.061310
86  -30.094494 -47.639969  37.896553  0.591187  1.770421      11.426766    772.030029   22.260605   8.582870  3.557717  298.865417
87  -43.376358 -32.373302  28.327736  0.323471  3.467623      13.183578   1057.037476   27.915876   7.643557  3.541410   93.409843
88  -48.236279 -29.885761  19.372694  0.601584  2.460296       8.490466    954.689636   37.792629   6.511507  2.787259  426.913696
89  -38.918365 -41.329277  40.324532  0.471791  4.906500      11.709091   1076.903442  148.737503   6.926980  2.246705  182.529999
90  -27.233524 -43.535648  36.982758  0.442558  4.576788      10.923223    889.265625   13.108556   5.764119  3.854058  160.439606
91  -47.229961 -18.703684  19.888525  0.461479  1.166666       8.836107   1528.189697   24.905020   7.622924  2.436553  128.065063
92  -35.739990 -29.749025  29.963303  0.559862  2.248379       6.262130    993.048462   17.712666   8.367828  3.043336  277.628418
93  -40.500126 -27.609447  40.131287  0.454805  4.021592       6.786459   1840.562256  105.007515   6.806095  2.782287  122.163223
94  -40.378002   0.782028  31.526287  0.657053  3.265111       5.622544    839.118652   41.683060   5.987336  3.622197  255.741409
95  -32.279518 -40.659492  35.512398  0.591099  4.717816       5.632290   1202.281250   20.815125   8.277315  2.044742  285.547943
96  -47.656528 -11.923497  12.948410  0.592534  3.749988       5.948898   1204.222656   16.098209   6.422707  2.585161  311.590790
97  -35.466022  -5.867689  19.838810  0.496796  2.462067       6.625122    898.791199    5.133857   6.689476  3.829051  173.763275
98  -42.049564 -28.705387  28.003984  0.426979  4.028120       9.506909   1081.388916   77.111588   6.444999  2.483166  127.202682
99  -39.532207 -22.777102  31.781488  0.482514  2.061834       8.951058    709.875000   46.876400   7.286170  2.989888  185.782379
100 -47.941208 -25.879343  14.959749  0.469888  3.821898      12.706899    976.147705   68.675781   6.788265  3.233333  182.681244
101 -25.079309 -44.313026  34.010910  0.565048  4.480848       8.171784    959.450256   30.722925   7.610716  1.709594  139.468918
102 -42.494701 -23.270891  28.946320  0.534379  2.039105       7.463708   1520.385620   21.067196   9.452881  3.514967  230.388947
103 -42.667213 -32.454834  26.723724  0.535399  2.470826       5.827238   1110.421509   13.488107   7.696488  2.930351  346.670929
104 -40.093807 -33.037010  32.715744  0.537150  2.823770       7.677715    976.499756   18.253557   9.314212  2.677309  279.189697
105 -37.191864 -32.506794  35.195717  0.461026  2.525157       8.889229   1050.586060   51.545673   6.700376  2.337067  140.842636
106 -41.885365 -16.462099  29.587200  0.517998  3.451585       5.283435   1833.101807   57.236111   8.053746  3.458811  197.160751
107 -29.342997 -40.430462  37.998596  0.448510  4.282358       8.402952   1616.318970   84.571472   6.927348  2.846483  112.799095
108 -49.500557 -16.538498  25.025091  0.490243  3.475997       8.590775    738.937988   88.159172   6.243482  1.053088  135.191498
109 -26.359430 -43.259789  34.986374  0.460030  3.516512       9.720338   1107.462891   96.879791   9.844676  2.450587   80.294579
110 -31.757107 -32.076588  28.624456  0.453507  3.106336       7.267593   1085.237061  118.919533   5.394289  3.263203  158.506973
111 -42.953934 -30.048065  24.561682  0.441852  3.715299      10.037494    879.036804  125.628105   6.255104  1.857009  132.837997
112 -41.847733 -32.730461  27.954853  0.580948  4.755463       7.045984   1648.107178   54.276520   7.237732  3.684700  332.915497
113 -34.391552 -27.218960  40.387897  0.510170  4.815143       7.161167    932.515503   64.197563   5.247459  1.701828  114.512924
114 -25.748325 -48.048038  40.636272  0.473419  2.666966      11.426987    876.980286   77.196053   7.969588  1.630953   61.230095
115 -23.245188 -33.946918  45.322330  0.486938  3.715699       7.795615    995.251526  157.044418   8.841491  2.821444  130.248825
116 -41.552216 -21.454863  26.430561  0.487666  3.354363       8.081128    813.268860   15.244205   6.521330  1.679766  136.781784
117 -37.614105 -45.957916  25.469179  0.625226  3.910437       9.906557    794.283936   19.220980   5.293985  3.214707  408.867249
118 -38.778767 -18.153313  34.134468  0.554480  4.354311       6.881360   1123.544800   87.364410   7.378247  3.164778  203.728622
119 -25.396461 -38.083141  37.836563  0.594527  2.873413       5.911849   1104.327881   24.200050   7.400484  3.132534  263.793610
120 -39.687675  -4.491162  35.956558  0.535845  3.626308       6.818423   1352.649292   51.053051   7.132660  3.499427  108.958549
121 -49.963654 -26.097090  29.798458  0.454840  3.691675      11.942196   1526.795532   40.611702   6.145625  3.242094  164.455276
122 -27.607605 -49.317585  48.675037  0.690839  3.486927       9.451188    703.260132    0.373315   7.292799  1.855191  546.030823
123 -31.256338 -32.060989  28.707205  0.374294  3.984617       8.183634   1751.235107  146.352432   7.472268  3.929924   82.887756
124 -33.471806 -24.909636  36.553066  0.460054  4.544312       8.119646   1070.209106   10.782173   8.527289  2.873023  112.711853
125 -46.593170 -35.184422  35.132195  0.463237  4.817292      12.388151    920.288452  228.335419   6.659410  3.429583  265.169830
126 -45.629162 -39.719608  30.113235  0.292766  3.228475      14.518634   1383.811646  183.554718   8.093758  3.304440   96.038010
127 -43.570538 -28.430140  36.167175  0.477403  4.034988       8.752261   1200.041260   54.612961   6.925606  3.303505  213.599533
128 -45.133041 -37.341110  24.332432  0.541901  2.552895       8.439053    919.984802   31.168459   8.137856  3.856949  416.359802
129 -36.663380 -41.096184  36.276913  0.601077  1.595317       8.063321   1123.500488   66.618477   7.947463  2.908648  355.316803
130 -33.726246 -28.573900  44.379543  0.527104  4.472434       6.824451   1335.641357   44.771992   7.470766  2.885377  164.273453
131 -42.234299 -23.332287  24.432112  0.464868  2.990301       5.874213   1453.287109   49.376225   7.514333  3.072052  205.878098
132 -44.199692 -27.477352  24.665852  0.568052  2.647293       6.058478   1102.757812   52.252647   6.223152  3.503567  369.360107
133 -49.284985 -37.596058  27.714474  0.481170  2.268370       9.510103   1207.711792  118.245461   6.681586  3.606022  393.278900
134 -41.297066 -29.062731  34.592136  0.485431  1.927302       5.058907   1964.334106   63.755394   6.906754  3.238734  229.882324
135 -28.449673 -45.017082  31.703810  0.668761  4.998903       5.801099   1095.453613   12.529546   7.553493  2.885241  372.459991
136 -32.539524 -43.181511  45.415730  0.370519  3.310555       7.806476   1766.407104   77.109840   8.745416  2.638693  127.386208
137 -47.754143 -14.333724  19.852926  0.427030  4.743509       9.873323   1441.517334   68.284973   7.744866  2.744721   98.721565
138 -47.748653 -35.452747  22.591475  0.404490  4.878542      12.852136   1091.511963  227.177765   6.797883  3.056793  195.999603
139 -41.695488 -38.096111  36.539791  0.513217  4.890298      10.996696    784.394531   56.485928   6.615159  1.514440  211.190445
140 -46.247780 -16.473373  21.377174  0.390678  3.747761       9.220317   1009.485901   18.698627   6.627493  2.413761  102.512794
141 -43.985050 -37.245411  27.469816  0.373759  3.435191      13.130257   1461.608154   38.379261   8.624344  3.197304  118.959137
142 -27.731604 -28.684351  45.794659  0.572121  3.351213       5.261082    946.363770   11.642354   6.677554  2.929902  250.057358
143 -46.149021 -23.142174  29.995588  0.464073  3.035518      12.266769    861.070801    4.601125   7.803634  3.329700  158.983612
144 -24.647526 -41.412308  43.609680  0.597591  2.063289       5.846448    864.937195   13.328338   6.216754  3.305173  329.079590
145 -24.136599 -40.788193  42.674530  0.489595  4.341723       7.617664   1309.083740  163.200882   5.665833  3.985903  198.731842
146 -49.502064   6.117776  13.513602  0.635939  4.182997       5.468395    818.345032   15.986810   7.577862  1.155597  256.576019
147 -45.398697 -31.720411  23.242718  0.391574  2.778919      11.277935   1519.740479   24.649595   6.537222  3.751932  158.714828
148 -23.987038 -49.584618  40.218987  0.533833  3.075224       9.778537   1155.887573   67.899605   6.089642  1.956551  128.024841
149 -42.395382 -42.846607  30.474297  0.512724  3.382481       7.357509   1796.736084  143.822708   6.757593  3.937261  384.363739
150 -24.651468 -41.281754  30.714348  0.579321  4.477117       5.371016    844.439026  107.315445   7.089571  1.102306  116.960167
151 -23.821621 -46.828323  45.669071  0.543123  4.329093       7.712498   1057.789307   98.437492   7.574482  3.791317  311.667084
152 -29.313519 -33.285622  38.259987  0.546619  3.641150       6.067383    931.439575   20.560959   8.205421  2.272832  204.181061
153 -32.369110 -30.443724  30.299385  0.553591  4.396449       8.549394    899.638916   25.283617   8.076871  3.778066  229.409348
154 -39.630226 -46.861969  22.841623  0.667759  4.256577       5.630995   1421.875122   17.919655   6.818145  1.466017  360.318817
155 -44.175728 -39.824341  14.013077  0.523780  4.160573      13.033673    940.274902  164.372726   7.686505  2.760676  189.623795
156 -44.336845 -24.483603  28.329283  0.422375  2.927321       9.842438   1603.174561   50.577187   6.935892  3.496471  129.587875
157 -39.321167 -20.984995  35.926617  0.476971  3.397597       8.492355    980.451477   17.353613   7.723365  1.929747   65.952843
158 -24.833172 -41.279144  39.848736  0.490661  3.930805       7.129823   1024.026123   68.861343   7.191973  1.994732  130.546219
159 -46.769020 -19.811419  17.693977  0.572017  3.750728       8.249751    769.694275    9.271452   6.689724  1.108011  219.447006
160 -39.044876 -44.256413  37.806374  0.387942  2.748209      10.003305   1669.635376   96.523338   7.165613  2.966442  181.964828
161 -30.234798 -41.055855  47.135601  0.437806  2.954946      12.128220    769.998840   87.719490   8.605057  2.697228  136.466461
162 -47.388042 -30.320688  18.907545  0.542446  2.792744       6.574799   1470.400635   51.854679   5.762290  2.660505  312.297577
163 -36.243031 -34.644379  35.500759  0.550266  3.635525       5.615095   1510.257568   25.065022   6.536739  1.711141  157.262573
164 -43.145161 -24.708746  25.258381  0.469568  3.861932      10.563834    779.966492   11.350266   8.135715  1.815931  116.678055
165 -34.940289 -38.684708  27.904125  0.664729  3.310266       6.386739    719.280090   21.960190   6.863795  3.012029  470.287842
166 -34.219940 -35.497444  40.076557  0.441456  4.152112       9.905451   1390.241211  172.336075   7.967148  3.468587  141.663177
167 -48.336872 -31.310522  21.960815  0.495647  3.965831      10.793233   1272.762939   80.061920   7.040731  2.960191  249.772369
168 -37.710545 -18.514908  30.209906  0.560023  3.617150       6.350604    843.287476    7.849586   6.804831  3.959849  269.846649
169 -44.264454 -43.235008  28.546616  0.492327  2.695021      11.834582   1130.869507  147.488724   5.981586  2.247066  269.335785
170 -47.304882 -28.356836  24.901403  0.382576  2.927216      11.348332   1504.226318   67.491455   7.049759  3.429004  146.088257
171 -46.405308 -30.369030  27.340771  0.424501  3.144102      12.114128   1186.385254   61.273079   7.089910  3.538450  186.336655
172 -29.344748 -26.717039  47.780827  0.461791  4.930617       5.315314   1864.778809  158.498138   7.836908  2.630240   79.613144
173 -40.746891 -41.140533  39.292751  0.444816  2.423096       8.814115   1288.368286  128.189575   6.469395  2.171368  199.159424
174 -45.823719 -28.458126  18.607956  0.444411  3.509627      10.472588   1696.987671    2.004640   7.039916  3.513563  171.074249
175 -40.387894 -43.425430  21.323557  0.465584  4.205156      13.992755    904.118164  125.188133   7.584520  3.031256  162.838074
176 -49.974689 -39.583900  24.833286  0.527635  4.319345       9.852212   1143.515137  111.064804   6.353238  1.370736  316.810028
177 -47.829666 -26.842121  30.350430  0.651976  1.880987       5.929394   1574.288940   12.256492   6.911357  3.072257  412.239532
178 -37.485035 -41.513714  27.275248  0.570073  2.117580       7.443588   1593.030762   78.346207   8.545237  3.579959  290.649536
179 -33.692757 -33.409828  39.860722  0.572826  2.263054       5.497037   1048.806396   54.318462   8.647883  1.234778  143.424240
180 -47.448822 -16.588305  18.209557  0.613832  1.670466       8.154095   1083.289551   50.069946   8.441156  3.262681  330.218048
181 -42.864033 -24.524954  23.639860  0.436658  3.563815       8.999769   1409.441528   84.205742   7.123251  2.479231  105.354279
182 -36.147137 -44.652065  36.158791  0.568733  4.396850       6.956923   1374.807739    0.324850   6.779717  1.840623  291.873108
183 -37.897430 -39.215469  30.132303  0.453094  2.297292      13.308336    927.523682   19.665230   7.194185  3.674467  156.240479
184 -37.904587 -28.401236  26.052237  0.524494  3.414781       5.503123   1788.987061   37.906296   9.447473  2.845541  194.764862
185 -31.141165 -45.300556  34.493675  0.598669  4.194226       6.402161   1401.211426   28.994766   6.417305  2.495998  302.211273
186 -30.047056 -39.813629  39.280842  0.530564  1.330612       6.305972   1426.968262   14.461084   7.132298  2.361194  182.125732
187 -46.933586 -34.824638  31.218838  0.345311  4.232595      12.857547   1506.127319   39.254253   6.483371  3.510602  131.014420
188 -31.207973 -35.892063  34.780815  0.647125  4.522652       5.389168    727.254150   51.646755   6.600962  3.688086  445.619049
189 -46.951763 -21.371983  22.761866  0.521127  3.220259       8.846341    940.550049   47.114498   7.264810  1.826754  196.982727
190 -27.558769 -38.486404  44.867783  0.482829  3.666048       5.962564   1565.471313   63.023499   9.707939  3.626501  219.818726
191 -44.936710 -15.250420  20.238106  0.373021  3.267525      10.046456    881.930847   10.290133   6.456581  3.198748  120.551514
192 -42.375416 -13.194924  15.478948  0.512566  3.268569       5.602199   1344.299316   46.579342   6.877070  2.281218  157.465378
193 -41.548435  -6.484964  24.272295  0.452648  4.706129       5.380232   1709.757568   76.832809   7.353924  2.472925   73.347458
194 -43.384796 -30.368500  25.757809  0.522209  4.072633       5.936560   1740.671997  103.934608   5.757754  2.020052  182.678024
195 -36.991898 -38.465538  24.532204  0.496542  4.569615       9.427180   1011.026184   92.005638   6.683054  3.026498  205.439133
196 -32.154648 -48.080978  34.337494  0.562830  2.878617       6.358964   1956.279541   29.174603   7.419741  2.180641  228.508591
197 -22.025215 -47.705826  38.541977  0.459701  4.668279       9.068867   1366.134766   26.923098   7.319044  3.157206  122.872070
198 -36.193233 -36.706493  37.185066  0.427832  1.551102       9.519528   1011.581665  147.062241   6.128270  3.144171  171.624878
199 -42.090973 -43.089893  36.143906  0.420702  3.501947       8.481798   1657.410156  184.149246   7.145587  1.537249  116.779411
200 -46.004478 -35.840874  27.114616  0.447552  4.471324       7.792544   1901.825928   60.731133   7.458920  3.133344  249.115082
201 -27.991224 -38.360229  44.024208  0.596539  4.489612       5.845022   1220.558228   47.928936   6.773146  3.342356  312.062714
202 -31.235836 -46.497257  41.439468  0.682536  4.666009       5.368554   1237.215210   16.140629   7.823443  3.420182  529.875427
203 -42.505672 -32.375172  25.322943  0.450767  4.206523      10.402409    737.206299  135.749817   7.233764  3.267288  245.130539
204 -17.235292 -34.379257  40.077873  0.551724  3.938254       6.114638    935.064880    3.025864   6.978792  2.932100  171.456955
205 -40.075348 -21.392290  31.144123  0.460697  3.841486       8.923638   1062.382935   16.644938   6.376501  2.354362   95.297897
206 -47.547493 -35.014668  11.466393  0.509744  4.766364       8.024385   1813.124634  118.571236   6.707996  3.785104  293.221588
207 -41.035412 -27.260984  34.626762  0.467699  4.353085       9.661564   1015.941956   23.467928   8.079670  3.413725  183.874802
208 -40.525173 -34.516701  32.545837  0.516905  4.358820       9.005101   1122.565796   21.401348   8.053217  1.800736  162.424637
209 -33.213520 -30.338663  28.092384  0.469638  4.323814       9.642501    786.470947   90.368843   7.191152  2.103042   90.689194
210 -29.308304 -33.385914  37.048302  0.424306  2.738837       8.181001   1263.110474   43.177109   7.582136  3.708729  130.005081
211 -47.782009 -29.049353  28.578791  0.586161  3.155675       7.244280    949.147522    7.890524   6.138532  0.710855  185.506638
212 -37.980507 -33.809959  34.091026  0.459774  1.189840       7.428412   1894.110840   38.470829   9.075188  3.793523  199.404297
213 -40.065712 -30.692848  41.163788  0.479400  2.061265       8.176714   1090.398193   38.411232   5.919424  3.252635  202.731857
214 -49.026722 -18.141216  25.451483  0.377877  4.104137       8.547578   1892.190796   18.523769   7.121349  3.092908  114.647057
215 -37.742039 -37.339066  22.072523  0.378724  4.125551      10.914474   1082.013306  185.630341   7.703676  2.857109   79.960899
216 -30.228361 -37.260445  43.263901  0.431713  4.966486      10.151762    801.674377   17.822889   7.170175  3.602487  164.612045
217 -35.134003 -32.814678  42.504410  0.391147  2.470208      11.289400   1277.247803   58.875378   8.080697  3.811331   90.490219
218 -44.811523 -11.787077  28.460581  0.526835  2.785336       9.402203    975.022949   37.767693   7.062846  2.759835  143.545532
219 -30.436916 -30.185696  34.604492  0.523779  1.539643       7.038763   1544.904297   36.275509   8.058509  3.844259  190.464966
220 -38.772865 -35.463764  31.685371  0.651302  3.701245       8.397132    831.744202   57.372414   7.703684  3.234391  429.276184
221 -37.950554 -25.499409  28.014116  0.386012  3.273006       7.048687   1924.820312   89.172882   8.796984  2.812610   65.316673
222 -34.293262 -16.787773  48.007393  0.580807  4.378726       5.546269    928.895996  168.070953   7.490903  2.955969  188.538712
223 -39.981724 -39.805305  35.549595  0.679315  2.610618       5.774765    819.637085    1.622864   7.977170  2.895202  595.924927
224 -43.004528 -40.195400  30.706028  0.426849  2.615789       9.357060   1472.041870   68.235733   7.754110  1.734485  117.949905
225 -49.293854 -41.413548  28.382641  0.474910  2.822946      10.042175   1394.161133   80.649681   7.428462  2.104049  318.227448
226 -36.148735 -32.097542  37.542191  0.409455  3.367163       9.445086   1502.129517   16.634386   7.050244  3.803262  131.635010
227 -35.521004 -37.670101  39.035290  0.533136  4.939229       8.794582   1249.376465    7.981137   6.469564  3.019569  245.912720
228 -28.570990 -44.571404  42.807217  0.509392  3.236713       7.704877   1107.769653  140.069504   5.400497  3.631134  288.564301
229 -46.540485 -12.307841  31.620550  0.456776  4.327804       9.156939   1431.649536  109.401398   7.609812  3.468999  105.998161
230 -25.321693 -36.348186  37.259296  0.522207  4.020481       7.381898    980.651123  102.373032   7.548401  2.466428  159.267090
231 -40.944881 -39.652500  31.128222  0.599732  4.870451       6.882173   1172.436646  136.569778   6.312526  3.042603  413.179871
232 -47.241890 -28.336870  29.540092  0.372607  3.663806      11.129228    971.941956  130.663559   6.630341  1.614908   51.892097
233 -44.262062 -35.944595  38.478016  0.663247  3.350278       5.123713   1219.418823   42.469936   6.208080  3.279325  514.664612
234 -47.780991 -37.336369  30.068750  0.538015  2.731831       9.793076   1581.602539  113.349380   6.767904  2.697375  325.621063
235 -34.347069 -42.127563  45.067856  0.444735  4.795329       7.336301   1381.651978   35.667633   7.158811  2.004978  161.700592
236 -35.930737 -42.636597  23.319363  0.506865  4.687375      10.841476    871.670532   25.029512   7.986893  3.698472  233.037521
237 -44.782291 -25.603745  18.999605  0.720041  2.631726       5.183135   1023.534424   48.079369   6.986406  2.987092  527.320557
238 -32.241322 -36.568130  44.719498  0.488798  3.277972       5.074146   1948.666382   71.324181   7.722296  3.455635  224.268936
239 -24.991390 -48.390877  41.340309  0.408162  4.598375      10.443776   1358.563965  238.106979   6.739083  3.612341  140.847565
240 -45.020866 -33.663448  24.177002  0.359116  4.297658      11.365431   1045.944458   89.670242   6.757508  1.954805   76.476089
241 -41.891266 -43.303738  27.402515  0.516275  3.096343       9.019074   1923.074341  139.236786   5.553402  3.347105  295.160217
242 -44.484745 -18.360016  29.944292  0.449683  2.129277       7.343324   1962.685303  118.442162   7.279142  2.814082   92.711700
243 -39.659630 -41.251274  34.234711  0.465340  3.856653       7.663056   1789.439819   44.401920   6.436699  1.842119  137.027649
244 -39.318859 -31.114561  37.006664  0.527236  4.844600       9.190914    867.681580  140.113022   8.371675  1.841542  182.383682
245 -42.320297 -36.531761  32.305771  0.456816  2.178320      10.141187   1016.193420   29.562159   7.883195  2.103566  184.411606
246 -35.062649 -37.637791  42.829182  0.487692  2.999517       7.580480   1006.521362   14.844716   7.498238  3.477063  278.998230
247 -42.440128 -38.396793  35.182060  0.609557  1.558102       8.481201   1089.562500    4.784616   6.009295  2.895247  404.001251
248 -46.150394 -28.076305  24.813375  0.476390  4.238179      10.370204    869.900391    9.023704   7.315075  1.119075   79.233826
249 -38.486862 -37.659298  27.647955  0.578984  4.064201       8.681533    919.240479   74.220154   7.632017  2.714153  315.441193
250 -30.496769 -35.436703  36.273899  0.481666  4.879496       6.454453    988.548096   96.507637   8.354407  2.611535  193.897659
251 -43.922195 -24.829670  22.583839  0.624892  3.742997       6.250710    896.832581    4.316657   6.283265  0.788172  194.883163
252 -41.446644 -17.554502  29.121666  0.449521  4.296755       6.347312    955.300171   74.697540   8.126882  1.843567  105.296448
253 -40.104340 -46.895168  31.662960  0.384928  3.925079      13.404487   1157.129395    1.916647   6.410312  3.256360  189.242569
254 -38.700153 -28.560822  25.891016  0.611028  2.871634       5.499469   1128.099976    9.742117   6.956622  3.306952  347.521240
255 -29.213411 -19.004700  35.707905  0.525438  4.102816       5.080033   1237.464722   23.746895   8.295272  3.959318  197.263992
256 -30.018208 -46.094349  34.346287  0.448501  3.425983      10.347061   1540.885132   16.250650   5.853113  3.655534  149.918411
257 -46.551613 -22.973850  22.258657  0.726799  3.949222       5.012142   1077.034424    8.955043   7.616811  3.086447  524.493225
258 -35.985397 -39.185329  32.206856  0.523703  4.155269       8.538322    841.998596   58.229431   6.302118  1.395755  188.625229
259 -37.016388 -42.584576  27.645182  0.398538  3.408869      14.782323   1090.947510  167.204926   7.816612  3.325907   68.268608
260 -38.997696 -22.687834  36.784946  0.469837  3.785367       7.125663   1613.031006    7.934382   8.160462  3.674583  156.255402
261 -40.852985 -37.378723  40.093800  0.490632  3.953356       7.650126   1768.104736    8.081206   6.140589  3.903369  291.715424
262 -49.969475 -14.303400  19.702021  0.520953  4.106447       7.056433    868.493530   38.071918   5.126078  2.634561  316.704102
263 -39.224491 -28.678556  25.679716  0.397215  3.336399      10.052210    939.437012   83.879028   7.480242  3.994932  159.838150
264 -39.100563 -30.115709  24.440054  0.550664  4.112622       7.266212   1413.322876   41.213818   6.596716  2.882395  219.271179
265 -38.930107 -27.793308  27.472511  0.585822  4.929808       7.129982    907.617798   42.283878   7.498197  1.577142  219.202271
266 -19.811913 -35.589954  49.581913  0.411556  3.687585       6.182734   1478.560913    9.107569   9.307808  3.392307  116.316605
267 -30.767097 -24.874292  30.768045  0.415273  4.197977       5.264564   1610.513794   71.878967   8.631785  2.780737   82.986206
268 -25.919308 -46.858418  35.820915  0.636811  2.907453       6.645102    733.078369   13.682354   7.257410  3.653998  409.530457
269 -33.068291 -28.055384  35.794514  0.646600  4.636765       5.962151    707.845642   66.028931   7.365562  1.578018  312.367737
270 -48.993790 -23.515697  22.636486  0.505906  3.911233       9.061709   1317.843384  103.621117   5.098226  3.332484  269.907623
271 -33.398579 -36.911919  27.830107  0.602105  4.075689       5.745237    866.059570   77.975815   8.248331  2.940198  338.837219
272 -37.347549 -29.286396  41.474632  0.564385  2.647671       5.773669   1012.694031   15.077841   8.281197  2.721311  279.992859
273 -46.695583  -2.471884  32.784481  0.575883  4.569233       7.475651    878.219360    3.535570   7.716045  3.854188  206.158508
274 -29.216770 -26.673159  41.987610  0.413420  2.904282       6.198546   1499.979492   96.509850   8.393118  3.388641  106.819885
275 -45.831974 -24.726942  23.985260  0.418277  3.257055       9.380765   1207.720947   63.029594   6.073561  2.525408  136.437195
276 -38.752495 -25.729465  29.211334  0.539101  4.412454       5.378807   1185.920410   75.576347   6.866483  3.210566  269.687256
277 -20.880772 -47.328278  42.181313  0.693491  3.786907       6.989330    825.503845   38.814987   5.947858  3.865693  435.301575
278 -26.483192 -44.477261  44.088982  0.455442  4.687815      10.574122   1190.604736   79.938423   7.342216  3.602728  167.396698
279 -19.547119 -33.113186  38.939289  0.518409  2.931098       6.442897    995.505493   47.532028   7.723650  3.931494  175.667938
280 -32.683548 -45.614876  36.845287  0.534503  3.284065       5.401854   1616.403442    8.569604   5.917408  1.783494  212.219681
281 -45.668659 -41.645355  40.057140  0.421605  4.678059      11.849853   1543.667236  168.034027   6.496854  3.803829  248.723938
282 -42.589626 -22.551596  32.914371  0.470361  3.829071       6.136309   1047.748657   66.998787   7.829482  1.943660  147.181671
283 -47.772522 -35.613228  26.984373  0.569003  4.702968       7.238698   1225.587158   13.735923   6.445698  3.347095  440.566864
284 -34.307335 -43.678513  30.990911  0.520783  3.301951       8.146771   1050.942505    5.029815   6.851033  2.374444  235.337387
285 -41.835228 -10.836871  36.712524  0.660909  4.596971       5.219720   1052.719482   80.251427   6.342997  3.216338  282.107697
286 -37.910782 -36.029377  40.665638  0.493260  2.653504       6.108500   1397.749268   73.865883   8.400516  3.269878  272.418640
287 -49.041782 -12.912157  42.484600  0.642653  3.780320       5.861133    836.273804   82.748070   6.818824  3.185791  288.110291
288 -45.979057 -22.117403  31.362776  0.612536  3.823802       5.530583   1425.195435   35.794708   8.827984  2.825463  331.390930
289 -45.429897 -29.126757  12.245996  0.663421  2.753258       6.214516    956.263611   82.727890   7.880956  1.785774  376.465118
290 -31.332422 -40.153526  43.383232  0.478961  4.195058       6.314239   1412.699463   79.290520   7.676008  3.539661  261.229126
291 -40.405598 -32.258865  23.029419  0.394196  3.114144      10.604781    887.995911   59.441849   6.065316  2.385366   95.253799
292 -29.636076 -43.378601  43.997021  0.544671  3.534522       8.613860    783.894348    5.145397   7.964223  2.848125  309.794617
293 -40.000908  -6.052812  32.198284  0.447146  3.432088       5.550078   1386.216553  102.528000   7.323867  2.780313   70.521721
294 -40.036701 -35.863335  23.888741  0.535084  3.542708       7.538655   1343.463257   85.613991   6.386967  2.343683  216.968826
295 -44.797264  -7.905915  21.928045  0.457245  3.298972       5.605357   1681.753174   35.777702   7.324977  3.220366  156.573059
296 -25.061733 -45.198380  48.060715  0.571995  2.965976       7.446422   1081.825317   41.659351   6.944788  2.048738  238.669418
297 -35.962135 -44.325764  43.088924  0.558341  2.671966       7.231480   1109.774658    6.944370   7.279309  1.754286  314.386597
298 -25.462532 -42.279491  37.051556  0.421771  4.694324       7.203989   1453.836060  105.771690   6.936400  2.501239   87.454201
299 -35.448326 -44.085167  38.596127  0.588630  2.319600       8.683496   1185.718994   23.409351  10.056606  2.136339  310.411377
300 -30.689213 -26.879702  41.835545  0.491172  3.305825       6.465505   1017.550720    2.098415   7.149306  2.109929  114.319656
301 -39.816059 -38.445946  36.772789  0.466747  4.145597      10.508979   1198.663574   15.452282   6.175113  3.044495  204.746994
302 -47.410217 -36.095707  10.284907  0.705333  2.621349       5.043634   1358.600830   26.419838   6.580891  3.841084  538.092957
303 -43.534649 -33.814968  24.157503  0.500851  3.987958       9.468303   1175.190918  111.984894   8.669290  2.501215  216.864014
304 -37.004028 -48.109859  44.748055  0.491427  3.064200       8.685875   1765.711060   98.929169   8.074478  2.698042  289.953918
305 -39.556801 -44.547333  31.651623  0.635092  4.663472       6.978575   1100.308960   77.649620   6.107771  1.487295  404.019531
306 -40.283230 -21.391315  29.695328  0.592416  3.924265       7.805137    750.541443   60.219536   8.486051  3.195149  291.090302
307 -35.951191 -49.802952  30.641523  0.441551  4.905591      14.156220    980.321350  165.422089   6.630548  2.404512  154.728943
308 -26.917004 -31.139933  41.877258  0.524379  1.300148       5.858737   1159.087280    6.237737   7.429960  2.815719  180.706299
309 -42.072655 -10.986794  42.020920  0.619424  4.068678       5.265623    797.517700   29.921009   6.929494  3.301033  249.094818
310 -16.264626 -49.135910  39.331764  0.618080  3.091640       8.152075   1249.386597   97.024841   6.398475  2.261451  115.741325
311 -40.642357 -25.545238  30.242794  0.568953  3.743374       7.113720    897.215210   49.229504   6.693014  1.789445  214.357330
312 -32.610916 -45.781303  39.581909  0.668729  4.822986       7.182343    812.441406   58.327713   6.652318  2.855937  528.403198
313 -44.245411 -29.373207  28.146667  0.674158  3.127917       6.939465    798.656433   20.026003   7.400320  2.525170  489.583893
314 -49.374725 -36.229866  26.403595  0.588637  3.020758       5.029640   1776.206421   75.867874   5.801926  3.467164  504.784576
315 -42.816849 -40.374233  25.662157  0.451899  4.540148      10.594111   1202.827881    2.988750   8.796477  1.792927  132.493439
316 -34.200253 -41.240429  39.523006  0.422682  2.753963       9.336015   1644.959351  230.836716   7.177092  3.686704  180.134872
317 -25.708780 -42.477314  42.829075  0.398949  3.328751      10.227705   1203.026855   53.282310   8.296184  3.303144   98.874298
318 -34.828003 -28.237970  30.451736  0.511656  3.314475       8.947127    781.605713   91.926826   8.476480  3.657632  217.161179
319 -44.523857 -40.920555  44.221272  0.435549  3.110890      12.513443   1675.744995   78.924942   7.733074  2.684744  131.663254
320 -43.074493 -39.445110  40.038803  0.525802  2.290797       9.528909   1287.233276   60.548660   7.228965  2.424239  261.390747
321 -32.677853 -18.363363  38.808788  0.443387  3.770892       7.273484    985.157715    4.922909   8.122968  2.625509   77.041336
322 -33.378132 -41.804573  34.094551  0.589153  3.119943       5.327438    839.459473   94.426743   7.817489  1.197608  283.057892
323 -42.387997 -23.717852  32.360008  0.471665  3.526026       8.693847    869.226807   14.784704   6.980508  2.683921  181.416641
324 -20.898069 -42.621948  39.576130  0.563515  3.628178       9.402239    832.342407   27.358110   6.541216  3.685138  215.338242
325 -29.462738 -40.853832  40.261711  0.443224  4.487011       9.798626    780.588501    2.831964   8.403184  3.593004  198.297546
326 -27.669333 -27.342897  31.993744  0.575412  3.678008       5.909053   1097.677612   34.187244   6.665833  3.205872  211.452972
327 -48.619888 -18.280161  18.420338  0.574107  2.587066       8.399346    756.823242   30.410419   6.280048  1.820225  307.947144
328 -23.649740 -44.327938  47.273956  0.514506  3.032489       7.628168    871.517822  107.148834   7.127074  3.220075  267.602661
329 -36.856857 -26.062956  29.157890  0.487504  4.820733       5.661266    871.106384  115.184654   8.993338  1.765520  172.254623
330 -34.004627 -44.736801  31.648609  0.546845  4.402910       6.789247   1132.894287   86.253036   6.150145  3.233906  333.551392
331 -37.619091 -38.310318  35.582336  0.597961  4.974941       5.290959   1763.641602    3.114130   7.392252  2.965059  349.229614
332 -44.061840  -1.772738  11.979471  0.475777  3.851273       6.375879   1273.163574   32.642525   5.743402  3.692361  198.696793
333 -37.141548 -25.418978  28.769279  0.605349  2.756284       5.662010   1258.726562   29.506420   6.924297  3.620585  302.605316
334 -42.727234 -46.724705  30.334446  0.489809  1.849654       9.807910   1760.139038   71.759186   6.679918  2.113723  215.224655
335 -41.150635 -25.224586  25.812986  0.582736  3.215063       7.468055    878.050537   14.910040   7.487795  2.603339  299.631866
336 -40.272606 -33.971146  39.243820  0.573082  2.687868       6.629417   1587.678223   91.721619   7.427823  2.769441  271.716522
337 -47.076176 -46.080444  32.249729  0.662265  3.735979       9.535867    997.182068   20.223274   6.633027  0.444857  450.126343
338 -41.677971 -25.901482  34.722824  0.357368  2.790426      11.267531   1209.573120  131.377594   7.406250  3.268815   60.178123
339 -27.771782 -49.193390  40.612331  0.536680  4.819129       7.800044   1280.014526   51.969223   7.349821  3.414763  316.336761
340 -38.500645   1.942712  26.888683  0.439814  4.084309       5.183854   1669.880493    8.077552   9.073300  3.861835   95.674164
341 -44.520950 -31.757534  19.443966  0.711577  3.306523       6.292190    731.584900   17.224958   5.300960  1.732455  588.490112
342 -27.118317 -44.559433  38.687130  0.473908  4.747312       9.554282    967.249023  139.500397   7.753382  2.411654  153.477585
343 -44.370865 -12.394081  26.186975  0.423695  3.612242       6.769114   1810.322998   84.402641   8.048497  3.133732  110.164055
344 -23.025713 -41.332588  47.577721  0.573938  1.485160       6.807003    971.507202    7.708869   7.608624  1.965425  197.831894
345 -44.855743 -25.605900  20.436604  0.674594  4.976382       5.526608   1036.105103   34.301422   7.374276  2.310956  435.308899
346 -36.341385 -42.085938  30.091429  0.548936  4.480873       5.856086   1669.718018  124.493561   7.981785  2.327498  248.052887
347 -36.087605 -31.207546  39.379475  0.511322  1.876492       6.875455   1154.538940   19.089025   7.940759  2.691176  198.334167
348 -45.522404 -39.774158  19.096113  0.464027  3.903258      10.441116   1643.521362   62.112305   6.924945  1.953914  128.838577
349 -39.887054 -14.936379  23.580448  0.419375  3.067983       7.808048   1165.750488   75.860863   7.577115  3.166559  108.641647
350 -36.649841 -45.721096  27.693295  0.612187  4.163650       6.885645   1010.446350   16.966858   5.438625  2.398374  393.021576
351 -23.924475 -35.528206  39.703659  0.441888  4.451054       7.319881   1026.757080   77.770294   6.379420  3.748350  153.987823
352 -48.424931 -25.108564  29.689581  0.594493  2.551453       6.892257   1058.304321  100.223877   6.490783  2.764405  366.766968
353 -34.844143 -36.639191  43.097107  0.358045  3.808278      10.949107   1691.260498  220.225327   8.071833  3.572852   71.584061
354 -39.459679 -38.423019  28.748430  0.529240  4.696302       8.923599   1071.000488  166.227234   8.307170  1.559263  175.283676
355 -36.507473 -36.901211  30.929691  0.581925  3.169652       6.906592   1397.224731   35.405472   7.177489  2.390080  248.146683
356 -45.779274 -36.401653  28.273218  0.436000  4.933388      12.907032   1121.356934  138.588837   8.020107  2.211628  142.119965
357 -45.308243 -25.776436  34.663189  0.635119  4.221093       7.191136    839.716248   14.079883   6.421669  1.354090  289.346283
358 -36.943352 -37.675797  42.296108  0.495737  4.796999       7.963676   1646.935181   13.054449   8.759655  3.962357  252.627563
359 -34.323853 -28.390726  41.665348  0.515033  4.696822       6.079839   1627.114380    9.145749   7.372420  3.120226  182.330200
360 -27.309441 -33.186497  33.773849  0.499157  4.732625       8.106483    814.773315   17.277605   9.488965  2.014626  111.385002
361 -38.250008 -41.655304  38.394871  0.477491  3.977098       8.750780   1176.197754   59.077152   8.266511  1.386906  127.540314
362 -46.566372 -33.701393  23.187569  0.371372  2.701860      12.322753   1404.293945  196.704483   7.349720  3.208956  128.605713
363 -27.686079 -37.637608  37.548935  0.648364  3.752378       8.028896    744.883606   15.784245   7.221082  3.773475  352.773193
364 -39.320045 -45.222786  25.056061  0.649070  4.141591       7.213988    754.705750   68.129501   6.421687  2.301004  518.611877
365 -29.818008 -19.846277  30.550392  0.606174  4.043077       5.404791    739.280457   17.340715   7.157732  2.520565  246.853516
366 -43.839657 -18.289970  22.388439  0.460762  3.555885       5.457740   1682.991455   33.021145   7.647583  2.790406  171.400528
367 -32.323097 -45.131210  36.509476  0.449179  4.157402       6.617278   1520.092041  160.083374   6.055481  2.076316  157.824112
368 -23.956600 -47.136253  40.889282  0.600157  3.841119       5.867680    803.237854   47.955444   7.772015  3.266591  393.284302
369 -42.914051 -34.234264  34.677509  0.536007  3.281094       7.003638    853.243896   37.480808   8.689236  1.089441  239.957199
370 -24.215328 -39.509251  40.259892  0.463860  3.125596       8.990090   1613.559814   55.184834   6.183163  3.962628  128.063293
371 -45.076660 -14.741549  23.065651  0.483949  4.083099       7.224327   1040.910400   20.355740   6.705065  3.476892  235.163986
372 -42.150429 -20.278893  26.910242  0.541190  1.640504       5.879931   1373.954834   10.233006   8.357443  3.829551  265.768555
373 -37.772625 -44.654644  32.218399  0.501876  2.941607      12.324650   1352.955078  157.389267   7.006410  3.850860  249.266891
374 -48.940926 -24.441120  21.698971  0.423060  4.306878       5.851526   1957.060547   51.270184   6.860544  2.165796  149.006760
375 -35.923306 -18.951235  31.199856  0.579125  2.242682       5.087928   1287.667725    5.258365   8.229643  2.645534  204.779175
376 -24.177986 -31.719030  27.787172  0.525498  3.619033       5.726411   1094.111328   50.172466   8.744807  2.062021   84.904190
377 -34.832428 -46.168045  36.765945  0.589806  4.849633       7.526659   1176.635254   38.288624   5.601694  1.186747  244.816528
378 -47.779816 -35.041435  19.185425  0.434270  3.805842      12.738276   1335.232056  167.546295   5.559644  3.625731  200.145950
379 -38.232529 -23.469723  22.866915  0.541613  4.281072       5.717842   1377.195679   44.908943   6.797472  2.891587  215.883820
380 -48.746487 -18.758423  24.321278  0.563088  3.277822      10.220461    901.140625   37.804161   6.185954  3.057585  279.890656
381 -49.992893 -19.465876  16.759844  0.457661  3.846347       6.289761   1917.204224   66.509552   8.475526  1.796065  116.572105
382 -38.275311 -24.322414  20.233717  0.630845  4.267611       7.018446    857.221924   85.252563   9.552890  2.384710  293.282410
383 -46.751026 -17.598574  35.595787  0.606167  2.673255       8.154057    727.514221   23.042505   6.940681  2.887327  284.799683
384 -29.782440 -47.979626  39.066105  0.534596  4.094885       7.736468    931.508667  102.177460   7.770471  2.153278  293.477753
385 -44.249317 -26.986343  22.461449  0.688645  4.111794       5.192411   1281.369263   47.499573   7.603440  3.627472  477.599213
386 -47.417290 -24.413715  29.660526  0.476141  2.367307      11.091774   1199.403320  177.052689   8.580722  3.288769  182.123764
387 -34.232277 -42.456974  43.361149  0.346837  1.981467      11.382062   1579.699341   33.965332   7.895292  3.706973  113.653313
388 -46.688980 -23.475012  19.732363  0.625698  3.770577       5.045475    939.299561   37.507553   8.708397  2.625479  437.029480
389 -44.609821 -33.959785  24.499533  0.460136  3.259791       9.857198   1078.247681  151.063324   7.448736  3.047745  243.529144
390 -19.743341 -43.838863  37.726147  0.451744  4.466623       7.279217   1693.457520   71.406845   6.354798  2.898682   72.887772
391 -36.796341 -49.086765  32.699329  0.569288  2.950060      10.254848   1392.342285  163.057526   6.608179  2.966778  331.624329
392 -38.093491 -42.304653  39.559200  0.500332  3.816028      11.412371    884.523621   49.072392   6.565055  2.698321  255.581497
393 -42.430286 -25.018257  33.416588  0.480155  3.899502       8.779516   1059.666992   33.493519   9.008096  3.240958  196.332718
394 -27.348917 -39.193943  40.129196  0.591444  4.959979       5.626644   1222.829346   19.657890   8.474172  2.519762  255.356522
395 -41.803749 -31.818048  36.950130  0.380221  4.558923      10.184571   1917.853516   63.666763   7.322521  3.923345  122.070663
396 -38.643021 -27.943813  24.509207  0.544805  3.433310       5.499653   1563.209229   31.189903   7.474296  3.319573  249.201324
397 -24.256134 -32.271500  42.185623  0.424235  4.596753       8.607119   1141.795776   15.574528  10.394197  3.604785  101.948677
398 -48.895107 -34.632439  34.960682  0.655544  2.983505       5.964396   1507.954590   20.101898   7.496617  3.842971  537.840881
399 -45.251232 -24.656033  24.753633  0.522653  4.753187       6.691677   1146.897461  116.108231   7.000115  2.300106  244.891296
400 -45.411781 -27.235014  24.418159  0.455690  4.100197       9.313682   1610.757202   60.391857   8.296038  3.394069  192.495865
401 -34.927750 -45.366776  23.306728  0.517925  4.087127       8.323545   1883.884033   89.187866   6.630942  2.860105  161.878021
402 -49.280876 -36.721489  18.605587  0.578204  1.737245       7.694876   1452.316528   70.754112   5.021833  3.424471  434.723877
403 -46.107719 -17.918037  30.670591  0.495406  2.253647      11.063149    989.494812   24.318565   8.088279  3.691679  152.610001
404 -40.885319 -23.602936  21.565115  0.402150  3.052421      10.848131   1230.494995  244.052216   6.046031  3.774956  102.405090
405 -49.722073 -39.121918  18.476051  0.434530  4.221751      14.333756    742.285400  106.719284   6.820459  3.110276  289.317993
406 -26.743551 -45.329350  39.566769  0.496525  3.865562       9.665643   1523.288818    7.348829   7.547678  3.456144  170.430939
407 -33.801514 -31.734325  37.140743  0.483224  2.649013       5.072860   1401.772461   57.108696   5.927026  2.705122  186.834702
408 -24.165731 -34.383209  41.405003  0.502386  2.606544       5.839771   1464.698975    7.392936   6.581932  2.725558  135.745270
409 -33.276558 -39.785858  31.486406  0.570437  4.371717       9.671250    767.655273   99.502449   7.049066  3.336447  291.324554
410 -44.679710 -11.534483  24.347847  0.418022  2.488662       8.800561    885.430481   71.629166   9.323792  1.898546   53.389465
411  -8.408652 -45.648869  47.932201  0.440684  4.773060       6.815812   1580.756592  131.815369   6.670502  3.278616   65.510887
412 -29.100283 -48.301487  26.093992  0.641511  4.048645       8.918106    805.848755  100.111900   7.414491  3.126024  314.613220
413 -46.865318 -31.675634  22.587742  0.630189  3.117532       5.846017   1855.684937   68.400658   8.020185  3.748227  442.580933
414 -39.147598 -35.283802  29.040545  0.664159  3.648523       6.777865    831.019287   14.510524   8.631336  1.429250  377.343964
415 -36.840557 -30.414713  34.146015  0.654391  3.803506       5.357137    958.836670   19.416782   7.217421  2.447849  360.062439
416 -48.179066 -30.078053   3.077217  0.373355  4.821971      14.562595    883.309631   12.406241   7.059429  3.716383   69.356850
417 -38.627098 -12.645843  32.322441  0.555726  4.509221       5.495486   1043.617188    8.681523   6.864711  3.331054  225.035110
418 -44.918556  -9.497415  22.894623  0.583441  4.517108       6.481851    852.236572   22.170099   8.271073  2.692410  282.260376
419 -34.224335 -36.108376  23.195744  0.491134  2.673547       9.580548   1266.984619   21.188843   5.618851  3.215958  119.972115
420 -24.370895 -40.974419  42.513336  0.423767  3.913034       6.256164   1597.011108   67.921097   7.791523  2.434393   95.587067
421 -42.566444 -23.036978  40.667122  0.451727  4.939045       6.212039   1804.275024   84.459595   6.771012  2.565708  102.921982
422 -45.903477 -19.111841  20.736464  0.513561  2.985270       6.282609   1950.503052   72.082649   6.962049  3.398361  231.452286
423 -46.642284 -14.325594  23.034830  0.565140  3.704576       8.904403    816.140076   49.979691   7.286861  2.982380  268.919769
424 -29.457106 -37.223160  44.919842  0.513104  2.796107       7.281411   1590.965210    6.857388   6.117229  3.877495  220.093353
425 -40.610344 -36.047062  25.404369  0.431310  4.536051      10.732579    888.470642   31.130058   7.330615  2.726226  171.536926
426 -49.198517  -5.600228  25.660089  0.548136  2.527430       9.129376   1162.428589   58.532459   5.621814  3.785959  183.202637
427 -46.429783  -7.157559  15.345963  0.476190  3.438014      10.467525    923.377197  130.495667   8.140347  3.044117  143.738419
428 -42.297070 -46.908173  23.582064  0.567025  2.361040      10.874112   1438.434814   15.673088   6.000343  2.858424  277.975861
429 -43.313965   8.103820  20.717075  0.532908  4.733710       7.403598    908.164429   66.425568   6.715109  2.607394  126.277939
430 -40.396091 -29.205496  21.473928  0.479190  4.410417       8.931756   1239.676392   47.728420   6.978039  2.633615  145.453354
431 -45.830212 -38.151604  27.308481  0.453313  2.476529       9.468399   1318.380493   75.371490   7.586979  2.039277  201.287491
432 -25.359371 -41.258591  34.914032  0.568624  4.664444       7.219423    881.942505   43.523724   7.131107  1.504820  146.329880
433 -29.296856 -48.370384  35.901688  0.518124  4.137953       9.879125    952.910095   99.677261   8.572414  2.210258  217.472977
434 -40.314037 -35.729622  26.149485  0.687794  3.412094       6.316340    931.103821    5.556165   5.334594  1.537136  416.036774
435 -37.127773 -39.806873  38.854412  0.643235  1.417702       6.647506    772.760254    5.357621   7.938574  1.643289  467.409851
436 -47.250858 -23.829372  40.869076  0.484950  2.504245      10.334805   1474.698364   29.328094   7.643386  2.679725   54.593685
437 -37.627182 -43.457447  22.357391  0.681440  4.072890       7.585324    811.176453   91.764824   6.719154  2.473861  467.320801
438 -22.887575 -42.520367  42.824741  0.502540  4.914695       5.382006   1669.753418  141.653198   7.860001  2.759093  179.701385
439 -40.727577 -27.634077  26.903826  0.380982  4.252137       6.580659   1581.333618   86.326111   9.175612  2.107739   66.943367
440 -48.290447 -35.873318  24.763279  0.523817  3.218457      10.459924   1357.223755   22.494230   5.972625  2.650873  302.030792
441 -48.662151 -32.074444  25.987434  0.565365  3.760292      10.575232    992.040161   98.762604   6.611496  2.563007  340.932953
442 -30.920851 -41.782578  38.003540  0.558387  2.755777       8.559996    921.531738    1.821074   9.205815  3.539862  297.604492
443 -41.486546 -36.266106  31.183989  0.403875  4.238029      11.579206   1732.199951   18.083990   5.842764  3.310311  123.266869
444 -36.354801 -27.252115  32.699604  0.483491  3.000689       8.684498    936.760620   18.617428   6.121855  3.004431  164.124893
445 -49.600758 -28.124664  25.196764  0.436345  2.236915      11.725084   1260.024658  129.189865   8.379113  2.906252  186.109436
446 -44.534473 -13.156882  33.141762  0.566280  3.366671       5.326700   1193.010620   26.660248   6.642521  3.242468  241.821564
447 -39.237656 -38.768017  29.436825  0.524615  4.578941       5.197009   1720.317749    2.080285   5.907335  2.895356  293.423126
448 -33.080765 -48.162891  37.072002  0.469934  2.367832      11.546726   1460.566040   46.115864   8.450373  2.353095  124.152573
449 -40.788239 -31.397289  28.054121  0.445267  4.202657      10.948319    910.857117    5.168553   7.272525  2.869727  156.213974
450 -43.175785 -28.076498  21.538731  0.535502  3.851804       8.813848   1462.839722   95.742439   8.749827  3.792791  256.588959
451 -37.451519 -48.353008  38.592972  0.558489  3.595093       5.924362   1175.941895   13.827894   6.377157  1.489947  363.202057
452 -38.250496 -27.022871  27.321518  0.595997  2.328524       6.835545    717.764587   76.805237   7.400103  0.599137  106.882996
453 -43.452850 -25.110991  28.334379  0.462916  4.393134       7.203689   1202.738892   64.571854   6.353705  2.156115  158.400299
454 -43.227207 -22.743229  19.014898  0.564984  1.527852       6.438937   1208.661499    8.531025   8.334642  2.076583  211.355179
455 -41.939823 -35.304600  29.414236  0.462333  1.650258       8.959361   1115.543091   74.090225   7.122293  3.099191  236.276215
456 -32.895817 -38.780876  23.494326  0.523466  3.192454       5.004879   1783.638306   42.601707   7.884185  1.907159   91.426483
457 -41.122086 -47.168129  20.601732  0.663011  4.263522       7.799255    757.890198   29.968018   6.754870  0.632307  454.181549
458 -28.579117 -37.511265  28.988163  0.454841  3.466690       7.807094   1171.505981   38.769291   6.680519  3.465068  137.497925
459 -32.165794 -22.396015  28.674446  0.442105  4.589633       6.972060   1328.639771  117.376953   8.684163  3.766919  127.972565
460 -47.369690 -19.500513  20.062809  0.494211  3.291408       7.333255   1357.893311   27.473536   7.804081  3.455174  259.798187
461 -41.987164 -34.609646  37.726704  0.603890  1.778785       8.011217   1013.409790   42.229156   6.996885  2.329265  329.001953
462 -40.484833 -23.362825  35.221024  0.515590  4.732840       6.646913    883.703247    4.097639   6.311546  2.183367  193.097595
463 -35.168575 -46.750557  29.312920  0.609926  4.479282       7.103045    721.500366   10.351180   7.773294  2.630697  475.167023
464 -48.200264 -17.538433  27.999043  0.522283  3.809508       5.814351   1528.312378   30.237967   6.575058  2.303549  193.775879
465 -46.223999 -35.876785  32.844112  0.532073  2.477890      10.615645   1019.807617   13.169406   8.000326  1.231756  173.668091
466 -21.744389 -46.811230  45.002102  0.510849  4.519635       5.468065   1425.874512   72.836761   7.314251  2.391942  202.270401
467 -36.024178 -23.339180  28.724184  0.532847  3.414613       5.209540   1333.797729   76.645905   8.836139  3.644224  241.357162
468 -39.321098 -16.998718  32.717514  0.488064  4.914981       6.509129   1362.938721  111.721077   8.078492  3.966933  188.542725
469 -35.129890 -49.933163  33.251316  0.617675  4.640391       5.249146   1404.833618   99.199646   6.207246  2.038761  425.520477
470 -25.069798 -30.256559  43.988892  0.547254  1.617100       6.814947    917.214478   50.328716   7.300399  3.317556  208.154297
471 -49.990543 -45.489307  20.927402  0.484578  3.812029      12.749065   1522.924072   90.240021   6.752089  3.814193  383.769379
472 -42.300438 -44.694599  35.737419  0.433661  4.767978      11.175819   1419.419556  109.641190   6.232779  3.337237  275.394592
473 -43.041275 -17.686588  44.879730  0.487147  4.261127       6.360187   1649.078369   35.099277   6.649372  3.075837  103.828682
474 -34.075073 -36.199944  31.183699  0.510625  4.319362       6.559347   1018.383057   89.196327   6.764925  3.976693  295.892303
475 -49.055256 -30.623060  24.551434  0.487157  2.722617       9.798590   1174.858032   15.137416   7.418814  2.074234  224.648254
476 -42.035099 -30.722687  34.774601  0.449523  3.244889       8.418868   1338.980957  246.468048   7.608316  2.439496  140.136536
477 -44.623833 -22.273445  26.697187  0.560824  3.525963       5.965481   1430.909058   64.365540   7.121861  2.516220  259.432465
478 -34.801033 -34.635548  34.922054  0.424024  1.996054       8.495436   1057.824707   10.854413   8.544084  2.697121  137.597229
479 -35.416855 -42.349991  31.173492  0.635576  4.097002       5.843123    836.013550   81.267822   8.442522  3.800308  509.716614
480 -45.572037 -39.201431  24.618986  0.607366  2.528009       6.919146    953.524109   16.362730   7.613517  3.067533  516.439697
481 -45.243687 -48.898392  22.662931  0.601573  2.521353      11.936219    926.702820   13.972276   6.294667  3.052181  474.245636
482 -42.593521 -18.532404  15.826810  0.519356  2.497806       5.710174   1252.390015  199.770004   7.589967  1.894268  152.081696
483 -45.664715 -12.795382  17.357533  0.411578  4.303814      10.962106    971.335205   63.553577   6.474656  2.411219   71.120003
484 -35.531834 -34.176342  36.054367  0.378521  3.465743      10.469159    754.307922  116.710869   8.211837  2.380275  100.209412
485 -32.349754 -48.679230  39.338085  0.506535  4.232519       5.171305   1590.840576  175.035660   6.863464  1.554660  203.709778
486 -28.964584 -42.410378  40.641060  0.348055  4.446733      10.366401   1697.594849   75.701439   8.563496  3.114980   50.363827
487 -29.084902 -39.865570  40.188431  0.598624  2.889643       5.654087    886.958069  166.848862   7.975275  3.193745  364.626892
488 -42.667259 -42.592564  36.482307  0.571535  3.661680       8.722290    928.342957   22.723434   6.864346  3.616683  474.725677
489 -35.647736 -33.869061  39.811321  0.476164  4.414011       7.418405   1112.912842   65.469749   6.653434  3.802925  246.392975
490 -42.510571 -26.895245  29.128170  0.413961  1.866771       6.494708   1844.497925   26.840628   5.875297  2.517255  115.545235
491 -41.883778 -30.289625  23.704035  0.451926  2.130008       9.590872   1431.562866    7.186696   6.630822  3.804450  181.201309
492 -46.151318 -34.845798   9.963832  0.418538  4.199984      13.883871   1032.755371  125.916763   6.532393  2.755786   72.248314
493 -28.032001 -44.472103  45.014153  0.546351  1.803036       5.628092   1395.188721    0.572816   6.339911  1.320796  122.801964
494 -31.254742 -17.302715  36.025116  0.403915  4.703412       7.401479    868.135315    2.648069   9.162868  2.838552   79.763420
495 -47.197292 -17.946236  23.292639  0.459975  3.838898       9.147861    993.950745  139.036148   7.738559  2.710067  183.646790
496 -36.937134 -31.593306  32.218613  0.566214  3.311687       6.451300   1249.777954   41.618725   8.631104  2.795960  269.180054
497 -27.856007 -47.365242  43.640583  0.494488  3.650417       8.252879   1144.998413   69.009361   7.315093  1.313961  108.576736
498 -41.801403 -46.889908  28.239496  0.563577  4.768320       8.799545   1551.186768  116.363136   6.429318  3.099357  411.196198
499 -30.126989 -47.822487  41.021248  0.505440  4.833064      10.980552    881.232910   47.719006   7.828916  3.932893  296.394806
500 -43.355011 -26.665552  43.915447  0.555888  3.966620       7.632008   1071.546021   27.497641   6.880735  1.713685  139.758423
501 -28.551107 -32.976940  36.493969  0.506456  2.649837       8.427936    794.343628   67.550407   7.548777  3.464729  191.346832
502 -45.079124 -31.177954  31.764532  0.513088  3.820857       7.432136   1519.385376   89.334038   6.386172  3.224302  279.209259
503 -41.658058  -3.007888  33.891014  0.532727  3.840315       6.137799    716.612549   55.756927   6.929758  2.459773  151.469009
504 -20.369389 -48.339943  43.901714  0.483933  4.065393       6.517729   1268.580566  193.526642   6.485490  1.718901   97.634155
505 -43.837101 -33.145817  28.410088  0.629857  4.245027       7.664455    784.893860   37.581852   7.255692  3.993465  502.855377
506 -40.036663 -21.033119  29.843269  0.371074  4.126071      12.287158    780.965942   84.021713   5.893205  3.706611   75.396416
507 -31.657940 -47.118526  46.334949  0.522177  2.868975       7.968311   1170.343628  140.687851   7.546134  1.954851  258.956757
508 -17.079878 -49.212940  45.955570  0.547029  4.760317       6.561496   1238.395752   42.034878   8.256609  2.075772  172.667007
509 -43.462460   1.649210  23.378817  0.441934  3.559568       6.794989   1599.872681   26.588715   7.224486  3.088917   60.657036
510 -43.431919  -3.442292  18.887888  0.505616  3.767259       8.991274    982.301758   74.017891   6.897574  3.364053  153.967422
511 -41.914761 -31.053633  27.685625  0.539834  2.841525       7.039876    981.155334   93.345238  10.272019  3.091556  318.917389