           lon        lat         inc      D1AU     delta  launch radius  launch speed    t factor      B1AU     gamma         vsw
0   -47.310925  17.115494  341.987183  0.236171  1.992011       7.420203    755.127197 -105.430519  6.036952  0.745624  297.793182
1   -54.875816  18.202921  351.515381  0.302508  3.560920       9.037703    934.703979  145.450806  5.662702  0.728024  310.894135
2   -53.433250   1.517598  342.594330  0.318995  5.080258       6.879099    766.471741 -179.218552  6.149413  1.102533  478.090485
3   -52.919235   0.405084    1.165127  0.234059  2.756884       7.095702    923.275208  -83.726219  6.177599  1.073340  315.647064
4   -56.195171  -6.610679  346.245667  0.344458  3.930873       9.580629    945.122437 -127.728241  5.884824  1.305575  353.972595
5   -52.885189   9.090135  347.258698  0.306975  4.431242       9.647148    800.229919  -12.517950  5.833995  1.095642  270.854614
6   -53.841286  14.605330  346.739014  0.259380  4.082503       9.451903    806.071472   79.823593  5.550032  0.795308  365.156677
7   -44.712872  16.965097  341.606354  0.292680  1.448880       5.831142   1068.602051 -141.016174  5.824541  1.544305  203.349075
8   -55.077488  13.291585  334.811035  0.327902  4.967818       7.130023    993.668762  -61.223541  5.959423  0.962756  326.770447
9   -52.617409  10.763433  333.288574  0.269361  5.592757       9.073657    864.518311 -119.791557  5.583193  0.742609  126.839142
10  -52.658417  14.208454  347.720581  0.344599  1.838071       9.972056    647.014038 -142.844086  6.871679  0.739320  454.087341
11  -57.028095  14.181648  345.704620  0.342367  4.090120       9.265821   1034.284180 -104.102577  5.214822  1.221117  322.613098
12  -45.034122   9.968867  332.956665  0.330713  4.174714       7.337203    608.763367 -128.596527  6.315415  0.490801  216.042953
13  -58.714954   9.980822  353.315186  0.323836  4.713521       6.570966   1049.177490 -133.285645  6.771930  0.504337  363.408844
14  -48.479652 -19.704281    2.103042  0.315558  3.867250       8.298169    728.027100 -226.190430  6.175629  0.708913  261.479706
15  -55.058250  14.419352  346.308105  0.349326  5.188600       7.558137    972.313538  -81.852493  5.352855  1.692050  489.759949
16  -59.145306   0.248030  355.770294  0.331599  3.460499       7.745791   1067.951538 -138.117508  6.308162  0.697992  439.157043
17  -48.721962  19.135015  344.163086  0.203153  4.944012       7.215725    775.229614   81.211746  5.234962  0.448156  236.529526
18  -52.367176 -10.794079   10.902018  0.235221  5.955499       8.436964    792.862122   78.629570  6.354778  0.515173  229.073730
19  -50.520058   7.095564  340.400513  0.315103  3.151767       7.362223    807.291565  -17.269749  7.015042  0.561387  179.583664
20  -54.433861   7.022620  342.210785  0.300825  5.777334       7.705708    773.471130 -173.116272  5.471841  0.931290  459.031616
21  -52.579281  -0.460013  344.845978  0.291819  4.654478       5.539130    900.954590 -227.576309  6.668061  0.821906  381.691650
22  -53.320599   9.831143  358.315277  0.272542  3.031472       8.059510    969.872253  -43.229774  6.496542  0.575049  100.698273
23  -52.180977  -0.997478  353.186127  0.225928  5.633819       5.477668    941.428345  139.910248  6.365633  1.288192  417.307953
24  -46.449165   3.349351  342.859772  0.330712  3.240978       6.669171    622.249451 -156.837570  8.183904  1.637748  485.331421
25  -53.735264 -22.343298  358.859528  0.260463  5.773665       8.478718    965.846069   38.121140  5.800625  0.780170  232.073517
26  -46.412849  13.969584  332.102997  0.292567  5.514887       7.220211    602.122742 -150.060486  6.238342  0.226426  289.558929
27  -49.032150  12.552115  336.117554  0.273543  4.189800       8.255432    673.081665 -181.540802  6.282116  1.609728  473.409515
28  -50.080723   1.896562  349.280396  0.345964  4.773643       5.198276    932.686157   79.946747  7.053970  1.285795  370.036011
29  -50.428631  19.966373  328.636719  0.276704  5.728677       5.477593    875.769592    6.956688  6.792793  0.770967  369.297119
30  -57.928986  17.354427  354.143494  0.278099  4.533143       9.768856    971.017822  118.053246  6.276704  1.540509  469.052734
31  -57.941116   2.372947    1.215143  0.249002  2.448914       8.721599    861.113892  -42.971966  6.478291  0.624366  446.086639
32  -51.206013  11.476885  345.559723  0.335736  1.876550       8.801529    648.126648  -30.519495  7.032021  0.949996  480.545929
33  -56.930233   8.441545  345.332062  0.254968  5.224834       9.467258    831.717102 -179.485596  5.436217  1.014188  430.253113
34  -50.935780  10.254242  341.050568  0.345515  2.460189       7.264167    943.766235  -63.045963  6.158121  0.813206  202.493790
35  -51.876419   7.914515    1.431965  0.319188  4.847186       6.650684    726.053528  194.249329  5.869419  0.346681  421.600037
36  -52.050690  12.855324  347.830719  0.296974  2.457577       8.510812    884.996765  -46.881248  6.684818  1.031875  281.206696
37  -50.062180  16.269953  347.565948  0.341403  2.233935       7.975512    771.394165 -231.607147  5.916062  1.712652  451.990753
38  -47.871120   8.245366  345.865814  0.308370  2.135671       9.756383    610.890137 -150.332138  6.902234  1.041048  331.533997
39  -56.425198  -3.322307  351.292053  0.317685  2.615977       9.808539    746.035095 -140.596329  7.264718  0.388483  493.777161
40  -48.731339   2.452305  348.939758  0.327158  1.943229       7.922657    675.416504 -157.160141  6.924420  1.367250  406.597565
41  -52.858154  -0.824628  355.223022  0.334444  3.718998       7.988681    700.822266  121.967407  6.083313  0.375713  341.651611
42  -45.392361   3.546367  344.518402  0.335598  1.797465       7.431190    785.078064 -210.873611  8.212101  1.384650  297.585052
43  -46.541000   7.864032  337.959442  0.259164  5.045796       7.159628    837.482971  -14.864411  6.725659  1.779278  288.918182
44  -52.380917   8.411830  339.612640  0.342618  5.389720       7.543405    974.508179 -161.403839  6.601240  0.986942  166.135269
45  -53.113319  -0.681170  338.798889  0.295760  4.793622       7.755939   1046.716553 -240.567337  6.434969  1.196482  151.584869
46  -50.218277  13.693477  347.226044  0.228395  4.302465       6.896463    831.620850  -90.594696  5.412966  0.431336  228.144104
47  -47.731171  -2.867173  351.432068  0.274885  2.841739       8.743466    745.869812 -209.103622  6.010357  0.817319  170.181168
48  -48.715805  -7.324603  356.501099  0.312154  4.130831       9.695182    666.668945 -238.073547  5.658217  1.859388  335.959930
49  -58.360298  17.951002  351.443451  0.316504  3.558614       8.584100   1099.343506  236.714462  5.125544  0.356339  138.469223
50  -45.270641 -19.496618  351.932953  0.327437  5.737301       7.996231    540.852966  -64.335060  6.145828  0.736439  397.740234
51  -56.073196   0.919106    1.390165  0.321241  3.020071       6.960886   1056.471924 -109.589607  6.433037  1.219491  420.245026
52  -52.154171  13.585575  345.094299  0.286302  5.805887       5.505096   1021.182251 -189.456619  7.274000  1.202088  421.294800
53  -56.130802   0.737167  352.218384  0.270834  3.504558       6.127837    948.580200 -175.821030  5.471103  0.389497  342.841187
54  -56.420570   7.430559  346.041168  0.227730  4.286103       8.843222    777.745728 -241.647690  5.818755  0.709992  499.848083
55  -49.285458  13.677044  344.223083  0.310784  2.840219       5.459031    975.049255 -152.554810  6.054466  1.973505  424.596863
56  -55.422520   3.249700  350.681793  0.335971  4.331713       7.716897    853.687256 -118.672836  6.253769  0.729428  402.945343
57  -63.821339  -2.136736  358.802856  0.245260  4.168002       9.313599   1066.114990 -201.066635  5.611040  0.295536  454.330200
58  -59.279369  13.162705  338.441650  0.308602  3.997060       9.054793    974.831787 -118.833435  5.184065  0.638381  409.342926
59  -51.370129   0.566715    0.131480  0.254428  4.146378       7.863453   1096.764648 -215.023041  6.883962  1.635111  209.325272
60  -55.022373  17.003206  346.727814  0.330970  1.706551       9.131271    917.887512   23.378189  6.228156  0.659006  309.104462
61  -57.657372  15.858431  339.576843  0.339365  5.847226       9.942223   1091.063843  -72.698006  5.983301  1.629435  384.527679
62  -57.448544  10.422379  336.845123  0.327439  5.490574       7.889951   1026.550049 -245.955490  5.412883  0.995439  328.135651
63  -50.247639  18.482996  356.943329  0.305045  3.845640       6.714597    828.198059 -147.161575  5.292623  0.439314  340.354218
64  -57.811417  11.676606  350.820129  0.341893  5.310683       9.513097   1020.495850   29.968624  6.556781  0.627506  260.275909
65  -57.749073   5.915788  338.166504  0.329631  5.948170       8.074495   1003.072571 -201.997330  5.576079  0.786257  224.531601
66  -45.390598   1.957416  327.602325  0.348356  5.041710       5.194925    897.088440   10.708247  5.815971  1.722170  215.216141
67  -45.296013  15.947329  336.889435  0.252346  3.971556       9.640839    710.285706 -242.284332  5.027220  1.482966  219.080444
68  -59.456886  -6.440479  353.182800  0.346340  4.780277       9.715014    997.579163 -227.394318  6.726938  1.414630  426.208923
69  -56.540108  12.344069  340.683838  0.288522  4.031944       9.259308   1083.608276  -57.833542  6.359508  1.450905  372.042969
70  -45.897099  17.243612  338.335083  0.342239  1.444808       8.583203    733.285156 -172.543945  6.055904  1.792162  360.589386
71  -58.330975  15.770955  340.019318  0.345829  5.255292       9.244497    857.520264  -42.343983  5.780009  0.241863  428.212158
72  -57.922234   5.836246  351.814301  0.311669  2.968345       7.579289    926.026611 -102.553024  6.218369  0.394237  426.661011
73  -46.045876   8.889126  345.132751  0.321076  1.305994       8.315861    689.372803 -162.697357  6.426065  0.669279  227.783081
74  -51.642933  15.932996  333.090637  0.320327  2.989440       8.493425    841.582214 -114.685432  7.664817  1.652963  405.319763
75  -56.433334  13.776578  338.454224  0.322727  5.459180       8.711133    945.863342  -32.697819  6.582814  1.226959  388.383575
76  -51.280636  15.160388  341.166107  0.239181  5.605797       9.627567    704.010681 -101.264336  7.545236  1.123783  345.406097
77  -50.558025   2.859273  353.522095  0.231673  1.369777       9.993011    761.035217 -218.372681  7.577863  1.013058  208.718658
78  -56.125675  14.232587  344.823578  0.346362  5.043161       6.968226    985.292908 -146.725342  6.247557  0.888966  470.039703
79  -57.655067  12.946138  337.365997  0.334926  5.415231       8.535232    944.042419 -144.057602  5.066862  0.667891  383.574280
80  -54.456001   7.220294  346.928589  0.307537  5.634397       9.312698    812.468323  -43.778988  6.607860  0.638050  230.651382
81  -55.467457   8.159002  345.098358  0.342017  5.815634       7.003476    895.960938  159.763489  6.018381  1.225067  449.991302
82  -51.937752   7.195758  348.858429  0.304595  5.268991       6.534065    801.396179 -104.439972  6.570123  0.448930  482.444366
83  -58.565216  -9.702745  350.877472  0.260837  5.125357       9.490211    840.132690 -214.533249  6.196388  0.451875  362.354645
84  -57.731941 -12.542893    2.103793  0.314589  2.678082       6.659170   1020.185974 -189.392715  5.116724  0.405381  437.810028
85  -56.202908  -4.952611  359.048279  0.327773  3.248825       9.760774    827.958923  139.741669  5.109281  0.324876  197.010880
86  -43.355892  -5.044522  351.892059  0.321979  4.030787       6.272920    706.998718   80.963615  6.137153  0.792448  253.187790
87  -52.603157  14.419860  340.643066  0.288808  5.259340       7.945516    822.762695  -53.927029  6.019437  0.339613  157.503296
88  -56.088879  15.594126  352.517700  0.333024  3.222618       6.328330   1046.093628 -123.185654  6.100390  0.895179  431.262451
89  -54.135456  -0.012350  358.876923  0.344549  5.613229       9.285412    743.580933   63.873028  5.479222  0.854719  455.517212
90  -52.728275  17.875063  356.731232  0.325002  2.522178       7.586338    902.687073  -15.999824  5.736534  0.807107  400.595215
91  -53.395004   1.533860  351.452789  0.304481  5.679770       8.747576    789.529968 -207.953445  6.809606  1.399871  351.613739
92  -55.652225 -17.781548    4.403413  0.262323  4.724930       8.958986    864.691772 -137.466751  5.732687  0.262558  333.749451
93  -51.470646   1.789285  348.641998  0.338838  2.184069       9.245055    692.793152 -223.466949  6.655972  1.403750  475.127991
94  -52.388351  18.187941  334.000031  0.264561  4.799046       9.993011    843.185303  -67.454720  5.144543  0.739946  140.569565
95  -58.780109  -6.664934    5.079098  0.295878  4.923757       8.383101    969.655029  182.758240  6.537673  0.637436  422.516998
96  -49.910675   1.234354  350.282623  0.309459  3.366542       9.271945    658.878601 -236.036163  7.145127  1.536759  395.490204
97  -53.457867  -8.599532  352.799408  0.336521  5.251205       5.631256   1023.867554  111.394691  5.787564  1.443007  386.048523
98  -56.761742   6.668199  348.369965  0.340017  2.089739       8.904931   1057.434814   31.333010  6.832403  0.800516  196.108795
99  -48.388767  11.768087  337.143311  0.346493  3.626888       5.666902    855.171021 -182.949585  6.015527  0.658948  179.566254
100 -54.926964   1.060247  350.179443  0.286414  4.353024       7.441547    912.066589  -66.655373  6.812860  0.744534  356.181091
101 -55.237881  18.790609  340.968872  0.283759  2.837209       7.225219   1016.178589 -244.220398  5.257010  0.350713  190.610291
102 -55.453903 -16.223963    0.450645  0.224132  5.780637       8.354832   1004.346069 -173.685638  5.309712  1.104359  369.985931
103 -53.288960  -1.837983  352.334961  0.250993  4.976239       7.659918   1054.675415  -40.991150  5.599630  1.391961  285.338013
104 -55.156677   9.704816  332.351196  0.317421  5.851422       9.428272    675.668640 -182.470490  5.560365  0.855234  437.775787
105 -55.826885  12.762103  350.996460  0.235039  2.019341       9.272924    826.800354   27.349234  5.274754  1.191512  447.631104
106 -46.811821   6.678027  340.586884  0.336680  3.687964       5.991448    800.429749 -221.091934  6.179396  0.683321  246.125275
107 -57.966625  11.281367  339.434265  0.327667  3.299876       6.572406   1016.115662  -20.229197  6.522876  0.598680  474.794220
108 -49.570263   8.363408  352.607422  0.294619  5.987782       8.809093    835.602234 -134.331192  6.642999  1.394438  199.269409
109 -54.477089  10.449311    0.219924  0.301205  3.364347       8.171117    937.159973  210.146149  6.961931  1.121925  359.548828
110 -50.797504  17.697746  340.931519  0.283051  1.459550       5.768347    872.535889 -124.409973  6.208278  0.380803  331.394745
111 -52.281422  -7.984747  357.595001  0.291524  3.300188       5.368399   1028.192017 -157.665817  5.234458  1.257155  433.718323
112 -50.086296  11.791304  340.003204  0.285390  4.211024       7.025317    856.036926  -30.378048  6.255854  1.036211  360.320343
113 -57.162338  15.939820  346.588684  0.252788  2.799290       6.733334   1036.888306 -186.029938  6.572359  0.651461  498.147400
114 -58.540253 -10.005408  356.937622  0.328336  2.220896       9.141156    945.431213 -177.950302  5.851446  0.580697  451.516296
115 -50.082386  -3.047026  344.900452  0.322106  4.771653       9.187707    628.690735 -224.141266  6.922147  1.298607  364.666199
116 -53.440186  11.112487  348.116730  0.342469  5.536710       5.647242    974.286072 -132.287277  6.412335  1.672900  495.849945
117 -57.944164  10.507184  334.188293  0.309402  5.605129       8.362155    888.773743  161.371017  6.215418  0.612363  334.460480
118 -59.108574  12.869909  352.414185  0.239536  1.756483       8.913727   1000.814026  -21.662544  5.091916  0.572177  418.615753
119 -44.096470   2.704904  335.184662  0.305297  5.933835       5.156999    808.023804  -44.374634  6.888483  0.858578  124.907021
120 -53.312939  14.237863  347.970764  0.340579  1.661344       7.246597   1092.030029 -244.635025  6.052763  1.008429  250.320648
121 -52.496212  10.544852  347.529846  0.298555  2.046505       9.287477    674.499634  -29.175528  6.401804  1.076666  464.808990
122 -53.928158   8.566086  358.088470  0.286320  4.623017       9.465763    750.785645  -95.946655  7.109410  0.247534  177.126724
123 -55.404709  15.639614  354.747223  0.340021  4.463899       5.559345   1070.565674 -107.456245  5.888768  0.475335  291.291382
124 -44.621014  12.602132  346.023712  0.261674  3.952219       6.555250    892.326904  -98.251511  7.236767  1.636811  279.452972
125 -55.585377  17.135227  351.783173  0.293682  1.340544       7.919274    999.467468  146.435135  5.917371  0.652704  320.611450
126 -35.689507   6.273364  337.664978  0.325317  1.626607       8.293098    567.360962 -177.088623  7.032143  1.403888  210.311111
127 -47.759186   5.321962  340.651062  0.347805  4.989890       9.393497    615.374084 -176.757019  6.317117  1.351359  279.074036
128 -46.441948   8.422825  349.081116  0.247987  3.019366       9.628013    643.704895   70.106735  5.193165  1.727508  231.344589
129 -56.553421  17.094290  346.721222  0.299761  5.187088       8.545819    919.528809 -166.720688  6.479929  0.624045  441.982483
130 -54.800457   7.132833  340.832001  0.317675  3.863987       8.468658    791.751160  -71.883057  6.173874  0.869844  424.500092
131 -46.239548  12.804658  353.319305  0.316159  2.188043       6.049046    796.712463    1.573742  5.317473  0.839953  321.504181
132 -55.913361  15.757133  349.385925  0.271024  5.200823       7.894652   1001.705994 -156.250946  5.320497  0.472358  272.634949
133 -57.168961  16.640308  347.768494  0.318592  3.713136       7.901877    912.390320 -205.421753  6.497398  0.479611  478.036346
134 -54.319183  17.711979  358.297333  0.324766  3.024774       6.682901    851.304565  -16.843384  5.750379  0.245919  425.773102
135 -48.920750   7.959808    1.543168  0.318814  4.007440       5.875497   1062.911743  176.061356  6.373458  1.380293  285.412201
136 -48.632568  14.880425  334.422211  0.341538  4.188232       6.922978    928.153198 -198.273697  5.795761  1.718993  339.448273
137 -52.010277   1.185371  335.942322  0.322695  4.419381       8.619107    975.081177 -192.332291  7.252321  1.290150  153.662979
138 -56.314297   7.120172  342.623138  0.312409  4.670305       7.647049    991.205383 -217.515747  7.320314  1.643464  494.463654
139 -47.258320  18.030582  346.236450  0.307289  4.182044       6.179407    939.466980 -118.893303  6.844228  1.971595  397.394501
140 -53.913754  17.020494  348.452454  0.339573  3.651484       8.625239    840.950073  -49.940022  6.517118  0.647167  278.389404
141 -56.465229  -6.211413  343.043915  0.320449  5.317998       7.249508    991.752808 -227.394623  5.979970  0.790805  257.117798
142 -53.475864  16.760798  348.530090  0.286230  4.949162       8.898853    778.004333   33.670589  5.739380  1.280897  445.441376
143 -61.571903   6.355382  355.517365  0.246934  3.696749       9.593967    974.167419 -218.130905  6.072421  0.434909  408.700989
144 -51.816658  -3.520724  352.070282  0.326555  2.644546       9.137403    651.123047 -193.093735  6.232971  0.265952  365.623016
145 -53.461639  10.116469  346.717621  0.304285  3.273314       5.303857    905.181641   56.635220  6.527981  0.531835  408.671143
146 -50.805912   8.732380  352.633270  0.328059  2.816623       7.210403   1060.969360 -235.833511  5.756877  1.844338  338.393555
147 -57.162144  14.136871  353.625366  0.250382  1.713421       7.065335   1045.847046  -48.060360  5.703512  0.575241  323.063843
148 -49.247330  13.900783  347.160400  0.296888  1.431374       6.459354    973.581299  103.883049  5.926805  0.980335  248.352234
149 -46.728870  16.432049  342.291840  0.266663  5.357899       5.582798    979.230225  105.912827  6.351334  1.793066  349.358124
150 -55.110512   5.365722  347.112152  0.318195  2.837686       6.719552   1086.567383 -102.565605  5.248015  1.572610  420.131012
151 -52.988235   9.029616  346.144379  0.241310  3.812710       9.589668    745.754150 -180.985764  5.167222  1.061925  331.689789
152 -44.812370   2.438694  348.644196  0.264493  3.113459       6.458108    837.054260 -247.521896  5.732593  1.335141  264.108398
153 -48.012718 -15.082813  346.740356  0.338784  4.667248       7.173460    851.987976 -123.746376  5.770999  1.030564  136.448273
154 -49.969105  13.931105  342.262604  0.321878  1.799934       5.685630    784.547852 -240.316055  6.304457  0.414465  433.660095
155 -58.285252   0.116412  343.897308  0.318876  5.257954       7.120034    974.351807 -184.555084  7.202598  0.311021  153.913528
156 -61.431290  -0.622744  351.435974  0.294625  4.613975       8.596445   1032.550537  -15.768956  6.352969  0.370511  287.696899
157 -46.636593   8.362996  345.267487  0.342549  2.259700       5.839267    877.174500 -226.830307  6.402802  1.152124  310.444580
158 -49.985016   9.321516  341.222443  0.210993  5.098987       8.656453    829.063965 -168.806442  6.556721  1.000672  141.472000
159 -53.534740  17.768806  338.341064  0.291264  2.573320       6.771739   1066.114014 -155.292847  6.850699  0.571706  165.647263
160 -51.123241  13.210003  332.545074  0.329539  5.892847       9.849597    855.915894 -236.582794  6.840048  1.159087  129.420319
161 -52.327026   8.043070  351.363190  0.240969  4.503171       5.382061   1069.017822  -63.977917  5.727709  1.389084  423.960205
162 -48.089005   5.386243  356.173645  0.313862  5.012991       9.011393    690.683655 -156.613037  6.501595  0.923803  185.965927
163 -50.225777  14.440219  340.551331  0.279735  4.527901       6.673606    856.112671 -152.681152  6.152972  0.637353  322.767059
164 -43.270226  17.558634  319.735535  0.317684  5.434811       7.606355    537.989014 -240.304459  6.499997  0.739160  372.946259
165 -58.844776   9.017078  353.313660  0.288257  2.105104       8.956830   1000.067017 -211.275162  6.009087  0.440345  205.743179
166 -58.732143   2.371813  351.281342  0.290243  5.437565       7.311722    924.493835  183.801025  5.436349  0.284164  327.329498
167 -51.417389  17.496389  344.605957  0.333856  2.576806       5.970352   1004.804321 -213.682693  5.608088  1.160581  359.993713
168 -51.653751   7.937401  346.866333  0.236430  3.209079       9.866107    982.914490 -232.051392  5.954953  1.122562  113.385872
169 -39.399494  10.948121  321.580139  0.325093  4.094625       5.799820    798.853210 -207.182373  5.898283  1.967573  202.117493
170 -53.750629   0.304942  358.929504  0.266174  2.162827       9.624857    952.429321   88.675812  5.380987  1.111282  171.242462
171 -56.264866  -2.578461  352.578918  0.290901  3.633399       7.547022   1030.331177 -226.504211  7.082077  1.128852  398.237091
172 -50.328293   5.986527  341.145111  0.348090  5.505298       9.383894    579.661438 -127.165451  6.549779  0.311603  208.681107
173 -57.074543  -5.087848  356.183685  0.250551  4.654887       6.788053    954.333801  101.502998  6.236292  0.319225  296.198059
174 -54.498890  -0.601137  346.345306  0.349143  4.830503       9.320729    946.962341 -215.521622  5.037867  0.897464  147.054398
175 -51.281136   2.206602    6.615066  0.324700  4.313412       7.239856    915.122742  102.101982  5.502791  0.917191  180.243607
176 -54.685696  19.690779  336.587067  0.326503  4.061914       8.309772   1099.937744 -167.004074  6.434519  1.749932  423.043243
177 -56.553612  10.278729    0.098310  0.265301  3.137298       9.436404   1003.676208  228.464005  7.369145  1.479221  370.049011
178 -53.993954   1.391091  340.735748  0.292489  5.694124       5.877528    882.663940 -192.105820  5.949052  1.566275  487.706360
179 -56.553909  18.347178  347.513916  0.300905  4.574374       5.591336   1043.528076 -153.953384  5.051665  0.275214  315.504242
180 -54.895329 -13.302852  351.875854  0.289327  5.289348       9.035523    804.595520 -131.740860  5.055191  0.440254  129.999298
181 -56.398975  15.835074  338.873260  0.293864  3.873034       9.268591    921.781189   93.876610  5.954825  1.511508  482.361237
182 -48.541416  12.131755  342.063385  0.297453  2.350415       6.949502    792.411682 -244.304123  6.692895  1.940778  451.441040
183 -54.171776  17.957127  328.164886  0.303780  4.782329       9.565184    689.310913 -210.658508  6.310513  0.534502  416.138397
184 -63.111706  13.721916    1.872607  0.318453  5.059459       8.705557   1096.661255 -156.737976  5.466333  0.383741  499.398560
185 -52.408535  15.407035  348.393311  0.248737  2.074219       7.644569    880.080872   98.833427  5.476485  0.559793  273.300659
186 -48.143341  15.613712  339.730743  0.320653  1.324168       9.066690    685.663147    7.928564  6.413597  1.569927  459.829620
187 -56.716145  15.758506  344.366516  0.297310  5.067008       9.362469    926.196716  -98.363617  5.707872  0.962488  448.635773
188 -50.521732  17.851562  347.651184  0.333611  4.617660       8.965270    684.038391 -136.598907  6.301116  0.422394  263.789429
189 -52.474506   5.193403  348.996246  0.274531  2.785788       8.982872    976.679749  -97.995338  5.943372  1.518593  235.909332
190 -44.345905  12.367635  350.820312  0.327506  3.485894       6.487182    693.563416 -234.143082  5.903177  1.549031  437.789093
191 -54.357910   4.147900  352.607819  0.265129  3.632241       6.749970    812.744507   82.895836  5.910665  0.678696  494.626862
192 -53.881653   7.950018  343.094116  0.250904  4.580872       9.920115    783.335510  -20.605371  5.771017  0.769687  296.184631
193 -55.212391  11.025484  350.702881  0.329171  5.254661       7.611456    883.148621 -143.932236  6.716405  0.693982  405.973846
194 -52.426140  17.272247  355.569855  0.284218  4.435472       8.387962    871.914612  -66.303955  5.541470  0.546767  242.392380
195 -54.074963 -19.263998  354.007019  0.331885  5.400734       9.703912    712.310059  112.518471  5.753016  1.496184  430.393005
196 -54.947727  17.103041  339.034241  0.301630  2.379662       9.142388    969.913330 -204.859467  7.829223  0.503967  178.854080
197 -51.065491  -6.404805  346.507843  0.292330  4.357385       8.228228    838.068848  152.959457  7.279021  1.910991  314.051758
198 -54.832928  -8.690543  359.542114  0.249245  4.228266       8.731545    740.923401 -171.585129  6.037521  0.820050  489.827698
199 -54.479046  11.340108  342.837555  0.339241  5.522215       8.481895    917.437683 -160.394653  6.233065  1.327385  388.876984
200 -45.542892  13.896951  351.662720  0.327816  2.493650       8.449944    737.167053 -101.332581  6.621978  1.352491  268.687012
201 -53.901047   0.872702  346.362823  0.267137  3.823580       8.765979    745.909729 -233.796494  6.107040  1.977839  483.125244
202 -54.238899  -6.058176    0.460118  0.259809  5.551384       5.595563   1089.150146 -241.050140  5.301070  0.640184  249.069748
203 -56.692223  19.711641  352.505402  0.301891  5.826140       8.574962    994.698853   68.909233  5.585758  0.641252  359.615631
204 -47.153126 -21.128330    0.494314  0.285572  5.145651       6.766191    827.845215 -170.803391  6.991897  1.569986  373.045502
205 -54.379261   7.674214  336.147614  0.284954  5.962753       9.383272    848.901550 -191.087357  7.703748  1.015301  253.326508
206 -51.461582   7.987061  342.183685  0.292113  4.526491       8.822865    752.004089 -189.482925  6.839710  1.811462  346.323242
207 -53.795052  18.267511  344.580505  0.341105  2.583386       6.929489    978.480042  -31.483715  6.374279  1.116457  452.851624
208 -48.076935   4.424893  335.959900  0.325934  4.214380       7.984371    623.638306 -133.595139  7.098406  0.990812  318.584991
209 -52.178745   1.342399  344.485260  0.255319  3.761877       9.701137    855.324524 -144.311401  6.692387  1.393714  218.745865
210 -53.357258  -2.440175  347.138428  0.282440  5.933649       9.342835    708.075500   75.804596  6.693279  0.991837  302.655762
211 -50.116467  18.519882  338.835876  0.328968  4.878893       8.222940    870.205627   57.261608  7.070768  1.689110  377.531464
212 -57.041882  -5.857893  351.395172  0.338801  4.073645       6.468329    987.646057   65.632088  5.019543  0.497869  444.375031
213 -59.099899   2.642343  346.090729  0.286312  5.379030       6.451714    959.210022 -168.944443  6.823912  0.342322  444.048523
214 -55.448788   1.849896  346.247131  0.279988  3.608157       7.531638    935.027344 -246.238159  6.051797  1.859445  496.155884
215 -51.733471  -5.003102  341.602783  0.334754  5.449300       5.328950    779.212219 -105.545570  5.365918  0.466844  319.425842
216 -53.625847   6.851149  348.805267  0.218215  3.175388       9.367810    821.582764   91.565865  5.947983  0.787812  201.928604
217 -52.086254  13.157731  343.932404  0.281697  4.827322       7.910927    955.490051  162.491959  7.195135  1.996360  389.064758
218 -49.511566  17.863462  348.749115  0.326834  1.618509       8.939194    819.234802  -60.124027  7.723425  1.093434  288.833496
219 -57.478500  12.301340  346.384735  0.335011  4.646898       7.151173   1060.372192 -112.682541  6.473187  0.428119  208.516312
220 -49.487167  11.388723  336.717163  0.303636  3.630783       7.348155    717.306213   -3.828119  5.952434  0.335317  219.492172
221 -50.511356  19.546989  346.414917  0.283010  2.618687       8.914552    897.257935 -177.628601  6.922594  0.899034  189.353210
222 -56.102062  17.097769  352.794861  0.224633  2.592773       8.163583   1047.563477 -198.214798  5.685958  1.265909  415.707245
223 -46.995251  -8.820054  347.246063  0.304320  4.111145       9.205019    692.862183   45.284477  6.647738  1.073735  159.705200
224 -54.878193   5.948360  347.390015  0.334638  4.429382       5.323280   1095.560547 -179.947342  7.200619  0.982028  385.181427
225 -48.169094   7.864256  339.180237  0.282681  4.821809       7.194772    751.984680  -68.098701  5.407872  1.332209  357.431885
226 -44.863964  16.581594  334.602692  0.328673  1.760498       7.145371    806.380371 -127.923920  5.909605  1.913018  356.664612
227 -48.550106  17.810690  342.238190  0.303991  2.412817       5.708974    984.062317   54.496140  6.716802  1.727544  398.197205
228 -53.123177  17.326073  347.488007  0.317767  2.937015       8.610439    952.367676 -247.142181  6.524057  1.181865  317.277679
229 -48.014320  13.149342  342.197784  0.195668  3.757277       7.115649    987.510620 -202.370560  5.549912  1.064338  152.588226
230 -50.996002   6.854246    4.970448  0.256029  5.271818       7.322643    761.752136   16.130074  5.680912  0.563362  297.756866
231 -51.506355   7.421600  352.197571  0.299252  1.533637       6.237433    865.666992 -187.132812  6.055974  0.747539  435.050781
232 -54.317348  15.157928  353.631805  0.266694  3.628995       9.272461    852.889343   98.247223  6.759133  1.570830  463.372864
233 -55.587341  12.391572  351.830505  0.243721  4.970817       9.330944    989.963867  -84.442314  7.172802  0.984294  308.035614
234 -50.103645   7.892047  348.361755  0.237335  4.136322       5.865541    935.932617  -27.074175  5.893391  1.576193  399.056549
235 -57.199360  10.072993  347.430450  0.238594  4.545181       9.101055    914.886292  -42.390366  5.881461  0.847405  404.717712
236 -54.444656   4.436091  341.955048  0.319679  4.249190       6.047147    901.896118   33.422245  6.343646  0.493296  381.628082
237 -57.358025   9.436576  355.184448  0.294181  3.143284       7.376864    997.177185 -161.399078  5.683402  0.380936  333.446228
238 -45.157032  -1.406010  352.433228  0.295098  1.995338       7.846720    833.366516 -180.789856  7.516263  1.673972  223.627762
239 -53.578030  -1.175639  353.623840  0.263628  3.005023       9.410546    733.077759 -234.982071  5.432235  1.585757  477.933136
240 -54.742107  10.004014  346.723053  0.273037  4.856380       7.482105    885.506775 -136.025391  5.664415  0.279974  153.422836
241 -57.923676  15.431000  356.496155  0.297922  5.056700       8.184731   1078.919189    8.405660  5.522633  1.260934  460.966705
242 -45.823841  13.536676  340.195526  0.266723  5.247049       8.297417    582.705078  -40.294395  7.062907  0.326132  418.913391
243 -41.603127  17.196453  336.065552  0.340629  1.564447       6.728310    656.806213 -150.358719  7.089726  1.218714  332.419647
244 -52.774731  10.687184  345.717438  0.287682  5.399895       6.276709    981.436279   51.943558  5.508128  1.796003  435.249023
245 -53.788540 -10.273450  345.516205  0.316003  5.363716       8.066111    955.636902 -245.645081  5.898567  1.466297  256.809601
246 -49.043045   9.872420  342.170044  0.263234  4.634776       5.022531    949.839539 -165.812225  8.046267  1.849989  427.948242
247 -44.650764   8.576502  337.711273  0.308010  2.951475       5.781621   1076.948120 -165.364212  6.905910  1.775242  209.466324
248 -58.339523   4.898052  351.939331  0.271410  4.773902       9.445839    919.780029  -47.944939  6.063840  0.775074  350.719910
249 -50.633045 -11.573988    2.858084  0.243933  3.813132       6.606101   1043.445435 -174.796112  6.419200  0.925651  195.090103
250 -49.590557  11.278808  343.292084  0.349103  1.330781       6.791317    839.663330 -117.937225  7.815490  0.551941  296.229492
251 -58.577908  15.802259  354.720520  0.298362  2.875669       8.108214   1036.937134 -157.664154  5.977780  0.514402  358.793335
252 -55.316856  10.428011  349.439392  0.275993  4.183904       6.864326    984.925476 -199.057526  5.725929  0.800386  364.113007
253 -53.215816  10.598066  348.746216  0.269381  5.054139       8.257138    748.805542 -225.425171  5.187150  0.308854  383.179871
254 -54.872105   1.589585  357.395782  0.214645  5.100057       7.615001   1051.944946  -45.824280  5.959162  1.202941  350.358429
255 -58.592823   2.445926  343.380371  0.317038  5.286631       9.840450    798.191467 -148.433746  5.371498  0.277502  404.235229
256 -55.110989   5.201682  343.140198  0.349323  4.175839       5.254451    971.372131 -168.308716  7.248423  0.810478  457.465607
257 -51.341610   1.493460  359.750366  0.257547  3.122852       7.796702    907.653076   18.537914  6.965973  1.540717  327.188141
258 -47.756893  -4.001897  347.335693  0.316427  3.386214       8.118115    679.255371 -242.096237  5.106923  1.429133  371.049500
259 -54.393700   4.677285  351.840881  0.300331  2.628192       7.517286   1007.892944 -159.931854  6.490097  1.440187  421.080475
260 -54.957924  10.040105  348.793457  0.200884  5.232329       8.110982    946.281494 -170.981354  6.569975  0.837172  276.335175
261 -59.785141  -0.140446  353.425873  0.333988  3.970938       9.684598   1073.729492  196.476868  5.147110  1.326170  387.507538
262 -46.652847  19.145441  344.532654  0.303363  1.888783       5.502743    883.867676   54.820488  6.313756  0.908904  345.933014
263 -55.859356  -4.991852  347.416412  0.344838  3.668661       9.878436    767.362488  -69.499046  5.221920  1.403812  478.453339
264 -54.125908   6.335079  341.962585  0.344876  4.289605       6.767598    793.546326 -128.398239  5.605411  0.432105  485.088928
265 -50.215351  12.775547  347.839386  0.344128  3.253869       9.274396    697.786133 -157.121414  5.219277  1.359366  384.768402
266 -52.399681  16.666565  346.587372  0.291721  2.364413       9.158118   1093.502930  -79.325218  6.735528  1.865755  269.523346
267 -43.497120   2.902633  334.839294  0.311623  3.840388       7.403251    903.876465 -110.838188  7.189898  1.889368  164.391068
268 -57.021255  10.774340  348.923126  0.265887  5.808081       9.261849    837.781006   71.108780  5.802753  0.207400  331.557220
269 -49.565510  16.793135  351.796478  0.305254  4.301317       8.481141    791.009705 -201.266968  5.887125  0.802083  269.000610
270 -57.530426   2.012729  349.657166  0.296023  3.991367       7.715958    975.383240 -101.915741  5.311060  0.755260  383.712067
271 -60.685871   5.374555  348.392151  0.269316  5.963649       9.807980   1040.991943  -46.564659  5.421780  0.507021  195.340134
272 -51.006248  -9.519370  347.761047  0.304300  4.851624       8.185063    822.017212   25.465521  6.033505  0.725234  106.146324
273 -50.410454   1.650843  341.998199  0.321009  5.173349       7.473769    705.066284 -229.567749  6.325827  0.392939  315.738312
274 -55.022205   0.932588  353.074646  0.238429  3.956128       9.124937   1030.584595   -5.491730  5.863567  1.126410  253.693970
275 -49.518932  -1.674559  340.266693  0.348272  4.685123       9.034579    536.859436 -115.737083  6.635435  0.632606  434.979919
276 -45.179665  15.829715  329.212250  0.328282  3.915443       5.564515   1063.600342 -242.271652  5.928270  1.038755  132.060669
277 -46.496796   4.615939  340.934113  0.325028  3.624076       7.765693    704.993530 -159.969147  5.469816  1.647853  350.071747
278 -48.012417  11.956536  344.917023  0.311967  1.115683       7.098791    791.838257 -146.237869  6.988993  1.910822  499.182800
279 -39.737228   8.792758  325.458832  0.338321  3.282466       7.707711    601.323059 -191.614182  7.012975  1.173388  145.861542
280 -39.530273  12.740758  325.871185  0.304987  2.880333       8.980267    501.123291 -239.671402  7.262532  1.585372  303.009888
281 -46.870762  17.527872  336.336609  0.306435  3.415035       7.704634    761.195190  195.949478  6.624442  0.873004  237.575806
282 -49.167263  11.604403  349.948395  0.221050  3.839529       7.186306    681.168762  -48.325199  6.961650  0.278369  403.997559
283 -44.294609  15.038949  333.134674  0.232763  5.916511       9.697488    568.388550   85.378410  6.130658  1.080206  183.748856
284 -53.120106  13.530558  347.335480  0.298042  5.666338       7.210727    905.109558  -56.886333  5.920357  0.984908  412.039093
285 -48.743889  17.570995  326.977478  0.347817  3.848556       5.261017    964.551147 -245.420929  5.747141  1.391014  351.868988
286 -52.325005  -7.239498    2.371086  0.290932  1.471141       6.347014    873.846619  -48.745781  5.076631  0.955682  438.760010
287 -49.977505   6.824460  343.223785  0.327006  3.779174       8.793641    648.566711 -130.453812  6.418175  0.956955  351.502075
288 -53.143963  -0.228653  329.771942  0.349209  5.998377       5.576096    776.764221 -157.903259  5.747974  1.319267  384.187683
289 -49.276028   8.016644  336.925049  0.262723  5.495261       6.161444   1024.405518   71.411942  5.959019  1.183026  182.530304
290 -58.267712   6.041663  350.067108  0.349870  1.802233       7.778675    994.520264 -178.262619  7.231575  0.576178  421.929016
291 -49.236172  19.083393  351.890411  0.311590  4.006278       9.746472    709.797424  189.325958  5.337225  1.889675  340.382019
292 -41.894333  19.651756  346.742584  0.317401  3.288291       5.701362    685.956299   70.503876  7.541771  0.298734  302.760315
293 -58.303337   5.236166  343.189148  0.334312  5.108691       8.026006    828.491150   11.126061  6.506401  0.335111  456.409882
294 -50.800320   3.018313  348.182678  0.311819  4.367013       8.128151    626.728149 -231.530045  6.636151  0.245829  366.704895
295 -52.916019  16.790596  350.153717  0.232765  4.017691       6.691932    878.226257   59.804863  6.617205  0.889626  451.189606
296 -46.730553  18.977795  335.048737  0.343256  1.792343       8.510009    679.978088  -91.636246  6.703009  0.625257  417.746124
297 -52.674141  18.400162  335.404999  0.304907  4.149393       7.757214    905.819397 -200.740295  6.840217  0.769599  320.762360
298 -56.678600   8.985328  346.885193  0.320512  4.139587       8.179244   1063.744751   31.145596  6.758174  0.756487  239.203812
299 -50.702324  10.863361  344.294617  0.297647  2.476882       7.033849    769.307495 -190.471497  6.051065  1.236438  473.551910
300 -57.723503  -9.542019  347.235687  0.302242  5.466104       8.425177    997.027588  192.929016  5.764410  0.546401  214.295532
301 -50.653881   4.962564  344.162781  0.300959  2.867863       6.258523    868.083313   55.430515  6.251905  0.371474  152.038406
302 -55.457279 -12.575880  357.346832  0.272175  5.381510       7.871961    912.575745  -70.496567  5.357148  1.382202  468.821106
303 -57.786163   7.136442  355.742493  0.313265  5.886219       9.653100    919.537659  -72.050095  5.665180  0.729121  324.837433
304 -53.428082  10.723347  332.340454  0.339607  4.998166       7.403703    940.248474   25.491652  6.685237  1.717871  337.405945
305 -58.940735  18.405939  347.023712  0.266310  4.688493       8.387676   1067.359131   60.909214  5.511935  0.500198  335.656219
306 -52.424973  16.999451  345.849304  0.306735  1.170318       9.044670    874.498901 -186.574280  6.221809  0.955448  282.743347
307 -48.614239   9.593020  354.768005  0.348958  3.457157       8.689062    725.114868 -201.405228  6.156590  0.980638  269.969299
308 -54.722477  -7.018841  344.953522  0.313794  5.600727       5.651033    959.426880  -41.919830  6.081541  0.743056  328.680939
309 -44.570866  12.646197  340.359100  0.253939  3.655239       8.419415    579.449707 -246.724670  6.847003  1.499949  347.509827
310 -54.424488   1.061270  351.138000  0.312369  3.639067       9.841365   1070.985229 -153.270218  5.320247  1.894156  272.942444
311 -54.965660  16.956539  333.318512  0.345058  4.710774       9.629005    746.624817 -208.113098  6.500839  0.201134  379.024078
312 -48.922230   6.319747  352.817383  0.327827  2.734266       8.342086    889.862061  201.966522  6.077351  1.814677  271.489838
313 -54.356079   5.704969  340.315460  0.290554  4.398721       6.298885    955.102234  169.528336  5.722088  1.545846  441.817139
314 -52.448318  14.238826  357.682404  0.305230  3.238863       8.194269    947.134949 -111.098808  6.950393  1.887675  416.683380
315 -57.725544  -8.042367  357.061005  0.210442  5.575427       9.965587    999.809998    7.229523  6.174581  1.878148  412.388672
316 -43.208870  13.610343  345.602692  0.283975  3.202234       6.764162    640.510071 -210.226089  7.533998  0.291330  240.729660
317 -50.427151   7.362753  349.126770  0.271763  1.622101       9.651081    733.694336 -102.982330  6.598407  1.439465  329.524261
318 -48.282993  11.842194  346.952850  0.287923  2.654951       6.769750    918.448303 -244.952362  6.958740  1.484108  285.007690
319 -47.832783   9.884966  342.223145  0.279885  4.459885       7.901815    644.752747 -232.372635  6.452999  0.527790  297.948303
320 -56.536011   4.065915  355.894592  0.246897  2.928076       9.010301    968.697937   31.180866  5.512024  1.030014  347.099823
321 -51.149235  -8.855235  358.767822  0.280139  4.536653       6.595721    871.350952 -105.420441  6.644219  0.843012  297.336334
322 -51.306931 -13.689482    0.936360  0.324924  3.779299       8.447114    691.574402 -116.114540  5.189291  1.807710  488.522430
323 -47.331696  19.048965  357.228851  0.342264  4.004647       7.443251    746.369873 -135.214218  6.255166  0.655636  274.964600
324 -43.874691   0.761413  354.102386  0.317852  4.322500       7.617439    637.276367 -208.435516  5.229784  0.948644  233.201492
325 -54.984371 -13.989743  355.205719  0.337167  3.428941       6.065221    926.279907 -248.985001  6.908000  0.637971  461.956238
326 -56.667965   4.261339    0.016450  0.280408  4.075156       9.543129   1016.345154 -107.610741  5.708458  1.003349  286.834534
327 -56.377815  18.277025  348.856232  0.308113  5.221381       8.986191    886.634338   85.253166  6.260394  1.007173  482.796936
328 -54.396973 -17.815126    1.147571  0.348519  2.836748       9.970624    781.688965 -102.092255  6.578075  0.326004  229.542908
329 -49.215000  13.144426  352.110840  0.288741  4.740850       6.494127    816.266907 -209.336349  6.723464  1.252567  485.030762
330 -57.456932  -8.128259  354.340637  0.349072  5.985206       7.847047   1007.205750   37.504646  5.768952  1.267247  393.910431
331 -50.922619   6.967186  343.706726  0.315052  4.946990       6.191822    759.429077    8.041911  7.071348  0.779195  399.197479
332 -49.197441  14.637714  345.635559  0.316685  1.012018       6.572201    735.169250 -107.489212  6.170428  1.125536  478.723602
333 -56.235538  -6.472305  352.170624  0.307921  5.533339       6.392849    900.533020 -196.883270  5.434248  0.250276  211.659561
334 -51.045845  14.097173  356.223694  0.340257  4.593215       7.936797    833.141479  182.697479  7.275510  1.341600  329.688568
335 -39.030437   8.785869  329.206329  0.294038  4.605125       6.864039    511.912903 -234.152512  5.983318  0.993481  336.874481
336 -46.931812  -1.517049  335.996246  0.338081  3.801854       6.516871    815.434265 -131.469818  5.975120  1.054319  176.457932
337 -51.586597  -8.235608  343.045959  0.331236  5.375729       7.766778    710.371399  -88.598351  7.640758  1.316106  381.044037
338 -47.801449  12.121838  342.802216  0.327987  1.991858       7.022397    756.205383  -85.798241  6.746854  1.541749  374.961365
339 -54.005566   5.900275  351.408112  0.315354  4.795524       9.276417    884.068481  -68.781090  6.219298  0.655412  135.754700
340 -57.003864  16.313494  350.685699  0.311198  5.751046       9.673484   1031.521240  175.679794  6.244068  0.620542  140.362900
341 -55.577679   4.907571  339.677246  0.342507  5.592335       7.532731   1026.303955 -109.106468  6.363633  1.892771  420.477783
342 -49.201057 -19.770521  359.008972  0.324801  3.608311       7.640302    680.994629 -104.457680  6.094389  0.499951  480.399170
343 -48.504082  -4.376786  343.482635  0.305443  3.337238       9.706029    880.292603 -181.140244  5.166125  1.863811  161.992218
344 -50.260700  13.257967  357.694061  0.303451  4.723017       7.796440    769.559570   82.885910  5.353016  1.707256  453.947937
345 -52.609398  14.957696  344.612976  0.326281  4.558573       6.312162    993.397827  -45.220146  6.217910  1.000054  361.251923
346 -52.118050  11.837844    0.791527  0.228490  3.938985       8.198509    765.726562   35.420933  5.830939  0.881554  347.874878
347 -52.341572  -1.703620  357.154541  0.266395  5.114370       5.264192   1079.371338 -139.262558  6.135774  1.350306  406.867340
348 -54.800972  11.876894  351.609009  0.271733  1.815372       9.926161    747.504333  -83.864380  5.714018  0.613195  290.373779
349 -53.001522   6.087921  332.201385  0.327941  5.694209       6.092632    937.473389 -112.317490  5.621163  1.824760  359.175781
350 -53.849426  -6.706221  343.470001  0.282908  5.399953       9.064795    984.593689 -141.734100  5.584864  1.752294  244.819992
351 -57.667801   5.024817  357.913361  0.265486  4.627476       9.023264    930.180542   57.391117  6.314282  1.412475  486.125641
352 -51.329029   8.343850  341.697296  0.349871  2.644612       9.457636    692.224609  -19.232317  6.991134  0.780169  350.728882
353 -52.958176  16.943745  340.163177  0.307229  5.921472       8.467023    852.302368  -12.063879  5.820175  0.480613  175.398376
354 -61.008434  10.065667  352.612396  0.335629  2.709616       8.233953   1066.464600  137.785995  6.976688  0.259639  353.721130
355 -51.587612   2.009011  353.594391  0.258665  3.477812       8.131254    856.764771 -232.074356  6.476921  1.158007  291.738251
356 -55.512135 -23.518656  355.063293  0.333637  5.252549       9.365635    858.819397   86.608299  6.710234  0.250292  165.390854
357 -55.127560  10.056189  340.673798  0.278228  4.313377       8.797652   1002.025879 -157.955994  6.877773  1.884170  430.818146
358 -55.259506 -20.944828    9.466353  0.266974  2.956037       6.855976   1068.158447  -83.958488  5.445406  0.418597  152.987640
359 -55.434711  -5.430605  354.937042  0.265680  3.395839       9.252764    866.896851 -229.395676  6.631720  0.774119  358.612701
360 -43.128937  14.568081  319.626251  0.262720  5.052428       8.218757    742.981140 -217.141205  6.199486  1.985290  172.458755
361 -56.724751  12.570038  352.441010  0.310240  4.507820       8.922844   1016.416809  128.666443  6.474037  1.832896  445.761475
362 -49.183422  13.137878  328.489410  0.307614  4.004585       7.042449    866.130737  -22.578041  5.863590  1.811586  324.449341
363 -44.212578  10.786629  338.367645  0.241099  3.138530       7.027631    860.122192  -96.035103  6.624071  0.913980  106.446075
364 -50.393204  12.731933  330.451080  0.344896  3.792570       8.861880    721.749390 -239.205688  5.977293  1.236500  331.203064
365 -42.192348  11.680427  337.578125  0.343090  1.828288       8.434728    708.893738  -89.181992  6.396319  1.206978  151.164627
366 -57.223194   0.951279  356.345917  0.273630  5.364226       8.694856    974.351135   87.040016  6.030454  1.513065  490.539948
367 -54.841057  -1.439583  346.827759  0.324231  3.742794       9.019543    838.863708 -103.646759  5.550253  0.751849  327.593903
368 -57.510994   8.852159  343.468506  0.279317  4.741632       8.475597   1006.996460   56.006035  5.730329  0.747689  345.848419
369 -57.495773  11.416193  337.635345  0.281033  5.872124       9.267870    880.672302  -82.048088  6.969830  1.868725  483.799408
370 -45.178188   6.923032  347.194122  0.309264  1.662847       6.569428    698.247070   46.470482  6.453983  0.309453  233.263321
371 -49.848106   1.523379  349.548279  0.342052  3.723197       8.430111    604.250793 -200.578049  6.391135  0.505816  375.027161
372 -51.033821  19.093990  332.686401  0.343816  5.449090       6.965571    945.794312 -248.325211  7.027295  0.798430  205.525558
373 -50.766499  -0.168127  341.178772  0.347971  3.373685       5.369335    908.979004 -219.235596  5.127014  0.852729  321.236115
374 -48.101765   9.242689  354.988922  0.266616  2.019455       5.069413    851.972595 -200.319519  7.429990  1.454213  489.314056
375 -54.828918 -11.326392  344.086060  0.335931  5.006818       7.538201    840.538879  -72.733353  5.472473  1.392398  392.433014
376 -56.311310  -0.331979  351.438019  0.327488  3.922626       6.293000   1092.900024   43.028049  6.427054  1.140409  373.881104
377 -49.042450  11.858791  340.732880  0.312779  4.801487       7.290874    769.058167   17.460608  5.774940  0.421726  148.791840
378 -47.560410  12.141311  340.953369  0.340989  4.417542       9.471913    531.166870 -216.889053  7.300133  1.938310  499.835602
379 -53.414143  10.411229  352.506317  0.325878  5.593363       7.796647    848.639282 -119.199196  7.241375  1.308378  493.642487
380 -43.780579  10.157789  339.775421  0.307666  1.758378       9.956346    504.789856 -189.596527  7.045620  1.513754  340.870331
381 -47.399323  19.162306  341.523621  0.279031  3.692430       7.540928   1016.389587 -141.315903  6.598427  1.502366  256.894958
382 -51.293079 -14.231065  359.768280  0.327691  5.674139       6.942033    794.889709   22.573801  5.648308  0.776484  465.596313
383 -56.348366  -3.644177  349.446442  0.245967  5.959879       8.172041   1067.667480 -233.421951  7.418093  1.069456  307.661804
384 -52.085693   6.953023  351.031769  0.268976  3.371336       8.022796    961.604309 -207.431213  5.282973  0.994965  204.779114
385 -52.532253  14.796230  330.480255  0.310778  5.722866       5.536510    881.364746  240.445618  6.228667  0.647050  321.932129
386 -55.100342   0.921725    0.991592  0.254979  4.717278       9.853992    865.817383  -64.559349  6.330129  0.958726  309.243713
387 -53.008083 -19.699009    2.176045  0.300859  4.654792       8.851399    790.242493  -95.077812  6.538677  1.230384  449.512207
388 -52.351395  19.239059  348.052429  0.338887  5.217032       6.426888    868.740173 -172.007034  6.473526  0.262611  476.702026
389 -52.137894   3.981455  354.971436  0.316669  5.536770       7.396366    895.320068 -158.082764  5.752482  0.939672  332.175690
390 -52.126263   5.423103  354.612366  0.208952  1.566277       8.134188    779.545044 -126.126312  5.815022  0.958993  344.421204
391 -46.060543   2.955001  344.247711  0.283419  4.065163       5.686246    707.711975 -242.804108  7.440869  0.983170  411.115692
392 -49.142284  11.289090  340.553436  0.261742  4.409799       9.280262    759.848083 -201.275970  5.369074  1.166355  228.237625
393 -53.138676  -2.779786  350.683777  0.324450  5.209877       7.848105    798.287720 -112.322990  6.508620  1.218662  382.853607
394 -55.382168 -12.822536  339.206360  0.341543  5.825105       7.680695    983.086121 -238.372543  5.895187  1.978233  308.415039
395 -52.906570  -9.000237    0.833478  0.282378  3.431537       6.821027    872.641418  -73.197868  6.316504  0.602406  351.787598
396 -53.406090  12.553921  340.310944  0.333395  4.323553       8.852828    870.817566 -220.922836  5.666939  1.373666  367.571014
397 -58.520069  16.043758  345.895447  0.279391  3.633500       9.098060    933.325439  108.372482  5.952390  0.505868  444.713074
398 -41.626133   4.380290  338.226562  0.276183  5.519081       6.572651    623.201538  -83.552422  6.607282  1.751661  375.070038
399 -50.036438   6.627192  329.874176  0.320112  4.724949       8.104365    990.396301 -121.835030  5.209225  1.809406  167.169708
400 -52.083588  12.011874  347.697174  0.221061  2.143916       9.229420    758.484497  -37.098824  6.065701  0.610539  220.983521
401 -59.917061  -6.042476  358.261932  0.299644  3.235781       8.141236   1094.455200 -190.010132  5.812532  0.843991  466.639252
402 -49.575653 -12.751012  352.941223  0.331052  3.688388       6.606515    814.998596 -204.028809  5.765933  0.959365  294.595428
403 -47.853500  18.330877  343.917542  0.296546  2.936045       5.055248    844.706177 -229.605850  6.083806  0.586139  386.765533
404 -49.851963   4.471054  335.587555  0.333032  3.551614       5.388058    917.599670  -99.565376  6.197632  0.638181  147.988251
405 -58.344982  13.883617  347.226013  0.299883  5.851015       8.512416    928.873596 -172.136169  5.151703  0.418756  354.844055
406 -56.160427   8.101948  351.431885  0.307096  1.885535       9.602786    959.548767 -151.167038  6.348844  1.520355  423.215729
407 -56.122078   5.914810  350.828339  0.271826  5.755969       6.086775   1044.398193   27.982704  5.636259  0.326941  214.384766
408 -54.810547 -18.899778  358.717712  0.334144  4.474953       6.818034    860.240845  -42.139748  6.007809  0.467709  446.337097
409 -53.503590   6.126392  346.764893  0.288935  2.974501       8.330013    905.781311   54.007923  7.332870  1.797979  447.635315
410 -42.784370  14.836364  334.265259  0.279524  3.887260       9.033582    561.094543 -142.607452  6.151140  1.067396  309.859314
411 -53.615993  13.479621  330.261963  0.349605  5.745596       5.509957    867.835205   68.407867  6.555090  0.345704  212.478271
412 -56.157398   6.274408  346.268250  0.300418  4.489019       9.111447   1080.856323 -109.907013  5.776528  1.030670  198.324600
413 -52.785038   0.103161  357.036469  0.222233  4.123606       8.625853    730.207703  151.627762  5.884876  0.713778  362.394928
414 -55.707970  19.773212  340.323975  0.346454  4.350990       9.383687    826.162109  -22.359606  5.269507  0.588461  390.637054
415 -56.271595  15.457700  343.780243  0.257219  2.757137       9.282333    944.985474  -59.614536  6.367165  0.764731  289.247986
416 -52.481071   7.113129  340.572601  0.247833  4.836215       6.873575    808.020081  -53.976585  5.463151  0.584245  299.020355
417 -46.135746 -23.709286  358.117859  0.333454  4.546715       8.800172    679.018066 -196.820923  6.612002  1.995671  351.281830
418 -51.597530   7.469563    2.921965  0.254978  4.428736       9.141544    878.096619  -13.942953  5.624591  1.407870  242.964157
419 -46.596382  12.560800  332.344788  0.296248  5.205753       5.337800    888.656982  -55.891273  6.802276  0.972995  276.698975
420 -54.719563  -1.793002  345.670044  0.316598  5.140848       5.933483   1008.805786   -5.425657  5.997653  1.348007  390.942474
421 -49.309109  17.025320  333.934448  0.316405  3.147267       8.480429    959.486755 -196.213379  6.354630  1.175741  186.149857
422 -48.193985   9.016335  327.690796  0.307606  5.036064       8.607744    552.216248 -158.016846  5.445243  0.841040  331.888916
423 -56.119205 -16.382696  354.651855  0.301012  5.570737       7.620479   1048.265869 -124.885292  5.879666  0.725284  279.035065
424 -51.734875  14.533046  329.949890  0.342182  5.824583       8.842608    736.632019  129.129578  5.784747  1.368930  346.042023
425 -52.710926   6.598965  348.668274  0.283163  2.083481       8.402535    804.892395    8.236382  6.187138  1.415220  475.672028
426 -59.281677   5.376243  352.558868  0.233379  5.420450       9.949517    934.619873 -148.622101  6.446398  0.302934  248.498169
427 -50.057899  14.223285  345.701691  0.225106  4.871743       8.488516    827.922546 -150.415649  5.929083  0.638606  122.980515
428 -51.544060  15.164084  358.846497  0.307527  5.677962       9.138696   1042.736084 -169.097992  5.337749  1.490306  184.829803
429 -51.542309  -2.557235  337.823181  0.299618  5.075179       7.445380    908.333618 -156.006256  5.438420  0.829059  107.367821
430 -56.535789   1.156855    1.520252  0.292476  1.368077       9.170676    905.064758 -212.707275  6.074989  0.350918  120.931709
431 -45.144917  15.650557  354.932495  0.295492  4.819258       6.052452    708.184021  187.759430  6.111762  1.677432  491.002899
432 -53.703827   1.362201  345.406372  0.343433  5.707345       9.483913    820.672607 -240.016754  6.391781  1.044836  243.805298
433 -59.596565  -1.708877  358.193115  0.330150  1.280806       8.886441    961.119324  -56.756027  6.112881  0.393461  275.621155
434 -50.843830   5.329947  332.011902  0.343744  3.783960       6.742024    950.646057 -162.846008  6.015332  1.349275  253.497360
435 -50.381516   4.771602  339.090607  0.320398  5.355299       9.594611    626.302673 -243.328629  6.135131  1.461683  364.578827
436 -52.079136   4.844603  344.658417  0.329872  2.856595       6.334144    857.130554 -177.892792  6.944739  0.545916  349.079773
437 -48.598583  18.315775  339.407471  0.306316  3.249404       9.944402    646.482239 -131.546585  7.247897  1.081953  362.987549
438 -54.304737  14.120185  337.023865  0.296363  4.935163       9.603711    842.670166 -144.827759  5.765933  1.422140  345.994171
439 -46.143494  10.411258  349.232178  0.271675  3.295286       7.895806    646.702515  201.829758  6.379617  0.890867  380.590210
440 -55.116982  -3.866850  338.598663  0.289214  5.742175       9.601731    765.136597 -171.827393  6.331316  1.904384  347.905792
441 -57.006821  17.163460  340.148743  0.266244  4.364035       6.053476   1081.422729  228.862137  5.959236  0.454178  302.179443
442 -52.112225  -8.331990  348.347961  0.295441  5.772730       8.849401    663.993164  107.793106  6.138964  0.483738  281.561798
443 -50.676910   5.293578  347.814819  0.276999  2.262189       6.003407   1067.842651 -224.787430  7.549960  1.318336  270.927704
444 -57.368271  -7.067023    8.544952  0.227551  4.078022       8.811979   1004.789307 -249.162292  5.149461  0.871579  380.235870
445 -58.914188   8.463138  355.462097  0.220940  4.337736       9.305081   1039.644165 -132.050308  5.473002  1.775639  475.097870
446 -49.896572 -11.092175  354.609772  0.338473  5.273568       7.790862    650.623657  -69.682465  7.193264  0.542457  460.587036
447 -53.655193  13.139282  342.769989  0.243182  4.884212       7.255872    882.891907 -102.741875  6.504102  1.397715  498.791016
448 -54.713371   2.023516  343.716370  0.334831  5.074565       7.126158    911.215088 -166.017410  5.213864  1.528765  469.256683
449 -51.648407  -6.766414  356.970825  0.240826  2.974807       7.738261    911.949524    8.761233  6.457437  1.191629  290.104462
450 -50.837513  -2.137154  351.314392  0.298827  4.172641       8.743567    776.838806   12.478182  5.546834  0.543141  114.778427
451 -56.178524  -4.396976  345.531647  0.347801  5.584525       5.219291    973.067383 -211.657013  7.002835  0.683023  463.155365
452 -61.460537  17.509674  348.854919  0.238182  1.159316       9.757920   1087.222290  185.259674  5.885312  0.451837  456.212402
453 -49.302151  -0.660148  353.627289  0.287846  4.413061       8.281384    662.852112   92.743965  6.958331  0.498648  265.721344
454 -47.748016  14.634630  327.903229  0.299915  5.331824       7.602589    687.168640 -110.201332  6.724377  1.365574  354.768585
455 -52.327103  19.261099  339.913513  0.339688  2.251048       7.081553    900.363281 -183.368942  5.721322  0.224311  155.251266
456 -47.791405  17.912647  343.910583  0.301122  2.577271       5.698158    808.754456 -201.548187  5.550385  1.472674  458.336731
457 -59.391533   6.847764  354.857422  0.248085  2.837244       9.956078    949.715454 -223.586441  5.926392  0.851064  461.135162
458 -50.162132   3.142187  347.675903  0.290549  2.350994       8.636971    898.344482 -100.743729  5.444936  1.944803  299.731232
459 -47.402245  10.815877  351.948395  0.275751  4.802421       7.757360    768.921570 -145.234299  6.842603  0.908440  215.458282
460 -48.371471 -11.128148  344.684570  0.344245  5.802808       8.458079    883.476990  154.542419  6.272539  1.925084  169.566330
461 -54.971066   5.430715  349.585236  0.223678  4.669158       8.708273    820.757568  -56.773579  5.013550  0.379820  134.879761
462 -56.562347  -3.268718  356.349548  0.251536  4.149261       9.777942    932.274536 -229.643326  5.928759  1.010252  324.958191
463 -35.534336  14.342458  327.370300  0.342404  2.097442       5.024561    772.248962 -136.301819  6.997806  1.862041  276.075897
464 -54.082390  17.799500  348.164093  0.282679  5.554966       9.698023    786.370544  167.702087  7.183679  1.167663  426.736694
465 -59.547722  -8.899595    8.346332  0.252723  3.780428       9.029959    946.357788 -210.501862  5.268000  0.558392  468.046539
466 -48.129387   7.269208  346.296570  0.329008  5.495212       8.074978    610.861816   46.912861  5.728222  0.854541  373.018433
467 -57.985516  -4.986400  343.698334  0.309541  5.315184       8.962172    844.792725 -212.472794  6.937617  0.428336  260.194580
468 -55.329147 -10.083132  356.531769  0.287969  3.127264       8.286953    917.629333 -118.077515  5.860823  1.917307  498.961884
469 -61.701515  -6.504013    3.913988  0.191463  3.852863       8.492490   1082.621826   -1.193319  6.601039  0.344072  268.552551
470 -56.341648   4.906715  340.139771  0.318511  4.909854       7.981074    814.613525 -220.415466  5.744377  0.488124  449.640045
471 -51.147831  -5.344378  353.831299  0.324244  3.086309       6.840683    839.330017  -90.988457  6.477401  1.234187  428.093109
472 -52.283962 -12.367750  355.081299  0.347306  3.169037       7.857948   1079.086670 -110.927994  5.574356  1.169333  207.779358
473 -62.367615 -14.688503    0.160150  0.346242  5.564485       9.067835   1092.206909   47.433804  5.011859  0.365033  491.927582
474 -54.585007  11.870242  339.717133  0.274288  4.407301       6.869069    871.834045 -135.937851  5.848999  0.861770  467.691254
475 -54.633751   3.654169  336.763763  0.344649  5.338545       8.959294    923.899841  -26.224464  5.797840  1.185406  167.604324
476 -55.321712   0.050670  344.179169  0.303162  4.345257       6.996374   1089.128174 -122.652985  5.785602  1.677945  408.117218
477 -55.828762   5.040869  348.340973  0.344663  5.183386       8.937161    817.490295   57.508221  6.119698  0.675886  371.885651
478 -50.449978  19.317743  339.403534  0.283869  4.738894       8.454456    701.657104   99.436119  6.518429  0.578646  368.590942
479 -53.668152   9.556449  344.129578  0.336211  2.659612       8.188854    829.119080   -4.022768  5.824877  0.296859  239.164749
480 -53.489487   7.481569  343.696686  0.276571  3.041797       7.043522    858.499634 -177.297333  7.297334  1.235229  461.951416
481 -56.170876  10.369520  350.707092  0.299697  4.505220       7.618246    852.498962 -122.244003  6.072750  0.363834  395.788940
482 -52.051853  -1.443772  350.580750  0.348890  5.554928       9.943151    657.250671   -9.026038  5.127759  0.423223  144.417572
483 -46.044125  11.547591  337.569733  0.271986  2.355851       8.410178    993.177185  -33.079735  5.163404  1.392781  109.945251
484 -47.076759  18.977987  336.588623  0.317380  3.241781       7.704461    788.011475  -88.516342  6.297919  1.905732  370.069153
485 -48.108509  10.475920  340.785583  0.233692  3.056770       6.867368    906.197510 -174.119980  6.949427  1.204576  242.867310
486 -55.527813   1.631695  346.405365  0.270524  5.975726       7.400838    997.754089  124.754715  5.362882  0.988929  277.745758
487 -60.259071   5.543044  348.478424  0.313079  3.298649       9.213781    963.435059 -122.695305  5.367596  0.721949  463.881317
488 -51.565720   3.504411  347.337769  0.343303  4.447912       6.194480    843.922058  156.093567  6.133166  0.701001  372.779388
489 -48.609787   9.842910  345.967865  0.303382  1.858983       9.066276    670.992920  -73.421898  5.820457  1.564723  356.532318
490 -53.749241 -23.119131    6.399945  0.348685  2.818486       7.444225    945.034790 -179.947968  5.283485  0.760657  483.154572
491 -49.653980  19.893749  343.205597  0.340427  5.114620       8.143069    775.244934   22.728922  5.260846  1.716043  478.212402
492 -52.221916  10.718060  343.372406  0.290783  5.271453       6.408179    801.828613 -169.882370  5.694955  0.594766  453.731628
493 -60.134827   8.703877  351.568665  0.340522  4.247790       9.525166   1038.699585  -49.159180  6.573161  0.767958  337.955902
494 -56.822884   7.573004  349.214264  0.323962  4.243116       8.172498   1027.271362 -156.434830  5.293867  0.917986  362.674042
495 -48.252983 -10.023284  359.158813  0.325978  2.223128       7.345303    769.901855   39.797565  6.106297  0.763018  222.341171
496 -53.980461   4.795976  351.598572  0.348435  2.300356       5.017811   1042.931885 -109.236076  7.525420  0.742117  391.974304
497 -46.242054   6.848414  334.030823  0.312161  5.415082       5.360603    684.895752  -81.913925  5.841773  0.237839  243.898911
498 -52.188984  -4.074434  347.388550  0.300973  5.378955       9.813176    608.348938   30.906889  6.188505  0.745898  305.004822
499 -54.759529  11.038736  341.956116  0.329590  2.275413       6.690582    909.140625 -172.203598  7.299491  0.494088  379.435486
500 -48.591679   1.301122  332.975281  0.342159  4.299515       7.086461    851.178223    3.664975  7.523549  1.290813  160.205444
501 -55.250233  -1.434758  345.223969  0.348568  5.379997       6.286553    939.892151   45.013527  5.612674  0.399256  152.391937
502 -40.795380  11.084495  342.377289  0.318617  1.018126       6.330588    672.713135 -156.490021  7.432178  1.526790  415.380768
503 -53.320026  17.632626  333.309937  0.336990  5.265923       8.199356    983.605774 -172.290497  5.949938  1.027720  232.443405
504 -52.440296   8.013390    0.439442  0.343106  4.028444       7.115535   1053.070923   55.805981  5.712915  0.879779  172.963730
505 -42.598015   3.283473  340.088013  0.330622  3.308635       6.845254    574.978516 -231.235306  8.141194  0.392396  214.750916
506 -44.183323  -9.610590  352.455505  0.323210  4.229424       8.520967    563.620850 -186.662918  6.174584  0.799000  288.628571
507 -48.951836   8.366096  334.745911  0.236721  5.974652       9.833467    881.549500   55.001858  5.751589  1.808215  143.646881
508 -57.587673  -3.988190  359.048523  0.282440  5.429637       8.699625    963.134827 -235.553818  5.992079  0.550352  338.630371
509 -48.510429   8.543431  348.245880  0.327050  1.379903       8.834310    694.866577 -227.680969  7.188573  1.530218  360.276276
510 -53.807877  13.831383  349.135834  0.201114  5.578938       9.793794    904.517639 -142.415192  5.501147  0.958111  218.613083
511 -54.914841  -2.723460  358.056946  0.260093  5.585558       8.287228   1041.563110   17.939508  6.049502  1.179764  288.257507