           lon        lat         inc      D1AU     delta  launch radius  launch speed    t factor      B1AU     gamma         vsw
0   -32.135971 -10.487343   31.693319  0.305477  5.092054       7.873603    445.262299  130.730667  5.893890  1.708202  367.635925
1   -49.242722   6.899365    6.538415  0.342108  4.368114       4.641142    927.139404 -107.858421  7.380744  0.673965  321.290375
2   -48.493351  -1.868157    6.879085  0.308785  1.436259       8.856502    816.221985 -146.329300  7.045864  1.593203  294.286804
3   -47.368996  15.321469  359.604675  0.330740  5.650867       8.523689    665.899048   83.319817  6.375834  1.047453  355.347504
4   -45.635838 -17.742853   32.303894  0.343018  3.850473       9.747561    859.232544 -199.052963  6.294643  1.940002  306.746307
5   -46.985569  13.068141  353.559845  0.322207  4.881467       8.360716    689.518311  181.531570  7.361268  0.730129  360.758667
6   -49.809902  14.420673  354.478607  0.301314  4.490784       6.280719    871.335266   -1.793807  5.814342  0.608837  365.949463
7   -41.866467  -3.073721    8.134680  0.312113  3.730397       9.180901    519.260437  -59.272560  6.679572  1.807735  381.680725
8   -44.663025   9.824207  354.696960  0.298527  5.058024       9.935893    556.370056 -125.568565  7.329779  1.716919  409.012451
9   -53.824944   5.783062  358.266022  0.308713  2.676871       9.596664    931.028564  -63.879215  7.550116  1.398772  418.834534
10  -52.433796 -10.091665   16.832199  0.349471  5.658474       8.766787    847.059204  -48.319218  6.406268  0.618102  270.384949
11  -38.919331   4.561023  346.801666  0.328424  5.738448       9.052270    576.920654  166.516281  7.698764  1.817966  363.199615
12  -53.475922  13.124773   10.531804  0.336086  4.951340       9.778708    853.960327    4.777561  7.291227  1.755797  362.805237
13  -47.041153   0.172725   19.457422  0.348717  5.291794       7.658946    914.332397 -114.792366  6.840147  1.803758  288.933685
14  -56.939308  -6.321711  357.818512  0.341236  5.159661       9.904084    935.361450  -45.575993  7.445025  1.214466  424.593323
15  -27.963993 -14.042624    4.534528  0.320437  3.343724       9.369578    400.462585 -245.179428  6.621520  0.932723  338.189453
16  -53.252308  -6.576804   10.642505  0.341002  5.354470       7.957771    989.213501 -168.995438  7.180269  0.797219  305.505676
17  -53.698689  -3.055891  348.523010  0.324406  5.455887       7.735233    902.046326 -132.353638  6.500617  1.160560  414.860687
18  -32.183750  19.465351  347.185486  0.335336  3.877464       5.350974    740.395935 -175.750183  5.812284  1.555010  319.378143
19  -37.325527  -0.244965    0.062522  0.337835  2.645494       6.115654    678.928223  113.376877  5.855742  1.497262  329.539795
20  -47.006149   4.258648  354.264496  0.294214  2.448742       8.406136    701.396545 -104.164780  7.436398  0.742639  349.287628
21  -41.457664  13.418992  344.326233  0.338298  3.750239       7.345378    650.408691   51.548649  5.690902  1.028708  314.798370
22  -55.570915   6.020811  357.898438  0.337419  1.075568       9.163354    844.820801   -8.917319  7.311872  0.430909  322.616089
23  -47.205181  -0.851612    0.494844  0.308137  2.355399       6.061055    986.118164 -221.668060  5.634412  1.744608  334.796448
24  -39.645927 -30.567343   39.803436  0.344668  3.993453       9.017982    853.926392  -33.703304  6.809509  1.597610  299.987152
25  -46.013657 -19.715096   28.467140  0.321387  5.854002       8.618295    710.404907 -128.696945  6.228215  0.815789  302.772003
26  -48.281490  23.705524  349.289307  0.317406  5.457532       9.523943    951.631165 -222.342987  6.698233  1.273125  278.814240
27  -31.479870  -6.807878  359.109314  0.346281  2.259060       5.936475    565.144897 -134.473206  5.508138  1.905638  395.081238
28  -44.509182  12.101511  342.260406  0.310670  4.269018       6.640740    744.536255 -119.893547  5.858253  1.034410  329.240662
29  -40.711346 -18.678005    7.936271  0.319948  5.442359       8.108298    679.457275 -221.101791  6.073120  1.652470  374.198517
30  -48.482483  -8.836762  350.197144  0.340153  5.348643       8.156030    826.815674 -196.205841  6.449052  1.511154  282.500763
31  -57.931744  -9.779605  358.822327  0.322702  5.586721       8.867779    932.885254  -98.277588  5.472600  0.210123  286.336151
32  -47.213196 -36.088566   10.103163  0.331496  4.798696       9.242699    941.695496 -113.606995  5.329235  0.999251  306.741699
33  -43.876572  16.705181  355.802002  0.348620  4.824361       6.878170    979.244751 -157.645218  5.916314  1.971671  330.191376
34  -45.343140 -20.937195   40.702316  0.332487  4.630221       5.408687    972.668152  106.054024  6.410414  1.089748  265.212982
35  -45.926868   1.241887    5.340454  0.312768  2.495136       8.581971    800.590942  -81.705612  7.178237  1.457793  305.652710
36  -36.520031  21.294079  347.037292  0.347604  3.604302       8.928353    589.843750   90.979523  5.824970  1.745682  369.245331
37  -51.798645   4.923513  348.307922  0.338409  5.319177       7.154974    921.492676 -112.569374  8.333622  0.486415  316.995300
38  -35.564041  -2.140446  356.190277  0.335160  5.478407       6.554242    716.890442  -20.707800  6.765290  1.964386  296.579803
39  -29.564117 -35.149952   47.193317  0.298863  4.969253       9.216214    563.047668  -79.406464  7.050537  0.637996  419.458527
40  -52.404129 -17.482349    7.119154  0.310336  3.588513       8.341326    914.723450   91.573341  5.265985  1.085100  409.848969
41  -51.582714  -6.005533  352.368286  0.338558  4.263360       4.393506    993.870972  -99.296417  5.391910  0.473879  332.753815
42  -39.725590  -6.711294   33.311855  0.345009  5.978805       3.827017    820.695618  -51.642048  7.091393  1.152953  274.815735
43  -30.212921 -22.920805   18.384871  0.308785  3.857126       5.228603    622.430908 -243.253006  5.142363  1.650404  422.753601
44  -44.062691 -12.467071   23.760574  0.348864  2.630214       9.347488    601.027954   26.656742  6.706815  1.235482  428.596283
45  -37.227413 -22.838610   36.111912  0.346420  5.033165       6.389987    667.254761  170.558319  6.599687  0.825124  379.273285
46  -52.514320  -4.029804   19.882185  0.344049  5.320167       7.950235    942.948364  -58.517418  6.364120  1.884029  415.149994
47  -41.579006 -26.116726   25.930984  0.343460  5.003779       9.958149    655.239380  127.066498  6.333762  1.006725  323.431030
48  -39.119514 -32.591846   23.423256  0.275237  3.594909       8.638618    654.843262 -175.176270  7.295688  0.794631  399.250153
49  -51.670498   3.595049   12.905276  0.345701  5.202458       6.921268    897.689575 -166.866791  6.074156  1.060367  374.865234
50  -45.345154   4.872459  358.884583  0.348288  4.223927       7.699790    726.510864 -218.398071  6.732431  1.705900  444.807983
51  -50.848507  -4.829397  359.620758  0.289366  3.829862       8.923051    765.389282 -240.588943  5.631246  1.283326  427.627319
52  -49.540401  30.962957  350.648926  0.318805  5.461217       8.308342    978.821960 -153.475784  5.643550  0.965718  362.298248
53  -52.929066   0.638182  349.480896  0.269185  3.916205       8.544047    849.711731  -10.634947  5.688093  1.614811  421.957947
54  -43.414051  24.463974  324.664368  0.335775  3.732354       7.146846    943.177124 -247.216721  6.647572  1.278545  259.144928
55  -47.691475  -0.494016  351.679291  0.312770  3.838381       9.537013    785.596252 -195.489746  5.070040  1.925193  326.318726
56  -33.665909 -29.365192   16.720299  0.338265  5.193601       9.615676    466.330933  198.236313  6.527891  1.852864  358.387238
57  -48.888802  20.929142  352.365906  0.340917  2.947835       6.923100    996.493835 -172.382462  6.840540  1.043358  406.387482
58  -49.058475  14.203550  342.249451  0.316630  4.925022       7.604246    896.295898  -15.570155  7.821872  1.246002  348.946106
59  -34.267246 -16.240063    2.527065  0.338193  5.908304       3.874748    919.805481 -237.461639  9.167812  1.249096  250.623962
60  -51.147373  -8.087581  350.530121  0.306319  5.827812       9.858709    637.975281 -243.063538  7.332064  0.425487  313.267181
61  -32.692722 -25.540232    9.907439  0.338732  4.772351       7.438426    538.225525 -197.230850  6.942516  0.955678  284.883789
62  -53.151257  25.864822  354.821228  0.343291  5.840265       9.266846    851.922607 -176.484497  6.454446  0.244795  329.686798
63  -41.201645  16.170248  349.738525  0.329806  4.419268       9.283254    769.693115  -25.117147  7.519031  1.907563  286.479980
64  -46.145561  -3.012319  356.935974  0.325330  2.484472       8.707628    582.324951 -121.833504  7.172047  1.078769  436.523438
65  -48.898872  -3.463220    7.349291  0.346717  3.532834       9.348289    877.085754  105.769203  6.600240  1.938979  411.220245
66  -37.901386 -29.976326    5.002463  0.333873  5.542158       5.013904    991.139526 -103.834320  5.642223  1.986906  290.963013
67  -40.213367   7.426895  356.043091  0.342869  3.154943       9.613729    572.504639  107.252991  6.699920  1.170797  259.792358
68  -41.413635  -0.564370  357.566162  0.348088  1.275263       7.164759    656.871765 -230.607040  6.183703  1.058574  294.693024
69  -39.367897  11.588036    4.850365  0.336343  5.707788       5.679263    692.347229  100.629021  5.445633  1.938645  424.020752
70  -42.797806 -18.942343    5.982478  0.338691  4.494349       5.755420    943.949524  -53.330967  7.947684  1.227952  252.588165
71  -50.105564  20.876436  345.704742  0.317063  5.812946       6.920317    871.975769  214.421677  7.890200  0.409323  431.493011
72  -43.652538 -18.046257   23.448225  0.342045  2.885027       8.677176    846.089600  -59.882931  6.752948  1.129200  253.919815
73  -35.351830 -10.841643    6.955685  0.343494  3.795742       7.616382    521.407837 -118.778221  5.170894  1.900707  402.488678
74  -35.266472   3.823190  342.363708  0.349887  5.812212       8.134741    514.365723 -120.085587  7.202739  0.411782  423.185455
75  -45.104546  20.071911  338.815002  0.338924  2.855384       8.240065    892.132812  -59.772186  7.636842  1.189887  363.084503
76  -50.090553 -13.101151  356.250458  0.318864  5.919046       8.374990    774.752869  -93.175919  5.798871  1.681898  446.967102
77  -49.580822  -8.986787  359.448547  0.341957  3.579777       8.346578    799.901306   16.945049  6.439300  1.022569  437.021820
78  -43.200420 -18.367308   18.814793  0.289403  4.801406       8.092615    855.499756   27.761826  7.317817  1.703483  287.824463
79  -38.854500  27.692389  330.932373  0.342464  5.279307       8.448565    737.484802 -108.493332  7.039233  0.900834  275.944885
80  -29.898483  -1.606396   10.703753  0.339170  4.982910       8.442459    462.171509 -203.272812  6.521409  0.338921  344.408630
81  -44.141380 -16.296295  358.298920  0.295996  5.343826       8.674207    636.020691  -26.159964  7.132101  1.840766  365.854767
82  -50.473648  21.742897  355.502472  0.315435  3.494364       8.770645    943.250916  200.400818  6.122942  0.947891  269.852814
83  -44.950356 -22.002869    3.133832  0.340184  4.784682       7.389282    716.388916  -19.125950  5.165026  1.421902  424.354706
84  -43.572121   8.856924  359.733887  0.345077  2.613184       8.098164    622.297119 -163.169250  7.323552  0.888858  409.287964
85  -49.625717   7.868144  358.751160  0.320736  5.706807       7.531327    799.902100  151.586761  6.860635  0.781204  379.729370
86  -45.933048   1.772422    9.045069  0.288097  5.952611       6.710225    789.223511 -153.122879  6.274230  0.961134  307.513062
87  -48.338379 -11.268472   30.114460  0.330110  5.773888       8.091558    767.855103    5.665035  6.346957  1.793030  371.049683
88  -48.468513   6.669518  354.107056  0.318477  5.463143       7.713700    780.144470  -21.300117  5.865516  1.838689  431.068146
89  -40.002701  25.026134  338.195282  0.316773  4.114522       8.438025    640.628174   70.119278  5.139752  0.735998  261.674774
90  -35.829365  -8.739520    8.716946  0.340537  1.767500       7.707934    544.936157 -101.600288  6.057939  0.847357  258.450836
91  -48.581123 -17.498796   15.183029  0.316706  3.299960       8.795091    692.877380 -142.776413  7.887087  0.332193  314.600372
92  -45.461548  10.606888  340.124359  0.318350  5.068346       9.154797    627.485474 -209.171219  6.783605  0.978186  427.194824
93  -52.728115  -1.554759    3.802225  0.321306  4.868148       9.952843    809.155151    5.418039  7.066489  0.462951  292.037506
94  -39.375061 -23.347137   24.710560  0.341552  2.770587       8.013401    679.989014 -240.752136  5.594777  1.409342  303.144867
95  -35.124668 -24.432915   30.458038  0.335984  4.078815       8.125010    707.095215   35.232555  6.194150  1.888914  289.927429
96  -35.883747   2.895001   11.112385  0.330911  3.181118       4.667326    980.461548 -193.405594  7.950283  1.930532  267.216492
97  -35.221886  24.043627  335.005310  0.340508  5.731671       5.171165    851.775208  166.768509  7.441203  1.569508  346.672394
98  -43.702435  -0.149349    6.142862  0.345964  5.982428       6.407617    988.113281 -248.968384  5.446049  1.761361  270.753937
99  -41.270050 -11.680817   11.282423  0.290680  3.249281       7.466771    639.002747 -212.594116  5.739640  1.312795  375.290100
100 -50.573032  -0.544127  351.209229  0.289885  3.611976       8.324726    826.679016   20.500799  6.983780  1.003518  301.473785
101 -44.550076 -22.906425   26.046947  0.346878  3.010074       9.388605    985.204712  -29.172169  5.650083  1.985881  341.380493
102 -45.584892  19.921041  349.316132  0.335082  4.628268       8.018474    905.578064   27.429090  5.333413  1.976839  301.641174
103 -39.926189  18.059566  327.163605  0.321455  4.547811       8.461648    598.845947   64.939117  6.832323  1.387841  316.427307
104 -52.695229  -2.060059    5.387942  0.329888  3.010795       9.701379    780.305969  -44.272484  5.013326  0.536536  353.704163
105 -39.888325   5.443964  346.534302  0.344956  5.583827       5.466240    694.812195  -53.351688  7.121101  1.294933  356.153473
106 -47.815228 -11.842893   13.201386  0.348575  5.321220       8.776033    810.794800 -225.852997  7.555282  1.112016  322.988373
107 -51.915863   7.201918  352.520050  0.297236  1.575663       8.390776    852.680908 -174.488358  5.634539  0.923632  416.946808
108 -51.069294   2.865220  352.041199  0.305158  4.938857       9.548947    653.706970  104.404671  6.102649  0.751923  401.286957
109 -23.348526 -13.163612   16.458696  0.292195  4.770081       5.235004    627.176636 -211.111343  5.356970  1.995628  268.969666
110 -45.921249 -22.782524   13.887223  0.321058  4.783329       7.578438    899.771606   16.715324  6.282385  0.663746  262.325348
111 -50.597439  11.281261  356.327972  0.328801  4.822413       9.000564    746.734070  247.302765  7.391363  0.517921  345.947845
112 -30.131428 -14.036616    6.858653  0.315988  2.591438       6.292954    535.057678 -167.396286  8.046838  0.412198  255.179596
113 -41.972370   0.021254  356.993744  0.344620  1.753579       8.686316    607.866760  -80.263901  6.730894  1.652356  425.819977
114 -44.633125  24.876440  340.947998  0.308407  4.113751       9.072632    671.311401   -1.406805  6.779555  0.486921  401.374695
115 -44.914314 -11.320536   30.242622  0.322551  5.525029       9.030338    599.728210 -197.996460  8.668386  1.976757  405.808472
116 -37.317268  15.978173  341.667847  0.338164  2.853153       6.297849    942.681091 -244.988525  6.188581  1.752948  253.788498
117 -47.034489 -18.964872   13.646865  0.329620  2.479885       8.799686    805.145386 -109.448334  8.233202  0.804600  271.677429
118 -40.880100  13.742788  358.258636  0.341768  2.817100       3.879634    979.937927  153.205933  6.371701  1.687136  361.812225
119 -43.123341 -10.560631   15.679599  0.341274  3.434272       6.969120    694.839478  126.987137  6.054269  1.491097  445.086212
120 -50.009132  -6.989085   19.293888  0.332195  4.394750       9.162572    775.113098 -126.664078  6.147245  1.065138  304.013275
121 -47.259598  15.638767  320.598846  0.311036  5.589923       8.384824    767.848083 -187.244537  6.138887  1.808981  275.734497
122 -38.888618  -9.167090    0.190517  0.314441  2.287284       9.301249    498.268890 -156.173874  6.842090  1.296752  375.458618
123 -38.449608 -20.561386   18.971357  0.330086  5.131779       6.512491    992.523071 -197.510361  5.660759  1.371081  259.717957
124 -44.903732 -19.814032   12.628036  0.343847  3.910945       5.767821    812.238159 -100.775436  6.059021  1.254353  449.036713
125 -54.626835  14.453881  346.773987  0.322135  1.678977       9.164753    936.366455 -176.136169  6.402413  0.636056  296.284515
126 -45.114025 -14.956831   21.812851  0.312511  4.723888       9.356350    730.345825  176.047729  5.031522  1.697192  375.184296
127 -42.951874 -27.756546    5.674347  0.342051  5.793144       9.079712    670.559875  -20.060547  6.749525  1.047205  350.695190
128 -47.606129   7.199360  358.257935  0.314597  3.202037       9.402747    730.982422  100.712372  6.249919  1.759691  420.349457
129 -38.476231 -20.571449  356.776215  0.347989  3.731560       9.139377    459.879456  -18.395746  6.313794  1.678605  413.462372
130 -48.412357 -30.831480   12.243349  0.331460  4.244749       8.326757    902.063477  -42.377659  5.006754  0.582155  372.542175
131 -47.928520 -21.353592   13.736992  0.328858  2.590695       8.678080    765.018372    2.618999  6.552567  0.650995  400.570801
132 -38.232307 -10.196548    8.794393  0.318631  1.972518       6.171023    720.649048 -170.477524  6.001491  1.932917  347.985809
133 -45.597641  15.312444  335.517456  0.289527  2.740485       6.715095    855.721436 -166.563110  5.698060  0.960625  262.617340
134 -45.619133   4.903755  343.278687  0.338826  4.981123       8.251849    632.488342 -186.735153  5.579494  1.061942  391.682037
135 -52.814648  -8.040106  349.414948  0.340294  5.677424       9.126199    898.433716 -124.157661  5.293905  1.889654  427.962646
136 -39.396729  18.514708  351.644287  0.293412  5.951152       9.292542    515.479614   67.317284  6.232535  1.543382  354.618805
137 -47.958157 -17.506639   14.535215  0.343748  3.513293       7.893840    979.283264   61.942322  5.842336  1.704479  324.953827
138 -30.382238  13.854539  333.655029  0.341992  5.940653       8.291413    592.267578  140.461426  5.086183  1.376623  250.799133
139 -49.312931   5.862842  359.740173  0.286957  4.117002       7.693391    771.622192  144.613632  7.211061  0.833945  397.396942
140 -40.280983  20.017031  350.871124  0.339289  2.884221       7.433532    756.753174    4.583733  5.004249  1.631370  275.689209
141 -52.619698  -8.082047   20.825171  0.346887  5.777729       8.942306    761.702271 -247.373306  7.032389  0.457579  370.896057
142 -36.034412  10.197609    3.493304  0.308433  4.120374       9.854506    422.616760  -86.573692  6.499238  1.871638  251.697449
143 -46.933769 -19.107933   11.025775  0.344553  2.490688       8.613837    968.083618  -80.173996  6.582232  0.961567  284.910950
144 -34.762882  12.317885  342.795990  0.344640  4.726484       4.197614    869.217224 -248.043945  6.261976  1.181230  269.186035
145 -47.291847  22.560526  349.706146  0.343589  4.765543       8.661382    824.999512  165.308807  5.262227  0.632975  327.543671
146 -52.683098  -0.289365  343.705292  0.304753  5.746281       7.753901    955.732971    6.064962  6.633745  1.192107  319.660248
147 -36.115364  -2.290172  339.347656  0.302020  4.581157       8.252435    444.638336  -91.147141  6.554171  1.001626  339.871490
148 -24.872478  -2.436735  343.398407  0.343949  2.278964       6.296390    495.108459 -188.394073  7.173061  1.074318  312.272034
149 -32.233025 -26.307608   13.383363  0.304839  5.853654       8.792200    479.647491   64.937370  5.132384  1.541587  345.180756
150 -41.820118   9.300085  346.784760  0.326674  1.440073       6.971234    854.059814 -243.315842  7.532570  1.911853  277.797791
151 -41.297131   1.540672  337.720551  0.337791  3.971210       6.866926    580.867371 -172.026245  7.663301  0.534879  311.257874
152 -52.106350 -12.165168    4.564454  0.323258  1.846690       8.817877    938.290344    3.058614  5.481657  1.458020  365.043854
153 -41.877968 -22.446680   20.380621  0.318530  2.070045       7.216014    735.455322 -182.647491  6.536171  1.122719  424.126038
154 -43.891396  -7.017227    5.263496  0.345580  4.650293       3.684839    891.103088 -224.866287  6.101380  0.644273  353.964020
155 -44.103500  18.978853  352.306366  0.346783  3.508634       7.618898    728.738098 -190.323456  5.581706  1.746544  430.437439
156 -44.868511  -4.800789  358.470276  0.343739  5.027192       6.451382    933.394165 -223.259720  5.235353  1.668632  318.245392
157 -55.058273   1.228207    5.041855  0.282875  5.051104       8.051239    848.872925   -3.199323  5.480840  0.484042  391.100677
158 -44.921051  -6.365625    4.317147  0.340271  5.691495       4.310303    991.742859 -193.974655  6.573593  1.651685  439.710388
159 -45.211636  33.021267  339.932739  0.321422  4.802075       8.658614    946.455566  -33.121098  6.353267  1.344993  329.530273
160 -46.434093 -16.912842   13.632248  0.319309  5.223704       6.090943    958.174561  112.993271  5.372303  1.506172  376.216309
161 -35.040508 -33.330906   31.935957  0.314731  1.628380       6.922065    962.212524 -206.654739  5.972429  1.625388  272.814484
162 -46.630585 -25.639132   14.765416  0.321472  4.583056       8.831717    769.362366 -193.629059  6.957976  0.646232  399.062042
163 -49.191891 -10.056470    7.890378  0.272102  3.988927       8.043770    811.584045   -7.985862  7.750010  1.738245  382.016602
164 -44.670929  -0.249364  353.949402  0.268524  4.789446       5.787445    872.093811 -231.471329  6.022142  1.646514  329.678864
165 -41.746284  17.622612  337.424164  0.334851  5.476752       6.797234    988.751831  134.032028  5.989467  1.710248  325.122711
166 -53.187523  10.382031  358.929565  0.320021  4.357034       9.477376    986.101990   35.600693  6.102599  1.317213  289.756927
167 -43.297623 -19.057053   17.113394  0.308995  3.007695       8.672762    694.409729  -68.820419  5.671636  0.675824  307.504547
168 -51.962643  -7.697855   10.584242  0.302926  5.325988       9.525318    804.176208    0.914784  5.780932  1.292758  361.651459
169 -38.175560  25.399118  332.761719  0.328611  2.342222       8.219888    655.080505   19.408485  6.309429  1.255238  287.958191
170 -45.535419   1.540259  357.313141  0.306153  3.804684       6.034901    952.888062   85.996689  6.145027  1.817482  381.326996
171 -41.294788 -13.858766    6.640329  0.318430  3.710696       5.304917    805.084106 -129.276978  5.740475  1.881552  446.928314
172 -46.616909 -18.794777   14.745035  0.308859  3.086015       9.515172    904.305969  123.646927  7.330427  1.484800  315.998718
173 -35.772881 -24.539677   15.256244  0.344925  5.989848       7.560289    578.999268 -135.510910  7.462069  0.456006  388.954193
174 -50.115372  21.460808  347.954376  0.327029  3.203075       9.448600    938.748169 -173.642944  6.804591  1.121467  358.558167
175 -56.316101   7.988061  348.786255  0.263121  3.625762       9.020887    940.347595 -129.827454  6.794165  0.674851  338.920380
176 -40.079445  14.300686  348.402344  0.338123  5.793520       8.544670    747.088013 -226.033737  7.363556  1.456862  296.154877
177 -38.758999  14.887586  327.671143  0.332500  4.186753       6.088031    629.485840 -187.618851  5.792999  1.051953  383.065582
178 -50.152905 -11.968907  359.510559  0.345016  4.482403       6.236057    878.064209  186.996414  5.427862  0.628294  417.392151
179 -46.747112 -14.714381   16.575459  0.342387  4.868645       8.779493    758.310486  -80.418022  6.171386  1.589169  398.203278
180 -44.077229  25.037519  333.112030  0.339385  4.187057       7.816446    866.825989 -161.719162  5.512442  1.330787  359.855652
181 -36.487000 -13.759331   13.362000  0.340912  1.929459       5.762434    822.230286   76.155113  6.400381  1.351268  297.481567
182 -45.422852 -13.359193   10.001156  0.341512  3.062436       6.208772    917.999329 -242.851852  8.351460  0.650397  274.149231
183 -51.642643   6.593164  339.916565  0.338980  5.291658       8.634041    924.906921  -36.701134  6.367549  1.520206  301.113251
184 -53.750278   1.797937    8.350612  0.337323  5.978037       9.441282    774.028809  116.450691  6.118602  1.481987  436.259827
185 -53.258965  14.265582  358.985382  0.290415  3.477619       9.432768    875.483826  222.191025  5.112195  1.334783  387.517761
186 -44.169495   7.372252  350.505615  0.311464  3.579608       9.243291    608.378296 -130.986511  5.089314  1.633284  420.246918
187 -43.304386   7.170283  359.644226  0.311660  4.750657       6.149690    850.306091 -120.213196  6.203253  1.396170  332.162933
188 -49.693939  22.405872  357.224213  0.322318  5.369397       9.052547    704.141785   20.692324  6.129106  0.522788  371.563904
189 -40.259369 -20.375250    6.463131  0.329569  4.170657       7.585293    640.707153 -240.288620  6.431855  0.904249  378.602112
190 -46.585682  -9.041987    0.854930  0.327568  4.168076       6.254967    960.843140 -113.249855  6.143688  1.141585  331.350433
191 -47.178703  20.577209  353.754547  0.347772  5.026637       9.784668    735.783997  -62.786156  6.644998  1.368128  412.633270
192 -53.113308   9.698695  356.344482  0.292129  5.721684       8.683855    934.210999   73.013527  7.984632  1.039871  409.247223
193 -50.981693  -4.663455    2.372836  0.342645  2.460506       9.013427    796.684998  -86.694084  7.469243  1.720303  357.657288
194 -45.868858  17.147076  351.478119  0.346760  5.241592       7.695976    777.526917   20.218277  6.898405  1.315851  348.760437
195 -36.971996  -8.667943    4.253263  0.332378  3.498261       7.421198    641.681030  102.801155  6.945508  1.907021  277.962463
196 -43.357414  -5.605066   11.487688  0.349541  1.249824       9.361606    679.733337  -76.990608  6.410694  1.657389  262.358734
197 -35.917618 -21.727655   31.809906  0.288706  1.947603       8.135288    628.368652  -75.682732  6.835639  1.323544  293.286011
198 -54.872849  12.389735  358.716339  0.309718  4.204150       8.871756    876.750488  -49.530956  6.009039  0.474197  446.385773
199 -52.604286   1.668504  349.472321  0.334879  4.029346       8.679418    981.977295  -75.089905  7.931769  1.551098  395.806793
200 -39.426231   0.884800  351.230896  0.281252  2.147549       7.284504    613.578003 -211.680344  7.263719  1.513243  332.591644
201 -49.003876   1.428733  356.487366  0.294636  1.366455       9.888843    620.140259  -69.871971  6.114638  0.746785  357.728333
202 -45.710709 -12.629206   21.285030  0.345873  5.528006       8.560409    804.338806   41.507034  5.922761  1.270871  299.485443
203 -47.427906  17.567751    0.515117  0.306082  5.357543       8.598680    851.988892 -218.908600  6.094714  1.381103  262.096680
204 -44.080196 -35.002602   37.820324  0.309061  4.968083       9.139596    880.599548  109.782974  5.484711  0.616937  324.252686
205 -42.958900 -24.337339   30.430620  0.292862  3.880248       8.389508    756.849731   92.853149  7.067529  0.743536  254.185959
206 -41.439671   7.180398  345.348267  0.318505  5.732111       6.449861    796.872681  163.915161  7.136615  1.463439  342.917816
207 -42.428219 -10.128689  357.322754  0.310538  4.590940       8.773604    580.524231 -171.910446  6.561480  1.243076  278.855408
208 -43.150345  23.103952  350.843292  0.297507  5.911354       7.675073    721.608826  171.807632  6.196766  1.357440  339.421631
209 -52.888805  -0.925328  357.488129  0.306200  1.629004       8.299031    902.217285 -132.775040  7.591710  1.466329  411.510040
210 -34.791306 -27.933224   35.419781  0.326111  4.107104       8.809804    684.650452  -40.898331  5.750819  1.510840  303.653503
211 -44.431412 -10.074385   12.306550  0.345729  2.801158       8.628269    812.827759  -31.797728  6.918438  1.414835  260.662323
212 -54.799702  20.589991  350.958496  0.269613  4.465913       8.192799    977.375305  124.918968  5.563816  0.548470  396.677948
213 -50.801331   5.781328  352.829742  0.329550  4.573720       8.182917    850.389587 -176.310471  6.406266  1.163364  340.098938
214 -53.631893  -6.927361    1.910536  0.278585  4.953820       9.119315    923.367554 -125.673286  7.290898  1.098392  311.970581
215 -49.385948   4.188077  344.437805  0.334279  5.998927       7.231076    863.200317 -198.397369  7.034699  1.063811  310.452209
216 -46.311111   6.492220  358.638458  0.282657  4.827090       9.776965    626.773621   41.005463  6.711689  1.886757  346.366577
217 -42.432598   2.649233  356.397400  0.328097  4.766550       8.784430    686.398987   35.968815  6.084728  1.303567  290.125427
218 -31.200951 -22.902933   32.867298  0.324728  4.898951       3.064225    944.828796   42.933571  6.588838  1.053293  254.355911
219 -54.258556 -11.202188  351.687988  0.337614  5.915103       9.065128    876.100769 -134.592163  6.455171  1.078182  392.696594
220 -38.081745 -39.790848   41.747051  0.294160  3.333333       8.724519    879.142334   39.375938  6.370142  1.256651  380.555969
221 -42.617096  -0.057371  343.474670  0.321826  3.143575       9.042350    503.474426 -152.240097  5.457860  0.350231  317.361816
222 -38.467113  18.099062  345.557465  0.342424  2.445281       9.916000    556.647217  116.415779  6.051493  0.970016  309.805847
223 -50.755589  -0.578698    3.468385  0.259950  5.431613       8.262502    981.637268   21.228434  5.885365  1.567565  330.071350
224 -49.334633   5.507288    7.942791  0.325127  4.704317       7.058754    805.721069 -235.979660  5.744203  1.630494  437.933044
225 -46.731823   0.348784   11.296840  0.281269  5.263120       6.959389    728.302002  195.315002  6.107148  0.939329  325.598236
226 -28.248549  -0.426444   12.391637  0.344188  3.893230       4.354443    753.612671  -33.244190  5.855142  1.535186  289.623352
227 -43.395802  11.800596  358.243408  0.347480  3.930752       7.864282    662.384827 -122.494026  5.948306  1.139941  369.903107
228 -44.121922   5.496456  354.798828  0.312279  4.323141       7.673159    740.937622  -74.441452  5.804146  1.321503  373.568970
229 -55.540905   7.246230    7.570111  0.330992  5.215681       8.730902    867.844849  145.785522  6.324196  0.599693  371.657959
230 -40.933922  -1.848538   16.226603  0.331284  3.454283       8.290378    550.760010  -48.216171  7.842164  1.308009  402.705994
231 -44.838459  -8.883731    6.627817  0.318733  2.077695       9.251783    844.162781  -88.259781  5.210386  1.867049  257.732330
232 -30.816839  10.409136  341.227753  0.299171  3.621997       3.515331    784.652527 -244.066345  6.000613  1.726223  351.414307
233 -40.776466 -10.301217   16.430870  0.346720  1.958540       5.388204    970.985962 -223.075912  5.400389  1.716915  333.948700
234 -44.663628  18.636805  357.296753  0.328740  5.000173       7.394628    800.358887   91.069008  7.313869  1.167066  316.812866
235 -50.885727 -19.536581   18.821970  0.315710  2.969846       9.933973    747.891174 -124.670578  5.198169  0.382784  364.402069
236 -46.806274 -19.651421   25.427294  0.323359  5.261303       9.930872    692.472351   44.609444  6.078512  1.279696  432.125763
237 -46.679195   9.797132  355.486938  0.302110  4.780161       9.335896    630.369324  206.168701  6.306193  0.737077  364.968781
238 -40.294373  -7.567440   13.784328  0.323667  4.199296       6.306812    819.639709  183.283997  6.474596  1.548880  287.246887
239 -26.894342  12.655016  340.036560  0.299877  5.790210       7.360587    446.792664   88.749969  6.569833  1.151192  405.239990
240 -51.507488  -3.399266    9.372383  0.333917  4.626408       8.459741    842.838928   18.156052  5.629925  1.382598  423.525146
241 -48.748772   5.616621  345.708893  0.330550  3.125412       5.758064    936.700195 -167.259567  7.250956  1.696714  434.649323
242 -49.284031   3.900931  351.653076  0.321945  2.517912       9.658025    709.578247 -219.407959  7.589922  1.372513  423.978088
243 -33.070480   2.348899  357.296570  0.312921  5.498261       5.645363    774.242065 -167.917419  6.905215  1.682096  257.795715
244 -59.134533  -7.662917   12.053561  0.297962  2.827542       9.867990    983.018250   34.671242  6.236490  0.544251  393.161896
245 -36.647652   3.356729   10.590109  0.287998  5.052713       7.686643    542.504089 -174.499405  6.288531  1.406807  252.553238
246 -43.969086 -20.646461    4.612327  0.322865  4.801452       8.492788    593.044373 -149.877533  5.693509  0.234621  369.810577
247 -24.976231 -11.385579    7.163884  0.316711  4.114059       6.017823    507.211243 -123.528214  6.903084  1.590362  328.455933
248 -28.790590 -21.845585   27.064638  0.349098  1.997803       4.763253    683.086731 -175.508224  6.076653  0.668231  262.501984
249 -38.530861   1.882853  351.315216  0.339823  3.935629       8.520806    570.866882  188.932175  6.704090  1.928667  310.860748
250 -36.870411   1.824955  343.783661  0.322488  5.055496       7.832783    519.351257 -230.949783  6.662600  1.506606  326.858246
251 -45.001247 -18.106867   12.452621  0.291536  1.995982       7.244209    971.963928 -178.882217  7.683527  1.934040  319.737213
252 -45.208450  -5.178340  357.817810  0.341501  4.386005       8.333276    692.452942 -247.422531  5.515873  1.980889  349.094391
253 -35.890690  -1.416486  340.517395  0.322287  5.037645       4.671755    631.373108 -206.104782  6.686380  0.862420  336.686554
254 -47.759144 -31.366299   25.854832  0.284661  3.707978       8.734013    877.122131 -100.826920  5.228805  0.382349  274.305237
255 -49.816757   9.332906    4.372890  0.311569  5.036536       6.880118    942.101440  -99.430626  5.695323  0.953656  252.878052
256 -41.467701  -5.912034  356.309448  0.274134  3.756616       8.349851    696.249573  -69.685432  5.796737  1.810633  272.196472
257 -43.612362  -5.444536    6.014731  0.342459  1.565609       9.391611    674.798096 -153.655228  5.238967  1.755076  352.964020
258 -44.749264  12.672231  339.003448  0.342964  4.319917       7.376954    693.134644 -147.731979  8.554672  1.023750  346.286133
259 -54.822968  12.394630  353.367645  0.282932  5.561640       9.592716    940.305542   43.436951  5.934418  1.512395  447.689606
260 -28.661192   3.227874    7.594176  0.344975  3.986090       6.716844    568.369507 -141.240906  6.098768  1.028724  268.683807
261 -44.171093 -22.035450   33.021252  0.295056  4.322710       7.531511    993.065796  150.793991  6.278339  1.878128  330.296600
262 -44.994011  16.673704  354.087891  0.342671  2.842822       5.142271    948.763611  -39.789818  7.833940  1.373034  415.977386
263 -51.295666   7.579890    2.482309  0.311015  5.505600       8.774079    850.151672 -109.871590  6.803796  1.128402  292.524384
264 -44.665436 -14.213042    7.975708  0.332874  5.867939       6.619995    816.245422 -220.752213  7.187323  1.006900  290.696930
265 -52.505150   3.730620  356.792725  0.247854  4.381531       9.757710    746.383240 -193.879501  6.204595  0.731433  330.659210
266 -39.825550 -25.735929   23.062279  0.295809  3.266227       9.584208    565.854797  148.080322  8.135437  0.449365  306.591858
267 -47.561100  13.821609  357.670593  0.332461  5.465616       6.796540    859.945557   -6.927234  6.517065  1.113780  307.920807
268 -48.017563  -2.270680  356.136169  0.300937  2.202279       6.314615    821.871277 -161.695129  7.607966  1.230983  398.120697
269 -29.271349  36.829956  302.426178  0.340457  5.214668       6.405716    696.269775 -191.590363  5.944027  1.381839  445.821899
270 -55.733044   4.459579  345.310822  0.306972  4.503201       8.323580    938.807068 -202.963989  5.915284  1.125224  426.222076
271 -47.461533 -24.513540    8.779678  0.340073  3.209511       9.048755    955.536682 -187.346344  8.523400  1.014817  274.075592
272 -47.702827  15.849152  348.492218  0.347038  4.276445       9.312797    845.905884   13.414625  7.679436  1.206460  288.526642
273 -55.957993   5.394254  350.938080  0.297466  3.691481       9.038926    963.064270   32.911118  5.904491  0.596603  282.499908
274 -48.087162  13.796583  339.893555  0.320135  4.663674       7.795269    809.304932  -30.736523  5.112571  1.519467  363.293640
275 -53.150352  -6.685574  358.045929  0.337731  5.637117       9.942021    848.171448  111.662292  9.602329  0.861156  421.787109
276 -48.802551  -2.288725  350.594299  0.315565  5.139028       7.191050    959.473694 -130.363647  6.636973  1.079243  259.274567
277 -47.602600  -8.826686  353.333679  0.313236  4.077885       9.547363    740.181519  -77.955811  7.022722  1.611550  310.261932
278 -47.681702 -10.443172    4.682970  0.334464  2.530016       8.192117    870.878662    9.552043  5.612173  1.590031  332.751221
279 -27.643702 -38.043961   44.228508  0.333536  5.774875       7.397015    820.317932 -198.760437  5.863172  0.936228  315.603302
280 -45.227566  13.603049  345.775391  0.343411  3.192893       9.237171    742.929443 -203.838638  6.660294  1.274345  323.044464
281 -40.626373  19.842983  342.220856  0.281493  2.582481       8.197419    639.134338  242.215134  5.624078  0.875296  300.525940
282 -37.600307  -4.662022   15.964295  0.315935  3.987761       6.277289    806.029175  -37.902504  5.283281  1.724632  284.157837
283 -48.641907 -26.172941   17.481569  0.326596  3.684594       9.760988    854.988403   59.157906  6.233261  0.836842  327.507385
284 -49.773930  -3.035974   10.181562  0.340155  5.956468       8.076266    705.692810 -117.031525  7.570136  0.410016  416.491364
285 -48.079102   6.591920  352.364380  0.275275  3.909503       9.245366    719.623291   92.714188  5.877153  1.125963  288.474762
286 -41.922478  21.792652  330.301086  0.282707  4.181608       7.707574    654.512268 -183.264984  6.624312  0.633795  337.877106
287 -47.783516  -4.018814    0.351119  0.347890  5.669095       6.384852    980.994995  -71.420685  6.021943  1.046982  325.472290
288 -35.452084  12.791125  342.796021  0.321212  4.308782       6.714330    582.702087 -105.095467  6.383464  1.049095  297.768799
289 -47.309517  -1.325695  351.810822  0.334693  5.735112       6.974485    762.864990 -217.100082  8.398905  1.766887  423.157410
290 -53.410629  -4.798451  356.016998  0.324144  2.641816       9.247214    986.736572 -122.815376  5.449825  1.067846  264.768555
291 -47.801800 -16.313610    5.603922  0.334638  2.269938       9.675873    770.779602  -54.242393  5.178643  1.012630  271.822601
292 -38.662174   9.464310  352.145630  0.317326  2.003232       9.936148    527.988708  -36.410366  6.109865  1.590323  255.073257
293 -48.931358  -0.577212    5.433155  0.301155  5.042367       7.399369    862.395203    7.402235  7.063361  1.017832  332.478516
294 -43.359734  -2.768229  356.664948  0.315078  1.889231       4.303146    887.302368 -163.788834  5.052283  1.415022  379.806793
295 -46.842846 -14.520385   10.551291  0.299126  3.943987       9.987087    684.022583   90.034813  7.653124  0.942514  346.038818
296 -35.419315  28.163145  348.214874  0.345051  4.911925       4.811247    741.116882 -180.435165  7.474730  0.680627  341.087280
297 -42.220306  26.836790  342.484741  0.338296  4.717983       9.527172    669.933472 -131.533356  7.038253  1.596153  438.753510
298 -42.939270   8.019278   19.272161  0.331086  5.529172       7.432958    609.897217   46.977100  7.401147  1.126220  268.105103
299 -40.842728  -3.930206    7.781023  0.347405  2.209509       8.396656    557.521912  -94.874176  5.205267  0.624495  376.110077
300 -51.294491  12.758686  342.676666  0.316040  3.639022       8.500704    899.309082   31.153685  6.407800  1.178360  343.627808
301 -42.266323 -19.023375   36.329727  0.340366  4.141645       5.288584    995.237183  -44.044277  6.800664  1.863891  345.224670
302 -46.964596  -4.518627  357.465363  0.333396  4.609902       6.999352    979.835571  137.832748  7.683352  1.623949  279.660645
303 -47.624664   5.769539    0.571129  0.334141  2.474371       6.070411    986.969788 -100.692604  5.648481  1.332166  292.636536
304 -34.195290 -14.946199   20.925976  0.347922  4.469073       7.434352    633.247070 -125.310562  5.732134  1.031468  290.562103
305 -49.576893   1.421380  354.379761  0.303459  3.764541       9.211073    810.537720   33.681965  7.355993  1.853126  398.114899
306 -50.919289 -14.965630    1.012606  0.334900  4.591283       9.927168    875.307007  -90.548019  5.688737  1.130546  253.113617
307 -41.197323 -23.605200   33.913368  0.345662  5.731480       5.115978    788.529907  -14.351472  7.517905  0.740043  429.366241
308 -59.467525  -1.375847  357.273163  0.342564  3.749612       9.273073    961.042114   84.330528  6.772799  0.234769  256.545654
309 -42.167110  19.910519  347.291016  0.323632  5.717979       8.180517    589.802307 -149.210403  5.918053  0.537596  418.982391
310 -38.528519 -19.764038    0.799507  0.347987  5.077070       4.241954    753.973877   37.207325  6.185167  1.045728  383.590363
311 -41.241512  -7.986764   16.499809  0.312042  3.858982       8.700518    626.827515  -43.541523  6.567094  1.607614  286.940216
312 -46.647232 -12.910901    7.699584  0.340074  2.742171       7.519074    826.104126  -70.225655  6.531095  1.139144  415.770721
313 -45.537766  -9.831011  358.204834  0.340848  3.960706       7.127923    666.317383 -210.961655  6.237331  0.706798  422.925690
314 -57.251537   9.901106  345.262573  0.311126  4.483084       8.973489    940.202759   36.024933  6.108991  0.403934  328.051208
315 -46.391468 -13.148704    3.875310  0.306405  5.352170       6.139412    844.072388 -206.489746  7.800391  0.858951  335.402008
316 -50.881386  20.837072  343.095764  0.339837  5.453271       8.748219    823.638550 -131.649094  5.683316  0.697750  426.677216
317 -43.710468   6.722756  338.413086  0.303760  5.350138       9.252584    580.401733 -142.963684  6.488214  0.963719  266.139709
318 -39.378296  -3.481837   17.264954  0.345983  2.941921       9.442101    537.729858 -229.130539  7.834350  1.384115  280.620819
319 -53.237453 -10.842960  352.937622  0.318710  5.916392       9.188992    918.610840 -202.975006  6.386591  0.764469  255.822479
320 -41.561817   3.979986  349.077454  0.300873  3.973521       4.858145    735.515686   91.190933  6.495586  0.646300  330.617859
321 -43.805191 -16.515535    8.089714  0.343361  2.036478       5.755883    862.772400  -87.866295  6.721338  1.907747  449.490662
322 -52.289974   6.613179   13.244105  0.348697  4.100399       9.170233    836.670044  141.312714  8.155428  1.480807  366.022797
323 -50.621563  20.722477  345.944458  0.342723  5.249837       7.806628    926.293152   88.067841  6.503908  1.087083  444.589630
324 -47.974270 -13.091332    0.995301  0.309859  3.719743       8.013446    822.260071  -83.979187  5.911195  1.252758  342.941223
325 -38.927742  -7.011816  355.892639  0.342050  2.785545       7.670245    646.058655   71.527832  6.596528  1.731648  326.794373
326 -43.861187 -20.164679   18.517334  0.305739  4.970071       6.581712    755.992554   68.145767  6.144965  0.863315  388.825989
327 -44.934269  12.099903  348.110992  0.338453  1.801213       6.626375    948.831482  -52.430256  6.866700  1.804055  344.188477
328 -37.194569  -4.532749  357.292664  0.345459  1.197801       5.541632    781.755676  -71.132378  5.237243  1.777070  325.626465
329 -48.818596  -4.542797   10.764715  0.345823  2.228877       9.314198    680.499634 -117.314865  7.301492  0.273251  325.487946
330 -53.274612   7.517565  358.453247  0.298688  2.917125       9.932340    812.378784 -206.484039  5.864760  1.763735  393.431976
331 -55.732773  19.036917  349.221313  0.307615  2.624635       9.674458    963.685364   81.162338  5.376254  0.450763  403.670258
332 -40.467037 -33.069725   21.145851  0.302957  4.847981       9.249810    882.205139   90.291084  5.573684  1.691622  272.068329
333 -48.468353 -13.364090    5.945241  0.335611  1.409280       8.997714    708.266052 -120.274406  5.195463  0.543918  354.405365
334 -45.442936   5.353889    2.094960  0.307711  5.574368       7.453129    805.266113   25.670399  6.720533  1.662861  324.697235
335 -48.728603  16.248837  353.760315  0.327028  4.347156       7.200663    763.928528 -100.117531  6.378084  0.207068  298.897736
336 -50.267227 -10.170222  348.115814  0.345944  4.619172       6.795802    871.080078  225.598801  6.175602  1.739793  416.537140
337 -33.276260  -4.509093    1.784588  0.275791  5.796842       8.589467    461.004608 -163.678558  5.935035  1.713324  304.132843
338 -51.882652  -5.676867    5.693337  0.325324  2.781766       8.086188    900.001587   83.623421  7.027288  1.048678  375.884674
339 -52.629642  -5.814314   14.718411  0.313210  3.031440       9.368761    859.460632  -54.467594  6.616719  1.411495  388.451202
340 -43.475929 -10.317892   13.891417  0.296591  4.642245       5.890922    824.493469 -118.443710  5.043641  1.135957  302.233612
341 -52.021217  -9.218619    3.357540  0.325278  3.846420       8.755548    881.666443  211.916672  7.291714  1.345695  347.076782
342 -52.312622 -13.214224  355.980469  0.294546  4.943214       8.273110    867.696594  156.910187  6.524267  1.303843  391.647217
343 -38.310997 -22.209591   38.700771  0.325111  3.953078       9.315855    619.407532  -71.750221  6.600124  1.083117  288.364197
344 -40.290909   6.815443  348.087799  0.339699  1.295934       9.320263    558.952209 -170.250198  6.980751  0.551603  252.827576
345 -45.829540  18.232380  353.855560  0.285343  3.949613       5.997010    961.349548 -215.819199  5.408576  1.221046  302.486359
346 -42.794102  -6.098451    7.572795  0.337113  2.169469       3.435365    927.473938 -245.568253  8.693727  0.984939  352.966064
347 -54.704575   0.924999  356.776367  0.320199  5.130398       7.770297    889.447571 -106.950165  6.370935  0.321303  323.067108
348 -40.067371 -22.371960   33.847584  0.306053  4.656749       5.843123    888.946228   18.093174  6.097224  1.184703  275.878601
349 -48.595531 -14.823555    1.136604  0.312512  4.103839       9.163734    913.362549  -61.650360  5.332756  1.836125  286.128296
350 -49.143021  -6.304787   15.852031  0.343093  3.953951       9.558979    902.768494 -124.679428  5.746444  1.291025  263.847046
351 -44.359051  19.059912  342.357697  0.284060  4.417969       8.688632    676.627991 -152.959335  5.005824  0.743188  298.393585
352 -37.007763  -7.525243   23.799788  0.338301  3.411201       9.262278    452.037018 -242.094254  8.762590  0.876634  379.422394
353 -43.280571   1.055580   12.398709  0.348967  4.616228       6.295417    772.653015 -123.026314  6.016130  1.758624  387.381378
354 -44.037525  -9.022075    2.449274  0.348094  3.692095       9.288049    630.446899 -229.912674  6.208779  1.738165  426.544159
355 -42.341599  -1.613667  357.645630  0.314833  1.291687       7.882894    684.971741 -106.096634  6.859420  1.026635  298.585388
356 -45.533028 -10.036149    8.068669  0.340993  2.290981       7.970768    805.316284 -115.460106  6.262577  1.557972  379.016968
357 -49.482670 -21.541296    8.483703  0.329726  5.860501       9.249120    820.603088 -123.394119  6.410832  0.759689  376.369141
358 -46.944481 -11.649072   16.152838  0.327400  3.105020       8.891197    618.039429 -181.666580  5.795861  0.449178  383.565491
359 -50.418072   3.668176    2.020116  0.342055  5.043937       7.956655    963.467712 -223.487061  5.881165  1.146875  365.873718
360 -45.669724  -4.946956  351.188141  0.323064  4.423715       8.590851    604.730225   77.072105  6.252816  1.261830  439.018372
361 -40.982159  15.064815  339.456696  0.338645  1.236262       5.974415    904.765442 -109.772499  7.415920  1.304293  328.603790
362 -42.126266 -11.841329  355.568359  0.306805  4.599368       8.520094    517.290283  -68.622490  9.392761  1.708743  443.019684
363 -37.247448 -11.361677   12.080879  0.318619  3.816388       9.031693    491.422485 -240.943985  6.107243  1.049320  423.874084
364 -33.891144   4.503983  359.897064  0.342862  3.278849       9.760673    407.240784   27.846003  6.377481  0.933848  296.527130
365 -40.954903   6.608689    6.817531  0.293261  4.212365       6.834991    644.926331  -75.899673  5.269940  1.156326  331.225403
366 -39.256237   1.836412  353.935852  0.319218  3.897511       7.643419    600.289368 -168.905060  9.801743  1.292751  302.883179
367 -45.010620 -23.924849   16.797276  0.318118  3.447906       7.226047    822.960876    3.832643  5.153243  1.122487  411.056702
368 -40.507610  20.004183    0.634295  0.343397  5.383184       6.297403    658.582336   -4.132790  7.203301  0.424975  276.415741
369 -44.632816  16.965185  351.719147  0.322182  4.121008       8.335458    733.875977 -167.098083  7.796899  0.722799  286.264923
370 -53.032131  13.213217    9.827225  0.331615  5.796370       7.008910    873.087280  135.685471  6.483657  0.993987  422.278015
371 -42.736649  20.686718  336.707825  0.302770  4.102865       7.749970    673.410889 -100.704048  5.584508  1.148821  449.332428
372 -42.532673 -12.630676   13.274253  0.334706  4.403073       8.195051    748.299561   74.021072  5.906874  1.808204  391.254761
373 -51.637409   6.032543    6.321537  0.300320  4.669422       6.693130    940.733704 -236.449585  7.264113  0.976485  358.266876
374 -44.356396  -7.637815    2.662896  0.327134  4.157633       7.412694    917.262817 -115.218208  6.540419  1.709699  276.526062
375 -53.369175  11.927827  351.298645  0.300753  2.277606       9.435124    827.437988  -85.395706  5.929123  0.342941  294.376495
376 -52.209476  -3.027244    0.632743  0.315215  5.217313       7.700649    880.450378  -38.748787  5.666168  0.819405  315.087494
377 -26.009136 -29.670284   52.374962  0.326586  5.336012       6.523795    723.212097 -159.302933  5.661735  1.306149  316.826019
378 -52.327431   5.398003    6.269611  0.349462  4.321579       9.392582    756.353027  -78.022079  5.558914  0.368967  363.750885
379 -52.323082  24.966738  338.438934  0.341421  5.457846       7.323961    994.670044   72.437721  6.315606  0.371927  301.738617
380 -33.676094  29.775419  332.801086  0.331620  4.573780       7.480963    631.723389  -85.365646  6.549907  1.079078  434.385437
381 -52.100105 -23.247061  359.802887  0.332129  4.872763       9.738471    867.328674 -179.272324  5.801626  1.536194  401.613037
382 -52.491814 -16.046209  355.424744  0.349672  3.882181       9.811090    913.909546 -129.870804  5.632584  1.617302  323.690613
383 -42.281284  24.431849  335.313995  0.342251  1.169800       8.508073    800.069519 -218.795456  5.652630  1.616398  362.259888
384 -56.615005   2.140161  357.798462  0.298017  4.223340       9.018064    974.223572 -140.693985  7.703891  0.988094  375.003540
385 -38.081264 -27.445936   22.104773  0.325036  4.206793       6.577904    764.965271   72.414314  6.291254  1.102612  385.585083
386 -43.801201   8.130775  344.843506  0.317348  4.281241       6.971610    862.583374  -29.198849  5.729449  1.280179  290.273499
387 -42.568127  12.581880  357.185699  0.347968  4.298922       6.115364    819.119263 -242.732147  5.099130  1.254118  281.587891
388 -50.670162 -10.262586   10.289005  0.315869  5.438144       9.227777    763.162415  -98.299019  5.683799  0.514377  300.978271
389 -50.563961  -7.390847    8.885159  0.277429  2.913605       7.792265    930.246094  131.135010  7.097383  1.622101  393.472626
390 -48.612255 -18.454634   31.743847  0.291864  5.520304       9.237686    716.786926 -109.624023  6.179238  1.946204  389.082275
391 -26.720453 -31.778435   51.774651  0.304644  5.112228       6.716465    738.363464   78.632957  5.036041  1.615492  348.223877
392 -45.557823  -4.231635  353.941376  0.300071  5.604561       4.690714    948.243103  -16.858850  5.808056  1.545544  376.503204
393 -53.656025 -17.521582    7.298896  0.296502  4.930396       9.967527    875.037964  -22.847870  5.571915  0.513847  300.700684
394 -42.091812   9.234332  349.580566  0.342511  5.066317       7.197760    831.237122   91.902863  5.838566  0.961897  262.925049
395 -39.716068 -38.151348   26.039259  0.324513  5.394820       9.955905    806.438293 -224.477280  5.128558  1.755938  359.447571
396 -44.844406   4.329290  344.441254  0.324061  3.542497       8.567146    645.067749 -150.766052  5.067237  1.120842  364.006775
397 -48.743439   2.340050  351.932037  0.297812  4.561618       6.042124    863.790771   97.026665  5.460263  0.720660  308.059021
398 -17.610435 -28.578278   22.592041  0.331738  4.392732       7.131865    445.754517 -159.747314  8.305988  1.115833  333.102203
399 -51.630375  10.330676  336.627106  0.308264  4.710856       8.757618    715.329773 -201.030548  7.251343  0.724169  406.313629
400 -37.127331  14.010920    4.306156  0.325141  3.489582       9.316038    447.608978 -237.938126  7.111972  0.681928  287.132385
401 -43.379154 -23.504070   17.304922  0.315308  3.508065       7.348275    814.144531   80.997826  6.303121  1.168081  330.921631
402 -53.957561  10.502521  354.061981  0.320889  5.920035       9.054843    906.819092  183.676071  5.641383  1.166827  417.842316
403 -39.597214  -7.708591    2.842954  0.346104  5.036413       9.051838    533.365723 -201.653290  7.426223  0.261522  307.091095
404 -45.365318  15.625355  355.347656  0.319677  3.425196       7.332816    803.634155 -205.118286  5.604540  1.039979  354.254761
405 -44.991440   1.005012  359.943329  0.283258  1.221380       6.223864    902.298279 -228.757935  7.426501  1.828508  320.871979
406 -32.079536 -19.120270   23.059349  0.346198  1.272142       6.485507    551.865540 -171.401657  8.616791  0.350236  406.757904
407 -49.689571 -17.689022    3.994832  0.325297  3.443945       8.310422    866.333984   70.971809  6.050902  1.742856  432.684998
408 -42.776947  10.592488  344.919250  0.341933  4.724295       7.646972    727.034912 -105.995323  8.150381  1.630991  410.491669
409 -39.821354  29.326296  327.879425  0.324450  2.570346       7.881172    712.114990 -117.556900  5.299007  0.271147  284.898590
410 -34.947884 -23.759926    9.431051  0.334950  3.048213       7.663705    661.978088 -156.709412  5.789082  1.408904  262.484222
411 -31.470842  -4.953076    4.922304  0.281755  1.904839       7.893410    505.676239 -241.830002  6.801224  1.667593  285.499023
412 -34.138542   1.289528  339.671692  0.343854  2.139585       8.060171    467.127258 -239.376892  6.361046  1.779963  390.329254
413 -37.215607 -14.423368    0.336567  0.339383  3.906610       5.158934    644.444458  -11.370673  5.375280  0.587279  357.277771
414 -38.413944   0.716049  344.575378  0.261444  3.576974       9.792033    405.762329 -221.022598  7.203403  0.642514  402.343872
415 -36.587414 -11.767208    2.392904  0.308471  3.099814       8.186215    511.380859  -50.130390  6.803630  1.632648  396.668457
416 -44.812416  23.405855  350.765076  0.333000  4.161747       9.863945    601.169861   -6.188961  8.193436  1.041415  444.961639
417 -43.724976   4.072243    3.140162  0.306380  3.903579       5.635885    861.238586 -246.202728  6.902579  0.955172  285.006439
418 -50.778980  18.465839  347.868256  0.308672  3.854084       8.984570    852.358154  -47.931778  5.293830  0.658208  265.531372
419 -39.659069   6.952638  355.177429  0.315251  2.681871       5.500515    927.333191 -179.884811  7.080625  1.847552  323.758118
420 -50.081432 -18.884708   14.955624  0.294018  5.885077       9.516892    952.710571   32.269970  6.664274  1.413176  285.070892
421 -47.194588  -9.979959   10.634369  0.305444  4.615901       5.795372    858.064270  -72.604935  6.009068  0.941302  378.540497
422 -47.165237  10.167845  356.496033  0.328032  5.505932       7.116630    941.561523 -171.294174  6.046820  1.391369  300.274811
423 -42.397408  25.330179  352.761688  0.346606  5.648064       7.687096    792.177185 -132.265533  7.358679  1.049601  332.978729
424 -44.127678 -32.505165   25.125137  0.339570  5.230507       8.137546    809.081238 -217.039352  5.591607  0.452004  402.982910
425 -44.902878 -26.107124   10.811627  0.337895  4.562398       5.676397    972.356018  -52.237309  6.175574  1.034074  356.195435
426 -50.254986  -9.747280    6.500684  0.305649  1.794838       9.271950    806.551392 -156.236221  5.915103  1.209722  320.921387
427 -30.313496  -2.865472  358.868011  0.272105  5.816632       6.774229    471.450775   28.128031  5.012979  1.550469  402.630096
428 -51.867199  14.909280  359.299408  0.340401  3.084654       8.082340    968.967468 -127.125710  6.867827  1.023113  352.797333
429 -31.426468  -4.456551  354.807709  0.306525  4.145159       4.364012    739.489502 -105.883301  5.762094  1.493406  261.309143
430 -41.782963  -0.609308  351.021973  0.309125  2.867400       8.976032    720.103394  -98.958008  6.597241  1.711781  261.537079
431 -47.070141 -12.375070   21.389902  0.311903  2.852178       8.989839    674.020264 -107.004723  5.675302  1.433193  411.627228
432 -35.849979  -3.282401  344.415649  0.297885  5.058637       8.292588    445.109924 -152.058807  6.661899  1.214632  400.458130
433 -49.310940   5.302615    5.244586  0.320545  4.674588       6.440713    986.836365 -223.715866  5.566788  1.812838  392.830719
434 -46.319038 -15.324255   24.257490  0.331135  3.038051       8.550828    823.798279   -0.173528  6.026432  1.590937  313.538391
435 -47.321777  -6.335656    4.074316  0.339986  3.803266       8.605835    727.203491  174.469421  6.271460  1.325321  322.822296
436 -35.873135 -37.837292   20.277527  0.343639  4.611049       9.410596    865.534119  107.113998  5.118107  1.594389  278.593292
437 -48.755829 -18.244452   14.878187  0.257675  4.771558       8.945719    770.421143  -66.771873  7.474827  0.653354  286.719055
438 -33.678051  27.155636  342.429260  0.339068  4.010660       5.817117    723.238953 -178.021835  6.564257  1.385849  331.137756
439 -54.891335  -3.759795  355.787201  0.307062  4.805107       9.270340    838.582336  105.090286  6.713389  0.762547  398.919250
440 -41.060612  13.534716  343.195862  0.271302  3.037380       5.775164    835.986877 -177.328491  7.386891  1.632876  336.796814
441 -48.928444  -4.206698    4.341680  0.306464  3.724726       7.704495    944.691711  240.454117  5.864735  1.862843  365.909760
442 -45.690620  -2.198182    9.678730  0.310267  4.083813       8.147745    677.673035  116.930061  5.308435  1.140139  293.407623
443 -53.330379 -17.116966   15.350077  0.329644  4.110626       9.073758    962.841919 -162.689667  6.096329  1.152603  320.200012
444 -49.960968 -14.093530    5.850194  0.348658  1.245985       9.824943    950.408447 -165.086563  5.854886  1.334770  291.572754
445 -46.963139  15.519009  340.426910  0.342625  2.802498       9.682221    591.322388 -145.575424  7.095164  1.042639  414.205231
446 -55.506828  -8.530750   13.891845  0.345822  4.022630       6.455146    937.712219  -20.487606  6.035045  0.204622  288.383972
447 -45.003952  15.668027  350.219818  0.268190  3.895098       7.514558    825.927246   32.917477  6.307404  1.373660  269.705444
448 -41.859180 -19.668236    5.051234  0.343201  3.894096       9.473165    548.782715  -79.201927  5.780666  0.923927  283.969208
449 -51.760593  -8.478616   12.382178  0.315137  5.104217       9.073294    776.662842 -127.254913  5.868693  0.772479  371.343750
450 -52.568382  -2.493110  351.978333  0.345838  2.737557       9.020601    717.327087 -140.709305  5.148194  0.413656  381.515381
451 -51.729393  22.961348  344.717072  0.291268  5.341277       8.339802    956.958923 -227.938141  5.453007  0.959544  419.464935
452 -38.150406  -2.266861  348.828339  0.298551  4.294668       8.212786    533.552002  166.617188  5.621811  1.774023  325.130829
453 -50.398979  16.486521  355.719238  0.247819  5.815190       9.664755    902.369873 -119.020584  5.672082  1.629314  282.542969
454 -47.399319  18.978355  345.985809  0.329452  2.458934       7.057487    848.830444 -222.357178  6.033466  0.727849  400.105133
455 -42.824104 -24.733854   44.251259  0.317411  5.461122       6.185189    910.110535   62.415409  5.923690  1.751620  325.194336
456 -47.564537 -16.753008    4.153236  0.344215  3.342864       9.032765    840.940063 -230.091934  5.757297  1.931155  385.953278
457 -36.488605   9.857378  342.336792  0.302036  5.789316       7.272167    570.561584  155.318207  5.891242  0.989982  328.341034
458 -55.422859   3.721057  357.215881  0.315029  2.391313       9.268752    816.344604 -228.973389  5.682096  0.258529  447.032867
459 -52.450939  14.139053  346.986298  0.314801  1.074281       9.346270    885.949585  -42.352272  6.451008  1.032232  433.942200
460 -48.090065  -8.619262    1.949989  0.337529  3.449743       7.901678    844.764282 -114.730934  6.995219  1.694297  412.890808
461 -42.146252   3.911617    0.036030  0.310559  4.569286       9.559550    620.335205 -170.255524  8.355392  1.709838  331.185181
462 -50.578568  13.431586    1.823880  0.339061  3.553064       7.605536    975.587830  -72.537041  6.010023  1.485217  375.662964
463 -39.313396  25.353750  334.397125  0.322456  3.714092       7.380974    779.682678 -118.726875  5.548090  1.457753  314.985077
464 -44.669418  -1.807218    0.791218  0.253814  5.324624       9.961613    507.516541 -120.369202  6.913868  1.620940  413.170715
465 -48.195354  16.608688  349.316254  0.300192  1.940700       9.221317    661.151001 -164.929718  6.541436  0.200062  321.120361
466 -42.596088 -19.141855    7.864331  0.344627  4.373802       9.146327    645.180420 -222.703644  5.692925  0.650512  297.120117
467 -36.396301  14.376061  341.478058  0.342820  5.741916       7.876562    597.378906 -163.454239  5.838067  0.885715  335.434540
468 -32.640583 -10.583895   14.712856  0.328818  3.656969       8.776638    517.459045  147.490570  6.498770  1.372932  260.875366
469 -43.841110   2.008319  356.891235  0.340006  3.790437       7.255846    848.886780 -190.229950  6.069338  1.939690  268.348297
470 -40.372055 -15.572381    0.884218  0.349255  2.873735       8.930526    536.728699 -241.923889  8.312334  1.444741  367.800293
471 -53.975422 -15.703053   11.929560  0.345668  3.611188       7.872347    963.398682   58.721939  5.986434  0.826280  376.209900
472 -48.446869  -6.866513    5.431455  0.345564  1.900314       8.599865    685.700562   46.300419  8.125329  1.045025  439.001831
473 -45.436069  17.390753  345.701752  0.315088  5.241548       6.582794    754.936096  -64.379639  5.016984  0.426843  426.555267
474 -45.038136 -28.065693   24.380987  0.276801  3.154144       9.493219    786.128052   82.773575  7.438029  0.614102  251.048355
475 -45.746571 -18.447226   31.815245  0.321669  5.372087       7.531213    826.327759  -41.310074  5.642035  1.977149  408.452972
476 -35.318993 -35.107365   21.054808  0.313136  5.586876       9.237154    573.635132  -51.626492  5.692894  1.066132  418.513153
477 -48.659435 -12.359735   17.272526  0.344850  5.018222       9.380327    666.031128   90.206619  6.617838  0.752456  278.016083
478 -39.127506  38.620537  328.916138  0.330457  4.541465       8.967789    890.963257   95.429062  5.038793  1.129021  338.164673
479 -37.973923 -26.655006   34.407166  0.321501  3.803997       8.967492    810.711670 -181.407181  5.833729  1.605780  261.471710
480 -48.597340 -10.088035    6.270175  0.313955  4.377243       9.638245    677.881104  -24.406561  5.438865  0.422946  316.610779
481 -48.145893   9.695147  357.848511  0.338582  3.522932       7.165255    923.327148  -34.864601  7.288100  0.915238  330.206055
482 -48.789505   5.282663   13.369270  0.342888  3.925689       6.778976    786.956299 -194.180954  5.689299  1.658816  414.826294
483 -32.888535  -4.320828    8.295408  0.333787  5.523374       9.798219    430.935730  107.635452  6.672705  1.290660  309.098877
484 -35.983501 -33.142216   38.288891  0.254578  5.146366       9.932640    574.742004  -61.005661  6.480647  0.582401  336.288544
485 -36.299431  29.167360  337.365997  0.343056  5.285272       8.018251    704.973083  -59.458500  7.301569  1.668979  284.712982
486 -39.145317  24.620743  330.964081  0.344041  3.765480       6.479763    709.736267  -47.675987  7.907644  0.879238  351.731750
487 -44.370796  20.752296  340.133057  0.332605  3.648309       9.988051    609.017639  -88.314903  5.736751  1.927962  418.749359
488 -53.769218  -8.828582    8.086867  0.343955  5.875628       7.505549    954.310730 -157.886795  7.055838  0.454609  334.446625
489 -49.476357 -11.248085    3.556110  0.280217  5.207510       8.099569    771.043762  190.492950  7.173197  0.952042  342.813873
490 -41.752239  22.041834  344.600189  0.342664  5.628032       5.763254    863.393738 -185.806793  7.742547  1.164011  438.744690
491 -52.776299   6.680217    3.817380  0.327492  3.968409       9.500511    808.773254  101.324974  5.437518  1.635117  404.435852
492 -36.672989  -8.379453  359.727142  0.311744  3.001310       7.054178    563.689026 -133.958496  5.863988  1.055820  352.283386
493 -55.293446  -9.733874    3.377299  0.318572  4.569812       9.143483    857.781006  -52.642952  5.276351  0.700211  418.140350
494 -36.879227   2.379799    2.167903  0.296038  4.784307       5.775443    746.489014 -184.055069  6.169091  1.932275  330.421112
495 -49.232677 -14.932388    2.254586  0.279555  4.514817       9.549570    887.383118   12.945528  6.396376  1.338035  262.761597
496 -34.187241 -11.921169    8.032460  0.304506  3.830487       9.454532    467.279449 -196.187943  7.415786  0.849586  257.387146
497 -46.016178  16.149055    0.932697  0.348412  4.559014       9.064233    638.366638 -170.297745  5.639788  0.473484  395.796661
498 -49.677425  -9.599028  351.718719  0.315555  5.564949       5.613892    806.305725  -80.893700  7.112696  0.451942  350.613892
499 -32.163963 -29.994293   36.348026  0.324365  1.210614       8.719884    613.122681 -220.045135  5.904088  1.457238  322.405670
500 -30.177713 -16.653719    5.135448  0.335621  4.181171       7.401394    456.068665  -38.007755  7.811658  0.777629  445.518433
501 -38.975506   5.401847  331.646973  0.299140  5.296103       8.918812    480.233704 -129.532944  5.532644  1.082662  255.390427
502 -47.048340  27.380297  329.379700  0.342908  4.660094       9.134673    984.278259   37.449871  6.278043  1.321054  259.485931
503 -44.252048   5.224673  356.362732  0.319133  5.345175       5.945439    947.701477   27.638187  7.016914  1.398967  297.869354
504 -53.785343   3.148594  356.178253  0.341434  2.935831       9.788955    891.333191 -239.382477  7.123596  0.992938  345.590179
505 -51.549217 -17.053467   21.039694  0.349272  3.460754       8.635573    979.103210  -66.323631  5.727885  1.419646  335.448730
506 -45.165752   8.299260    0.863099  0.291738  4.135547       9.275474    546.038330 -113.428558  5.901235  0.306480  286.658447
507 -48.789639  -7.641466    9.040226  0.343021  4.715000       7.946803    812.210327 -101.087776  5.810228  0.990633  365.319244
508 -54.094006  10.688638  339.560974  0.312154  5.301295       8.666922    791.393860 -172.765915  8.744663  0.359159  341.413818
509 -40.720470  24.602596  334.308685  0.307680  2.713305       8.104048    747.707886 -193.504715  7.893868  1.559266  292.320801
510 -47.042656 -17.625893    1.456090  0.323043  4.166362       9.144091    838.362671 -123.784500  5.195714  1.226773  279.278809
511 -48.925457  -6.359976  345.161346  0.341969  4.289224       6.842713    992.598694  -95.074898  5.507580  1.867122  343.678772