           lon        lat         inc      D1AU     delta  launch radius  launch speed    t factor      B1AU     gamma         vsw
0   -48.360897  13.515698  328.514648  0.348077  3.875829       9.401675    620.230103  -58.619202  5.834668  0.942703  407.800293
1   -34.333939 -29.568441   10.417027  0.341518  5.062133       6.883959    573.053040  -67.011635  5.469870  1.106826  413.525574
2   -39.898975 -13.225571    3.483231  0.346410  5.918486       9.056808    552.076843 -143.462433  6.638471  0.613694  397.422333
3   -19.643299  -6.226962    5.850000  0.325715  2.657394       6.222621    543.221130 -212.443329  5.087530  1.657352  258.794434
4   -49.178890  -0.192873    8.562171  0.308992  1.880221       8.856167    923.131287   27.066782  6.153304  1.756015  298.501953
5   -32.260540  15.543759  342.284058  0.317780  1.818468       7.014515    585.982422 -178.123825  7.536782  1.076729  256.218964
6   -51.976021  10.460286  350.829132  0.295877  4.394202       7.006448    994.442505 -186.686493  5.749362  1.244538  392.541290
7   -44.947838  -7.928636    2.688701  0.337059  4.617562       8.366683    792.362793   27.816164  5.783963  1.298224  326.005951
8   -45.349152   1.253210  349.491486  0.333227  3.337421       8.450210    826.371826   41.906181  6.414381  1.487208  282.570038
9   -49.043732  -9.784164    5.014763  0.341637  2.512105       7.694889    971.517639   -9.843192  5.502648  1.345776  406.004242
10  -51.556820  -4.458289  353.496155  0.320400  4.858698       8.576914    759.706848  -36.505348  6.425013  1.039503  385.741516
11  -36.479465  10.020152  350.569305  0.341287  4.478583       7.534855    587.930054 -227.664734  7.050291  1.001468  280.597870
12  -55.661686 -12.968809   16.684675  0.314275  5.228963       9.795217    968.652100  -99.626442  5.479176  0.816766  285.977631
13  -56.561523  14.816787  352.148926  0.304628  3.070689       9.247933    869.649414 -185.613159  6.949323  0.226541  400.518402
14  -54.434635   2.084389    9.409916  0.285657  4.681017       8.192690    957.172852  -35.777752  6.607624  0.781321  289.754181
15  -39.526062   5.481949  350.211670  0.339766  1.480540       9.110244    508.158173 -226.261826  5.850868  1.404980  316.495544
16  -44.752537   2.592381    3.944664  0.334315  1.994329       8.333092    630.228638   31.632839  5.576129  0.904665  283.806335
17  -47.113857  17.174938  336.221252  0.349497  4.240436       9.938917    616.511169 -208.195526  6.413853  1.655935  413.813568
18  -41.482624   6.385746  347.257446  0.346051  3.210894       5.813175    852.901062   73.823151  6.466653  1.794584  358.300171
19  -39.502804   7.947886  350.367096  0.317826  1.606052       7.132353    696.886902 -238.967911  7.704456  1.440067  311.984558
20  -46.066837 -17.580992    2.553456  0.295477  4.707721       8.389668    856.970947 -207.424744  6.513805  1.870509  292.877808
21  -47.855152  18.000448  354.901611  0.268884  3.326368       8.484144    944.756104   13.142784  7.498874  1.768692  312.360413
22  -39.579800  17.518751  337.114410  0.341733  2.952928       9.439051    523.970520 -186.318939  6.145683  1.800583  323.889160
23  -43.093254 -21.294254   39.384289  0.337712  5.982343       5.766619    941.646240  -79.014977  7.395562  1.154793  305.471436
24  -44.682129 -25.582752   25.702297  0.294751  3.087182       5.740766    888.564087  232.220673  6.923095  0.569106  318.970764
25  -47.457184  -4.440141  355.368744  0.341133  3.007621       8.372166    701.257446 -126.899284  6.119130  1.580841  359.115631
26  -29.570736  20.219551  337.553864  0.309612  5.985442       8.451358    496.248322  -20.809219  5.017946  1.238097  297.233826
27  -29.629711 -36.701553   37.150799  0.341873  4.162913       7.683859    739.746948   64.399048  5.412327  1.476390  357.556061
28  -38.999573  11.255158  350.370483  0.333109  1.658443       6.205486    853.624390  -88.032906  5.563264  1.554836  272.867737
29  -42.361645   5.763040  348.771545  0.324280  5.563786       5.760429    799.531311  -51.199142  6.019871  1.225750  334.631317
30  -43.033218  13.489561  356.472595  0.300237  4.019052       7.552433    775.971619  -90.791901  6.300391  1.435722  277.165771
31  -40.536392  -0.304701  359.235901  0.345718  3.451656       5.889363    696.516418  -50.431572  8.026406  0.763842  279.703827
32  -51.430183   1.270823   20.586653  0.342824  5.493432       8.120253    962.609802 -183.590805  5.005250  1.457676  292.205475
33  -43.322868 -29.037365    8.670149  0.329424  5.339652       7.869749    901.562378 -196.475693  6.710824  1.568210  340.860199
34  -41.898205  -2.295629   25.837204  0.332993  4.082170       9.889827    461.389496    3.847204  6.692991  1.368026  302.946228
35  -47.222237 -14.962945    3.467291  0.331360  3.191070       9.819036    652.144531   34.040756  7.577918  1.222405  357.746948
36  -41.628174   9.925818  359.194000  0.343499  5.105803       9.146134    529.127075  -48.050503  7.255072  0.480011  292.550415
37  -43.835587  -6.824697  351.695831  0.346376  4.397242       8.144559    575.371704  -86.978699  6.391510  0.800896  376.527771
38  -39.219990   5.067772    2.059462  0.321575  2.652364       8.958540    481.282318  -73.955910  7.955564  1.224252  361.823486
39  -43.423569  24.168819  342.902435  0.307076  5.957249       7.630199    949.942078 -245.669983  5.533712  1.815261  377.378387
40  -48.404850 -19.309687   17.433407  0.323620  1.186637       7.794095    750.991821   13.345969  5.218094  0.399588  406.100342
41  -43.027107   5.339239  350.959076  0.305059  2.201239       8.497230    572.459839 -189.108231  6.480846  0.346539  375.356171
42  -49.480015 -11.302773    2.535986  0.333151  4.015033       9.028541    784.291321 -187.331772  5.179497  1.729489  417.829712
43  -45.889694   6.096983  346.306793  0.319771  5.868612       6.728732    840.991516 -222.940506  7.336605  0.829765  280.958282
44  -44.832287 -29.972748   15.626316  0.322504  4.543408       7.654078    814.670532 -133.382416  6.089809  0.898186  412.146973
45  -46.344563 -12.783450   15.830307  0.340557  4.478959       9.590111    622.401550  -65.103912  5.504656  0.494413  276.884125
46  -41.832024 -28.370888   24.728857  0.347544  3.095164       6.499250    821.912415 -184.960846  8.854978  0.507709  406.464996
47  -47.562805 -19.709356   17.266266  0.342737  3.885854       9.675289    673.403931 -212.276031  8.191647  1.086035  419.805298
48  -41.880466  -2.297452  353.744019  0.290390  4.171790       9.218641    548.158997 -189.668060  8.592707  1.302429  295.477417
49  -49.123779   1.048979    1.420467  0.314819  2.293362       7.320031    857.691956   32.049461  7.185688  1.053560  314.115448
50  -52.241001   7.418609  351.883270  0.326104  1.847359       9.331720    949.753174 -116.880272  7.104209  1.921150  338.600342
51  -44.397369 -32.366108   19.319172  0.344945  2.414954       6.948443    931.335632  -17.416748  6.141383  0.630861  364.451416
52  -45.734829  11.212679  352.698517  0.263180  5.045773       6.713028    996.298096 -144.739166  6.525362  1.720604  277.955902
53  -46.587727  17.625179  346.964539  0.344225  4.916672       7.723408    881.615234   13.644566  5.979080  1.661858  416.838715
54  -40.756096   8.039292  347.127655  0.328366  2.827388       9.680331    542.283997 -144.431198  7.049001  1.124040  315.439545
55  -36.831825 -38.605690   47.803017  0.344712  3.213792       9.145205    836.346436  105.948471  5.444117  0.996546  261.497894
56  -52.099567 -21.756828    9.811473  0.328969  3.446957       7.639933    929.111084 -111.818115  5.478697  0.389246  270.329987
57  -47.841557 -21.174450  358.831146  0.346902  5.805985       7.252890    848.304993 -216.426437  5.804118  1.810334  376.897461
58  -42.224678  -8.157443    8.122568  0.311769  2.262763       7.142241    814.707031   10.073496  6.425109  1.312859  293.891327
59  -48.513142 -16.303291   15.125350  0.347728  5.589563       8.466045    749.961121  -81.953384  8.502377  0.389156  323.503082
60  -43.196457 -24.250931   17.169283  0.348138  3.247625       5.780740    831.868713 -122.215813  5.749942  1.102680  415.879883
61  -49.283680  -7.919294    6.570998  0.303272  2.277991       8.117105    785.618103  -20.416674  5.910834  0.963584  419.552460
62  -49.814999  23.089167    3.378936  0.317147  5.664393       7.036528    910.039612 -234.885162  5.200885  1.872655  437.480957
63  -37.637009   5.303600    0.346076  0.321141  3.970678       3.891796    796.338928   89.629410  5.612177  1.358840  366.515015
64  -33.996689 -17.446457   11.600153  0.341438  4.557823       6.178021    863.870117 -177.502686  6.901448  1.760732  256.104462
65  -49.981537  -3.808880   13.607777  0.338148  4.375504       9.550800    703.189941  182.291046  5.504740  0.707033  436.470886
66  -27.851280   9.157721  344.489746  0.325836  4.950679       8.026796    465.809509 -230.322571  6.203721  1.392461  268.152893
67  -48.924812  13.099510  338.226990  0.343548  4.036844       7.955928    879.476196  -25.437834  7.518382  1.543398  361.230530
68  -44.481434 -22.443655   15.087490  0.322630  5.101079       6.894076    868.447876   36.700542  5.679082  1.530338  422.765289
69  -44.854042   9.564113  358.172089  0.300055  2.043009       8.561011    742.940369 -245.462006  5.631597  1.555347  270.828156
70  -35.725662 -26.411850   15.435550  0.304212  5.406699       6.803956    654.706848 -112.970528  5.243520  1.104555  365.728333
71  -49.907227   6.172952  355.368774  0.346757  4.476230       5.269555    957.088074  168.309158  7.673268  1.101091  420.353607
72  -40.807240 -19.039232   33.304531  0.322307  4.038347       8.451487    625.005310 -151.079254  5.308513  0.729499  306.146698
73  -47.846802   5.867016  338.659760  0.349001  4.286863       8.053692    800.747131 -226.350891  5.386674  1.489183  298.238739
74  -50.155941  -1.705724    0.876708  0.293914  5.696470       8.444366    851.964600 -106.258720  6.323774  1.053797  350.517151
75  -47.569771 -16.221657    7.515491  0.332707  5.181294       7.663630    743.602295 -195.864990  6.895727  0.462926  355.480591
76  -45.228256  -0.361375  358.662994  0.331072  3.927670       7.473957    838.608032 -151.245911  6.942996  1.832803  281.145386
77  -51.288601 -28.575111   13.675767  0.317482  4.894994       9.514707    882.655212   85.010574  5.171081  0.544327  287.083069
78  -44.682606  12.849246  340.409485  0.328426  3.488046       8.994771    807.386780  234.095535  5.764430  1.849684  318.235840
79  -39.400059  -2.256897    0.785078  0.330762  2.996674       4.326516    810.662476  -17.374910  6.047139  1.606336  385.384033
80  -52.223663  -7.200906    9.203144  0.248918  3.586698       8.477960    778.661987  238.034180  5.257628  0.421489  276.587280
81  -54.942181  -1.031986  355.402710  0.311750  4.898513       8.114009    939.655457  239.416275  7.435653  0.807962  387.514069
82  -50.425484 -16.646770   12.483440  0.306436  2.598652       9.110130    795.655396 -172.379974  5.821326  0.620194  273.123413
83  -43.917603   2.113617    4.205725  0.305192  3.425777       4.741302    901.346252 -157.856506  9.614097  1.186847  352.100952
84  -49.645832   1.602828  347.001892  0.323358  4.642595       8.355924    921.083496 -150.143936  5.400249  1.376449  267.062775
85  -42.927101  -6.459950    3.112740  0.322040  1.819869       8.547797    906.781006 -213.500687  9.444971  1.910346  270.612061
86  -35.285820 -16.603983   26.468966  0.298752  2.340726       8.079833    520.213989 -171.918259  5.028404  0.437073  377.551819
87  -47.894630  -9.183208   17.228176  0.308099  5.065755       8.414642    790.477844 -140.543747  6.982418  0.855118  293.925201
88  -47.910770 -15.867240   15.264482  0.294774  4.586947       8.608083    768.303772 -185.140076  6.462427  0.475858  270.167694
89  -40.530048  -8.304058   12.647090  0.305306  3.442857       7.918608    559.678772   79.011322  6.256852  0.413022  370.576477
90  -42.080788   6.223316  357.207214  0.314340  1.982418       7.335573    641.107788   41.492252  7.189506  0.992983  421.847015
91  -53.099834  -2.390357    8.202404  0.318448  4.050867       9.998221    961.874207 -126.426277  7.083109  1.526376  347.414978
92  -34.337791 -14.640487   10.357899  0.278920  5.964742       6.738006    661.189941 -236.559326  6.578327  1.860715  301.664612
93  -35.019791 -24.307819   20.813051  0.347957  2.389939       6.802629    663.753906 -111.223320  8.183636  0.719741  318.349823
94  -37.525879  -6.665817  357.931610  0.303325  2.331839       3.132793    942.499329 -177.671143  7.128351  1.267637  277.050629
95  -32.002110 -12.329177   12.656242  0.334939  2.958093       6.364766    628.277832  157.927658  6.501580  1.312937  309.406555
96  -52.166817 -12.309217    7.087350  0.299841  2.701946       8.889795    882.339294 -172.761703  5.277428  1.423711  427.770782
97  -50.441280   2.201673    5.270189  0.298876  4.655329       9.052768    876.497437  172.308655  6.013839  1.391188  263.668243
98  -49.279099  -4.908104    5.257085  0.326440  5.594026       7.968185    900.816589    9.885552  5.344943  1.760418  422.443787
99  -45.749977 -20.325848    9.448715  0.314014  4.233847       7.779591    950.391479  -31.267982  5.877776  1.809328  306.313660
100 -47.567139  -5.229212    2.637455  0.332467  4.464499       7.144989    851.207642  -20.420641  6.986879  1.204413  377.648926
101 -53.862186  -9.893008  358.385956  0.341574  5.614084       9.654700    872.185730  106.228775  6.799890  0.915116  393.994568
102 -53.741112   2.704361    6.508558  0.284146  3.223361       9.952596    716.785278 -197.045792  6.680146  0.277330  309.713745
103 -50.662674   4.180117    1.127870  0.274772  5.606276       9.924282    817.647888  -58.446564  5.381995  1.997217  320.744202
104 -53.889862   4.609365    4.847353  0.307191  5.707709       6.796508    987.826538 -129.328262  5.030075  0.602937  333.093384
105 -53.089550   6.391302  352.459076  0.348922  4.502333       7.419870    833.521729  152.980545  7.101905  0.290217  348.743500
106 -44.106266 -28.563007    3.039325  0.323058  5.728363       8.741572    794.438293 -156.948303  6.162287  1.914969  329.298065
107 -51.259953  -4.762384    9.145164  0.338702  3.922077       9.945528    710.029541   78.106552  6.877533  1.602676  372.677673
108 -45.755409  -8.060931    3.091340  0.320412  4.524393       8.246911    707.224243  -75.608269  5.859127  1.470672  404.133423
109 -49.099331   6.757076  350.770111  0.337086  2.779929       8.233853    880.056824 -247.433670  9.125137  1.206525  265.747986
110 -37.285110 -13.448694   18.306456  0.320782  2.655740       8.817682    503.993042  -92.549706  5.597561  1.126854  413.891022
111 -45.370594   5.772830  351.990631  0.321034  1.316991       5.063201    889.684021 -162.478287  6.574778  0.890912  327.748474
112 -42.499496  17.021111  345.832489  0.274601  5.205054       9.004695    739.501099 -137.738831  6.262289  1.403906  272.027527
113 -49.722061  11.813880  358.030396  0.344961  3.852013       8.028486    986.902039 -241.048782  8.015283  1.107782  294.466553
114 -40.934273 -20.940056    5.668381  0.324824  3.284711       7.201868    739.234924 -236.631210  6.650135  1.347623  294.851410
115 -33.683456 -10.652886   15.668831  0.328659  3.602895       3.973547    807.219116 -179.500809  8.177734  1.281425  316.004456
116 -52.183788  -3.682922   14.955285  0.294493  4.758562       8.363881    943.178406  211.154541  7.001396  1.218527  256.799164
117 -49.278297   0.006415  352.003265  0.336116  4.571022       5.911862    981.476929 -109.370140  5.538093  1.074588  294.376862
118 -44.456825 -23.328630    8.327723  0.337782  3.228795       9.410015    718.283508 -119.973183  5.844243  1.354376  363.389801
119 -39.879066 -17.041887   17.164309  0.345841  3.547427       7.309692    720.042542  -22.494577  6.522970  1.220273  378.787872
120 -47.388969  -1.790895    0.690578  0.323958  4.929919       7.053645    947.314514   64.626770  5.394401  1.429181  337.021606
121 -31.739574  -5.690602  351.081085  0.325602  2.781895       5.991716    601.441223 -220.628922  7.104498  1.433294  289.600006
122 -40.663307   8.330657  344.701874  0.333185  4.295374       8.565121    635.228699 -222.814316  7.314554  1.932875  287.154755
123 -36.293549  -7.525312   14.881454  0.334770  4.186438       7.455020    514.220093   68.889244  6.928342  0.498925  426.225769
124 -50.167381 -14.364614    8.987556  0.294212  5.630394       8.312590    751.906189  -77.538734  5.741928  0.515318  322.471741
125 -38.967136  -1.742627  353.879059  0.346085  2.352988       3.834404    839.900391   -5.214021  5.570267  1.562859  383.476837
126 -41.828987 -33.719185   16.770103  0.338728  4.737780       8.505096    882.353516  106.223572  6.879172  1.508988  380.268188
127 -38.961788  23.343473  338.589539  0.321268  4.673930       9.091818    566.311829   35.638897  6.191359  0.452157  356.251434
128 -42.714897  11.727237  333.003723  0.344031  3.936099       8.347021    799.706116 -169.012039  5.718057  1.666440  271.939026
129 -30.002119  24.399925  336.126251  0.326042  4.928538       6.547699    610.921631 -161.595688  6.486214  1.506350  371.574066
130 -47.769924  -2.350981   10.646461  0.316582  2.825701       8.318599    766.621338 -200.779587  7.820007  1.365154  312.278656
131 -41.501675  20.657793  316.230072  0.341389  4.391033       7.184123    629.608154 -192.838791  5.746806  0.973718  375.196503
132 -55.114792  -7.395024    2.490702  0.343404  3.826239       9.663918    762.834839 -207.278885  7.638211  0.466745  444.108398
133 -40.323132 -21.713160   26.508694  0.289723  5.997914       5.324190    880.875610  -79.222237  7.430542  1.434507  343.475708
134 -39.087864 -29.951277   27.228987  0.325730  3.974193       9.138403    629.768005  -92.950844  6.204852  0.482810  260.389557
135 -49.796970 -13.034479    4.091655  0.326465  3.687727       8.669755    913.287903 -160.817520  7.384123  1.359530  290.678772
136 -50.312740  -8.519762  356.949036  0.329255  5.658895       9.803044    927.544067  -36.945690  7.796926  1.685954  344.015045
137 -48.600697   0.566712    1.097917  0.304468  5.698064       9.466970    739.737305   54.484169  7.195682  1.526941  412.430084
138 -44.438698 -11.006396   13.666754  0.306294  1.733439       6.968676    667.898376   52.560417  6.541479  0.335828  278.698975
139 -51.329708  11.913091  349.963287  0.295155  4.550554       7.376146    926.905029 -158.051132  6.333964  0.972379  342.582947
140 -44.963615  -3.650138  359.895081  0.336216  3.328290       6.615664    762.398560  -73.044357  5.358072  1.450007  396.211334
141 -50.500736  -7.871227   19.004749  0.349983  5.515771       9.934367    888.494385  -78.652328  5.553630  1.801312  356.998322
142 -42.788567 -28.977537   31.362234  0.321146  5.522568       8.404629    910.183533 -125.034439  5.109189  1.837319  394.196381
143 -33.983727  -6.822881  359.956604  0.303107  4.173869       4.910169    758.467712 -109.879799  5.799277  1.881216  318.904419
144 -38.594677  -6.197877    9.738924  0.346163  3.787503       6.953206    574.413086   11.554303  5.495447  0.415954  359.382111
145 -36.070736  23.020060  318.905426  0.337506  5.470734       7.778872    646.604492 -129.371628  5.733373  0.977600  352.854797
146 -40.843861  12.470586  333.587555  0.343710  3.865357       9.076515    533.829590 -130.203354  6.662293  0.645825  310.178162
147 -41.185486   0.167872  359.173462  0.331665  2.765996       8.734974    681.617981 -127.625000  6.930912  1.235427  290.103577
148 -42.253838  25.936207  332.560547  0.307317  2.950861       8.662701    729.057495 -106.739929  7.164871  0.908160  252.534683
149 -47.262764   0.853550    1.891220  0.299280  3.760003       7.493042    797.958679  204.645187  8.062079  1.281819  361.096558
150 -44.352173  -6.760910  357.308807  0.320340  4.047886       4.621624    805.528381 -172.878372  5.838639  0.769471  359.849152
151 -40.563705 -32.338844   16.590305  0.320505  4.424735       5.058949    964.378052 -151.492188  6.131716  1.395820  423.122589
152 -55.125381  14.837411    6.473864  0.304152  5.163573       9.708970    893.173523  245.089569  7.821427  1.005771  334.515747
153 -45.123837   5.488491  341.453308  0.349653  4.638386       5.429257    818.248779 -245.581787  5.206668  0.792513  278.769745
154 -49.461617 -18.249262   15.864964  0.315277  1.730074       8.323149    838.306641   79.815117  6.327234  0.431945  282.670929
155 -42.835487 -18.027563    6.886609  0.340898  4.753922       6.107058    984.695679  -47.652733  6.872628  1.473002  266.234131
156 -50.907043   6.850039  352.883972  0.344787  3.867393       9.129625    978.442261   90.977318  5.613842  1.522252  357.713104
157 -48.156326  -0.968509   15.843612  0.295709  4.581824       9.962883    608.879883  -52.307014  7.020825  1.257576  292.316925
158 -48.759365   2.612132    4.748073  0.313522  5.047099       5.675184    958.252808 -208.632721  6.529982  0.662075  270.196716
159 -29.452082 -15.780707    2.152742  0.319941  5.979851       6.076189    573.682068 -193.351440  6.455741  1.458930  322.070618
160 -50.123089  -4.793898    9.042182  0.348239  2.844374       6.527925    906.091675 -155.365829  6.396864  0.570687  308.369904
161 -41.582996 -35.478146   18.333616  0.321557  5.000313       9.893195    734.749084 -178.861786  7.396677  1.033083  379.215851
162 -43.701523  15.462431  339.093903  0.325538  5.639886       5.691048    870.606934 -133.746063  6.840825  0.709335  287.088226
163 -31.696194 -25.350218   29.725857  0.286523  3.520257       9.145048    553.165955   84.130768  5.893414  1.539084  272.676636
164 -58.183727   4.886969    2.701384  0.317050  4.964974       9.972894    938.115295   52.669529  6.502248  0.376953  347.482727
165 -32.924545  -6.764438    1.488723  0.293659  4.313885       5.542436    667.269836 -165.544815  7.093715  1.691882  296.678040
166 -32.590359  -3.547601    6.772809  0.344677  5.276779       4.715247    612.511719 -122.277145  5.712640  1.541251  447.207825
167 -53.420494 -21.946678  358.787018  0.296935  5.895823       8.840926    925.220276  136.249908  6.220470  1.379900  446.746796
168 -37.866592  12.487371  344.733063  0.337643  4.486181       5.533217    805.947205  -18.984421  7.718106  1.152678  268.443481
169 -49.345528   8.470274  355.714325  0.302732  3.959920       7.339779    823.665161 -211.758728  6.894187  1.542577  416.258392
170 -48.739143 -15.049586    9.133375  0.313318  4.601800       5.029281    995.293945   92.614319  7.023212  0.698537  333.123077
171 -44.169899 -19.715416   22.708168  0.282974  5.410905       7.667567    701.263916   69.105621  6.639055  1.039726  393.294647
172 -50.795841  -7.702075    2.391432  0.320066  1.540511       9.984412    761.429077 -115.292152  7.727919  1.864344  434.810089
173 -46.842949  -9.015072   13.006530  0.281705  3.284030       9.081599    641.906738  -64.695740  7.462575  1.222658  405.810028
174 -45.831844  13.241212  353.391632  0.327786  3.200600       9.576655    627.670410 -191.017868  5.599334  0.390421  443.034302
175 -48.870972 -14.695085    3.089635  0.344430  4.711727       9.318454    696.571350 -117.711639  6.697802  0.468571  404.635803
176 -51.768505   0.260372  346.586945  0.314969  5.024255       7.990481    871.648743 -211.041595  5.480538  1.057451  353.916748
177 -48.416557  -7.536709  359.554504  0.314876  3.126754       7.872839    792.505188 -117.316933  8.568057  1.882897  422.971649
178 -48.179417  10.032157    7.523358  0.323313  4.181613       9.570416    664.007202 -138.831421  5.566878  0.714525  251.144333
179 -40.352188 -19.609932   19.678143  0.307325  3.617256       8.188602    568.186035 -174.092117  7.047465  0.679223  431.197723
180 -43.748165 -30.428738   21.902819  0.308494  4.870222       9.542281    930.712097   19.175949  5.806186  1.350842  257.305695
181 -47.044678   2.901259    3.216480  0.326471  5.097281       5.976875    920.656372 -245.995499  5.796085  0.949965  273.218384
182 -51.058796   0.321260    5.436600  0.312216  5.104873       8.455033    877.940796 -182.072998  6.655501  0.831668  253.835556
183 -46.580685  -0.791875  358.680695  0.326624  5.468276       6.494487    733.055786  -27.833935  6.351419  0.861735  376.773468
184 -46.143509 -15.124588    0.883672  0.331027  5.720551       7.586527    842.213074  -72.883308  6.807146  1.878218  413.784668
185 -41.346809  -8.011401  350.503906  0.343902  4.739148       5.934946    854.451904  -56.587471  7.906110  1.587744  253.538528
186 -53.859428 -18.105114   15.612203  0.287600  3.102381       8.411740    837.230347  122.059341  8.149364  0.235589  364.165375
187 -36.941341  22.470970  344.776703  0.291595  5.362418       8.039126    553.385376  115.042664  7.413517  0.315219  286.597778
188 -51.654308 -12.688097    5.927229  0.327802  5.808340       9.589126    966.297302 -147.077393  5.314556  1.156995  292.352020
189 -27.153700 -28.861721   16.433094  0.342432  5.170983       6.646071    524.502014 -178.529434  6.140032  0.897913  374.027771
190 -41.268051  13.924139  337.655518  0.326837  3.099332       7.508441    672.710571 -180.962570  7.796978  1.908890  358.358124
191 -33.160503 -23.914494   24.056948  0.347901  3.499438       8.588289    613.683167 -171.898987  7.012739  1.253870  274.339600
192 -50.664085  -9.478493    7.199737  0.337133  3.918499       8.998492    891.546265  -29.573177  6.592040  1.415966  355.421539
193 -43.157906 -18.077072   12.541999  0.341701  3.042863       9.712464    724.399536 -137.217010  6.572034  1.804386  338.523651
194 -47.629543 -21.210911    4.561496  0.345706  3.074754       7.432439    907.716675 -196.062576  6.335115  1.420009  384.910614
195 -52.684078   5.882419    9.843379  0.328182  4.098449       8.590569    872.674500 -153.106735  7.483325  0.831953  314.240326
196 -50.418056 -16.132015  356.671051  0.348075  3.893698       8.623417    824.608032 -146.772049  6.481337  1.075274  394.402008
197 -55.114292   6.644341    0.553061  0.299373  5.658628       9.960891    788.757263 -167.805710  6.428559  0.388307  376.645416
198 -36.418709  -7.227199  354.982635  0.295371  5.473129       8.817568    445.210052  228.040695  5.388284  1.206214  387.076660
199 -13.496961 -27.005327   34.730968  0.337220  5.986341       6.020851    510.178864 -214.308014  6.174621  0.398161  292.358765
200 -50.829182 -19.332262    3.865973  0.318611  4.536513       7.556062    992.005005 -101.900368  5.385292  1.615769  438.913574
201 -44.629601 -27.576485   14.437488  0.328609  4.434738       9.284646    829.695984  -41.352665  7.275742  1.078652  279.237122
202 -48.336010  -4.880628    9.105383  0.329084  5.146862       5.907415    960.413696 -103.628418  6.185032  1.033418  324.191193
203 -51.880459  10.831852  357.348358  0.338968  2.997748       8.521722    980.424438  -48.078426  7.101897  1.279794  344.323059
204 -44.344696  -2.000416    7.272063  0.289715  5.475897       9.892936    728.757019  -49.622112  6.431105  1.963238  286.706329
205 -47.524944  -6.415721    5.400524  0.262234  5.500009       7.938473    667.510254  169.426926  5.967103  1.074484  431.267303
206 -42.658466   3.906681   11.969368  0.343728  3.279441       5.588126    850.743286   60.154896  7.259735  1.097624  261.444458
207 -49.551819   3.241007  344.052582  0.343074  4.878853       7.348122    941.607788  -87.320038  6.693545  1.267098  360.704102
208 -52.054806 -24.418720   13.668014  0.290324  4.943524       8.549627    965.055054 -147.460388  7.021056  0.680726  309.404541
209 -47.075169   1.060990    8.474251  0.316121  3.965432       5.285884    769.092346 -236.696838  6.075636  0.542715  423.617218
210 -43.919968   2.531012    2.214867  0.339284  5.012477       6.030296    871.155945   64.093002  9.415318  1.906947  330.072479
211 -48.030266 -28.779646   20.375708  0.348987  3.917695       9.676113    775.443298  -18.831699  5.727849  0.552983  341.591003
212 -49.121376  -3.432025    2.995800  0.332332  5.007041       9.901875    678.955444 -246.982498  7.216477  0.705090  356.713745
213 -40.963219 -27.918379   20.254200  0.329310  5.038180       8.352756    637.725647  -12.198894  7.325989  0.323040  264.981995
214 -47.255219 -13.595812   14.275043  0.306029  1.497992       9.797449    750.803711  -57.213360  7.566434  1.143968  290.635956
215 -36.292912  -6.988933    5.979280  0.288249  2.024774       9.088394    466.164276 -132.091476  7.689824  1.251669  292.571411
216 -48.778954  -3.698680  348.246033  0.342606  5.890014       9.300140    668.740601  -79.694313  5.718963  0.868265  331.828094
217 -52.968254   2.330034    6.396903  0.338516  4.152980       9.035148    777.716919    1.975862  7.931048  0.376930  438.530151
218 -54.281631  11.296847    1.462851  0.306196  4.105907       9.604493    833.095398 -109.330658  6.937838  0.565370  279.802734
219 -41.903553 -20.486925   13.941261  0.307295  4.278049       7.679180    632.670349   -6.139183  5.045878  0.899216  421.613129
220 -45.587246  21.598907  328.090393  0.318748  3.577127       7.806359    885.520935 -200.917908  6.066262  1.844407  352.233154
221 -49.269932 -21.626270   12.855641  0.346104  4.749359       9.792992    909.992004  -16.177807  6.543440  1.084485  386.502014
222 -49.778965 -27.467627  359.529999  0.334600  5.150735       9.445036    862.603760 -162.114731  6.014806  1.303428  339.494019
223 -53.922901   6.976211    8.308747  0.328115  4.221205       9.380486    855.933411 -128.444016  5.556778  1.300686  362.263794
224 -55.678513   3.558114    0.668801  0.307281  3.450204       9.302439    969.929688  -27.048800  6.667890  0.543173  263.895020
225 -50.756226 -15.444708    0.054224  0.348968  3.256665       9.550669    885.479248  -58.891155  5.926209  0.819574  285.443604
226 -51.873253  -2.582438    0.835519  0.349231  1.177424       9.671618    949.764587 -101.104111  7.051894  1.078701  332.253571
227 -26.824768  33.681709  337.150177  0.343292  4.351592       5.456264    658.968384 -142.007034  7.124362  1.020879  362.001923
228 -49.064350  -6.619166   11.638582  0.313490  5.389725       9.902245    720.891724  -39.127819  6.873178  1.937013  408.755981
229 -50.220806  17.057472  359.106812  0.334321  4.579331       8.257655    863.710022 -160.502213  5.668906  0.738217  333.352875
230 -50.893978   7.694378  348.270935  0.321828  1.997689       8.002198    999.144958 -197.054962  5.297317  1.559654  400.036774
231 -45.408699  -6.061169    5.579304  0.310918  4.766366       9.822127    765.181335 -188.652908  7.345729  1.547011  291.877838
232 -43.910614 -11.891784  354.677094  0.349193  5.692801       9.712214    524.935059 -207.672974  5.120350  1.081882  280.077606
233 -48.888294   3.916226  349.683197  0.317747  3.075917       6.701050    967.546326   -8.626865  5.664247  1.499605  305.837769
234 -40.986507 -14.526702   16.923889  0.310914  2.572262       5.730249    865.620422 -221.056183  7.524975  1.639660  342.211395
235 -52.989777   7.588161  345.091888  0.318796  5.402147       8.749342    926.672546 -120.353157  7.079088  1.785619  396.240784
236 -48.836414  13.645226  347.765656  0.286966  5.073825       9.779510    779.654175 -223.800232  6.614924  1.186578  285.488312
237 -35.924091  -2.945692    7.894654  0.312013  3.225598       7.656798    548.796326 -192.169891  5.956059  1.347635  258.843018
238 -51.697536  -1.959304    1.991192  0.279797  2.877499       6.584574    829.088501 -221.491135  7.041131  0.531566  407.175385
239 -51.150982  -3.858731  355.155396  0.336027  4.746945       9.976729    801.733521 -235.762131  7.266767  1.239545  254.642044
240 -35.818798  -0.552993    9.135614  0.302482  3.012286       9.325425    480.479004  -79.084297  6.334510  1.844251  327.967041
241 -47.995682 -14.004911   11.845529  0.318909  1.383929       8.482971    790.851440 -206.198135  6.907707  0.682351  270.223267
242 -40.971050  12.379763  351.061890  0.326294  5.271963       5.213311    907.697571 -147.631866  5.443254  1.183680  294.804810
243 -34.939987 -24.954735   40.647243  0.345996  4.560026       8.546043    619.341614 -123.990982  6.017362  1.333291  386.314789
244 -34.508144 -32.697681   17.025156  0.336327  4.887849       9.246706    742.444397  105.254372  6.525946  1.705580  272.184113
245 -44.156570   7.149231  333.451935  0.347141  4.678771       8.222942    639.293091  -69.202187  6.465410  1.456368  311.620392
246 -44.874908   6.617015  356.902985  0.267612  3.842839       9.911314    629.346863  -50.461395  5.928310  1.699856  252.554123
247 -30.828344 -21.706755   21.194759  0.340579  5.223228       7.631793    525.282532  -39.642750  6.270989  1.139567  272.091400
248 -47.749397  15.710550  345.804932  0.330779  3.134386       9.309417    776.155273 -221.868927  5.887040  0.801345  290.766876
249 -45.318588 -18.549896   27.448677  0.346832  3.717152       6.377953    811.253052 -204.552887  6.923903  1.186805  407.891724
250 -41.762028 -19.000353   27.935463  0.348914  5.169300       5.055615    861.069397   10.918078  5.051892  0.655987  334.846710
251 -49.643467 -10.006158   10.048362  0.314032  4.109008       7.200190    842.639771 -245.748917  6.387209  1.774518  446.375854
252 -50.857231   7.360305    4.708581  0.302084  4.525849       9.691468    786.616882 -210.710449  6.584486  1.462764  367.687866
253 -47.965336 -17.133642    6.179606  0.315048  3.789842       7.910849    826.382935   42.169552  6.302001  0.869609  313.583221
254 -49.241825 -12.297879   13.024369  0.297364  3.090716       9.766643    909.330627 -215.728760  7.685566  1.352652  272.380859
255 -49.837330  -2.506305   17.899220  0.333346  5.770622       7.452713    834.570618  136.987839  5.693231  1.035920  357.269684
256 -48.973156 -19.952507  349.412842  0.345860  5.569084       7.206443    723.773438  237.220932  5.463640  0.743870  320.880341
257 -45.933201  10.246716  354.699585  0.317788  4.927964       8.766891    646.578857  -99.376076  6.579594  1.000104  294.915924
258 -45.648594 -11.777512   22.044968  0.333766  5.425284       5.647243    833.344727   83.303993  6.425336  1.451627  449.291382
259 -53.165390   0.880651   10.464939  0.304980  3.707385       8.769843    839.983032  -28.227747  7.267084  0.920072  307.690002
260 -45.194637 -19.659098   17.562510  0.301428  2.696733       8.328347    856.410278  159.736572  6.106689  1.141622  322.315186
261 -39.979034   3.083257    2.136295  0.343921  2.049895       4.603921    806.602112 -177.951355  6.769125  1.550210  423.045776
262 -39.045074   6.166445  341.408325  0.304494  3.884979       4.398710    913.671143 -165.155380  7.539754  1.488681  251.495819
263 -40.276676  22.896704  355.156982  0.336454  4.974990       9.083613    596.447937  215.857819  5.067615  0.919581  268.167389
264 -53.680527   7.392445  349.502808  0.323930  3.870863       9.783711    837.516724 -224.502975  7.686161  1.390859  372.377197
265 -47.269222 -12.094343    2.999386  0.329147  3.270397       8.119527    943.227905 -163.455200  6.591064  1.918825  351.640411
266 -45.432384 -17.928772    3.633074  0.340254  2.750676       7.681440    997.178772 -135.918365  6.929416  1.682723  261.903351
267 -43.401680 -16.728981   17.813614  0.330156  3.840094       9.912200    615.206787   55.926113  5.126330  1.494503  262.341949
268 -38.580353   8.239932  336.433899  0.340531  2.371134       9.153054    523.864075 -175.835312  5.812922  1.563240  290.056885
269 -46.697727  12.124122    2.752496  0.306609  5.739320       9.566449    714.514587  139.998657  5.565066  1.606525  342.921082
270 -51.789680  -7.463446    1.812897  0.348246  4.253553       6.185037    929.895935  -82.651047  7.544420  0.461600  397.329773
271 -46.325798 -15.244272   13.840589  0.303414  5.228980       9.333508    786.241821  -18.390312  5.279849  1.656425  333.103180
272 -44.740807  -7.261712  357.375275  0.345042  5.616245       6.670317    873.376099 -207.093964  6.859469  1.606241  385.712830
273 -50.454750 -13.809153    1.278422  0.334774  2.683881       8.882449    744.613831 -152.516586  5.311269  1.170559  443.537018
274 -39.681053  21.495264  339.215302  0.337680  4.025857       8.643186    623.125427 -166.927780  6.093578  0.301451  343.186005
275 -35.736320   9.020208  351.208191  0.305339  4.813797       6.338903    554.378540   21.621750  5.983471  0.571709  379.988556
276 -49.330635 -18.958250   30.952028  0.320636  4.516673       9.998315    854.697021 -166.286087  5.373552  1.794662  300.155304
277 -56.419216   1.539113  356.239136  0.283617  3.658476       9.502993    930.439392 -115.260818  6.836664  0.740761  297.303955
278 -40.367241  23.183372  335.682617  0.320363  3.350735       6.412716    852.378662 -158.218246  7.045194  0.840873  276.806976
279 -43.461109  -3.864052  355.981018  0.278265  3.303090       8.698449    550.629211  -39.932793  5.376991  0.556533  361.912567
280 -51.196392   4.224517  355.079346  0.308696  5.546831       8.887860    883.130066 -184.549988  5.849388  1.475894  362.229126
281 -47.253490  22.665861  345.788879  0.330743  4.135801       8.497216    868.339233 -151.014999  6.096106  1.288500  353.631226
282 -54.991333  -5.501800    9.836720  0.321647  4.597252       9.293113    934.284729 -249.753784  6.779528  0.928703  374.027069
283 -51.362583  -4.631983    5.631947  0.313237  4.063997       8.658968    860.772583  -77.585655  6.313807  1.635826  448.837219
284 -41.881519  14.363836  353.772278  0.318181  4.445745       6.315067    908.821228  237.993835  5.187499  1.762567  314.314880
285 -48.068810 -11.979658  347.285095  0.330609  5.176744       9.743153    549.212463  -71.803055  7.095013  0.739348  390.730988
286 -37.581432 -15.800197   29.126770  0.316179  2.221068       9.655859    512.725464   67.898483  6.420720  1.499962  343.215973
287 -38.817429 -16.248423    3.357622  0.339178  4.711616       7.968383    570.438599    5.482572  5.852230  1.564204  415.030945
288 -48.964497  10.059715  336.802887  0.321439  5.262135       9.536525    614.381287  -85.258636  7.981863  0.375458  409.277222
289 -46.978817  11.388293    4.130684  0.343582  4.573102       6.678870    834.720581 -104.765739  5.879921  0.955421  316.271210
290 -40.431091  20.114349  349.623505  0.347412  4.055750       8.444510    701.708801 -105.626266  7.926910  1.480606  305.822418
291 -48.632290  12.448610  356.148071  0.300796  4.602079       9.298209    711.909912 -214.102554  7.352737  1.399177  333.804382
292 -44.172760 -29.009623   14.355871  0.345981  4.387278       6.882873    822.054504 -168.576813  6.761672  0.293622  265.761169
293 -44.505241  -1.339491  356.572754  0.349536  3.820383       9.946730    627.744568  -76.893967  6.183042  1.057219  370.184753
294 -47.293499  29.569069    0.404034  0.345223  5.898784       8.476091    678.005493  184.163757  5.078141  0.422116  328.372131
295 -50.668518   9.710479   10.759803  0.347895  5.612796       9.178898    816.225525 -199.246506  5.119545  1.887557  396.783691
296 -46.969498  -1.550254    5.671467  0.305814  3.509368       8.670920    657.276123 -239.677139  5.657888  1.505563  431.110596
297 -45.769501  -9.888820   32.218609  0.346341  5.141909       5.608728    776.485168  -15.483512  7.318201  1.595977  394.664948
298 -47.031418   6.746718  357.901581  0.286247  5.074955       8.713544    624.135803   63.208263  7.046868  0.811591  367.036438
299 -44.657307  18.796614  358.193848  0.342179  5.722517       8.445684    738.896851 -213.706192  5.115793  1.900922  387.369873
300 -50.831509   3.687913  352.307220  0.317269  1.771510       6.925051    924.525513  -73.600670  6.753098  1.354966  411.646118
301 -43.029385  26.438913  334.678589  0.322106  4.320728       7.843544    938.784302  -21.629883  7.556452  1.997986  365.277893
302 -51.410107  -5.195405  355.582886  0.315809  5.998113       6.903438    936.551086 -103.041336  6.539193  1.336980  399.094940
303 -51.696831   5.404167  358.253326  0.326699  2.858298       7.684449    923.986755   39.801292  7.275610  1.061419  353.278442
304 -45.883373  -8.787142  359.040802  0.324671  4.923843       5.256430    861.020020 -133.551697  6.328812  1.153814  356.957153
305 -44.229717  -5.239126    4.557927  0.335207  5.905203       7.367562    835.960266 -204.291901  5.995979  1.389569  319.760162
306 -45.567894  13.559979  359.619415  0.313409  4.824805       4.493286    969.518250 -241.276505  9.357644  1.095538  338.161041
307 -42.362843  29.465094  326.928741  0.339721  1.394966       7.702590    952.687988 -114.877266  5.140020  1.627507  375.557495
308 -42.944069 -35.765030    7.784411  0.330380  5.528576       9.151479    830.394897    1.068604  7.296444  1.331152  284.322266
309 -51.461674   5.163857  351.703064  0.329285  2.174239       6.249946    916.160278  145.895920  5.224622  0.611081  380.852936
310 -35.332798  31.052294  349.262726  0.307981  5.767191       9.595757    470.733795 -189.105850  6.515956  1.249913  374.182770
311 -48.583015  20.857885  340.711456  0.317574  1.240761       7.159245    913.596130 -188.201385  7.627357  0.890292  374.889801
312 -49.865395  -5.018713    0.157388  0.306724  5.883971       5.243327    871.489014   16.629026  6.550759  0.547318  395.749573
313 -44.584305   7.017543  338.363953  0.332926  5.467763       5.986634    829.991516   16.230568  7.070395  1.280139  372.641144
314 -49.418396  -2.218196  353.959503  0.334895  4.027485       7.645553    854.842896  -37.081860  5.316026  1.704840  362.058289
315 -50.259884  11.158778  347.721161  0.337308  3.496339       9.612302    870.969482  -74.552834  5.748909  1.285636  280.843414
316 -45.385086  19.687073  339.638611  0.322446  1.219850       9.443328    838.940186 -167.592896  6.407443  1.103175  261.083893
317 -46.678276 -18.161604   12.835857  0.276018  5.191264       4.729121    982.488953    4.250860  6.824080  0.878566  338.639252
318 -49.491196   5.349063    5.759264  0.344414  4.617734       8.908711    647.947754   86.441040  6.854378  0.652767  343.438202
319 -48.037174   0.522400  357.032623  0.312442  3.267281       5.739911    944.199829 -164.967911  7.467553  1.445038  358.804138
320 -45.508129 -15.168280   27.334656  0.318189  3.713455       8.877590    948.591736   97.784119  5.011624  1.991471  281.200989
321 -48.029991   1.840484  353.635193  0.333005  5.085596       9.990795    632.674500 -230.894379  6.337978  1.656281  381.882355
322 -47.299679  10.890822  346.411987  0.303739  5.791676       6.177030    876.153870   19.665985  5.915405  1.018191  317.633636
323 -39.051266  22.546453  339.273773  0.314178  5.397611       7.645147    799.979675 -192.895630  6.390499  1.821204  348.629669
324 -52.173409 -13.612755    4.239167  0.346001  4.803421       8.104280    911.361450 -180.608749  7.364607  0.328204  300.517670
325 -43.645042  18.448095  358.239502  0.346298  4.998353       8.480957    644.098022   73.299614  6.049627  0.897630  313.663422
326 -53.388222 -17.986624   16.121721  0.336108  5.717943       8.598914    986.307617 -241.397949  5.382585  1.421660  425.076141
327 -51.778889  -4.785892  353.684570  0.327295  3.567149       7.987767    950.082092  171.103897  7.958637  1.422426  387.228638
328 -41.497517 -28.998102   21.003199  0.338617  5.238501       8.538418    718.497253  -13.381570  5.987410  0.736783  343.659119
329 -40.559753   4.681985  342.256439  0.332414  4.952708       6.910659    676.027161  -98.565323  6.319477  0.831082  289.260101
330 -50.196117  15.310455  347.420380  0.320342  3.389212       6.064073    975.843079 -136.186157  5.832711  0.988519  433.403778
331 -54.090675   1.453802  351.986359  0.329311  5.251887       7.956387    850.564453   -1.626153  5.893044  0.636635  380.266510
332 -30.089649 -45.527233   48.528282  0.321987  5.774633       9.144582    882.652527   87.670670  5.638794  1.080488  255.333786
333 -50.624729  24.370327  343.275024  0.294547  1.693706       9.045485    909.167297 -177.950500  7.292324  1.608914  431.861542
334 -50.588791  20.466667  346.620361  0.342943  5.286060       8.185094    886.187927   33.892811  7.198494  1.022880  351.031921
335 -55.440548  20.580320  349.354584  0.326791  3.017620       8.819260    945.518433  -14.366511  6.593943  0.298704  358.698364
336 -49.164536  -7.170057  356.458710  0.329440  4.143109       7.825770    860.579956  117.454460  6.047337  1.035690  354.903259
337 -49.131054  -8.448904   19.591608  0.331839  5.430776       6.123104    856.970642 -166.937881  7.251460  0.712199  381.732117
338 -43.637806   0.304680  344.875000  0.310658  4.476697       5.942383    848.873352 -215.435425  5.410237  1.443450  311.340973
339 -55.155388   5.776945  355.584747  0.310263  1.991276       9.715447    881.113586  -47.851822  8.111293  0.827679  403.117004
340 -36.406384  11.867302  335.123871  0.303132  2.271838       7.256254    605.607117 -235.200928  8.615622  1.977078  326.328552
341 -40.405521  18.200632  334.217499  0.340642  5.859220       6.362406    818.225952 -162.883820  5.965582  1.289317  308.880127
342 -45.435631 -17.217081   14.090275  0.343846  5.427987       7.394079    819.968384 -178.713760  5.888421  1.341663  409.699097
343 -45.940056 -10.227009  349.433472  0.339239  3.914722       9.510859    699.728088 -167.477798  6.526888  1.897202  291.514526
344 -49.654270  -1.325332    4.141357  0.340815  5.017667       8.101875    917.520996 -130.899811  5.546917  0.623248  260.864471
345 -50.807640 -19.898272  355.172180  0.307948  5.929447       8.253988    957.432983 -152.591873  5.699477  1.384538  316.220673
346 -53.207996   1.280857   10.889986  0.336279  4.738011       9.844444    737.004639  123.008026  5.956175  0.971472  443.370972
347 -42.594482 -20.851807   20.303019  0.331973  3.223215       9.464003    811.429443  -71.672836  6.492471  1.634785  334.632782
348 -48.236748   1.623618    5.226046  0.292209  4.946594       6.974780    786.348145   26.849422  5.678051  1.861234  437.594574
349 -52.934380  -5.518258  358.754608  0.325667  3.888193       8.530235    825.974609 -174.560165  5.193595  0.652921  414.034973
350 -50.345673 -13.820672   16.329029  0.315667  5.612178       7.797655    950.571289  181.115036  5.045185  1.310062  354.156281
351 -37.628429 -12.342554    7.903126  0.340822  3.209635       6.013150    771.760193 -125.943825  7.189302  1.495440  325.939453
352 -41.961758 -15.426750    8.526999  0.306979  2.005194       8.013553    640.281372   52.008621  7.154533  1.449252  390.553680
353 -53.290237  -6.881455   16.111465  0.337903  5.782672       8.550618    866.658203 -243.208817  5.836581  0.767339  283.093842
354 -46.089527  -5.564044   12.165676  0.313247  4.261004       6.507216    868.513977  120.203537  7.706176  1.155771  303.351929
355 -39.806561 -12.993482    6.235161  0.322211  3.035124       9.330670    552.005737 -116.247215  5.709131  1.750886  312.865845
356 -39.986526  -5.489749   12.826410  0.303802  2.561763       3.830910    912.143860 -194.479446  7.826867  1.135200  298.442169
357 -46.181881  24.772058  329.664154  0.341180  4.626658       5.195413    979.995056 -245.223755  6.719781  1.000520  403.824707
358 -54.558361   8.034727  358.681427  0.321735  1.341450       9.736090    965.312805 -113.858864  5.380300  1.117613  385.219757
359 -40.505768   0.865822  356.559662  0.339752  5.344247       3.944310    939.419189 -137.430832  6.030584  1.936623  387.594421
360 -40.893898   8.570133  357.640137  0.337507  4.637841       7.797901    650.588135 -113.804497  5.006474  1.641396  277.061890
361 -54.179340  -8.827094    6.205663  0.325436  3.259332       6.800132    939.563354 -104.832802  5.339426  0.312090  385.429199
362 -43.582588   9.457329  358.898224  0.328360  4.624193       8.490682    913.858643   90.692146  6.322062  1.963834  270.252258
363 -43.542263   5.826085  351.292694  0.330098  1.927343       7.687134    719.947815 -195.787003  6.842563  0.958425  301.713287
364 -36.773758 -24.506199   15.099936  0.326833  4.356254       6.881707    776.164917 -141.019470  7.087537  1.831391  296.441956
365 -39.653358 -24.352877   16.680914  0.336472  2.533094       5.994478    824.232727 -124.465034  8.284613  0.972839  349.473816
366 -36.556137  -8.380290  353.910248  0.336000  4.686141       5.568247    711.131287 -173.983398  6.897200  1.727076  361.470490
367 -44.314190  -0.138089    7.217047  0.337381  5.417959       6.638104    863.901794 -165.171921  5.549984  0.966153  266.246216
368 -33.249214 -27.964779   34.199112  0.330725  2.488663       8.873413    598.341858  -15.914386  7.618878  1.254770  438.911499
369 -50.893692   0.490992    3.574026  0.324237  2.458648       9.127404    843.406921   16.423174  5.378180  1.370765  374.167175
370 -44.306980   6.328407    3.502242  0.304057  2.973297       6.370369    765.860718 -246.979050  6.322695  0.709450  267.940643
371 -40.393078 -33.263664   28.568111  0.329112  5.285071       9.381712    679.830139 -111.936272  7.464992  1.130828  397.866638
372 -49.148262  -4.713400   15.467500  0.337055  5.230155       9.649902    986.220215  -21.221872  6.232762  1.963542  254.764465
373 -50.630711   4.670306  347.322906  0.336931  4.936132       7.188908    819.316711   12.708493  6.689268  1.618958  446.001556
374 -43.678940  -0.724053   11.490178  0.347452  2.883827       8.288666    628.521973 -158.394501  5.233764  0.682998  354.387543
375 -57.102116  -3.200788  352.989624  0.344940  3.856450       9.813207    884.052673  122.676643  5.604481  0.991776  419.371979
376 -41.465263 -13.995454   13.533637  0.339175  4.151579       7.461102    615.655945  -48.228134  6.990910  0.954877  357.481323
377 -37.293186 -18.876814   25.730125  0.345465  5.119214       8.041306    611.897156 -172.230301  6.258759  1.431902  272.181305
378 -27.684908 -17.207916   19.567936  0.339657  5.876382       7.779358    546.291748  -48.326450  6.018362  1.998417  288.484039
379 -51.266819 -28.655640   22.941313  0.287835  5.483802       9.014727    956.578857  -43.062260  6.732134  0.944651  404.878387
380 -51.609871   2.784265    0.825588  0.334865  3.906415       8.510440    963.374756 -171.210739  5.256919  0.987757  357.454529
381 -47.853687  14.208628  337.272675  0.324215  3.492153       7.037942    819.286926 -109.509109  6.986111  1.357564  434.128632
382 -46.531807 -19.022535   12.244429  0.329056  3.825191       8.821991    825.307678   31.639050  6.255508  1.372147  378.023529
383 -45.614605   3.358324  352.452515  0.333605  1.299575       8.191323    687.727173 -230.854156  5.015717  1.079424  345.489410
384 -28.138418  -9.486746   16.335157  0.329916  5.886822       7.310712    457.613922  -44.639694  5.103989  1.761507  328.194275
385 -48.215210   5.996122  352.896576  0.315100  3.214695       6.668787    886.717529 -143.981003  5.529712  0.925307  286.478882
386 -21.941765 -29.558638   28.469656  0.349389  4.774414       9.376471    431.281982    5.563181  6.195691  1.074530  289.435242
387 -50.532246 -11.623840   24.277512  0.342589  5.518156       7.415210    902.086914   80.333458  5.630742  1.329614  366.190399
388 -43.791477   9.084538  357.069855  0.323550  2.896982       9.915353    565.850281  248.960037  6.447220  1.704998  282.350220
389 -42.465370 -13.332314   28.519382  0.345184  5.903325       8.585378    721.557922 -211.904709  5.989889  1.658188  335.596405
390 -44.865025 -17.041220    8.403258  0.285692  4.013391       6.314824    782.755920 -226.530426  6.198226  0.850834  342.257507
391 -48.210228 -22.647272   23.716911  0.333322  3.080839       8.141920    974.963318  -29.279184  6.846076  0.829946  347.572876
392 -32.877304  14.575939  358.869812  0.328233  5.885045       5.257077    640.684753  -18.927050  6.027328  1.660440  380.757660
393 -52.322151 -12.217631  359.546112  0.306856  5.540878       6.971016    893.658386  146.166367  6.944207  0.450511  284.109955
394 -33.545090   5.041760    0.576652  0.281602  5.560154       8.726848    425.234253 -121.648949  5.475675  0.938772  306.997620
395 -42.772644 -20.706783   13.975288  0.283453  3.723930       7.573837    992.538452  -20.637648  6.199991  1.769117  290.895660
396 -45.517982 -10.795006    6.079310  0.340509  5.131005       8.754109    769.240662  138.898010  6.417068  1.824145  284.747223
397 -27.465790 -32.884445   33.165916  0.301788  2.939773       5.874850    851.145325    5.046519  5.807070  1.712099  282.194214
398 -46.041256 -11.928526   12.005628  0.216191  1.441597       7.666331    872.359375 -192.102249  5.894676  1.428933  253.863708
399 -42.838963  21.054205  339.050201  0.316566  2.808554       6.684781    883.211426  -21.062738  7.578245  0.986024  286.466431
400 -44.940807   2.198762    7.090663  0.340052  3.549673       6.869071    649.518738   31.321344  7.759623  1.128163  440.464386
401 -48.860325 -15.271592   22.564280  0.328333  3.967765       9.539192    799.930908 -201.854202  6.422959  1.496915  314.811462
402 -52.653950 -12.981462   22.868471  0.306833  5.619210       9.358150    971.765015   86.792656  6.463208  1.690826  323.826233
403 -46.535591  -8.671355   13.041011  0.319634  4.151892       6.725213    877.936951  -47.350227  6.557722  1.675259  376.769257
404 -53.395081   2.717829  352.907349  0.290959  4.423775       8.277541    860.031128   41.932026  6.525414  0.777178  354.895721
405 -41.185551  -9.849833    7.157774  0.344601  4.733574       6.735724    745.501953 -124.555351  5.857706  1.328913  386.690521
406 -53.503712   9.407574  348.017609  0.343122  3.436178       9.020160    911.203491 -132.959671  5.916643  1.087299  367.694183
407 -44.562775  30.277809  338.991943  0.282187  3.905224       9.741316    932.175049   26.048655  5.919650  1.369761  286.560760
408 -43.633698  -4.762306  352.839020  0.334528  3.091529       6.301779    773.816467 -130.699097  6.208467  1.374038  362.294098
409 -51.969555  12.773102  357.984009  0.296420  3.287228       7.759038    823.539185  -26.831926  5.824538  0.767261  432.579590
410 -37.350765  10.817175  344.982758  0.287980  4.301352       5.992979    659.892944  -50.810272  5.864204  1.680829  365.374512
411 -39.466606  15.948046  340.589203  0.335997  5.455110       7.039228    772.450989  121.489227  6.886559  1.988732  376.552582
412 -45.688644 -21.217861    6.490252  0.333689  4.852021       8.648889    716.985962   89.619209  6.773708  0.877472  351.567932
413 -37.289394  -3.653025   14.846852  0.305653  4.556033       9.345884    541.502319 -214.592804  6.510872  1.790320  291.084930
414 -48.114292  -5.391041   22.855001  0.339871  5.381663       7.285837    773.470947  226.445236  7.527110  1.202069  337.050751
415 -48.687313  -8.225039    5.300330  0.309315  4.022569       7.684784    700.979126  -26.563086  8.238226  0.211630  449.151428
416 -35.110443  20.564440  340.165894  0.343973  5.217022       8.640026    554.618347 -190.647476  6.815559  0.823008  300.561096
417 -52.408306 -18.745562  356.575043  0.325720  4.334163       9.154747    890.569031    4.586003  6.489655  1.191437  368.633972
418 -39.487164 -24.049160   14.465402  0.332955  2.740546       8.137687    647.084534 -140.998932  7.604509  1.446349  383.076630
419 -31.574335   1.426259    0.764646  0.298820  5.451123       4.404183    630.047974   64.171188  7.081723  1.091554  353.301758
420 -45.708870   8.129844  347.989532  0.322227  3.400814       9.946769    598.286865  -69.406990  6.638669  1.746344  418.641754
421 -41.867119   7.864936  339.235107  0.343420  4.404187       4.770677    732.178040 -157.706253  6.074206  1.402431  442.701813
422 -50.803181  12.537195  346.227905  0.342333  1.367969       7.506915    843.358765  -96.738846  6.769264  0.676010  357.173370
423 -39.837124 -23.271812   18.586279  0.330851  5.435704       9.652043    508.860962  131.885986  6.122252  0.769024  410.923187
424 -45.383717  13.629113  349.381714  0.336998  2.152319       8.325719    607.364319 -217.478500  7.840916  0.657620  444.739166
425 -52.636444 -30.546637    4.220616  0.333668  5.800938       7.943654    927.758484   13.135886  6.007130  0.212209  266.707794
426 -48.019943  13.733509  339.480194  0.311133  5.558223       8.637561    742.828552 -172.295456  6.625420  1.585798  416.854156
427 -26.395277 -16.903828    9.304686  0.346188  3.427849       4.817556    774.888306 -145.270981  6.950324  1.788775  281.109100
428 -51.499287  19.783119  346.256592  0.297373  4.392948       9.014821    943.713684  -89.763657  6.632677  1.862089  448.924713
429 -55.172169  -8.988570    9.330241  0.333653  1.804982       9.521205    919.897339  163.690231  6.316198  1.543330  419.796722
430 -46.040501   0.263286    3.978629  0.348612  5.727001       4.937757    821.545715  111.028473  5.730113  0.909543  428.450043
431 -38.497520   3.545584    0.734317  0.304196  4.136205       4.172457    867.316711  -58.648418  5.775953  1.790527  359.819702
432 -42.954716 -27.954428   19.039692  0.344439  4.038158       7.747429    954.116760 -232.781235  7.006768  1.381253  344.997711
433 -44.205605  31.421110  336.508148  0.321786  3.339205       8.049442    897.447693 -157.372589  5.703423  1.407139  445.949799
434 -42.888477 -24.594488   21.876320  0.330043  5.557052       9.385780    702.201843 -215.634933  7.236825  1.086836  250.525055
435 -42.890385  17.770195  343.279114  0.345213  5.103155       8.529531    579.901978  -71.893654  5.327674  0.316151  448.726929
436 -37.046761  26.947298  330.756897  0.343894  3.462178       8.181630    618.211243 -105.766228  6.310845  1.003938  359.203583
437 -48.452488  -5.303303  347.584106  0.326872  3.825738       8.430015    734.944031 -145.873978  5.550603  1.552086  351.003082
438 -50.054375  20.253571  348.711212  0.298400  2.572182       7.684210    939.251465 -244.664703  5.717057  0.931529  364.827209
439 -47.440952 -22.653320   14.564218  0.339446  4.888993       3.908698    928.624451 -110.205544  7.432443  0.302012  393.254974
440 -40.005890   0.390259  359.158417  0.342677  5.143049       3.647414    989.100708 -106.365845  6.033616  1.895428  407.348450
441 -51.125988  15.236342  343.358948  0.332937  2.201224       8.511780    883.234253 -146.822342  5.507979  1.730278  405.078644
442 -54.653603 -17.185316    4.466139  0.305822  5.651159       9.632479    985.309021 -128.229065  5.708624  0.910129  294.037445
443 -47.121956  -1.980430    2.768622  0.319165  3.083840       9.414554    661.632629 -218.397614  5.820954  0.404749  271.632965
444 -33.706890  10.422494  350.165497  0.312270  4.383385       7.276853    522.921021  -31.658598  5.198852  1.900899  393.200653
445 -37.937313 -29.739634   16.420330  0.291745  4.839753       8.412816    829.723267  -18.542860  5.693442  1.869817  262.265106
446 -48.096355 -28.602304   16.023954  0.341480  5.094131       7.978107    832.238403   79.144981  7.064824  0.338937  437.428009
447 -44.938904  10.671457  354.929962  0.325284  5.657893       9.630176    596.959595 -146.889801  6.524786  1.490501  434.341034
448 -51.320194 -12.110447   16.653797  0.318219  3.145340       8.793177    937.192383   27.367323  6.811618  1.845944  418.305450
449 -50.324406  34.359528  343.529633  0.342594  4.786652       8.510797    912.300354 -242.887131  6.191339  0.248918  373.469269
450 -51.504169  -7.104578   22.858017  0.323474  4.118967       8.913845    880.482117 -109.969910  5.728337  1.379710  277.655914
451 -46.844017  -7.633840  356.707733  0.280917  4.687816       6.744892    880.705139  -56.915771  5.945210  1.408703  315.942719
452 -52.966553  -4.591081  354.507629  0.304907  3.193051       8.218998    870.637268 -127.626396  7.216157  0.918249  368.312958
453 -48.744698  -0.016710  358.232422  0.328896  2.344641       5.269934    830.106262 -156.312851  5.508935  0.338121  357.061005
454 -29.186882 -20.179367   16.802481  0.342310  5.096920       5.120452    616.361511    5.443376  6.430509  1.067759  382.465515
455 -45.922958  23.789780  350.399384  0.301990  5.366046       7.673210    954.743225 -131.560455  6.890246  1.328852  287.839935
456 -47.825260 -17.583441   21.015854  0.288535  5.577706       8.192749    847.426331 -126.995735  5.866380  1.695894  380.767273
457 -46.248840  -4.663296    8.734870  0.317175  3.684986       6.468552    726.664368 -182.490234  7.172176  0.516433  293.740448
458 -36.787888  -6.186431    4.325449  0.290693  1.404170       8.182399    536.766541 -170.037811  7.167045  1.368608  253.034363
459 -42.071148 -24.558693   15.736167  0.310501  5.583603       7.141786    920.186951 -220.699493  6.624741  1.928239  320.099426
460 -43.872375 -23.710970   18.161724  0.309209  5.084503       6.352205    948.444397   97.586128  7.449311  1.595979  352.841980
461 -55.900822  -1.949412    5.482155  0.334285  5.982945       9.190680    940.275146  123.221405  5.496355  0.776112  287.979523
462 -47.403061 -19.249426   22.931919  0.291260  2.190536       9.372145    695.154968   81.161087  7.314847  0.574976  316.777802
463 -52.923603  -2.823938  353.046997  0.349280  4.734765       9.753908    836.828247 -152.084152  7.374457  0.665659  316.603943
464 -39.248802 -13.370529    9.640507  0.349719  3.022314       5.062284    944.407532 -237.113892  7.443034  1.456634  289.007660
465 -32.171089 -21.335985   22.960714  0.333597  5.435137       5.055254    731.516235 -105.624435  5.237038  1.530142  393.107910
466 -35.089512  -2.019544  353.680481  0.335444  2.496731       3.061561    908.473755  -65.173935  5.462523  1.224088  254.224777
467 -50.615952   6.838605  355.872498  0.297700  3.429487       9.020742    890.976440 -127.574158  7.068138  1.682370  411.524628
468 -49.034676 -22.582056   24.041227  0.287537  4.694718       8.877628    825.679504  -98.796944  5.206721  1.058115  345.627869
469 -53.476223  12.546254  356.671356  0.305026  3.285392       9.533133    952.733643  -76.546501  5.272517  1.905304  384.279938
470 -56.825714  -2.975578    2.216657  0.336480  4.475828       9.878262    977.708496  -17.848669  7.313802  1.019832  405.621063
471 -34.460876 -17.546589   15.092354  0.344281  5.908021       7.606241    573.194580 -249.158615  7.981606  0.654845  382.896515
472 -27.705807   0.278005    2.572439  0.312290  5.716935       5.451970    565.763367  -69.990768  6.260993  1.630444  322.971436
473 -42.054913   0.499882    9.277062  0.276058  4.645261       6.072262    816.269165 -211.914185  5.865623  1.305532  270.556183
474 -38.336063  -4.799680  353.755920  0.315459  5.559080       8.340613    497.360931    0.931212  6.858960  1.685626  343.223419
475 -45.480564  29.144102  324.138306  0.316291  3.091524       9.047471    753.352600 -215.989227  5.339236  0.671352  308.402618
476 -52.335907 -15.807643    9.549284  0.312617  4.882272       8.756832    903.229248   17.347689  5.567657  0.564570  253.624542
477 -40.176643 -20.598154   11.736505  0.333913  5.719276       9.409910    498.524139  100.374931  5.619484  0.335428  443.072479
478 -47.209579  24.466204  340.292511  0.319238  2.047537       5.324952    891.302795 -151.800140  5.487255  0.373557  386.893158
479 -53.421608   6.902238  353.189728  0.343800  3.366494       9.577810    913.965454 -185.109573  5.717136  1.121796  412.600708
480 -37.831909  -0.132613  346.361389  0.333730  5.858902       8.969878    551.078552 -164.539917  5.709444  1.751232  334.471771
481 -49.299545 -26.039660   14.143265  0.281038  2.678304       7.249247    963.524536 -154.752563  6.881317  0.613465  306.697998
482 -43.833946  -8.035287   21.498949  0.342472  3.485812       5.405064    873.689575  -71.346916  5.896769  1.375222  353.138275
483 -44.405872   3.503605   17.891514  0.334823  3.685828       7.002091    855.138550 -120.499641  6.640185  1.974090  276.311401
484 -42.524235  -8.309888   10.263104  0.346055  1.853869       8.846190    547.342224 -103.273796  6.240717  1.013007  323.482849
485 -49.888386 -14.343998    4.704615  0.307351  5.424004       8.253846    963.436279  -43.866726  6.095830  1.250131  348.801697
486 -55.103519  -8.700673   11.752605  0.338766  5.754626       9.040648    853.567871   13.721206  5.464972  0.481942  346.083130
487 -38.379070  -6.156051   11.630135  0.305485  5.341290       8.461994    611.352722  -97.982353  6.794858  1.245829  269.590149
488 -49.170067   4.959301  354.121124  0.275553  1.894441       9.992602    926.745728  -66.774849  5.154427  1.974541  254.472488
489 -45.234905   7.843411  339.093353  0.268216  5.766146       9.002985    636.171143  -21.098078  7.503406  1.815642  310.642120
490 -50.005695   0.469885  336.098755  0.338609  4.841134       8.156443    672.103394 -126.762383  5.650632  0.832920  303.709595
491 -44.695114  25.169334  334.183014  0.332214  1.258486       7.088490    782.388062 -119.951393  6.097036  0.454771  314.690369
492 -48.935486   2.623722  356.851532  0.347004  4.109928       7.855417    931.967285 -205.123581  7.105871  1.372111  342.913391
493 -26.219185 -24.144070   26.295649  0.298342  5.459173       6.688237    521.668030 -233.809509  5.432030  1.673452  379.543579
494 -47.287457  26.562288  338.302734  0.343084  4.595173       9.143777    805.197388  119.415657  5.457497  1.184151  392.917389
495 -53.561878  -8.609590  349.004303  0.311814  4.743398       9.847300    846.103516 -180.943390  5.469602  1.892134  370.972992
496 -48.872395  16.790678  354.331665  0.344530  4.049713       7.242007    979.764954 -180.986526  6.843003  1.100364  376.649048
497 -37.493267 -10.690840   15.776035  0.294413  4.526636       8.806715    481.298492  -52.997318  5.856867  0.699281  381.310120
498 -46.058224  11.348465  352.087494  0.321718  5.782336       9.558187    684.939514 -243.639526  5.781238  1.065409  377.608856
499 -51.066525   5.612791    1.723351  0.322946  4.606367       9.348574    927.850037   42.645947  6.716452  1.417740  311.710663
500 -39.701744  22.602512  335.777313  0.328671  3.191389       7.992797    661.685364 -176.913727  5.798730  0.929047  262.714722
501 -28.430172 -21.850780   21.872574  0.345712  5.244619       9.479115    468.409729   96.616608  8.207210  1.995157  391.281769
502 -49.933090  25.347965  335.338440  0.344997  4.090150       9.152557    995.091064  -94.395142  6.728593  1.271995  421.014221
503 -52.285313  17.587383  333.454010  0.347645  5.611131       9.747503    792.205872 -184.506012  5.873549  0.797068  354.512177
504 -54.687828  13.411010  358.716675  0.335973  4.889331       8.968326    991.646240   77.276054  6.381618  1.676681  425.050385
505 -51.686665 -18.412964  352.477722  0.344375  5.078311       9.348978    995.145081  217.609390  5.632380  1.453984  275.724304
506 -49.257618 -10.452773   17.434656  0.338474  2.743130       7.876757    803.604980  110.384712  6.994346  1.191374  353.294220
507 -52.549965  -7.162830    3.666798  0.333253  5.911951       9.183083    860.833252 -197.167877  6.697146  0.962685  294.568176
508 -49.505005  30.362526  335.841949  0.321726  5.021925       7.507070    957.792236  -54.868786  5.917673  0.604168  391.699677
509 -44.008720  -8.259907    4.018766  0.328886  2.847159       8.362688    661.174438 -207.187332  6.544607  1.189334  321.530060
510 -40.008678  13.887999  350.833191  0.327752  4.698328       6.295647    663.038391 -248.452103  6.514524  0.519923  308.468658
511 -50.529049  -5.126038    8.017408  0.326820  4.245849       9.235388    644.577148 -133.705200  6.898072  0.608358  439.449036