           lon        lat        inc      D1AU     delta  launch radius  launch speed    t factor       B1AU     gamma         vsw
0     9.091306  41.811935  36.597408  0.750750  4.612272       6.538485   1155.760010  108.717079   6.669048  2.323867  253.497223
1    24.879009  49.610565  23.657454  0.760717  4.082601       7.528143   1256.971802  138.761932   5.006456  3.337662  387.110535
2    12.933388  40.414890  43.465183  0.695246  3.487067       9.062639    802.015686   54.885635   6.653309  1.899580  165.954391
3    19.492025  45.420643  20.875521  0.702510  4.416420       6.238274   1629.649536  235.280273   7.914394  3.323400  192.321823
4    16.040628  43.032661  34.451546  0.748329  2.496219       5.022261   1615.615845  102.867859   6.667102  1.911919  234.663330
5    12.982118  35.370728  48.522346  0.642059  2.778481       6.974321   1706.661011  135.277191   5.657079  2.747792  190.263504
6    -1.338729  49.388668  44.622211  0.727127  3.802712       8.178353   1205.206909  236.078278   6.661135  3.851271  147.327988
7    17.390162  46.065228  45.277950  0.787952  1.808604       8.549238   1272.156372  137.508652   8.092636  1.901590  341.478271
8    22.314835  11.286998  26.537678  0.543789  2.823014       7.557560    900.341064  148.309204   7.707803  2.985858  166.972061
9    17.479351  28.893948  23.406307  0.751655  2.982801       5.379165   1210.916382  108.104141   6.599226  1.939547  216.634796
10   27.496675  37.804035  29.049419  0.785920  4.186175       6.037408   1149.596802  242.255951   9.395263  1.027825  240.661438
11    6.356053  33.364552  42.587975  0.729553  2.679949       5.474301   1702.167603   75.718979   5.815206  2.844816  212.637421
12   23.516111  32.821400  13.762262  0.755099  4.002950       5.743255   1490.733643  231.020752   6.991103  3.285409  264.658356
13   19.911613  40.463707  36.440170  0.706555  2.995476       6.144643   1777.778320  134.026840   5.403700  3.074864  340.795593
14    8.505929  49.297073  35.711685  0.644636  4.681906       7.342437   1231.847290  226.708405   6.710160  2.669748  150.028015
15   -3.277675  47.868584  39.838444  0.711473  4.047622       6.691157   1236.614624  211.710999   7.321391  3.571748  106.568207
16   22.595345  43.113018  18.050058  0.772662  3.548144       5.823315   1868.039551  195.664780   7.690843  3.304880  297.193848
17    6.798961  38.687435  39.573071  0.734625  4.980722       6.705751    825.850769  100.704163   6.024324  3.064284  264.132751
18   15.436939  43.115871  24.197474  0.738194  4.611782       6.342085   1198.956299  216.709396   6.541824  3.473408  291.125793
19   17.458645  35.971790  35.156750  0.797787  4.868913       6.885868   1254.924683  125.629585   6.746868  3.331385  362.291016
20   26.496210  36.850876  23.734043  0.750818  1.777970       5.663816   1626.101074   96.959663   5.226343  1.406842  148.252213
21    3.032597  36.083794  41.183605  0.645441  4.049036       7.920944    820.628601  222.829651   5.549768  1.645924   68.607872
22   27.083595  31.375170  20.313066  0.751448  2.792420       7.079699   1117.926514  210.138443   7.561098  3.175351  385.957184
23   40.062115  37.182961   2.340268  0.791123  2.929736      10.786052    736.750488  177.387085   5.975585  1.331405  353.150543
24   11.034020  40.024540  38.420345  0.782272  3.170065       6.167348   1477.881470   29.550299   5.628647  3.106343  324.696838
25   29.131302  31.852268  16.269577  0.671641  2.750976      10.695251    773.825623  194.816238   8.267123  1.319403   64.610611
26   24.238894  29.160267  17.603939  0.718606  4.798824       7.091604   1008.153687  190.691620   7.982584  2.813069  317.177216
27   17.881319  37.262749  31.640095  0.748118  3.495514       6.951994   1656.771851  216.694443   8.536450  3.263341  228.995850
28   26.471823  25.754738  32.577526  0.644967  3.068014       8.745675    849.996887  184.463486   5.001140  2.188252  210.377884
29   18.828218  46.329254  18.622379  0.706860  4.280625       6.337646   1540.660889  225.368912   7.063201  2.141068  111.069046
30   37.350094  32.621536  14.857295  0.763601  1.546751       8.519952   1927.076172  146.454697   6.011258  2.380728  242.636765
31   29.063871  43.671974  12.769605  0.639989  3.933563       9.430247   1157.075073  249.467087   6.426070  2.730476  150.180634
32    8.145200  46.300423  37.874664  0.715210  3.760417       5.640266   1347.259888  220.194672   7.749315  1.566028   78.248787
33    8.369937  44.026485  30.621466  0.635677  4.140977       9.286821    781.160339  187.193130   6.527211  3.344084  135.310394
34   29.304359  37.302219  15.520651  0.778588  3.202674       6.615872   1305.870239  101.734756   7.313560  3.023355  416.557678
35   41.940491  42.752045   7.983818  0.783598  2.926739      10.214527   1603.448853  197.766434   6.416022  3.837514  492.285004
36   28.167824  24.142605  34.920753  0.496452  2.947032      11.452056    833.693848  113.442406   6.845284  3.612780  104.677322
37   43.471352  15.618113  19.560524  0.716752  4.935932       8.701241   1359.828613  198.455276   7.316040  3.323540  396.176453
38   22.133171  40.020039  22.238541  0.759097  3.487175       7.531568   1191.438232  162.679260   5.908789  3.570107  319.139709
39    3.399077  29.020090  49.237064  0.676316  3.076359       6.745562   1013.805176   95.812721   5.887844  2.527499  158.553589
40    3.991140  43.808147  42.847908  0.729861  3.654529       8.429604    761.168579  156.576111   6.883133  2.416330  187.783112
41   32.591679  42.512695  13.948886  0.775178  3.766889       7.732556   1089.755005  175.603928   6.598631  3.171013  482.544952
42   20.310402  47.942593  19.486372  0.752032  4.276016       6.808661   1532.906128  237.282730   7.645655  2.410063  121.555420
43   20.741714  24.743729  17.773151  0.791301  3.651585       6.507883    772.705566  112.293457   6.903384  3.160373  377.051147
44   12.548234  37.290939  37.148586  0.668159  2.651844       5.087663   1928.662720  152.077072   6.089877  1.970243   53.345722
45   -0.820392  39.271214  35.460094  0.753647  3.468032       5.355000   1268.366333  175.615112   8.035815  3.348826  149.327774
46   27.278366  41.120815  24.631008  0.781513  2.584994       8.714046   1039.036133  191.761642   8.194955  2.851786  350.095581
47    6.372185  33.638073  32.302433  0.655460  3.289246       6.816938   1059.019409  200.014709   6.289705  3.381627  148.310638
48   13.778750  38.081463  43.597462  0.674216  4.391985       8.860414   1054.674561  175.319305   7.573780  2.299553  202.150497
49    3.359041  42.021034  39.357773  0.772290  3.373370       5.292542   1393.300415  108.180359   5.037917  3.822112  273.948914
50   21.665386  30.420137  29.678757  0.707114  4.213078       7.394886   1094.571533   43.190445   5.329576  2.100247  264.647400
51   13.434175  46.732815  34.789185  0.773164  3.375912       8.636308    734.448792   93.597092   5.792796  1.402032  242.707474
52   13.292933  46.594490  27.335939  0.782505  3.428509       5.066783   1792.358643  199.536209   7.221069  2.741808  173.337921
53   37.403461  21.151997  16.760551  0.647758  4.609305       7.194660   1918.595947  214.835312   7.668663  3.011836  307.967010
54   37.079075  33.790867  12.959576  0.727036  3.625690       7.509295   1431.702637  185.001892   7.158214  2.528002  395.992157
55   35.889668  38.876694  21.381882  0.768674  1.870599      12.017660    788.439575  160.344513   9.142698  3.370375  477.554779
56    6.842707  46.492447  30.535336  0.760024  3.972907       5.874579   1641.064819  180.351837   6.688936  2.518883   83.652199
57    4.326098  40.775085  39.537273  0.739681  4.160887       5.429139   1308.805176  106.696404   6.103180  3.077296  278.355560
58   16.796824  36.071529  30.303104  0.679645  3.984754       6.056391   1122.663452  139.517975   6.385409  2.533855  271.184387
59   19.521160  28.064146  28.921141  0.702885  3.023014       5.688025   1618.651123   60.604885   6.639271  3.757360  310.197296
60    1.755897  40.911766  46.871178  0.668639  3.049549       7.893189   1130.859009  153.632202   6.646334  3.346465  186.784592
61   12.190133  45.252453  24.597004  0.683547  4.430917       5.040451   1681.035767  237.716629   6.347555  2.974253  138.359467
62   13.643573  27.749960  39.301151  0.624199  4.780862       5.856275   1200.647705   10.296412   5.524000  2.025713  124.842995
63   16.338583  25.312452  45.007004  0.640727  1.662195       7.183900   1086.359253   41.842216   6.503263  3.115925  231.371704
64    5.056567  24.493341  47.322567  0.642553  2.533885       7.855318    877.013306  168.226303   6.512873  2.849042  127.020874
65   19.051615  46.107368  23.378874  0.665913  3.953935       8.192552   1345.439819  160.315323   5.729162  2.272192   94.227242
66   22.992901  47.408081  33.881737  0.719092  2.250345       8.871762   1972.670288  141.223251   5.301797  1.761463  159.631302
67    8.169940  38.996052  40.295341  0.794367  3.582006       6.219900    916.704102  136.339172   7.620977  1.994357  280.755371
68    4.720410  38.138458  43.135517  0.625614  4.160796       6.659067   1721.428101  233.260880   5.823449  3.725038  140.354401
69   14.217574  31.246984  33.431114  0.715586  3.087299       5.069396   1908.491089  181.757172   7.347640  3.945250  319.020020
70   22.163710  28.038895  23.190859  0.718843  3.147367       7.145350    912.868042   76.566605   5.376352  0.846681  114.733681
71   24.482634  15.783628  40.699150  0.657972  3.439296       5.152087   1726.458252   10.521104   7.585473  3.223028  265.122742
72   10.276640  44.709118  28.888098  0.791562  3.524703       7.281425    854.339966  168.314575   6.126767  3.279476  328.283386
73   31.388599  20.724688  10.588393  0.714863  2.997634       7.685473   1392.268066  145.667328   6.537703  2.986741  252.391373
74   48.365154  16.108801  13.836310  0.682917  3.835159       9.017673   1220.670044  191.405121   6.660414  2.255079  423.980316
75   11.992191  49.069939  39.574158  0.734479  2.957486       9.236021   1174.739502  201.018539   5.867630  2.651118  210.741592
76   31.607388  24.985716   1.906361  0.785631  3.541157       8.287902    752.253479  171.409363   7.055166  1.841084  315.706848
77   16.616789  39.867649  30.705254  0.770022  4.768361       7.604598    796.219421  151.653931   6.479221  1.320894  307.409912
78   35.580555  35.129101   2.936385  0.769386  4.038875       8.036757    939.986389  216.074753   5.570982  1.581381  207.693710
79   35.060566  23.043192  15.699481  0.747019  3.369676       7.061985   1064.348511  182.181152   5.654748  0.865028  222.800980
80   28.826035  19.846645  26.517698  0.628938  1.436535       5.721213   1623.791382   29.970476   5.703426  1.554436   64.660896
81   15.235523  39.099934  48.888542  0.674511  3.509778      10.657580    754.210754  119.863846   7.014409  2.938768  297.175873
82    6.223525  39.812740  36.124798  0.761634  2.867834       8.523105    749.324036  124.629639   6.086710  3.315808  232.232376
83   28.936230  42.487476  18.693777  0.772392  2.747940      10.359616    769.028137  172.992538   6.776947  1.141560  251.325867
84   29.412821  31.554371  15.147105  0.647476  4.120862       6.245444   1724.960693  115.829872   5.575305  3.044310  261.744812
85   15.972959  45.573570  32.770351  0.690399  3.593251       9.390978   1084.431885   73.600456   5.215748  3.276427  179.228867
86   13.536384  27.888731  15.516287  0.704297  4.559704       6.549592    980.528015  225.687088   7.094207  2.144500  130.697586
87   27.242096  23.893553  17.197733  0.589697  3.109568       6.433965   1652.993774  205.714783   6.287633  2.032359   85.328865
88   20.443357  30.911722  37.715389  0.713370  3.024832       6.027203   1804.696289   58.742554   5.509459  3.341940  344.567352
89   14.298502  42.823132  33.318844  0.747245  4.463259       9.171989    750.840271  229.230408   7.051121  2.398803  270.330383
90   23.814367  43.543625  23.438007  0.740535  4.096938       8.322052    899.142578  221.157928   6.362725  1.351951  216.715393
91   12.649055  48.570690  26.452759  0.744955  3.817143       5.712409   1663.056641  189.313477   5.637896  3.075625  219.476913
92   11.429367  30.188372  36.694160  0.705144  4.299735       8.349635    839.902466  180.041519   8.929060  2.887896  208.547134
93   29.841663  37.887947  39.687862  0.518179  4.383916      11.554211   1358.144653  132.680649   5.386189  2.420878   81.027596
94   29.269951  40.090363   5.781220  0.737409  3.064682       8.946939   1088.787109  198.103851   6.866667  3.548327  172.595047
95   14.340779  39.007511  31.437632  0.670574  4.529546       6.111378   1253.015137  203.963440   5.534898  1.922341  156.332367
96    4.728809  41.262081  37.059887  0.617858  4.532824       5.081715   1678.572754  169.377121   6.766131  2.437884   77.110420
97   22.234852  40.603661  20.291183  0.710683  2.979603       7.521381   1245.279297  150.524933   5.992037  3.488961  260.458466
98   22.247086  40.428600  32.912842  0.677963  3.977931       6.315381   1358.507935  190.972473   8.883486  1.787104  221.858170
99    7.001312  47.337498  40.146984  0.773182  3.510568       5.396729   1719.504272  182.042404   5.584187  3.189864  312.666443
100  22.015055  45.677696  17.906057  0.726262  3.878656       9.270951    731.462158  172.982544   6.047858  3.690034  268.690033
101  17.467121  41.243858  18.420029  0.735254  3.837412       7.765415   1400.084106  241.618301   5.479034  3.903855  149.127579
102  20.253942  45.252163  21.221540  0.719159  3.929161       8.132412   1003.429504  185.918167   5.229743  1.777693  119.923988
103  28.681938  44.451885  28.044233  0.752213  3.065122      10.185115   1267.064331  244.786774   6.070395  2.803291  359.224152
104 -12.298965  40.714592  46.448933  0.737785  3.721329       5.903784    914.119568  181.202393   7.775691  3.147315  136.583084
105   0.589078  44.974537  38.689003  0.799159  3.847042       5.248036    971.765930  187.201950   6.069925  1.473726  131.545715
106  23.656170  41.367966  12.439635  0.740490  3.516377       5.365798   1902.620728  243.927521   9.394409  3.260755  224.552017
107  24.120571  39.657860  24.466028  0.703713  2.107314      13.510091    753.796814  168.615631   8.043341  3.595483  163.013733
108  -3.069462  29.574179  42.312454  0.661090  2.612760       6.425571   1090.679565   88.812508   5.342091  3.481259  150.198990
109 -13.915824  41.376926  48.244865  0.701048  4.609730       6.163285    776.390137  214.610046   6.946359  3.519517  161.174744
110  12.559103  37.870331  43.414165  0.622062  3.963729       7.931382    968.506226  194.985870   6.616721  2.235596  215.330948
111   4.217637  39.629009  30.893982  0.751709  4.663100       6.269843   1306.897949  228.413666  10.880054  3.877827  188.238815
112  23.962664  35.519173  33.107975  0.676315  2.568854       5.428019   1622.887939  148.387268   6.997281  2.264029  257.184998
113  17.267933  48.065685  21.591045  0.712842  4.600804       7.135037   1050.944702  240.451401   7.081032  1.816944  122.601814
114  -0.618226  39.918846  46.217667  0.681973  4.298065       6.834127   1467.230835  248.616074   6.497272  3.469502  120.480194
115  13.913354  41.027084  33.196774  0.745342  3.091616       6.545916   1356.838257  134.016846   7.785376  3.891772  313.533875
116  13.494699  39.230843  31.160954  0.736010  4.232869       6.509256   1318.751343  185.718140   5.570724  3.450832  224.569016
117   1.451213  45.712727  40.009201  0.694167  4.603330       8.455709    814.159607  187.947571   5.101305  2.335438   80.082619
118   7.378008  40.447765  29.646351  0.756986  2.984361       5.350688   1293.030029  183.257645   6.513360  2.749071  204.817764
119  22.427214  41.816788  20.147505  0.756796  4.292096       6.589450   1490.610229  231.814056   6.212326  3.283206  282.513275
120  26.497347  35.083931  20.941408  0.741052  4.143840       7.674608   1166.688232   75.429337   5.633124  3.232692  387.865204
121  -0.831413  48.175217  44.784840  0.730942  3.945467       7.672130    914.738525  161.460815   7.516383  1.860365  143.193726
122  23.815845  19.251545  31.138393  0.763969  4.182893       5.564802    904.528625   33.606960   6.468004  1.496456  326.919861
123  30.387844  33.304680  33.161304  0.564247  4.436608       9.807876   1216.403564  144.091461   6.206174  3.109545  195.125702
124  39.122501  28.019653  13.896074  0.628325  3.481896      10.454535    901.089844  210.030319   6.821026  1.043825  105.078270
125  19.725086  43.919628  32.213810  0.749162  2.510921       6.971680   1161.196533   90.006775   7.482795  1.560583  272.279144
126  13.568047  45.404552  27.111263  0.659466  3.966329       7.474279   1604.360962  175.542816   6.436372  3.717380  114.186951
127  13.083781  34.910248  37.269264  0.738698  3.684907       7.869854    802.345459  136.052002   9.465158  2.010755  290.492218
128  28.424711  35.046059  23.276098  0.761881  3.284095       7.486775   1075.608276  156.379044   5.438370  2.659611  411.331879
129   6.820891  38.044018  35.078911  0.694968  3.055462       6.367012   1334.940674  198.153580   7.441406  3.073180  167.323242
130  32.833542  28.157663  38.607323  0.690292  3.591985       5.435803   1669.557007   22.241196   5.643519  2.134562  310.619934
131   2.659526  47.058105  41.204403  0.744832  3.055616       7.287997   1446.339111  129.042099   7.739309  2.868348  154.037292
132  20.810572  42.477798  40.399265  0.701579  4.646714       7.988296    891.368286  217.937088   6.596697  1.439850  379.722107
133  15.254081  29.733099  43.066296  0.701314  2.124299       5.011311   1619.010986   88.849968   5.625817  3.683337  324.705902
134   5.007280  42.285030  37.108643  0.750366  3.668498       7.472395   1091.442871  186.960388   7.609529  3.320444  168.620621
135  -2.031282  44.562725  43.364506  0.741014  3.781811       7.604861    785.283203  232.298676   5.682174  3.814469  224.031708
136  18.804802  38.779251  28.329302  0.777567  3.503659       6.916607   1035.700317  108.461060   5.773868  3.835414  373.904999
137  24.279400  27.072998  30.935429  0.664287  3.660596       5.800402   1748.489868   82.146355   7.515553  3.230445  243.571732
138  28.019035  37.119812  25.830408  0.697907  2.377432       7.915525   1268.884766  161.128708   5.673019  2.752629  281.407898
139  -3.369386  43.473866  45.461067  0.687638  4.455552       7.806199    751.780090  227.795898   6.811491  2.812413  152.793045
140  28.840363  39.354321  28.938871  0.704358  1.894984      10.617570   1660.497925   60.126102   6.404092  3.097513  185.814484
141  16.602962  47.504868  15.792787  0.723990  4.804578       7.494935    856.095581  241.240906   5.786652  2.931359  159.757629
142   3.319578  47.396442  39.459591  0.772160  4.780521       8.301840    700.241455  140.370895   6.568645  3.638694  345.888519
143   3.968377  47.526604  39.865288  0.760291  4.182775       7.393606    936.260559  228.163742   5.881545  1.108403   73.426613
144   6.960196  34.883415  30.020117  0.716667  3.601171       6.517435   1310.121582  120.252274   6.450017  3.778802  208.999008
145   1.420459  45.044922  43.678745  0.718785  4.300001       6.055335    999.082458  165.379898   6.468679  1.993039  179.548935
146  -3.447667  40.722839  49.550030  0.789499  4.913101       5.607557   1106.868286  151.951294   6.605801  2.448430  258.730865
147  11.277086  43.776714  28.443083  0.777030  2.770141       9.087206    704.675110  146.400833   8.715947  3.988185  269.718994
148  21.405518  38.627701  25.147137  0.741502  3.765589       6.808888   1635.338623  199.265457   6.358053  3.682109  334.969818
149  41.806896  40.534374  10.989245  0.737756  3.453960      10.720700   1018.718445  228.846451   6.288063  3.132211  494.685089
150  26.958458  36.698662  26.711643  0.759710  3.255888       7.425292   1289.250977  215.216553   9.524098  2.383144  270.251221
151  33.124268  48.388855  13.534943  0.790890  3.251502       8.257228   1487.153809  202.129166   7.909907  1.798154  258.670471
152  14.208675  46.778000  23.660711  0.718398  3.999677       6.359392   1164.309570  222.285583   6.762772  1.831808   65.129990
153  -2.056342  42.584023  47.097210  0.672381  3.900891       5.438381   1673.134644  173.822098   5.988804  2.207309   51.726479
154  16.547546  37.309467  12.814474  0.659807  4.028042       7.424503   1008.887695  189.697449   6.133891  2.345154   76.366112
155  10.662156  43.894318  25.884956  0.798967  4.248011       5.834910    893.989868  201.749161   6.615657  1.416238  154.922256
156  25.256876  44.360310  18.331743  0.669445  4.288675       9.124923   1026.725952  187.594574   6.721760  2.223055  184.090973
157  24.304190  21.912888  18.408939  0.696251  2.584225       6.056266   1351.138916  130.559738   6.546389  2.799402  227.159546
158   7.979438  44.719784  44.592651  0.795403  4.425546       6.879052    871.133789  174.836670   5.991428  2.132703  319.938904
159  10.690498  30.905930  30.504845  0.762082  4.627370       7.082109    710.748413  200.256714   5.785272  2.328189  265.835785
160  23.663055  30.047548  36.527946  0.636675  4.590878       5.967342   1994.105103  175.105637   7.375861  2.901985  238.975830
161  31.522434  35.382210  24.794699  0.784123  3.545900       8.379130   1062.245361  101.632149   6.194429  3.932711  470.792236
162  25.395733  37.086864  26.727905  0.792470  2.382449       7.166157   1632.841797  206.855347   7.013938  2.213819  221.082092
163  28.350662  14.000830  35.441853  0.716684  3.402450       6.017800   1344.065308  140.904495   6.000738  3.778760  379.615662
164  21.067198  45.229622  37.107677  0.773602  4.104976       5.517560   1753.747314  193.849503   6.934424  0.997568  105.228401
165  26.548294  40.430149  14.798553  0.732058  4.747488       5.822846   1388.356323  231.053665   7.234195  2.857951  257.180695
166  31.027830  12.488033  35.395500  0.611046  3.847156       5.882815   1766.541870  115.678337   5.420160  3.139550  188.349487
167  21.150858  31.290073  17.790461  0.752445  3.906207       6.244042   1273.558594  234.337387  10.065162  1.709793  116.250366
168  14.381588  40.548927  27.000706  0.772423  2.961509       5.668200   1691.533936  124.036423   6.163541  2.373598  146.573334
169  21.998348  37.393425  18.804426  0.785321  3.805196       7.089620    986.311829   83.289436   5.842988  2.456599  355.829651
170  32.844540  33.757862  20.873270  0.793390  2.950807       5.984599   1434.008057   49.054363   5.496621  3.950389  489.353851
171  22.588478  49.872463  20.193096  0.790614  3.939187       7.362021   1251.893066  247.770798   6.349609  1.579086  167.453842
172  22.037441  16.969025  34.284203  0.701532  3.188735       6.027560    783.580811   41.138897   5.589244  3.200516  417.994843
173  37.138115  32.465565  23.044395  0.637262  4.953226      10.580372    881.158325  226.410309   7.421067  2.576000  308.307831
174  40.812992  33.819386  16.176104  0.713448  2.295395      10.479080   1012.293274  240.712418   5.599758  2.435783  367.214478
175  20.124762  43.154064  27.634239  0.755860  3.606711       7.851896   1337.678955  207.276138   6.649246  3.806947  276.853241
176  34.169056  46.611622  22.735947  0.724042  2.743900      10.026650   1908.812378  236.737686   7.967724  2.136412  282.035034
177  19.139183  28.058935  35.879742  0.599579  3.307904       6.155461   1641.710815   46.746582   6.981621  2.793296  185.160614
178   3.241055  49.392628  44.183155  0.763605  3.491098       8.709669    853.095642  155.571182   5.321732  2.800860  263.998169
179  15.871226  40.856010  19.898514  0.780763  3.655760       5.838618    985.540833  222.075974   7.167957  2.625587  275.860809
180  10.702250  48.680202  22.333479  0.779635  3.892010       6.292662   1235.285522  141.051819   5.641896  3.661812  170.586609
181  27.828230  45.805161  30.037994  0.652633  4.349697       8.102969   1896.189087  117.503586   7.199971  1.639068  138.400757
182  15.342674  38.881443  21.170727  0.714961  3.457480       6.369776   1173.621216  191.180283   7.757362  2.277814  149.399109
183  25.680351  34.478565  27.784313  0.584041  3.688529       8.059948   1922.970581  162.404388   5.802239  3.112651  113.335129
184  25.374447  28.168419  27.261572  0.675829  2.833070       8.280568   1265.510986  247.056747   8.099603  2.624864  196.430206
185   6.781064  26.748522  40.602726  0.736619  4.443530       5.957274    836.972595   86.353287   5.192387  3.477084  372.396912
186  -3.272287  37.703812  48.806404  0.697369  3.187270       6.119555   1141.914795  157.293655   6.435449  2.697353  184.277679
187  33.801273  17.259743  29.560089  0.759208  4.307821       7.362289    745.307861   58.830353   6.057342  2.450311  457.739990
188  19.421682  48.622616  10.749725  0.788299  3.613532       5.118548   1447.831665  239.795197   6.014692  2.352315  102.354103
189  -4.008413  38.603802  34.438557  0.755639  4.575535       5.101064   1182.903076  217.611908   5.702686  3.539866  207.417328
190  22.140472  38.422123  25.935894  0.735418  4.789287       9.342757    891.600647  113.603676   5.551889  3.442384  285.857178
191  36.637421  48.496410  15.355108  0.691789  4.114910      11.027876   1804.937866  224.767441   6.947638  3.722168  269.964600
192  22.860430  47.562355  34.745182  0.728291  2.438223      12.158530    758.291199  199.366516   5.373740  0.893655  180.654205
193   5.137995  45.990952  49.300419  0.761977  3.534810       6.805487   1187.876221   92.585091   5.639264  0.988376  120.671394
194  21.723072  41.096924  14.995503  0.748911  3.560971       8.243884    892.394836  127.159111   5.281212  3.496826  252.636292
195  22.274977  48.761845  20.464672  0.761075  2.957955      11.327775   1360.597656  205.249771   8.074203  3.777389  130.448364
196  12.240292  48.394306  27.917749  0.766203  3.607712       8.021004   1105.423706  117.656418   6.526079  2.750275  157.087753
197  24.758329  28.534552  28.760523  0.648533  2.640472       7.561121   1219.928711  136.294830   7.916400  3.743595  266.625549
198  17.348650  46.015240  19.229948  0.767697  4.898320       6.760168    926.539429  195.870102   5.754526  3.341800  226.092773
199  19.248852  40.081520  42.540432  0.722298  2.236993       6.723587   1188.449219   49.499111   6.376134  2.873416  424.009827
200  22.727648  42.607540  37.941589  0.786163  2.126203       7.183716   1387.192749  117.782730   7.414895  1.984015  286.397736
201  32.515560  31.744953   8.006002  0.722812  4.040072       8.710697    722.673035  193.446869   6.695223  3.628083  424.213257
202   2.639867  47.385891  41.281460  0.753803  4.173310       6.818070   1156.186890  205.771667   6.191209  2.207135  141.318878
203   9.698264  35.770370  39.697746  0.657403  3.664592       6.448590   1236.200928  195.857803   6.500637  3.336536  207.571823
204  18.081932  37.254822  22.944143  0.707303  4.628324       7.336760    968.260437  196.545502   6.457397  1.657949  161.478073
205  27.955641  36.921066  31.594860  0.787574  3.080605       5.887160   1430.280273  127.142166   7.970738  2.689883  482.774139
206  26.467640  29.253769  43.413719  0.589639  3.184796       7.264912   1531.099243   18.925814   5.632597  2.044247  117.313446
207  14.385515  39.765949  33.383327  0.677622  3.966454       6.633769    912.238281   78.801987   5.656330  0.988451   95.600319
208  19.514679  28.171469  42.191219  0.643407  1.840736       8.952149    936.850464   75.634987   5.471709  3.698557  256.011841
209  18.996607  41.922344  27.351748  0.612212  4.325393       8.164758   1014.369812  102.203835   6.807476  2.775192  200.512650
210  21.812712  21.689745   2.858124  0.712341  4.068049       6.071858    935.194702  150.752609   7.182568  1.619973  200.696640
211  40.703148  40.503872   5.019763  0.773386  3.035846       8.477864   1185.541260  231.939148   5.646712  3.135072  463.213928
212  15.743131  44.472298  41.253136  0.680356  3.799364       9.304124   1060.986572  134.430252   7.083415  2.379808  217.628296
213  23.988119  42.508842  21.842545  0.745031  3.472894       5.559400   1320.141235  117.995010   5.681842  2.406094  343.786469
214  34.443321  27.408911  24.149740  0.641639  2.924887       6.694292   1987.697998   69.906281   7.172710  2.238698  241.285645
215   8.747922  46.778950  45.400696  0.761484  4.068014       7.780499   1033.170898  129.618515   6.397331  2.694315  317.380768
216  10.692365  43.627785  29.532024  0.778411  4.242295       6.627089   1133.160645  139.916962   5.760639  3.094039  267.944366
217  42.323414  24.373331   7.739667  0.731861  4.256283       5.117980   1723.503540   70.105675   6.329703  2.480559  486.726257
218  18.166019  37.349903  24.232105  0.701950  3.680194       9.075721    729.505005  182.813278   7.484615  1.040009   73.832558
219  15.307978  37.445877  41.892616  0.745522  1.394012      10.679811   1075.050049   77.635185   6.132000  2.945539  173.711212
220  -7.008049  44.418888  47.548714  0.763280  4.134719       8.001441    721.300537  133.214722   5.886020  3.801577  255.026962
221  28.955570  43.015434  20.669758  0.786218  2.518207       7.974928   1514.099609  179.782532   5.748973  3.785106  392.168243
222  34.605736  31.660009  32.745007  0.676511  4.506026       6.636252   1813.071899   83.085701   5.599511  3.850157  416.054810
223   0.342440  39.433502  46.737869  0.772732  2.839597       5.649375   1396.056641  209.390671   7.775017  2.080286  133.986008
224  34.537254  47.302509  20.468103  0.754782  4.764945       7.996967   1665.782227  200.777130   5.696766  3.725355  575.057251
225  12.060590  49.873470  26.573027  0.786242  3.410521       5.915638   1467.357666  199.705978   5.934893  1.980945  136.055923
226   2.652610  31.907299  38.835506  0.707415  3.483691       7.048588    868.289001  177.962387   8.795786  3.581342  191.199982
227  27.261024  35.702480   3.073300  0.743506  4.083813       6.306811    984.319031  180.359543   7.913658  1.521298  154.491440
228  33.822491  41.529915  21.623854  0.740396  4.454573       6.792777   1758.780273  172.551422   6.462843  1.831044  261.155212
229  28.318148  28.564682  21.646873  0.672005  4.622450       6.513527   1019.912964   87.593307   5.190424  1.440706  238.727554
230  18.701622  49.201309  24.104078  0.709103  3.696525       8.156370   1750.675293  239.929733   7.983070  3.403009  182.697006
231  20.220236  48.629444  19.374859  0.764718  3.682866       9.060863    815.088013  170.924210   5.725547  3.005901  271.799713
232  22.871681  35.717876   2.373235  0.794539  4.985407       5.431595    809.353149  244.779419   5.778597  1.636249  253.629807
233  18.570383  39.661110  21.307274  0.786956  3.359162       7.055431   1132.295898  156.103119   8.405696  3.364149  312.595337
234  12.795697  45.680046  40.634541  0.747271  4.507460       6.388787   1276.841553  182.957993   5.463932  2.425319  270.236389
235  17.294491  35.014145  32.237350  0.752726  2.611918       6.900157   1011.477722  103.180138   6.265933  1.006963  152.427505
236  31.727928  25.327475  14.248285  0.792094  3.089436       8.449961    711.202148  183.003616   5.817695  1.855913  347.571686
237   4.166905  39.657120  37.462887  0.621189  4.948167       5.023139   1829.600098  180.889069   6.833248  2.898360  122.407120
238   6.071648  38.323830  32.963989  0.792066  4.463744       5.024920   1186.468506  218.648117   7.678773  1.884058  209.769745
239  12.563446  42.751324  23.487823  0.750082  3.576508       6.657480   1443.129761  220.521652   8.850197  2.814023  113.280212
240  -0.428604  45.797150  40.003906  0.781706  3.745074       7.851342    966.840454  212.806580   5.417383  2.801778  132.181259
241  17.491325  40.050026  22.714197  0.777089  4.060800       7.204252    881.859192  146.337341   6.666761  3.945522  362.181946
242  22.306288  32.617455  18.780958  0.562790  4.888371       8.702725   1454.114868  177.423248   7.551824  3.447770   80.866165
243  23.479885  43.280079  35.334282  0.785415  3.497350       5.895481   1277.300537  198.229858   5.463314  1.923900  413.362762
244  37.021252  31.404047  12.748019  0.681297  4.623695       9.506886    906.062195  249.337402   6.641103  2.345042  365.757660
245   0.498972  36.466415  38.367947  0.752167  4.425739       5.753604    935.045105  234.009109   7.851707  3.801143  253.970230
246  -0.848487  33.117191  38.899269  0.761689  3.411848       6.484002    875.919373  101.466568   8.342832  3.028652  217.251144
247  22.606897  37.153446  19.970339  0.659393  2.814821       9.471657   1043.026855  242.565018   8.085857  3.086278  153.172180
248  36.724159  41.524090   1.390331  0.777899  4.505925       9.049376    819.636902  197.944748   5.941233  3.374521  392.232544
249  18.196678  47.827297  21.347624  0.784501  3.896825       7.814395    855.766724  188.123245   6.315066  2.286211  292.451172
250  13.229026  45.005733  37.807217  0.743381  3.625548       6.778809   1321.809814  204.337906   7.239804  2.485829  323.775269
251  11.098072  46.096928  38.068115  0.746610  3.296928       6.103292   1186.838135  191.562271   7.161842  1.155322   81.973206
252  23.376759  19.092573  32.087494  0.710488  3.516359       6.123372    783.864990   74.135338   5.069951  2.010164  390.302704
253  -0.240920  46.003464  42.575104  0.721919  3.637574       8.615426    836.610229  110.307304   6.458979  3.252360  184.209869
254   3.721262  42.472813  35.431370  0.656853  3.813994       7.546042    826.581238  192.952194   5.721727  3.007951  158.838348
255  30.001444  35.988525   5.077396  0.765899  3.655060       7.728821    817.046570  163.624863   5.276207  2.301719  272.861389
256  13.857817  40.593063  26.106771  0.766888  3.038768       7.295883   1092.741211   49.402924   7.204838  1.752676   90.408035
257  22.770664  47.677143  15.151102  0.730101  3.965424       7.839562    940.564941  181.905762   5.477515  2.578081  227.981918
258  -4.323211  40.875732  49.346226  0.762153  4.571108       7.284685    750.700012  162.158066   7.883707  3.680580  307.990265
259   0.939081  44.173527  48.947994  0.582741  4.391300       9.148883   1121.797852  176.064987   5.442507  3.292463   87.368568
260  18.735603  36.032845  16.988447  0.770694  4.185391       6.035697   1541.062500  238.504089   8.326302  2.931581  178.571930
261  12.442780  45.753647  40.993252  0.755594  3.624652       7.046029   1524.892212  110.042305   7.743944  3.064904  295.137604
262  24.756618  26.070452  16.578588  0.688813  3.628930       7.279374   1040.064209  195.873764   5.850538  3.092932  280.528625
263   2.063286  49.407982  39.485348  0.650144  4.887597       5.980275   1395.840088  244.814499   6.054377  3.115089  159.406204
264  14.477126  45.522484  25.777494  0.665319  4.110276       9.102223    826.810608  231.076126   6.180972  3.560703  155.541977
265   0.656545  44.956757  46.388962  0.628702  4.039874       7.250497   1650.061401  200.461899   8.245069  3.487521  125.197495
266  14.012692  49.048721  33.443604  0.678049  4.396043       6.875741   1364.885864  112.982780   5.540736  1.270113   55.334873
267  37.952530  23.742859  19.278425  0.652726  2.250409       7.891201   1977.885864  233.323761   5.210945  2.799441  253.421509
268  24.500210  22.288958   3.344175  0.577031  3.500836       5.815722   1934.329102  147.593124   6.017889  3.306886   95.085152
269  28.980249  46.946140  24.512098  0.751051  3.456167       7.734459   1560.799072  168.065475   6.395025  1.224902  145.831329
270  -1.712167  40.125652  42.884804  0.671838  4.214470       7.703174    860.301086   58.732998   5.409051  3.661346  167.149628
271  14.108550  44.453907  48.409744  0.760588  3.275485       5.406149   1367.669678  107.047409   5.545125  2.121361  369.591278
272  23.782997  41.360336  23.807058  0.729475  2.833302       9.848860    782.011963  221.558517   5.694757  1.962685  192.989807
273  35.836483  19.604866  10.078704  0.583398  3.624360       8.690528   1072.293579  134.677383   6.717375  1.750812  146.219116
274   2.945194  44.374409  42.466621  0.747390  3.973497       5.283717   1166.703613  234.269318   8.609575  2.031042  203.096802
275  13.434950  35.304207  40.249123  0.642064  4.323024       6.765499   1469.291992  135.898407   6.397723  3.529797  231.051514
276  -6.548587  41.679562  46.741753  0.679300  3.288305       7.781125   1053.742676  143.079773   5.819158  2.887446   59.784252
277   3.196418  31.585669  45.411671  0.622201  4.371331       5.144093   1323.175049  204.179779   6.622701  3.016004  204.243546
278  34.351643  31.391880   6.241675  0.731731  3.764961       8.896644    872.466248  118.200600   5.046251  3.913300  315.663605
279  14.370720  39.189705  23.372913  0.767700  3.501052       5.084788   1189.509766  128.094589   7.100990  1.663749  153.971313
280  33.170097  30.677168  14.256001  0.744823  2.905421      10.475818    808.948425  244.724075   5.146082  3.221938  308.005432
281   6.361340  44.930687  30.789331  0.760488  4.478516       6.060018    795.896240  150.876144   5.419571  1.224998  141.192047
282  29.419121  22.567392   6.139436  0.763451  3.815025       6.326055    883.967285  159.630188   6.555880  3.102277  389.530853
283   6.247628  40.232159  38.218025  0.558404  3.850508       8.744117   1391.261963  134.745743   5.726290  3.379733   54.562374
284  30.566622  41.121281  26.649742  0.658167  3.811702       7.413195   1994.251465  176.931290   5.341144  3.938206  405.711761
285  36.563107  31.046089  25.712954  0.720266  1.625195      10.229090   1127.969849  110.112450   6.661341  3.379279  394.296997
286  14.853679  40.639790  16.858871  0.689436  4.730727       7.409881    969.350525  173.034622   5.776027  3.542719  177.222717
287  35.819363  27.740084  11.427450  0.594318  3.755901       7.854560   1486.238403  172.235214   6.328770  3.003943  223.308044
288  13.051047  41.536560  22.933907  0.745824  3.664905       5.231629   1283.158203  194.049026   6.888765  3.039696  205.962997
289  21.578974  41.389679  40.660999  0.676348  3.908535       8.244689   1523.738281  179.180786   5.623751  3.554766  359.753601
290  22.142355  44.667622  21.091394  0.710976  3.707562       8.103260   1425.601929  105.597145   6.486002  3.030582  219.835373
291   0.882037  44.094154  38.880951  0.789254  3.447452       6.116946    833.830139  159.150330   7.621521  2.596163  252.043045
292  24.274755  44.508289  30.134636  0.756354  4.234840       7.185107   1046.542358  149.410233   7.035678  1.332353  369.610504
293  32.683723  28.385752  18.311338  0.728546  2.876682       9.798109    718.027527  213.768784   8.275798  0.633958  178.193710
294  31.662020  39.205441  15.062338  0.719691  2.823239       9.823586   1025.651855  248.701904   6.234926  3.214814  304.707886
295   8.748076  44.054295  35.696892  0.754405  4.335881       6.797771   1281.997437  241.143494   5.605918  2.936310  255.813522
296   7.350720  43.746628  49.678829  0.717156  4.107563       6.851677    986.426819   51.979622   5.775820  3.586259  424.864105
297  14.677432  42.615044  20.026691  0.654408  4.668556       7.691272    735.400146  168.217636   5.725216  1.940817   99.497833
298   5.322548  46.295231  47.826832  0.731642  4.380742       7.320085   1329.176758  162.476700   6.444344  3.993343  308.084686
299  21.846260  36.755600  21.890760  0.737250  2.781843       9.662380    701.588074  104.359581   5.606254  1.170868  139.622238
300  26.978239  37.677963  20.037251  0.645817  3.500226       9.397770   1104.299438  140.010651   6.027394  3.242360  242.547165
301   2.003387  46.727432  47.510414  0.738565  3.225173       7.962150   1084.091553  145.990540   6.912320  2.169306  148.635666
302   7.772977  42.458233  41.176678  0.750567  3.768214       5.888702   1447.587158  113.261139   5.481856  3.919713  348.316528
303  32.496372  30.622520  27.676989  0.795253  2.107084       8.303311    842.176453   50.541500   5.144724  2.008647  507.739105
304  24.055105  27.802446  29.785536  0.549409  4.332732      10.630874    777.639160   95.527161   6.666864  3.338231  152.641144
305  15.081433  41.642735  32.823059  0.710788  3.341507       8.785786   1050.895996  124.811577   7.344446  3.798125  294.920471
306   3.456140  40.818249  42.283916  0.720018  2.664853       6.296004   1321.847900   94.211678   5.714837  2.932808  189.623703
307  20.267553  41.379730  44.987972  0.589156  3.050339       9.889971   1211.976929  141.343460   6.867361  2.508641  148.401123
308 -10.522117  48.523300  49.248268  0.679901  4.677743       5.507632   1740.186401  140.482147   6.187336  3.546884  111.104050
309  26.394146  36.627975  24.477901  0.768832  2.155331       7.874696    972.703857  173.590485   7.940141  1.720798  266.758209
310  43.313129  38.609917   5.569352  0.692893  3.121500       9.859702   1215.279541  219.466263   5.557857  0.812768   57.873150
311  43.009663  38.448708   4.807554  0.765046  2.832794      12.135312    804.085876  196.533615   6.385764  0.460990  181.409424
312  28.201982  32.890408  30.102087  0.746924  4.118661       5.424419   1713.142334  217.561981   5.282377  3.075767  387.501587
313  11.816876  42.256809  30.341997  0.752059  4.195507       7.513715    847.346191  188.039062   6.064820  3.181400  297.595184
314  22.831938  39.629326  37.232758  0.647142  2.519756      12.592162    812.944336  156.013840   7.471086  3.656076  196.054199
315  22.282181  44.407024  28.271811  0.676038  2.789126      11.811166    763.497986  181.220856   8.808567  3.464918  221.801987
316   6.760646  49.038654  38.120411  0.781510  4.084291       6.592919   1168.094727  212.565079   7.360550  3.920382  349.806396
317  18.444832  48.521236  40.506458  0.619791  3.522201       9.413328   1040.586426  183.854187   6.438981  1.300820  166.246536
318  28.764957  38.477871  21.275648  0.706181  2.127314      10.151462   1095.335938  119.201546   5.111384  1.863151  155.214493
319  10.802721  44.097973  48.943272  0.638070  3.660718       7.674269   1516.952637  157.182983   7.438149  2.592333  170.098816
320  -4.821635  43.828945  37.766521  0.793725  4.495718       5.004517   1167.662354  167.718277   5.129651  3.400381  237.719589
321  14.709979  36.237057  27.165323  0.785707  3.869872       7.501351   1046.059082  212.339691   8.243378  3.166434  257.561005
322  22.367649  27.407169  27.585329  0.576510  3.412345       6.166908   1553.822510  181.981384   6.036331  2.426889  122.574127
323  31.981956  48.386219  15.732958  0.799721  4.580408       6.959065   1402.275391  145.562241   6.251610  1.625608  386.485382
324  21.716425  24.247076  20.094961  0.689907  2.488689       6.257360    988.215515  115.856773   8.867510  3.176072  318.947021
325  -7.583321  48.161354  49.217052  0.719176  4.720671       5.878845   1162.628296  232.682358   9.456156  2.410779  135.071152
326  14.540812  23.206268  39.654896  0.599632  4.187358       9.657084    743.861450  202.203308   7.739506  2.857727  117.655212
327   7.881788  41.006104  41.475849  0.758369  4.163301       6.263889   1214.817505   95.643906   8.286816  2.417829  283.878387
328  30.983061  38.705215  33.415379  0.720709  3.535770      11.079718    824.648926   54.660736   5.549511  3.021019  350.049042
329  14.962428  46.694847  25.878284  0.734630  4.473769       5.508295   1547.262085  207.254730   6.381108  3.783020  284.608795
330   6.872328  27.621185  44.452766  0.675728  4.897485       6.033081   1401.665405  141.798187   5.105503  2.864815  191.580612
331  11.727045  47.922092  23.346699  0.697810  4.233440       5.650115   1477.463989  240.674667   7.782878  2.783802  128.933319
332  26.320488  38.217415  11.739955  0.714134  4.036574       7.269982   1368.240967  232.281906   5.593419  2.230825   99.311073
333  12.642100  45.447487  36.734627  0.794031  2.796757       9.130735    816.024780  129.260986   5.354458  2.003969  281.001953
334  32.073151  27.006262  11.924323  0.786756  3.079458       6.533359   1387.907959  118.592842   5.304055  3.949564  468.988678
335  19.913994  22.937130  43.997734  0.448857  3.644998       8.129967   1459.147583  162.586716   6.881275  3.978925  107.971024
336   8.026807  39.834595  41.493256  0.763780  2.816405       7.710125    958.480591   93.326370   6.221022  2.474382  245.634552
337  40.951492  26.421179  23.123644  0.459132  3.853554      13.026991   1220.151489  160.606964   6.992539  2.634093   85.834999
338  15.990410  35.035023  46.286133  0.685753  3.417915       5.306139   1810.947754  133.886490   6.423427  2.850573  290.580597
339   0.978887  37.568275  48.604984  0.610389  3.663910       8.704714   1007.050476  149.376938   7.146276  3.720367  133.400421
340  10.071504  49.526020  37.058311  0.755427  3.280019       7.029676   1084.273315  244.486923   5.986926  1.384416  128.607056
341  20.593843  26.653761  13.235822  0.766337  4.068293       6.449923   1173.820435  190.281204   5.869205  2.634517  203.966385
342  28.106871  30.207560  22.271324  0.659060  4.514188       5.903803   1217.236816  153.148544   7.383677  1.388517  168.830521
343  18.838995  32.684105  21.151945  0.704786  4.005641       8.278747    983.808105  110.800621   7.598000  3.824745  250.921570
344  43.342560  24.474516  17.787930  0.670204  3.961977       7.138002   1154.761230   93.552025   5.783337  1.370595  391.926361
345  31.484098  29.229561  23.881727  0.769389  3.738135       7.530393    793.412231  104.617424   6.888326  3.684051  551.696289
346  12.175926  19.085615  45.397350  0.699905  2.738812       5.048354   1504.969238  166.304794   5.504769  3.207448  267.643768
347  24.937565  34.685093  26.254486  0.783495  3.060039       6.108530   1079.696411  175.190536   6.730169  1.573943  303.568665
348   1.352862  28.717802  49.821541  0.741356  3.718042       6.160426    843.774597   47.503330   5.697590  3.308983  330.159790
349  11.108150  35.670502  38.760548  0.766646  2.469154       5.752282   1305.458374   47.506912   7.518676  2.228587  289.296143
350   3.465134  48.622086  45.740604  0.786831  3.235437       9.866144    728.082581  149.459412   6.920993  3.236660  273.961151
351   9.180181  49.687107  35.462257  0.629522  4.257144       8.091539   1541.724365  215.432388   7.054800  2.563115   75.700996
352   6.901394  33.918030  43.801659  0.627439  4.150577       7.089788    930.534363  221.506485   6.686533  2.027953  110.076248
353  26.591543  13.040015  28.538841  0.667299  4.398600       6.709074   1136.693848  115.203293   5.435421  2.921057  244.586441
354  15.585075  19.638954  41.886261  0.558041  2.462219       8.909906    833.825806  100.502396   6.510933  2.512679   68.988617
355  18.735418  38.872200  34.951439  0.705793  4.110331       9.054543    706.851990  121.316986   6.184590  1.982449  332.429932
356  36.187588  38.156982  10.919912  0.775151  2.999306       5.729203   1835.845703  225.336502   5.116703  1.259986  140.065720
357  13.164813  47.567429  38.622028  0.736353  4.339004       6.254917   1419.619263  129.631882   5.294317  2.434877  321.805267
358  20.951574  32.064793  26.232149  0.753468  3.211537       6.017646   1198.233521  224.987030   6.797046  1.351734  152.847977
359  23.284758  42.257843  45.101612  0.712727  3.955749       8.773412    841.040588   53.773384   5.599161  2.694809  524.844299
360  12.920939  46.364727  32.517208  0.770944  4.331565       5.928743   1826.916016  156.831619   7.020920  3.286627  288.798828
361   7.956586  41.542572  40.149776  0.720230  4.136910       5.872265   1161.092651  243.273804   7.663046  1.246357   60.987198
362  23.606121  37.515541  34.014740  0.701923  3.483972       6.757008   1473.860352  141.428253   6.872172  3.714496  410.410156
363   6.274019  39.988544  37.215446  0.753897  4.230589       5.531287   1358.175171  192.718582   6.778332  2.684837  237.711456
364   1.307464  38.355251  34.072807  0.690683  4.131101       7.464931    705.723694  179.664307   5.478202  3.735767  169.666199
365  26.436834  47.894455  23.515923  0.763709  3.444210       8.973855   1691.914429  190.078583   6.192396  2.442829  237.961578
366  35.422268  27.945425  11.712996  0.755442  4.868449       5.481503   1575.254639  162.837662   6.273216  1.615632  230.381531
367  20.260870  33.489140  31.145807  0.671527  2.798169       7.657159   1726.607056  162.398239   5.872243  3.540464  177.537018
368  22.927305  29.726376   4.650481  0.748206  4.318254       7.670567    977.645630  220.927963   6.379295  3.721838  220.933746
369  13.858246  43.227867  19.294638  0.756598  4.399573       6.803986    743.776672  248.987274   6.847195  3.632607  274.255249
370  13.939196  42.816196  47.980511  0.632112  3.890239      10.472916   1174.692505  114.483910   7.198844  3.135985  208.808853
371  18.553463  26.224709  48.757339  0.619101  3.653965       7.245460   1669.972046   10.657522   5.308311  3.716108  166.362701
372  34.229439  24.769466  19.202042  0.732362  1.837381       6.895513   1784.516235   56.253654   8.860237  3.374405  353.405365
373  20.785490  47.223412  27.532963  0.763796  3.476812       7.884901   1195.222900  179.587982   5.942059  2.164969  250.265350
374  16.338381  36.502441  26.639198  0.718388  4.964667       5.616478   1102.010864  144.099075   6.057819  2.440278  281.478058
375  42.811794  40.152435  11.375425  0.723543  2.507902       8.587121   1691.367920  238.784225   7.312324  1.946702  346.627411
376  33.452793  38.274677  17.955154  0.691150  3.995449       7.971961   1465.554077  235.423187   5.928257  3.515683  365.732452
377  14.285714  48.976173  16.706854  0.779425  4.598786       6.726421    841.724121  190.194016   5.100606  1.751144   79.142731
378  41.860428  32.852303   6.500147  0.780535  2.975219      11.102862    872.399841  194.104034   5.053326  3.094746  464.141205
379  12.484463  35.130997  42.013107  0.781025  3.260658       5.588445   1521.683960   78.490242   6.041457  3.781603  308.077698
380  23.983368  41.070438  26.314039  0.766518  2.914968       5.442332   1892.770508  177.238953   8.627021  2.951113  324.798676
381  21.761435  31.861076  26.495935  0.774959  4.795448       5.612056   1126.781006   88.641144   5.366051  2.144546  389.716675
382   3.819607  38.896820  42.056072  0.654560  4.497365       8.171407   1208.189331  143.174194   5.366624  3.598004  129.195297
383   3.000503  48.158234  40.821945  0.725561  4.477703       6.273346   1214.724609  190.474976   5.571867  2.985114  241.529160
384  25.933224  34.316940  25.070662  0.744272  2.843145       8.751997    786.337219  205.820343   8.328146  0.867995  152.563477
385  35.915264  38.398224  16.141275  0.680348  4.394844       9.346090   1105.699219  208.742920   5.582197  1.917614  323.686249
386  23.990404  48.363762  31.864981  0.766959  2.675118       8.193516   1430.575073  189.188782   6.811442  2.448649  335.276062
387  22.937389  42.759571  21.112860  0.791205  3.761184       5.915775   1756.957275  202.224075   5.938525  2.552699  214.435440
388  15.811738  35.304672  30.180712  0.571322  4.789161       7.867536   1542.862427  194.466919   5.383351  3.252987   73.311584
389   0.135898  48.289936  34.557709  0.740385  4.784728       6.888995    931.199707  197.363403   5.233128  2.864185  111.455498
390  11.023598  39.820633  45.535004  0.769121  4.206379       7.348187   1384.388062  222.016144   6.626813  3.259893  306.610504
391  33.020306  43.107761  14.396179  0.776119  4.080853      10.309231    761.712524  217.986740   7.139243  2.262376  404.992218
392   6.332029  47.968483  40.359234  0.796981  3.282709       7.649539    831.852051  121.495140   6.134813  3.294189  363.113403
393   9.806718  30.483738  39.822189  0.594682  3.614186       7.890974   1305.438232  160.354721   6.125716  3.986993  135.358444
394  16.674416  26.271679  47.467327  0.603612  2.946416       9.918288    771.049255  119.513054   5.045144  2.685991  159.594498
395  21.310955  46.296940  37.577263  0.671342  3.372474      11.920096    746.810730  209.326385   6.887730  1.257161  150.916763
396  15.852448  43.398266  26.559721  0.790790  3.531258       6.970804    906.282776  241.404602   6.897761  3.878992  335.883209
397  26.540207  34.705963   9.907355  0.661766  3.842272       8.340105   1198.353394  149.735779   5.950054  3.917697  176.172577
398  38.084797  22.444262   5.382605  0.700622  3.488962       7.563935   1248.316895  162.725632   7.088425  3.382923  387.173584
399   7.865042  35.069489  34.334721  0.701142  4.457334       6.622576   1234.453491  120.976982   6.252995  2.368073  109.459824
400  10.426007  38.090355  43.046745  0.762200  1.934045       8.585789   1093.522705   54.063244   7.625940  1.860897  130.565567
401   6.994626  47.920109  41.530022  0.695182  4.257967       6.130476   1900.784546  174.795013   5.997907  3.803105  245.215012
402  37.302818  28.997900  23.589157  0.764736  2.458386       5.430734   1702.310059  124.076759   6.962471  1.020723  214.166077
403  31.899359  43.618824  11.506847  0.775682  3.188684       9.954515    886.641235  187.777374   5.850402  2.155555  258.036774
404  19.541111  26.041796  18.839247  0.785578  2.976456       5.234977   1251.003418  208.175461   6.057520  3.548376  297.711578
405  14.400861  24.665005  34.104862  0.571624  4.512951       5.959992   1588.905518   59.793743   7.262440  3.488500  185.061447
406  18.617487  43.108414  42.911041  0.617262  3.030225      11.802083    774.137329  128.963684   8.105302  1.914450  172.500732
407   3.874273  45.970852  43.128784  0.722325  3.592017       9.197137    792.460022  166.755020   5.471450  3.592597  216.392166
408  10.653106  39.600147  41.559265  0.779688  3.972443       7.448663    806.838440  229.291397   5.963844  2.704804  310.324738
409   8.228135  28.985876  38.035919  0.686496  2.264113       5.635357   1802.194946   52.071796   8.158946  2.537885  116.722160
410  25.551260  27.694338  26.070114  0.642654  3.699570       7.838063   1203.639282  122.389618   7.624832  1.994533  186.043457
411  26.235884  39.762524  11.806613  0.787927  4.670326       6.033600    938.195618  210.314682   6.918152  2.004584  326.350616
412  18.581057  43.155186  34.968323  0.728534  4.107794       7.216275   1075.672485  233.455139   8.128201  1.748126  313.056824
413  21.027634  47.855865  33.851875  0.753568  2.859212       9.363296   1444.575806  188.239594   7.025952  3.923712  318.651825
414  30.179600  32.066868  23.133087  0.689397  2.614522       6.555563   1968.076050  163.410950   7.004723  2.578555  214.269989
415  17.423599  36.190834  21.424112  0.667073  4.099942       6.039319   1394.645020  191.288086   5.171667  2.867666  148.236969
416  20.990559  46.092247  28.071150  0.629900  4.363605       7.942585   1365.164185  210.389557   5.967158  3.360024  253.017487
417  31.156645  48.195999  18.438992  0.784497  3.722330      10.289891   1303.000244  190.587982   6.326061  3.977881  422.581146
418  18.448202  38.151779   9.853137  0.712503  4.036677       6.284586   1047.859131  186.683517   6.392757  3.210640  209.525513
419  28.154552  40.013699  27.351727  0.692440  3.711728       8.340087   1416.096313  149.115005   5.608897  2.316139  261.507233
420  12.651423  30.287762  31.558975  0.609359  3.406796       7.160752   1353.394775  246.942963   7.569966  3.120904  151.203079
421   6.998042  49.454025  41.641758  0.762568  4.775676       6.214578   1786.254272  161.835907   6.224050  3.421493  250.720627
422  17.576651  39.357979  33.410004  0.744121  4.261158       5.839206   1551.301147  158.861801   5.752086  3.845091  370.968689
423  26.251440  31.769850  25.164169  0.727565  2.166745       9.487758   1099.789307  128.953964   5.976443  2.492638  210.574814
424  15.844171  32.962334  24.244864  0.693302  4.588370       6.319295   1412.318115  248.836044   9.210468  2.497159  151.437607
425  38.926579  34.671379  18.855425  0.761519  1.710163       6.788380   1667.218872   99.070503   5.272933  1.818924  408.075775
426  40.410263  41.398975  36.599491  0.599264  2.297319      10.527553   1608.458862  210.622574   6.161520  2.696897  400.764374
427   3.866197  42.796509  38.938152  0.644986  3.525749       6.619817   1945.478638  175.661148   6.043006  3.234189  109.284790
428  21.177496  43.360855  25.465927  0.725109  4.418752       9.018188    712.355347  219.000626   5.092783  0.818081  146.638947
429  15.987240  46.813179  32.174141  0.774321  4.037520       6.728153   1652.793091  168.742249   5.611145  2.447278  217.915680
430 -15.152678  45.081627  45.969692  0.787705  4.923559       5.385785    952.639954  124.704323   5.667767  3.905870  209.104721
431  19.799276  28.320318  25.493736  0.725721  4.644863       8.115835    723.495911  190.862762   6.132234  3.630628  274.341217
432   7.228232  38.878769  46.524105  0.628677  3.943520       8.031513    972.862671  110.642075   7.073163  3.841729  239.986557
433  18.675777  48.833393  35.114586  0.731603  2.926002       9.277948   1581.303589  179.635956   6.514115  2.905294  232.580246
434  13.485146  45.942711  13.115298  0.797286  4.777640       6.976330    725.152222  197.263565   5.574015  2.989833  166.803497
435  24.882292  37.315571  24.048664  0.782622  2.923526       6.669470   1295.680298   95.953918   6.208711  2.442564  318.817749
436  13.706268  33.647354  42.261665  0.712892  1.608634       8.549409   1256.317261   33.673515   6.484699  3.174005  193.127258
437  22.508389  39.372581  30.214724  0.781181  2.919116       6.969810    999.699951  146.796768   5.956926  0.868079  219.532242
438   7.694549  48.239288  28.934490  0.754548  4.455245       7.553318    743.471313  208.114807   6.745875  2.866203  213.231049
439  27.155434  22.658697  17.157738  0.658286  3.296157       7.058304   1506.432617  162.615952   7.780586  2.519869  150.178024
440  25.249584  30.621254  20.442467  0.709731  3.747289       9.482936    856.069641  147.447632   5.864113  2.421412  173.068253
441   5.704059  34.616779  38.351841  0.559475  3.698842       7.882097   1036.133057  210.319260   6.933960  2.987476   81.447060
442  27.010239  45.712631  14.255930  0.748115  3.337248       8.011875   1866.697754  207.805939   6.097217  3.786263  234.203232
443  23.717556  45.231419  16.769135  0.703348  3.312032       8.365104   1518.055176  235.074539   6.921493  3.804931  204.815872
444  -0.374264  42.919266  36.185047  0.615386  4.848439       5.429543   1464.870972  192.668274   5.883302  2.767165   61.148781
445  28.117205  25.491158  22.227037  0.713817  3.525988       7.561306   1342.418945  156.738892   6.591854  2.454949  229.142288
446  33.354656  37.702930  21.820280  0.765982  2.571274       9.916726    865.347290   81.099785   6.402349  1.768746  467.728973
447  20.083626  43.552414  33.323254  0.796603  2.171726      10.494523    727.351379  126.452881   7.341043  1.674633  240.993683
448  14.257887  44.534466  43.753284  0.725551  3.730287       9.247391   1105.991089  207.861877   8.206273  1.576283  137.486679
449   1.561583  48.374142  46.321266  0.799270  3.924019       6.062286   1238.028809  157.613663   7.229959  2.786538  298.297119
450   3.616342  40.106392  36.134060  0.696130  4.027966       6.284211   1769.911987  142.265976   7.064267  3.791634  152.974594
451  10.635662  47.224224  26.882582  0.722675  3.557410       6.956327    965.472229  151.815002   5.685696  2.228048  146.845276
452  17.661959  36.836723  27.830486  0.767819  3.383437       7.258369    873.007507  110.133369   5.745755  2.602251  341.589203
453   2.350769  47.649452  42.642178  0.721283  3.236296       6.527378   1512.151001  108.989105   6.612384  2.296386  121.100929
454  16.121832  22.440655  38.533844  0.624142  3.242297       6.015220   1041.977783   21.500826   5.210221  1.611397   82.304871
455  17.405844  21.917343  15.291945  0.672356  3.222370       5.333444   1079.444580  181.610352   7.615114  2.321310  215.530304
456   0.657836  39.016834  39.442032  0.705035  4.037458       6.107234    875.255066  141.246628   7.505180  1.966324  115.531387
457  33.600174  16.837729  13.119859  0.701648  2.461212       7.690000   1214.593140  132.299698   6.638146  2.814022  334.998383
458  17.000111  43.081871  21.093702  0.715596  3.891908       7.028082    965.026489  195.728836   7.953919  3.463129  255.340302
459   8.128882  43.395756  43.236580  0.679188  3.511572       8.504446   1366.581421  169.568665   5.421166  3.913824  169.484131
460  12.734097  42.543594  23.075296  0.755679  4.542840       5.409245   1675.566406   83.621292   5.761939  3.551305  233.032623
461  29.132204  36.854092  24.011730  0.745770  4.594366       7.335710   1061.697021  165.071609   7.915785  2.422925  425.670502
462  27.321211  26.904043  14.707787  0.792194  3.928758       7.359656    974.634216  229.898682   5.005893  3.338656  349.631012
463   4.305208  46.844887  36.327751  0.768837  4.897188       5.794284   1088.560547  168.924438   5.238553  2.807710  246.095505
464  14.492253  39.236660  32.235832  0.690166  2.950847       8.811659    908.896240  167.410568   6.577616  3.177956  213.054611
465  19.205933  48.460407  31.215227  0.708809  3.407026       9.558891    892.468445  131.750519   5.294902  3.190904  336.753174
466   9.081929  38.202099  48.370590  0.703820  3.382441       8.415767   1252.432739  116.393372   5.674058  3.135447  215.559937
467  36.388302  18.568058  10.262350  0.731343  3.124216       6.494789   1711.741577  156.638275   5.767145  3.699558  423.862823
468  18.033627  40.129578  22.497503  0.790294  3.136910       6.079142   1589.558594  221.734360   7.983373  2.529250  178.859833
469  33.215931  20.674902  32.760662  0.578949  3.058495       8.721741   1096.303589  165.715332   7.795589  1.669621   78.528297
470  19.457943  48.098640  33.468544  0.713902  3.527874      10.345229   1076.097046  176.359253   6.028924  1.984623  154.861588
471  -0.102431  45.942238  39.671535  0.768646  3.559678       6.259737   1068.900024  119.442200   6.476650  2.634633  165.433304
472  10.986863  35.942348  45.293480  0.760939  4.504787       5.986952   1224.141113   82.662964   7.646926  2.401573  358.578949
473  23.996613  35.896442  41.126106  0.709533  4.896384       9.605026    767.400269   29.291681   6.993241  1.387303  381.756317
474   4.975843  41.907707  41.059956  0.741054  4.724657       5.895383    924.736633  207.838135   7.718534  3.405701  360.745483
475   5.018130  40.463535  30.291451  0.762520  4.028144       7.097575    721.013855  141.345917   6.883861  0.983042   69.140068
476  24.652948  17.097551  26.882681  0.519581  3.567097       9.850497   1039.477417  238.152893   6.626042  3.759132  119.277817
477  15.735224  28.853876  34.096523  0.772766  4.297699       5.793284   1229.061279  204.078293   5.939859  2.595012  317.823853
478   7.323680  37.799065  43.167915  0.745403  2.819901       5.270530   1489.058838   85.831505   6.357183  2.380484  171.251968
479  22.713837  43.862274  23.539169  0.750742  2.730677       9.789866    961.879761  206.970230   7.249427  1.657905  125.616570
480  13.722985  32.825550  32.432144  0.779690  4.357611       5.512893    761.755920  170.583023   5.084686  2.962909  470.103333
481  13.246758  44.057495  42.843601  0.695420  3.836941       7.581057   1745.223511  139.612045   6.736625  2.587731  208.308990
482  22.956036  44.045990  18.092815  0.742132  3.200063       6.761283   1842.567505  189.012299   5.988284  2.505229  140.057190
483  18.055525  39.719345  22.644449  0.753725  4.417502       8.278353    989.925049  235.354172   7.398814  2.997344  209.156815
484  18.270653  31.947254  23.499809  0.784656  4.080234       5.235692   1334.628296  212.065262   8.147290  2.748906  296.565186
485  18.399906  38.563717  32.798603  0.611268  2.179372      12.321607    983.770874   61.262131   6.440609  3.722886  112.445724
486  -2.596108  37.709232  34.882256  0.789759  3.487153       6.458970    797.528381  120.624382   7.878509  3.894314  254.859894
487  14.606081  40.788139  39.358006  0.745023  3.268209       6.016619   1429.061768  177.957657   7.825945  2.855886  300.766632
488  -2.187724  42.288288  47.111126  0.752258  3.539961       5.186942   1178.700806  223.693146   8.095866  1.930276  117.005142
489  27.707926  43.116352  17.519266  0.762044  3.655056      10.211930    839.766113  179.390030   7.414177  2.988364  295.016998
490  20.970413  20.790447  33.308010  0.769168  3.805800       5.189449   1293.021484   96.209450   5.710397  3.764446  351.776306
491  28.390356  38.921879  29.812258  0.756167  2.650203       8.161788   1327.045288  216.009995   6.681318  1.674459  271.846710
492  40.392960  23.252712  14.984742  0.749225  2.113368       9.030707    864.512024  188.210587   6.617157  2.591457  448.001068
493  21.095459  32.940525  30.256052  0.710631  4.156097       8.043727    916.361267  128.641006   5.969320  1.492361  184.714188
494  39.342819  32.549870   4.031770  0.737826  2.782545       6.483483   1996.473267  164.051178   7.028085  2.161254  252.076340
495  33.479977  30.931265   6.415941  0.764429  2.686482       7.645750   1181.581787  224.282074   7.259840  2.532183  255.504166
496  32.102917  43.626617  11.848859  0.787185  3.305781       5.398832   1620.946899  239.612137   8.132468  2.614172  371.374298
497  19.246826  33.516216  31.389202  0.605478  4.098479       6.831827   1466.748657  118.089668   6.625290  1.753132   52.495926
498  24.525837  40.727116  14.059841  0.742669  3.069837       7.257479   1644.211670  175.862198   7.269309  2.711911  138.635468
499  -7.880389  42.948586  43.169090  0.792194  3.691599       6.433531    709.661560  127.277550   5.817838  3.366557  235.967056
500  34.412247  41.084545  12.798715  0.743872  3.244247       9.066957   1326.193848  197.162750   7.270123  3.034478  311.864838
501  40.519234  15.163729  23.141453  0.677630  4.252594       5.913301   1703.596069   89.560989   6.060427  2.481647  348.762787
502  29.861603  34.995251  29.700024  0.617037  2.501198      12.425604    763.537598  174.051590   5.069236  2.300185  197.127136
503  -4.729209  39.112679  42.920944  0.738766  4.004219       7.058091    757.894592  128.883392   6.288193  3.925534  267.478638
504  45.274776  23.527987   6.769126  0.768736  2.432239       9.769911   1213.479492  106.924095   5.279669  3.108173  424.857513
505  15.875911  38.017200  47.376095  0.751570  2.832822       6.773407   1509.137207  102.308624   6.607774  2.087409  220.283127
506  22.294886  41.066174  40.948086  0.643288  3.957158      12.124244    796.977600  177.071136   6.285900  3.282017  213.925735
507  26.143059  28.392332  32.229847  0.676554  3.567724       7.210840    984.059387  177.711349   7.462720  1.449442  219.892654
508   7.546997  43.788589  44.650459  0.757752  3.704564       7.272187    888.931702  189.912369   7.519398  1.680985  260.213165
509  12.873591  28.914988  47.585449  0.526703  4.719673       6.989319   1645.535889  128.271393   6.098327  3.792781  140.517990
510  21.232887  41.044075  34.198261  0.750906  4.834250       9.001558    741.919312  121.705269   6.551337  2.107525  315.584503
511  24.588514  35.452515  15.441154  0.603920  3.441803       7.481413   1860.507812  167.240921   5.941803  3.481020  144.948288