           lon        lat        inc      D1AU     delta  launch radius  launch speed    t factor       B1AU     gamma         vsw
0    12.619408  44.241165  32.139256  0.749553  3.853722       8.313775    920.824646  202.554016   5.400876  3.618297  224.121078
1    23.193911  34.702343  34.521965  0.533509  4.089893      10.371387    836.439148  171.290009   6.385098  1.786228   82.710838
2    40.148109  16.842754  18.813032  0.705420  2.309299       8.701004   1405.833374   53.460278   5.363295  3.027176  289.591156
3    31.412827  32.725349  28.073587  0.779632  2.786745       7.299752   1187.239258  214.767807   7.768883  1.110030  187.958359
4    -2.580598  48.028347  33.311390  0.730649  4.338376       6.332694   1099.584351  177.669510   5.536150  3.861695  114.950401
5    27.125454  28.783310   4.634939  0.762199  4.599514       6.519582    804.482300  233.765182   6.080542  1.167308  232.760986
6    21.549747  31.325891  22.645525  0.771782  3.423926       6.838236    946.042175  113.287079   6.548046  1.600647  280.718475
7    19.609135  42.941582  20.831896  0.733363  4.651551       6.834192    811.132141  160.778732   5.207859  2.607931  337.241760
8    36.647606  39.573219  23.947166  0.581573  2.769984      12.806083    937.816101  159.590073   6.215569  2.482107  249.029526
9     8.934259  47.082851  25.731432  0.770149  4.317354       7.091874    714.469971  169.899704   6.044291  1.578980  137.910034
10    2.382535  41.534115  33.442593  0.685317  4.502731       6.920655    714.860962  191.319778   6.392382  1.843353   90.753029
11   31.499340  24.327009  23.926437  0.596191  3.838246       7.586419   1021.257324  139.034836   5.088358  1.505804  147.752243
12   23.562567  46.706783  21.048395  0.712686  4.124783       7.342397   1542.934814  243.478455   5.830290  3.036492  238.331253
13   18.019520  38.189342  30.629683  0.624110  4.097906       6.765199   1754.360840  239.252274   6.252152  2.871527  146.576462
14   19.998802  41.801735  38.276463  0.744741  2.829114      10.029354    840.295288  100.681137   6.367112  2.937555  379.262695
15   21.067434  34.724709  34.714588  0.792593  3.536928       7.181925    781.360596  114.222626   6.753984  0.511145  273.517029
16    0.845091  40.573265  43.534000  0.691879  4.429012       6.530326   1012.168762  181.066635   5.489281  1.357777   68.620720
17   27.209673  37.803093  25.391390  0.688140  3.804841       8.686758   1113.240601  125.709846   6.496202  3.185016  289.552826
18   18.375929  45.928017  25.454481  0.783095  3.346514       7.721925   1075.811401  187.502045   6.974540  2.385323  270.527740
19   25.044802  31.178841  36.582195  0.697286  2.907213       7.769334   1677.838379  158.949600   5.970215  3.651763  255.224777
20  -11.408875  38.971462  49.306450  0.637005  4.043086       7.147493    950.531982  199.413559   5.160642  3.740337  119.820633
21    4.739551  44.436417  37.144947  0.714889  4.734033       6.996914    957.047607  222.606339   6.870725  2.662943  163.447418
22   33.006687  38.708076  26.311489  0.694906  3.208536       9.901239   1062.514893  111.039528   5.601962  2.349372  317.316772
23   17.559765  47.037773  27.522228  0.796935  3.405138       7.707601   1030.173950  149.173157   6.738505  1.713454  180.863525
24   10.311333  46.790104  33.993042  0.779220  3.734752       6.024449    996.952759  173.540359   7.443801  1.789439  234.811050
25    3.948110  42.060795  40.831985  0.742002  4.351499       5.066347   1439.038696  121.531815   5.790936  3.872536  334.520660
26   15.485288  39.951653  44.410934  0.626252  4.719215       6.992074   1541.066772  151.288208   5.849260  3.521972  299.825165
27    9.153354  35.918118  34.345234  0.730433  2.801872       7.713725   1112.480957  143.183151   6.666731  3.295337  180.898712
28   15.024306  47.771255  25.933783  0.729890  3.423522       9.612828    811.565735  190.975327   6.436609  2.277600  132.120667
29  -10.553976  49.903709  46.529133  0.772587  4.422145       5.305808   1343.277954  216.151947   6.777979  3.035893  111.286758
30    9.907065  45.236248  33.787918  0.789749  3.456749       6.653614    895.231689  101.680756   6.867218  2.107158  321.697571
31   23.579433  49.794544  25.408699  0.733396  3.432034       8.036406   1776.307739  199.607468   7.695693  2.717709  234.249771
32    2.237323  44.291176  43.823788  0.748207  4.193458       6.000004   1331.725830  155.965057   7.168386  1.675792   78.521858
33    8.005630  45.847752  27.158112  0.795795  3.357212       7.960995    850.864929  207.338333   8.754861  3.779639  221.207611
34   18.203825  49.764950  17.245998  0.777341  4.296385       6.158905   1544.814087  210.123810   5.589458  3.162979  183.189896
35    6.291419  47.287544  40.599285  0.776786  3.962813       6.067002   1613.830811  149.851929   6.322953  2.573752  224.538208
36   20.583708  43.789772  32.129860  0.795112  4.196725       6.667758   1276.262329   96.712479   6.239206  2.127217  443.386902
37   22.508175  31.449190  22.516745  0.746068  2.936167       7.486145   1038.049805  172.832443   5.695188  1.575283  140.703049
38   29.432888  31.678349  37.259598  0.752512  2.286734       9.374319   1060.394287  120.006073   5.581463  3.271971  409.701660
39   20.728281  44.955132  39.121376  0.746114  1.914657       7.344905   1608.394897   76.675430   6.009094  2.036802  315.777405
40   21.457695  29.155853  19.984859  0.798117  3.886973       5.587030    977.540955  215.342056   7.414066  1.814161  298.009125
41   15.786692  42.523693  38.026550  0.709256  4.473213       6.976989   1113.438477  239.005173   6.484925  1.854054  215.296356
42   20.621643  47.348866  36.944958  0.775598  2.352489      11.657249   1005.009338   85.783882   5.107866  2.285190  288.935669
43    9.381972  40.887119  39.237518  0.595273  4.318849       8.934778   1174.608154  229.674866   5.330976  3.232423   88.227821
44   20.332439  41.702278  41.248806  0.787872  2.533478       5.633389   1506.155029   90.459145   5.746867  2.534482  374.908386
45   27.212404  36.269669  13.425412  0.726841  3.950871       6.130760   1675.334961  238.480560   5.224863  3.721684  314.329651
46   26.123919  47.946136  19.352867  0.771417  3.300203      10.103381    708.645874  237.062790   7.519950  0.711889  186.753204
47   36.305157  24.372059  14.678828  0.717609  4.472124       6.430724   1337.689209   48.526875   6.476397  3.188246  431.353516
48   16.895309  46.117310  21.733208  0.781987  3.795554       5.834344   1434.289307  163.779999   7.457126  3.551065  268.405212
49    1.715591  48.682243  49.851707  0.716518  3.310208       6.536437   1667.730835  131.893112   5.766444  2.616880  188.928589
50    9.740908  47.811138  38.206272  0.786723  4.113432       6.314237   1214.337036  219.563782   5.794264  2.096402  234.182800
51   16.808228  45.358223  38.564411  0.773785  3.192949       8.184264   1218.370850  248.907303   7.376897  2.672205  315.108490
52   28.545242  31.908644  21.247078  0.688899  3.337210       9.298691   1078.384277  248.297867   5.888668  3.424529  312.834900
53    7.626254  40.532921  30.961960  0.786463  4.920944       5.028073   1044.894775  199.552139   7.537949  2.280607  238.565659
54   15.149154  40.398994  34.666889  0.736354  4.661163       5.809125   1492.496826   68.876190   6.334111  3.653823  386.756744
55    5.934040  48.612774  43.363831  0.784243  4.400514       6.561450   1117.556274  100.895760   6.420532  2.226128  361.778015
56    1.300396  47.012573  41.812645  0.713111  3.852496       8.227771   1170.797485  126.332733   5.565975  3.155321  162.646576
57   15.004456  43.775803  32.114983  0.655725  3.101069      11.836233    758.446655  189.125137   8.348046  3.855035  159.648834
58   22.884916  28.906931  20.037262  0.713040  4.342849       5.559844   1310.466064  178.295792   5.301811  2.454251  223.703171
59    5.885317  47.167168  49.003780  0.574464  3.913239      10.692139    840.277283  174.495285   5.475113  3.396552  177.071884
60   16.641665  47.773125  37.113171  0.775656  3.167800      10.023772    743.364746  131.516388   5.938367  0.777063  123.658470
61    5.573596  48.461288  36.067993  0.787932  3.746302       5.508594   1418.542969  185.048309   7.639859  3.546115  263.998474
62   13.473660  47.250057  31.449560  0.782576  3.336453       8.677957    720.617004  202.781281   6.054388  2.200740  332.388123
63   17.636879  21.923763  33.325089  0.613262  2.596133       8.933403    885.286804   53.237137   6.301978  3.385862  175.858902
64   18.424126  40.764233  24.271238  0.794195  2.908325       8.101603    870.480591  187.571350   6.137256  3.148363  344.175568
65   38.369663  32.776382  19.222849  0.771016  2.583832       8.464499   1085.518433   63.033638   5.519430  3.257776  488.760193
66   22.545786  43.082897  22.781715  0.748418  3.646982       6.964583   1870.018555  173.863525   6.812366  2.611904  163.813400
67   23.758818  39.400715  21.006733  0.697750  4.299335       6.478357   1529.888428  210.820175   5.824180  2.217025  226.356354
68   10.302760  36.285812  30.717997  0.742141  4.162416       6.267141    936.589355  221.960480   7.769041  2.858912  216.910858
69   16.848743  35.163754  24.730944  0.769438  3.234775       8.315176    777.320374  171.424896   6.579911  3.558766  312.467621
70   11.936101  37.212154  32.942177  0.738469  3.198963       8.078074    819.060730  168.290741   7.490734  3.667679  232.632843
71   16.257145  39.560692  22.773399  0.730533  4.625068       5.950779   1104.639404  145.819427   6.179240  1.621729  170.966431
72    2.264431  45.623749  41.823513  0.770916  2.811315       8.757683    859.131714  152.322220   6.108523  1.805855  100.477959
73   -0.589440  41.167912  41.844139  0.749177  3.819923       6.919766    834.944214  218.925720   6.965856  2.847636  168.628464
74   31.188383  41.201050   8.859477  0.704390  4.279394       8.337297    885.682678  233.675858   7.848740  2.391699  285.582916
75    5.509670  48.011841  28.906990  0.746773  4.746631       5.558023   1116.550049  157.531082   6.323064  1.616428   71.113808
76    4.862684  47.456455  38.227974  0.717636  4.184315       6.799414    937.124329  218.553879   5.128031  3.225768  274.861908
77   26.692768  39.877979  19.609997  0.797649  3.565685       7.030371   1190.338379  142.269928   7.130871  3.584346  392.640289
78   19.607347  26.131630  21.079882  0.779484  4.333411       7.378706    709.313171   78.046631   6.802208  3.513150  356.635162
79    5.230884  49.825024  38.240955  0.741592  4.013182       8.239517    958.796082  170.631592   5.216367  2.453797  168.984467
80   -0.460887  39.414185  45.544659  0.732783  4.007843       5.274134   1779.998291  155.049026   6.289298  3.283005  188.798599
81   23.183338  41.747921  27.515354  0.793112  4.289149       7.173410   1174.462524  158.005295   6.210670  2.522378  321.580963
82   17.384232  38.795307  44.469086  0.663606  2.259329       9.745532    838.569092  104.883530   6.575200  2.488136  270.750214
83   22.558165  46.145145  14.717605  0.746924  3.887557       6.448562   1434.270264  229.392410   5.979780  2.970133  229.200989
84    5.834033  40.122860  32.635761  0.778370  3.572877       7.441051    859.436523   91.972382   5.390483  2.997051  224.233353
85   33.620712  19.786797  28.360369  0.739890  3.113705       5.321290   1838.335938   77.412811   5.578208  3.470714  400.967987
86   22.860773  23.756845  21.736515  0.712159  3.120109       7.127890   1065.081177  203.988907   7.008494  3.391800  306.107758
87    8.893768  40.113506  33.257107  0.781485  4.192455       5.416646   1237.110474  211.838272   6.487501  2.630325  229.593277
88   26.975630  47.420216  37.828201  0.796223  3.186960       9.899961   1548.537964  206.315231   7.362721  3.908433  491.728180
89   -4.507245  48.694630  41.878078  0.691436  4.601491       8.751273    716.766235  183.783905   6.344591  3.904194  155.781998
90   14.779227  28.486645  30.441858  0.788639  4.323467       7.990837    876.585144  200.542740   6.325343  3.923180  310.304413
91   24.954405  41.954826  22.803352  0.637104  3.005989       8.050194   1366.368896  153.139816   6.145491  1.893938  113.069115
92    9.849263  37.873264  47.803673  0.736283  3.418298       7.811439    950.602356  102.907379   5.396589  2.438487  310.791748
93    8.786362  44.890598  39.686794  0.616214  4.390187       8.494245    882.339355  186.692947   6.289175  2.454875  168.613571
94    4.381370  43.250420  36.522690  0.741054  4.134838       7.849971    953.130615  148.555023   6.721364  2.887810  138.321609
95   25.199379  48.889843  14.522896  0.790514  3.639610       6.985422   1606.098267  172.333008   6.857343  2.717950  187.455109
96   23.540798  30.894514  20.793764  0.779690  2.889328       5.967650    896.918457  143.815628   7.581329  1.148149  296.049561
97   29.933601  28.194977  22.088236  0.756688  4.134983       8.588858    817.947876   97.035378   6.556673  0.833581  236.629913
98   13.866468  46.556145  29.542841  0.796579  2.872624       7.354206   1079.681763  175.582260   5.902761  1.485072   91.759964
99   23.564346  37.653145  21.079773  0.700499  3.731002       8.044862   1259.673218  196.906937   7.110718  3.803695  275.677124
100  29.106539  31.704878  38.487099  0.722433  3.935860       5.942242   1971.847778  187.233078   6.346237  3.621688  379.109528
101  14.625571  42.677914  35.862125  0.799715  2.787701       7.857826   1084.351440  215.378204   7.778400  3.043823  292.086121
102  14.494738  47.903507  42.426411  0.683891  3.366982       9.927686   1308.645142  192.175659   6.430674  2.829073  258.362762
103  -0.935586  46.194244  31.526991  0.769767  3.882300       6.296096    918.496887  197.537857   5.608692  3.110084  148.848053
104  19.554342  28.606506  15.013882  0.764516  2.522837       6.966062    736.892334   73.826462   5.552640  1.970894  320.760956
105   9.809099  44.430725  19.477442  0.736564  3.751809       6.227150   1209.090820  215.206909   6.178197  3.094070  115.812637
106   7.542766  41.897820  33.079681  0.713948  3.051902       5.509931   1571.336792  106.301323   5.013327  2.232947  103.198822
107   7.242120  48.737782  42.290989  0.768055  3.626338       7.490816    856.991333   69.682549   5.001407  0.713490  104.461784
108   2.050774  43.004379  37.960567  0.586592  4.363278       7.315187   1311.551880  172.907547   7.871593  3.176445   54.960789
109  23.402714  29.347567  18.780470  0.718919  2.735504       7.522847   1079.156128  160.632706   6.494210  2.657296  221.980820
110  21.369862  42.343208  36.405811  0.696040  2.272165       8.097330   1786.923950  140.030060   5.630396  2.598655  220.860306
111  11.881044  38.512520  35.253948  0.735008  3.192377       7.173807   1215.707764  153.848068   6.583619  3.850613  282.323242
112  19.962896  26.623096  33.954910  0.740977  4.836910       6.818494    874.799866  112.790878   7.218312  1.872471  280.936737
113  43.662964  39.963428   0.530638  0.776881  3.081703      12.036702    818.411499  182.550079   6.068708  2.237365  387.857513
114   8.485909  49.648438  34.869473  0.768377  3.564725       6.454922   1146.979736  188.847031   6.246161  1.886143  193.859207
115   0.398839  45.040096  43.000248  0.713827  3.634638       6.973868   1514.503174  126.121712   7.550562  3.141557  112.255005
116  18.266548  48.564285  24.055857  0.760670  4.098398       5.604069   1718.361694  174.183121   5.961544  2.072268  167.822556
117  34.104103  43.847115   8.909083  0.779042  3.394547      12.193360    755.619324  184.331863   7.394608  3.711914  305.506500
118  43.906013  32.719318  13.006968  0.744076  2.034675       8.800198   1290.930908  138.891418   5.619768  1.503518  330.098419
119  42.895737  15.128375  26.042223  0.640512  2.641016       9.200383   1029.905273   63.665146   5.482770  3.628428  385.439087
120  22.719585  28.249804  31.055145  0.635612  4.949098       7.590345   1575.053345  112.829361   7.163439  3.444787  211.431946
121  24.116232  37.483894  31.471949  0.684975  3.506404       7.578645   1332.091064  187.697662   7.475995  3.706593  326.300385
122   5.656391  41.555027  20.136190  0.733599  3.658603       6.600836   1124.872559  214.645691   7.971704  3.578191  119.829865
123  32.886639  35.717991  10.229998  0.716713  2.613583       8.939611   1469.552856  153.562225   7.570582  3.028179  250.646896
124   1.477804  45.553905  49.264317  0.749971  4.715893       6.178735    967.002075  154.190582   5.510385  1.015650  130.470047
125   8.109795  38.902023  29.290985  0.792156  3.610679       6.212984   1061.929932  131.558975   6.678718  1.425203   66.761871
126   6.696685  34.163761  47.482380  0.725516  3.509500       6.469259    818.753113   84.947975   5.799785  1.095330  141.599518
127  17.349106  31.771107  21.228170  0.696699  2.730506       6.695035   1760.112915  132.775070   5.958500  3.787082  188.291702
128  35.097553  34.116360  20.337015  0.530354  2.951929      13.359406   1079.688354  190.210876   7.558742  3.363632  102.799171
129  26.214798  45.042747   6.726158  0.736210  4.213202       5.012544   1440.496582  246.477325   6.720150  2.096377  154.445221
130  -1.559736  48.320969  38.974136  0.779033  4.394339       6.217567    806.780945  235.150681   7.939111  2.838912  265.020905
131  11.189625  41.526646  39.579201  0.770244  2.442988       6.980171   1779.562134   84.874603   7.450267  2.704493  193.223297
132   8.076532  38.672050  36.249542  0.768327  3.184031       6.729010    938.761230   93.784393   7.069167  1.684640  199.606979
133  10.529541  38.243195  39.051098  0.729289  1.736120       8.294187   1462.421021   67.302231   5.130130  2.831247  152.585220
134   7.275553  47.544239  45.883156  0.798886  4.586911       6.908404    820.652283  170.145615   6.352316  0.813572  311.964752
135  14.121873  36.823917  27.010344  0.720389  3.749381       6.651092   1406.335327  118.248047   6.200517  3.739846  229.927521
136  27.003241  41.445717  34.683201  0.679637  4.200539       8.337511   1778.725220  218.863190   5.243245  3.541963  387.932434
137  12.429308  48.195335  31.412954  0.762513  3.273526       9.207324    922.233459  177.303848   7.214683  3.920466  305.863373
138  27.103319  29.552656  22.158108  0.734113  2.461564       5.629725   1419.873169   77.974663   5.429407  2.400343  298.361084
139   6.684300  47.107937  40.397160  0.790772  3.076123       6.159495   1352.213013   81.888359   8.061928  3.090765  303.807281
140   5.441611  29.240316  43.391064  0.790888  4.216963       5.344484    915.595154  111.925163   6.487307  2.988118  403.279907
141   5.121494  33.611382  48.616989  0.489258  3.392533      10.666295    765.558838   77.016998   5.244807  3.882384   86.743378
142  12.857965  43.125374  28.187302  0.757249  2.831871       7.716353    917.101501  160.524521   6.189448  2.695862  227.009216
143  16.398972  44.189541  43.151958  0.688093  3.278871       9.499380    973.256165  155.249359   6.238696  1.245524  155.144836
144  28.877050  44.806370  31.404715  0.708628  2.799377       7.900044   1962.594482   71.852730   6.319472  3.724687  402.117218
145   6.272675  42.745308  43.864220  0.788033  4.908492       6.468744   1119.088989  167.149780   5.836228  1.440106  177.676620
146  13.387743  45.905968  31.740080  0.749270  4.533513       5.297908   1192.035889  191.239685   7.089258  1.665747  167.943314
147  18.755270  48.217136  34.157681  0.788200  2.486698      10.056302    822.254822  157.311523   5.446997  1.971109  374.239227
148  29.705521  39.700665  12.844055  0.757123  4.596499       5.764960   1043.185425  128.474045   5.235181  2.267055  381.562683
149  19.233118  29.593079  24.021152  0.741630  3.960149       7.378448    980.985718  227.826157   5.627533  2.407369  260.468933
150   4.318462  44.356316  38.110523  0.764141  4.904796       5.542343   1919.947388  199.804443   6.530053  3.876934  236.015396
151  -8.521330  41.406494  42.217186  0.630759  4.793148       6.795939    787.746887  169.473557   5.185834  2.936328   79.862778
152  23.759794  41.522743  21.156624  0.784863  4.093980       7.478510   1096.753540  219.352905   5.303068  2.704419  278.559235
153  -6.008446  40.831032  41.233807  0.750578  4.432032       6.511518    963.581299  219.159943   6.127610  3.611647  205.299698
154  33.254314  25.710352  19.099251  0.640130  2.306504       8.454495   1127.134766   63.427429   6.635468  2.263561  167.047775
155  23.052485  28.422943  13.268791  0.735605  3.890988       6.166580   1243.857910  243.494232   8.269063  2.449181  191.171188
156  13.021582  32.254631  36.223518  0.686931  2.744251       6.456261   1193.874268   86.575211   7.164874  3.815527  285.984894
157  11.722652  45.542080  38.723648  0.697377  3.368654      11.049253    746.576538  232.662720   7.374201  2.986399  188.758087
158  18.460159  36.731579  49.804882  0.741860  2.862701       9.777922    722.732056   24.882845   5.875275  2.882714  321.734222
159  24.449154  45.448006   4.860640  0.762002  4.732905       8.277286    752.104614  190.332916   5.025222  2.700778  131.426636
160   0.191898  35.725746  45.003883  0.725803  4.981853       6.672343    710.566895  161.323883   5.188177  3.862282  293.264008
161  10.948665  47.567863  30.312447  0.722038  4.400634       6.120545   1396.760254  234.853485   7.111388  3.940842  252.105606
162   5.306133  38.464413  49.653957  0.779041  3.873213       7.989352    873.929749   67.668289   5.588300  2.436612  243.627701
163  28.029238  44.749313  15.230843  0.746942  2.627072       7.345945   1926.710938  116.751411   6.444551  2.164195  133.543427
164  23.217587  49.339462  29.685951  0.742078  3.626266       7.909205   1634.606079  138.894150   7.142707  2.868313  391.979980
165  40.896557  33.587337  10.493269  0.765199  4.168280       5.120131   1787.413818  185.979874   6.173889  1.256351  346.503967
166   1.262399  43.804867  42.290813  0.691726  4.520773       5.937420   1223.578857  215.803024   8.439734  2.448460  185.193436
167   2.537459  46.524471  47.226120  0.676018  4.839497       8.593518   1066.507446  194.379379   5.996704  2.367174  148.400253
168  22.130064  41.690865  26.137634  0.728404  3.617360       8.387252    865.384094  207.863739   5.013175  1.563244  221.041885
169  31.675859  36.558571  26.711151  0.732317  2.451174       7.594900   1452.475464  103.915085   5.585297  2.629443  329.864807
170  24.851629  43.001781  13.066432  0.712647  4.463909       7.073824   1571.556274  224.790421   5.196643  2.744977  131.489792
171  17.576927  42.168331  34.420654  0.771212  4.483014       6.985004   1159.138306  213.450317   7.788212  1.860016  288.432922
172  15.839003  38.807529  39.737011  0.729141  4.610077       9.922953    716.185852  165.553345   5.651525  3.502986  359.617279
173  39.511993  32.706692   3.458866  0.785208  4.154174       6.982896    970.005066  188.501297   6.148079  1.010713  324.761963
174  23.538204  43.199627  37.930222  0.718684  2.339273      11.912361    793.533264  106.765747   6.398599  2.798986  351.223206
175  17.959053  41.572166  23.486553  0.767020  3.477979       7.189161   1324.731567  193.826019   6.509640  3.505338  292.537842
176  20.934242  47.323906  38.347755  0.708437  2.496038       8.494914   1568.650513  107.805519   6.576370  1.905270  259.866791
177  25.488356  43.668228  25.384174  0.687465  4.002070      12.098111    768.293030  210.381454   5.514259  3.972066  291.860840
178   7.693452  44.770100  30.982916  0.705207  3.839881       6.579349   1338.487183  164.072601   6.157486  2.221704   70.003868
179   4.146121  37.701809  45.907715  0.770645  3.878890       5.858317   1267.729736   92.235123   6.891909  1.959507  172.061630
180  13.078205  46.971436  34.813080  0.770491  2.659399       7.964938   1493.498535  159.869843   5.182905  2.408917  182.196472
181  16.092012  40.138561  28.114761  0.743217  3.312383       8.899330    895.884094  154.517960   7.160662  2.173260  199.402023
182  28.057007  29.081537  10.710999  0.626268  2.491763       9.857706    925.922913  134.385712   5.515011  2.021911   88.854233
183   9.204712  43.447552  29.489826  0.773938  3.952843       5.007431   1255.916016  234.626862   6.873936  3.100982  301.658844
184   7.529247  37.460155  40.784695  0.718008  4.333909       6.524514    907.593384  191.076126   9.038645  1.043891   76.343887
185  20.914522  45.770725  22.626566  0.797701  3.641800       5.933784   1705.309814  218.594589   6.844540  3.413953  312.702789
186  30.892927  42.089157  19.773697  0.727147  3.460851       8.765416   1738.458862  234.394714   6.062629  3.842079  372.993774
187  28.567635  44.134674  27.537462  0.684889  1.971468      11.775145   1471.776855   81.515884   7.544052  3.182855  221.272171
188  -7.694719  42.557625  39.655739  0.774848  4.742681       6.540694    758.321899  146.707047   5.610895  3.240127  183.343338
189  -5.135662  45.098362  48.330124  0.746615  3.781943       5.279013   1491.932373  170.947952   7.395450  2.437461  126.100746
190  31.874430  40.352673  15.286474  0.745593  2.765999      10.598575    766.083679  172.226593   7.322652  3.357253  364.969849
191  -3.741333  46.767685  47.234158  0.771586  4.456690       6.756424   1080.693237  237.833160   5.261371  3.975976  280.263245
192  20.028269  29.408897  32.365475  0.709517  2.190598       6.963132   1250.778687  150.060257   8.171555  2.112108  221.516769
193  30.624516  21.222235  16.977964  0.585093  2.758379       9.365400    921.832581  139.441422   6.831704  2.089667  133.353394
194  20.607281  41.075943  29.528135  0.743038  2.301328       7.342298   1552.782227  181.587952   8.147446  2.610729  204.309875
195   7.724801  49.918793  42.709969  0.684760  3.302667      10.983103    867.560913  206.832611   7.904510  2.792926  182.921188
196  33.380573  35.241314  22.571844  0.755401  4.022772       7.870680    972.479187  231.751144   6.397274  1.346918  287.921478
197  23.770838  37.691128  17.068750  0.742111  4.062335       8.204826   1056.703003  115.422691   5.921314  3.771391  318.463013
198  32.021729  36.099442  13.357423  0.730922  3.933034       8.623013    938.740417  223.661926   6.507818  2.823020  292.198212
199  33.136700  36.116261  31.934475  0.607459  2.729954       8.019842   1939.328979  109.847359   5.776236  1.679070  139.547638
200  20.101088  29.812386  33.319439  0.785909  4.524508       7.232539   1162.494263  208.256104   7.470536  2.875881  307.335571
201  -3.019521  48.404202  49.628342  0.756423  4.280634       7.043367   1469.774048  186.580276   7.176167  3.751863  193.175339
202  23.040867  37.452450  32.961060  0.771620  4.350492       6.694533   1022.674194  106.635422   5.872175  2.144902  433.487701
203  16.400820  38.555130  31.427843  0.792615  4.050727       5.023688   1192.477417  190.463455   5.625072  1.503447  243.380875
204  18.953892  42.767487  18.687103  0.767575  4.597335       6.036324   1040.210205  215.870972   5.422668  1.879779  191.548630
205  22.409100  47.036064  19.078867  0.788721  3.922177       6.183331   1217.328369  249.782440   6.556553  1.201487  136.484024
206  21.480431  27.472458  31.903576  0.736562  3.157280       8.891470    805.009033  128.368851   7.327016  3.110013  336.977051
207  25.106228  26.714329  32.165897  0.600745  4.183051       7.429647    994.571899  173.252670   7.029837  1.374941  118.622887
208  10.609774  44.400532  33.938145  0.634285  4.858318       6.218966   1470.193970  154.178909   5.957230  2.182755  119.250732
209   5.082795  41.300667  43.844509  0.740512  3.805398       6.116960   1899.170898  186.417450   6.819108  3.691921  232.793808
210  12.575782  29.073101  31.215134  0.644682  3.979803       6.486618   1353.631104   74.268173   5.412759  2.866825  172.065277
211  26.812483  33.810921  35.350567  0.794807  4.396735       8.262023    797.804382  105.924118   5.950203  1.929466  417.872253
212  21.285524  38.286911  23.955418  0.757055  3.962622       6.867804    932.756348  193.014435   6.006256  0.927376  204.123428
213  14.601906  45.517509  22.166466  0.791898  4.832404       5.928723   1351.835205  199.193405   6.791671  2.264356  136.360458
214  17.230673  33.268585  36.466454  0.749808  3.710676       7.678204    700.636963  108.032600   6.681008  1.998884  326.977264
215   2.121428  40.535450  44.805557  0.712108  4.479176       5.341954    882.979980  219.090561   8.665610  0.837542   51.362045
216   7.546460  43.870232  43.579437  0.784720  3.478427       5.600679   1511.341064  155.812576   6.107930  3.879417  367.889771
217  -4.487118  47.144821  46.223362  0.769744  4.848577       5.542076    881.300049  195.559433   5.498540  1.568688  192.800201
218  20.639530  32.197426  17.950874  0.774096  2.281065       8.143924    976.620056  105.550911   7.631123  3.081488  247.960007
219  17.440603  45.091408  35.044991  0.790379  3.859345       6.907658    916.322266  171.542267   5.885103  1.303703  319.898499
220  14.971184  49.731995  39.845554  0.728581  3.260815       8.108781   1365.493408  192.508621   5.727190  2.401092  242.229294
221   9.110196  47.235355  31.149675  0.709208  3.838785       8.637774   1115.691772  221.046432   8.139588  2.928182  130.624634
222  -1.567140  43.941982  36.853428  0.734125  3.428027       5.020881   1573.678101  191.123917   5.853220  3.400686  159.755280
223  26.393808  32.089390  18.122332  0.739922  2.501165       9.176424    960.496155  155.174622   6.305198  3.608165  323.233795
224  17.682062  44.869999  40.322655  0.731803  3.781449       9.567755   1153.270264   73.980026   5.498057  2.566875  295.906799
225   3.337011  45.110176  33.998276  0.729246  3.513503       9.044461    823.442566  241.059555   8.405768  3.978077  134.603546
226   3.642705  39.150459  36.910015  0.648920  3.823224       6.189511   1811.530396  196.998856   6.073665  3.961901  118.363235
227 -15.022978  49.072170  49.598080  0.777311  4.287784       6.618899    899.982483  206.108749   6.373733  2.264485   86.095642
228  12.075119  33.924541  35.630116  0.645414  4.283543       8.151480   1378.093872  151.847076   7.085884  3.859633  154.872726
229  16.586699  39.868744  27.130846  0.736968  3.923067      10.252768    716.393799  192.449753   5.673506  3.941438  233.821594
230  16.651867  41.578075  30.933420  0.731032  3.769645       7.219083   1220.289917  168.973251   6.016074  2.309911  232.174500
231   9.796566  34.906200  29.402878  0.694836  4.238770       5.419698   1148.468140  177.263245   6.747248  2.998897  226.851822
232  24.705359  38.240669  31.827343  0.779364  2.019005       8.529516   1615.590942  173.913177   7.002573  3.670411  362.654236
233  32.615562  38.576447   9.986010  0.726888  4.876141       7.310304   1354.914551  215.817978   5.252743  3.175233  334.720673
234  33.736389  22.469027  20.317434  0.680621  4.345972       6.050797   1433.483521  141.212708   6.985673  2.736232  332.126617
235  15.267397  44.645138  25.732399  0.723295  4.880914       7.112463   1321.560181  243.228195   6.236066  2.461825  146.880585
236  11.758031  45.504757  24.688387  0.785883  4.060942       5.334010   1469.740845  167.061890   6.440948  3.169173  247.196732
237  21.552559  38.900135  24.647215  0.664967  3.365524       5.642539   1665.868408  149.428635   5.181899  3.220442  266.635864
238  14.436343  47.690685  25.841412  0.794286  3.685921       6.953335   1480.476074  185.372833   8.353349  3.756700  257.265747
239  34.816883  34.946541  27.732615  0.768814  1.138942       9.178674   1094.654541    2.093870   5.708060  2.306506  394.183533
240  28.076952  33.052982  18.479538  0.682417  3.824296       7.501207   1613.890503  215.613373   8.365210  2.898363  212.846054
241  15.860975  38.178059  36.855846  0.701365  3.959707       5.633683   1634.769287   96.516678   5.137503  3.557653  299.322754
242  11.729260  46.143211  39.526169  0.714405  4.975088       8.800706    929.327637  160.479019   5.260297  3.323811  312.100403
243  35.391346  31.935925  30.681774  0.733923  1.411998      11.093843    914.483459  138.155411   7.878581  2.924338  405.099854
244   2.288793  46.893337  34.522888  0.728371  4.104780       6.123887   1618.136963  190.877029   7.176075  2.905606   97.607849
245  22.054041  42.338028  23.276640  0.779990  2.459791       8.561400   1473.854614  138.672455  10.346984  2.893326  225.230713
246  34.279774  34.417023  23.405069  0.734858  2.958845       9.368669    943.769104  196.569168   7.117620  3.375181  461.166779
247  20.481758  37.645924  25.493519  0.726743  3.033242       7.619740   1150.904541  213.210266   8.298343  2.456192  162.885651
248  18.639839  27.397926  48.621254  0.783332  4.643843       6.611763    982.055176   79.163086   6.032548  2.221737  358.845581
249  22.434557  40.186821  25.397058  0.696300  4.003222       7.610414   1151.717773  120.984924   5.567379  2.534422  267.188019
250  10.125480  47.564430  46.354126  0.774503  3.154446       7.802843   1151.887573  204.014709   6.447329  1.320527  155.918640
251  18.959480  45.461903  19.099663  0.682078  4.021687       5.696086   1469.579346  158.064056   6.211792  2.213428  108.771111
252  22.078793  40.279572  32.412525  0.572183  3.230198      10.354596   1110.990601  221.215866   6.970839  2.983895  126.312447
253  29.137053  35.510864  16.407921  0.741573  3.847249       5.643041   1668.842407  146.065994   6.015661  3.171298  379.921356
254  36.703659  36.446568  13.667809  0.796651  3.249477       9.517575    805.168701  160.514008   6.254096  3.114739  486.481354
255  30.556950  34.808887  48.746929  0.566738  3.839245       9.954994   1369.995483   25.877302   5.029468  2.337336  128.945694
256   8.081497  46.022446  38.573952  0.716551  4.726173       6.151221   1580.092651  232.300949   5.324694  3.466324  208.459106
257  16.530056  44.940826  32.533806  0.794224  3.342196       8.104460    968.630127  127.259186   5.966997  1.847682  258.150208
258  19.796003  43.630356  23.808384  0.795701  3.988822       5.032284   1613.696045  190.225052   5.352250  1.989379  222.413345
259  14.130715  35.911118  31.118267  0.784399  3.925448       5.893487   1300.988770  213.288208   7.234023  3.422456  272.895477
260  41.951801  42.289783  11.639986  0.798995  3.245559       8.877788   1038.429199  213.932739   6.148795  0.521620  223.322540
261  26.290405  26.213120  29.208271  0.772957  3.186730       6.796789    964.800232   84.822678   6.432873  0.965738  235.352753
262   5.966015  30.535835  25.058302  0.782515  4.210100       5.080637   1118.032349   66.257553   6.720255  3.150223  294.976685
263  20.920963  41.293156  31.308979  0.794214  2.531634       7.726221   1284.844604   93.956535   7.157899  1.945345  300.447083
264  29.319683  38.279858   4.617893  0.796411  3.831363       7.604593    751.614807  141.711273   6.450229  2.661650  384.203064
265  22.478197  48.144566  28.488590  0.781845  3.117550      10.110510   1059.266113  175.128571   7.403506  2.236581  306.365387
266   3.169687  43.108727  46.497166  0.690500  4.513097       6.357976   1324.270142  191.898407   6.273567  3.506910  246.305206
267  19.393452  37.482956  14.652203  0.771165  4.158721       6.626280    818.713379  238.906433   7.853640  2.939018  300.168213
268  19.933172  36.321434  22.555943  0.735655  2.938088       6.594213   1299.283813  181.769424   6.706399  3.760109  281.740265
269  20.783575  34.876095  38.866314  0.667886  4.129260       7.101961   1466.835571  130.950745   5.551824  2.271885  168.243286
270  22.051788  33.324772  27.211998  0.701011  2.809881       7.264552    931.886230  172.543289   8.557849  1.595140  174.331360
271   3.903023  49.100582  48.929504  0.790735  2.415164       6.873198   1592.731201   98.211273   5.423610  2.394721  252.608551
272  -1.867951  46.714397  32.643501  0.778943  4.282696       6.301020    841.457397  150.407043   5.073998  1.916404  127.918282
273  -4.734816  42.278828  48.745106  0.784573  3.566059       6.745889    725.620239  131.117584   5.672575  2.028215  218.527130
274  10.052794  38.474476  36.044338  0.746108  4.505311       7.435538    810.260010  137.790344   6.696351  3.567239  366.109924
275  -6.422724  46.285172  39.880608  0.762173  3.982673       5.999036   1590.845215  195.373795   5.187709  3.905301  117.106331
276  22.795191  33.939869   9.128983  0.793016  4.157774       7.364635    816.928894  244.681473   6.430991  1.325487  131.434326
277  -0.887041  40.101032  45.514374  0.697578  3.529189       8.474701    742.189331   33.867729   6.533876  2.455961  140.475418
278   9.365544  45.160751  40.761913  0.789923  3.548515       8.988553    848.125549  121.330856   6.980560  2.604604  272.699341
279   5.914087  47.933540  23.004766  0.792138  4.741127       7.442885    714.446716  244.913696   5.647757  2.768545  137.261322
280  -5.078080  39.528687  41.392918  0.784994  4.360263       5.024261   1202.236206  249.258728   6.243478  3.455194  194.679840
281  10.282180  41.569855  33.221519  0.719796  3.631383       7.931935   1016.701416  205.299408   8.745563  3.937114  210.198532
282  14.975991  39.546398  42.847740  0.774259  2.010216       6.316741   1397.428101   72.349892   7.028509  3.230342  385.190460
283  18.353270  40.200085  34.370407  0.770785  4.650536       7.311943    992.999512  105.139198   7.051920  2.842422  309.146149
284  34.039158  27.590664  18.667856  0.788275  1.580855       6.245012   1363.809692  110.371880   5.267125  0.994228  154.405777
285  24.748369  41.871120  31.795570  0.793213  3.583006       7.517117    917.545593  143.514679   5.999626  1.154901  311.423737
286  22.695574  48.569550  18.459251  0.793279  4.498124       7.321249   1005.580200  247.458786   6.109552  0.951291  108.889847
287   8.807562  49.969650  39.223324  0.726001  3.234405       9.151628   1320.282349  217.831848   6.954916  3.876242  250.844894
288  29.975754  37.808807  28.455421  0.794047  3.355698       7.246969   1286.438354   14.244504   5.323227  0.923123  162.398666
289  24.073563  48.894249  12.724485  0.716746  4.657477       8.218680   1280.710327  217.570053   5.635480  3.086163  146.203735
290  32.749302  35.279476  13.606555  0.754848  2.696782       6.836371   1469.861450  239.995575   5.865534  2.763809  280.214874
291   7.547918  44.688271  42.880932  0.692270  3.437229       7.647659   1656.866333  241.084198   5.293176  3.497948  169.942917
292  27.183529  41.039639  20.483038  0.744461  3.963311       8.189949    996.591980  203.643890   5.942406  0.909247  147.232437
293  16.068624  47.793922  32.497040  0.771447  3.583292       7.689371    961.971130  241.254623   7.295789  3.693340  393.045319
294  23.107025  48.889202  23.894848  0.793383  3.738540       8.590582    991.877563  187.220963   5.773360  1.231586  213.450912
295  27.898058  42.656914   3.396140  0.759241  4.819599       6.412302    915.646362  245.847443   6.171282  2.665834  242.624069
296  32.385334  25.541853  22.782070  0.660058  3.226754       5.888997   1460.200439  102.231277   7.536022  1.264442  148.876984
297  14.525840  46.865650  35.154190  0.744316  2.686738       7.216050   1802.243042  217.278351   7.764590  2.599848  176.765717
298  21.984690  22.199133  25.396559  0.715290  4.830702       6.046520   1178.875244   65.595161   6.082744  3.879201  367.648315
299  43.653194  29.195360   4.515745  0.689548  3.121751      12.452049    745.775391  218.888412   7.889978  1.767654  234.662613
300  11.768833  39.581535  25.034082  0.747589  3.794529       5.647704   1400.664551  199.390656   7.080970  3.739999  256.673218
301   5.799638  43.566177  44.283604  0.722826  4.682015       9.443327    709.615234  216.412262   5.295103  1.980603  164.546753
302  31.281803  37.708149  12.221119  0.793103  4.248702       6.574689   1260.506836  239.645386   7.013864  1.927334  325.293427
303  37.010895  32.053143   8.707232  0.774069  3.528298       7.782955   1107.496460  185.540573   5.356200  2.605934  373.211914
304   5.854734  35.764351  43.052067  0.776103  3.156887       6.090257    847.885010   99.094353   5.966255  1.642930  299.567047
305  10.848041  47.477016  34.749027  0.754586  3.938826       7.669261    774.349670  194.491501   7.466897  1.028697  153.160904
306  42.884998  40.061535  16.495134  0.754655  2.424425       9.881322   1421.950928  176.099915   5.585420  2.420348  515.463379
307   4.808820  38.637386  41.333008  0.733702  3.318471       7.919327    788.320862  197.884918   6.788301  2.392987  161.625626
308   2.448043  41.189758  36.598957  0.756560  4.596894       6.049944    740.663025  228.896683   7.925726  1.309254  114.572517
309   7.913130  46.818462  34.763180  0.774849  4.746709       5.639407   1348.991211  156.534134   6.530141  3.592728  337.359100
310  37.661640  44.896725   8.279298  0.768429  3.924610       8.350876   1123.974487  221.400406   6.355515  2.928603  480.857147
311  30.658068  36.785816  25.054363  0.764389  3.077885       7.406960   1386.274292  174.090149   7.508542  2.464235  365.033936
312   8.441159  48.506371  25.770649  0.727125  4.435845       5.546900   1848.042114  181.679703   5.693731  3.912090  143.067429
313  34.809975  32.195972  28.039093  0.676817  1.648677      12.045411    709.452637   37.032593   6.299868  0.510460  179.730072
314  -0.380787  41.836102  36.644508  0.752545  3.877753       6.291365    788.776550  193.620102   7.318157  1.816905  110.056709
315   8.214076  45.632504  32.050209  0.692122  4.552524       8.422893    767.039551  186.420029   6.078853  2.129733  123.576042
316  24.023409  43.443111  37.959560  0.755855  4.260294       7.848978   1309.567505  161.867142   6.910161  1.136790  248.611725
317  -0.506902  40.359592  36.235779  0.732479  3.366549       6.716203    924.754333  194.968903   6.765502  2.173951   77.649246
318  12.333508  43.939495  38.297176  0.707103  3.259850       9.425555    831.855469  142.551727   6.446188  3.269038  219.484314
319   1.274614  47.400257  48.843876  0.679343  3.582906       9.251917   1057.985840   88.267281   6.740623  2.033899  122.415565
320  31.396984  44.203831   8.983293  0.743997  4.568499       8.781407    757.407410  242.670319   7.062972  1.545266  256.942993
321  33.199783  37.010841   4.969432  0.718083  3.344486       8.552567   1367.151978  246.822922   7.406047  3.674342  195.830353
322   4.701081  44.100029  42.992416  0.678545  2.780077       9.719503    807.555176  134.659958   7.247396  3.192126  173.547913
323   6.414967  44.870659  33.307396  0.792964  4.155092       6.511049   1270.708618  206.214325   5.149006  3.039972  183.449631
324  31.123726  35.426132  28.604450  0.683497  2.526995       8.587413   1762.812256   80.480675   7.140667  3.109454  246.183105
325  11.689639  30.389013  38.519707  0.588062  3.796172       5.579570   1865.286133  140.784485   5.622289  3.091290  102.772942
326  25.089659  27.513729   5.326475  0.783258  3.408133       6.453726    799.351074  210.178223   7.346357  1.104075  183.175034
327  -4.168309  44.114063  47.196651  0.734632  3.967400       5.398029   1824.507935  161.867386   5.110130  3.988585  178.934525
328  29.055775  28.595352  15.418236  0.598156  3.180539      10.132269   1032.898315  199.420868   8.096289  3.311325  177.510132
329  16.446012  24.834515  27.523741  0.515765  3.731700       8.409101   1266.212524  230.720947   5.943340  3.681395   84.547005
330  11.765737  25.505959  41.881287  0.715609  3.619752       6.002653    940.131653   47.971840   5.316486  1.865243  197.195587
331  18.319283  33.439877  43.093452  0.555500  4.175354       9.170902    958.999634  168.903976   7.990758  2.779511  152.239700
332  36.480591  38.171368  13.809294  0.710421  4.015014       7.425311   1141.376343  167.352432   6.063781  1.217235  217.189789
333   6.206721  39.067627  40.264366  0.614068  3.337285       7.743461   1355.814697  154.534134   6.500410  3.750089  121.580582
334  25.826574  27.782043  11.107682  0.761076  4.237263       5.905431   1241.253418  169.890564   6.608631  3.419224  349.312500
335  26.670025  44.985996  20.707985  0.796544  4.603969       7.668128    916.894897  212.353165   6.409105  0.986755  216.400909
336  11.819527  29.723686  37.746933  0.715221  4.059021       6.492925    706.532898  111.528503   5.120511  2.542038  362.212402
337  14.385729  34.112740  33.525215  0.635746  4.847408       8.002730    767.324524  235.899445   7.351082  1.257475   65.241409
338   9.609259  37.905666  36.243652  0.733223  4.414643       6.057934   1129.239380  171.377884   6.371550  2.248694  202.711044
339  -2.148137  45.676418  45.039230  0.784423  4.990650       6.455357    986.625305  169.320114   5.479593  3.565585  303.533569
340  21.045952  41.083660  18.418911  0.759532  4.112979       7.472434   1268.385864  245.541168   7.208437  3.667795  230.944336
341  25.632330  43.076645  14.347947  0.761752  4.138105       8.892381    753.493774  242.494400   6.764570  0.857973  163.322922
342  18.623333  43.818268  33.917538  0.731715  3.130139       7.379742   1365.696777  230.647888   9.419210  3.686652  328.192963
343  -0.198574  46.796795  48.955200  0.786487  3.976616       5.232535   1694.800781  179.601089   6.133597  2.891189  219.200409
344  14.538927  43.460941  23.857395  0.765924  2.925978       8.690936   1005.447083  144.173386   5.911909  1.878381   79.820808
345   3.695070  32.076298  45.081226  0.711744  2.550000       7.277773    964.992554  125.705009   6.829130  3.081742  176.253937
346  10.982635  42.828777  24.506365  0.709920  4.093615       5.873410   1142.346191  216.679825   7.165467  1.856188   56.718391
347   8.611747  41.197102  22.669018  0.748981  4.726608       5.338972   1112.100830  157.689362   7.129923  3.230293  236.359970
348  23.325481  20.696526  24.087004  0.604143  3.248531       8.168909    903.079895   57.345264   5.870019  3.265220  188.578415
349  32.702961  36.801445  34.689983  0.586485  2.054850       9.272313   1692.752075  161.533447   6.238789  2.320360  156.417709
350  35.058788  25.835590   2.755381  0.746333  4.616449       6.608536    879.307434  231.113083   6.610548  1.753464  363.452576
351   6.589708  39.241432  38.770622  0.792547  3.129699       7.249675   1006.171814  206.657104   7.506768  2.679247  234.674667
352  -2.015383  42.144096  34.962528  0.761506  3.939225       5.814391    748.774109  214.570984   5.515899  3.075947  250.032440
353  31.206820  38.631847  17.490925  0.714075  2.683354      10.347051    843.589905  204.067535   7.723450  2.739401  317.599670
354   8.790541  28.080500  38.481083  0.657018  3.549385       6.002165   1348.503296  206.223038   6.857964  3.762975  238.781525
355  15.031877  40.498039  34.971527  0.733896  3.446843       6.622804   1473.397217  181.959015   6.764163  2.300639  176.184494
356  37.734200  20.972656  25.251957  0.752157  3.603701       6.115177   1432.328735   55.763309   5.557489  3.917120  487.251373
357  12.766163  31.303047  28.311420  0.762432  4.379195       6.890879    710.638184   98.188042   6.880792  1.844205  350.088226
358  20.653389  34.478832  35.270458  0.734632  4.462375       6.803711   1343.451050  218.097778   6.494644  2.030672  233.092896
359  23.413639  42.914970  22.435843  0.735967  4.993833       6.888273   1408.494019  186.031235   6.479733  3.034289  349.894714
360   4.739651  40.702789  41.451519  0.643131  4.347887       6.196351   1388.559326  165.544632   5.833693  3.818181  223.716721
361  31.480095  22.273165  11.344198  0.716620  4.544835       5.446482   1331.837280  190.535309   7.346653  3.407693  381.210266
362  15.116140  49.372173  31.482954  0.779873  3.596202       5.880828   1689.643799  223.340897   6.524354  2.298375  252.987610
363  21.892616  43.139545  25.069111  0.702532  3.890185       8.192719   1024.936401  105.242584   6.870196  2.573636  296.566437
364  36.752171  27.477310  23.009556  0.707421  1.285558       7.808886   1158.210815   76.863441   5.058414  2.235325  349.292419
365  23.879299  25.799755  32.769516  0.591857  4.364439       7.543579   1316.236694  152.896530   5.887420  3.090292  204.624008
366   4.949246  40.182877  28.145641  0.719718  4.318978       5.174082   1206.904663  204.176651   6.107818  3.309136  178.954025
367  21.081583  43.598698  34.307610  0.763250  2.881748       8.384902    969.809998  182.107773   6.135489  1.181246  204.946106
368  10.650785  44.126045  41.183971  0.739223  4.000361       9.251121    839.543945  184.302094   7.207476  2.588680  284.797455
369  30.756845  36.433060  36.777370  0.632826  3.362849       8.263817   1462.909546  159.876175   5.319513  2.031873  221.980637
370  40.217991  30.149260   9.243334  0.745032  3.353057       8.043341   1395.120728  244.496689   6.174265  2.009815  345.364044
371   5.082084  45.469929  45.391300  0.750451  3.862284       5.421624   1359.598755  183.682678   7.381053  2.850127  296.436951
372  14.747384  35.648338  32.632965  0.676830  3.103569       5.546335   1876.464478  206.451523   7.429620  3.154814  188.731369
373  21.886915  47.496674  26.325186  0.759727  3.313821       8.895793   1512.670898  217.508667   8.440021  2.628586  217.468674
374  -4.018977  40.306927  44.257008  0.738386  4.707184       5.473001   1040.859741  175.833939   8.820589  2.192350  174.213013
375   7.732697  47.428459  29.092777  0.702762  4.687885       6.064328   1755.187256  169.420990   6.126941  3.482740  126.120987
376  16.492266  43.218540  23.763327  0.715202  3.815700       7.419828   1235.701904  191.707260   6.659616  3.415069  198.257690
377  33.376961  44.840309  13.066097  0.716656  2.938091      10.408749   1231.327393  235.298615   5.926980  2.934212  261.669525
378  18.591564  49.017452  37.717308  0.786957  2.826488       6.911361   1573.018555  213.072922   5.536079  1.240426  178.326828
379  34.993057  22.988480   3.061810  0.640161  2.938344       5.643314   1707.366699  208.361862   5.741439  2.213602  175.225388
380  11.262788  38.232475  25.150051  0.761487  4.298734       5.174654   1014.361145  203.243835   7.010321  2.297317  212.280518
381  14.487585  41.520611  19.788452  0.733439  4.308114       6.491119    886.775085  226.089066   6.163586  3.953721  258.999390
382  -2.625352  41.220940  48.478325  0.677943  4.198357       6.096741   1099.675049  141.495102   7.550932  2.909346  186.976929
383  27.520723  33.564922  14.817086  0.760109  2.676517       7.259310   1169.072632  216.577072   7.296418  2.544377  231.433640
384   2.413404  44.649185  44.576618  0.717598  3.594938       6.253850   1114.865723  204.360062   7.403801  1.923774  191.423553
385  30.358311  30.277521  14.067568  0.762346  3.625305       7.456463    990.842773  247.311661   5.811814  1.196110  212.279999
386  18.336899  21.455891  31.194050  0.699183  2.941896       5.123772   1313.866943  115.910851   5.242093  3.192312  258.307495
387  21.345259  45.296249  42.241268  0.725319  2.867497       8.982537   1559.438354   69.863235   5.984579  3.842009  419.038239
388  21.490973  11.794227  34.175411  0.615798  3.777625       7.035925   1032.615356  105.032173   5.168608  3.153806  197.586349
389  33.830227  31.879726  21.983686  0.756922  1.848776       7.502954   1779.038940   85.452385   8.330347  3.993154  371.892365
390  30.391396  47.559525   7.738969  0.725538  3.491147       9.222169   1682.540161  240.008560   6.581403  2.584593   92.904358
391  24.106920  35.806179  28.913090  0.683454  4.352943       8.972663    752.073242  107.792999   6.055142  3.588009  350.436707
392  34.305710  31.953255  32.404251  0.789497  2.804971      10.379014    761.391418   50.191895   5.143090  2.541144  630.901001
393   7.589355  23.478765  45.213734  0.657940  2.150598       7.877050    774.504883    5.955886   5.539566  1.852099   96.925980
394  21.347467  45.228073  30.002699  0.740376  3.441805       7.255574   1049.519043  169.371872   6.846200  2.385826  392.189148
395  34.186913  41.336857  33.067879  0.602488  1.789080      14.373121    817.462646   92.667831   6.960862  3.052886  290.201141
396  27.129263  39.387794  18.249338  0.730428  3.909900       8.120872   1357.148560  188.729889   6.502913  3.606408  265.555573
397  16.656019  43.528469  32.698029  0.617629  3.103869      10.989567    872.060486  197.840347   8.908412  2.091540   96.522888
398  15.708878  34.775414  21.878632  0.770445  2.519686       6.290967   1152.146851  168.176865   8.509503  2.689353  209.473465
399  23.831064  33.715626  36.851749  0.681124  3.457685       7.195509   1638.881958  113.924660   5.380475  2.329572  191.971161
400  15.100967  48.463238  30.382290  0.780745  2.767394      10.270369   1031.764404  244.746216   7.849111  3.041186  229.071640
401  12.022824  27.447821  25.578360  0.725072  3.985875       5.584789   1565.455811  168.241547   6.691406  3.871435  233.522446
402  16.297796  38.389053  32.931015  0.750621  2.621735       9.598259    883.951599  177.860962   6.267530  2.818379  246.994644
403  16.908703  47.088814  21.867254  0.717002  3.859514       5.546377   1765.364746  229.634781   6.438905  3.713417  239.246414
404  34.900784  36.258362   8.531089  0.765187  3.260992       9.563581    802.740906  220.499573   5.168959  3.950686  396.997681
405  25.414337  33.187153  29.498081  0.695616  2.484181       5.972721   1254.925781  181.302078   6.186221  1.679609  237.712006
406  27.668539  34.750340   7.649308  0.767724  4.886435       7.058060   1144.562134  229.275024   6.740345  3.158749  245.316116
407  23.399410  44.285519  17.274416  0.781433  3.802858       5.695714   1845.057373  231.211029   5.736866  2.927624  297.330475
408   3.236445  43.812893  38.241505  0.720967  3.658096       7.494909   1352.685547  198.071960   8.997267  3.494683  134.595886
409   5.087649  30.130190  37.079319  0.783018  4.554631       6.825542    794.172729  216.176697   8.097312  3.638591  317.241058
410  25.174313  23.244104  21.073547  0.716504  4.297690       6.772302   1205.110229   80.062920   7.941353  3.002978  323.314636
411  23.158548  46.530243  19.915985  0.733780  4.065512       7.587720   1008.585022  198.215073   6.657503  1.987389  255.756607
412  24.987953  46.241894  10.004180  0.751741  4.516874       6.173706    960.021057  208.824188   6.612280  1.380086  138.676514
413  13.227420  35.640026  35.066959  0.734772  3.882059       6.111650   1061.057007  159.207977   6.880388  2.160600  249.388214
414  18.708244  47.867954  15.234431  0.777265  4.358276       6.401895    936.978760  153.573578   6.734834  2.994330  241.582169
415  15.958539  34.692722  25.733280  0.780924  4.042454       6.264384   1346.989746  240.728683   8.823737  2.857780  224.633606
416   9.873318  48.939564  27.664320  0.769657  3.451760       7.417513   1108.835815  141.334045   6.330932  2.842400  185.634659
417   4.239289  44.862961  39.529961  0.753180  4.508850       7.348132   1308.270142  194.883621   8.182838  3.506818  187.524628
418  14.225821  46.917923  24.553072  0.678609  4.019773       7.720015   1436.902344  165.991455   6.707475  3.609598  140.403625
419  11.621758  49.563751  34.314922  0.759138  4.193058       6.964826   1144.655029  242.400604   6.498145  1.230573   99.422424
420  37.421879  32.359966  19.576902  0.675258  1.805785       7.575490   1517.875122  115.514656   6.405354  1.899634  252.449402
421  35.479694  32.723232  27.868959  0.725940  4.181152       6.943318   1089.442505   97.446945   5.607100  1.194530  398.315308
422  21.760410  26.325836  26.342503  0.600819  3.658092       8.085148   1447.262451  213.165848   7.008244  3.887790  208.820541
423  23.182503  42.645588  25.288872  0.639302  3.782873       9.421104   1571.060181  242.564285   6.030327  2.793806  124.837364
424  14.283887  37.936375  19.320572  0.713029  4.723751       5.132785   1321.371826  242.250778   5.019382  3.933575  248.618088
425  18.663000  28.842930  33.191807  0.586150  3.643814       7.809431   1174.787720  183.797119   7.496921  2.507312  104.560097
426  39.714397  34.771694   0.899914  0.798063  2.760292      10.059978   1024.427734  124.671173   7.267889  2.752371  322.061401
427  22.916225  43.508442  34.221218  0.690465  2.273708      12.140166    930.117737   95.797157   6.321572  2.176940  186.340775
428  -2.328468  47.868645  47.627369  0.668373  4.436549       5.676172   1362.972900  207.561203   6.006455  1.964183   59.977924
429   8.804388  48.385441  21.525152  0.711741  4.449708       5.249468   1501.399292  248.875870   8.162795  3.227397  101.025787
430  32.291195  29.034756  17.183867  0.691321  3.489003       9.243711    989.728943  121.727097   7.039581  2.901736  326.402954
431  15.676430  42.896877  36.590298  0.569274  3.942876      11.109608   1147.118286  159.757141   5.983723  3.762407  112.070251
432  24.298668  47.850292  44.802204  0.733363  2.345660      13.260152    915.663879  128.351013   5.609741  2.520372  341.927094
433  27.117146  42.985329  21.113331  0.696741  4.250376       8.394914   1166.398193  136.046097   5.990146  3.406202  359.194122
434  18.960577  36.928066  12.884046  0.630091  4.377747       8.742346    761.592285  202.034912   5.436662  2.602705   76.230118
435   9.378874  41.148594  24.431503  0.724566  4.469798       6.556174   1060.152222  203.052521   7.815921  3.639722  187.464508
436  25.280066  32.629448  38.414833  0.728876  3.818185       7.524659   1056.068970   22.682934   5.959534  2.002872  298.355377
437  25.784655  41.193581  19.260006  0.757581  2.801534       9.107508   1330.768311   88.517593   7.238676  3.500835  291.768494
438  18.024296  24.141603  18.636059  0.706863  3.942238       6.399469    960.863281  183.381577   6.569468  2.904824  297.733978
439  10.103884  41.427975  27.677879  0.781017  3.286500       7.425960    732.998596  180.767868   6.689419  1.759493  183.732803
440  22.492403  33.145657  38.159702  0.650444  3.328808       8.459250    908.944214  162.649399   5.687120  2.464787  297.098999
441  15.110150  36.686333  16.511694  0.762760  4.138716       5.286474    924.862976  187.552200   7.111025  0.993369   86.178490
442  31.786606  34.512196  31.207918  0.795961  3.915647       7.655941   1017.933594   94.881363   7.377653  1.260779  425.070129
443  25.692600  37.651062  19.532759  0.733395  2.405663       5.030687   1874.698853  108.723686   5.990917  1.492373   94.450775
444  18.281538  41.816582  35.669651  0.753183  2.541608       7.242068   1466.088501  207.446808   6.997061  1.446012  110.704308
445  23.602814  37.079136  25.662304  0.739472  3.535848       5.413990   1500.913940  177.644165   7.023741  3.745145  405.368134
446  -5.991269  43.848862  45.668083  0.732899  3.454866       5.958930   1165.631592  206.735046   6.194178  3.119472  155.693787
447  29.137190  45.412868  21.214663  0.713130  3.934932       7.110041   1230.612549  169.656174   6.048112  1.845816  317.141907
448  11.651477  44.453640  26.203289  0.679603  4.550295       6.190175   1158.232666  195.055695   7.183124  1.936673  104.551048
449  19.960474  41.472336  22.510582  0.721419  2.938816       8.135290   1278.995728  171.354874   6.020325  3.385983  189.848785
450   2.755812  39.388725  23.051477  0.746477  4.715493       5.412725   1129.143921  242.359222   6.658633  3.367425  149.070282
451  21.549976  31.462551  22.569529  0.781070  2.543293       7.676006   1169.623047  129.645432   8.065457  3.808400  293.695007
452  23.891045  36.387283  40.687233  0.667448  3.129166      10.703297    738.088440  140.659744   6.010159  3.370516  331.057495
453   8.090452  40.008953  39.029690  0.745747  3.253140       5.319496   1815.708008  159.431183   6.419502  3.025683  233.199539
454   7.420888  46.875126  33.652195  0.755681  3.921121       7.695088   1034.023438  204.346848   8.106627  2.108513  158.136612
455  -2.320686  48.731148  47.859886  0.655401  4.879832       5.455698   1754.927856  242.774353   6.022301  2.898992  133.298782
456  30.811516  30.779690  14.508840  0.633563  4.840378       7.449327   1302.957642  215.916733   5.521685  1.908461  169.664291
457  31.416159  42.833450   6.268530  0.776785  3.355818       8.698608    799.389648  203.147003   6.911047  1.673022  194.960770
458  35.416656  38.404217  12.495680  0.778661  4.274226       5.629117   1704.539429  199.366501   5.636247  2.721779  456.133118
459  29.560509  47.545475  11.685272  0.783162  3.700640       8.421379   1323.199463  232.487427   5.712972  2.926298  311.327148
460  27.829754  43.765244  29.510941  0.598083  3.200187      11.285336   1340.766235  207.112228   5.370009  2.871169  198.219696
461  -3.763167  43.966206  40.206390  0.739210  4.093431       8.128543    729.199280  224.084549   6.827935  3.554998  177.107162
462   9.797386  27.776842  29.529381  0.773213  4.011768       6.111983   1046.167114  174.926498   6.666352  3.462759  293.650055
463  24.888447  39.322247  27.418327  0.713245  2.995682       8.491616   1579.774170  152.317703   5.245757  3.572011  305.965515
464   8.403803  49.502483  40.332352  0.741615  3.405573       7.674623   1504.927856  147.921585   5.242526  3.122613  246.147842
465  18.006733  45.204330  22.089170  0.789812  3.370193       8.399436    980.507202   82.021393   6.012621  3.008174  282.777527
466   5.842931  49.547337  30.830029  0.795699  4.792665       5.972158    781.110107  173.560104   5.774995  2.149595  267.419098
467  27.367802  40.055130   8.705749  0.784852  3.425140       5.834399   1254.654419  188.397308   7.065432  2.107546  230.433701
468  11.979991  39.779308  45.916027  0.708337  4.016105       8.589454   1086.310547  181.374908   5.437546  2.395347  204.252472
469  46.409996  16.967512  20.865589  0.744945  4.905701       6.350461   1884.956055  148.030121   6.184304  3.320713  542.086975
470   8.366324  22.131207  30.841780  0.745938  4.580082       5.227255    977.611328  161.417465   7.345301  2.242919  277.104553
471  12.930168  34.702259  32.228760  0.742592  4.052513       6.100955   1136.980957  110.518929   7.246314  2.040797  237.272934
472  27.176727  41.644779  29.594650  0.646603  3.830036       9.670563   1263.619873  129.696884   5.407852  3.238000  301.691101
473  19.909325  37.585129  20.285702  0.710391  4.102819       7.392444    932.471191  138.595673   6.450059  3.207380  222.450668
474   3.915103  36.793922  45.911396  0.662143  4.245883       7.339902   1252.257568   90.811951   5.305639  3.075359  144.535690
475  30.098335  33.527771  19.082104  0.795377  3.788975       6.828962   1497.060547  167.567139   7.554089  3.391559  426.644470
476  37.284657  26.152414  21.613039  0.742178  4.473955       7.966641    923.109802   40.259811   5.370898  1.605810  418.978271
477  27.692057  39.453011  19.174103  0.769169  3.560472       7.506017   1373.840698  164.269852   7.902927  3.102482  322.937073
478  18.690086  43.895679  32.158482  0.753171  3.152031      10.594991    856.016541  216.736206   6.333508  3.007247  241.715408
479  23.109760  45.141670  22.151474  0.739027  4.106791       9.405422    951.871826  229.261642   6.490734  3.345746  340.139130
480  12.705031  46.741234  19.763058  0.782455  4.025351       5.854837    941.245361  244.112076   6.768807  2.734867  213.922974
481  18.242622  44.401661  23.552399  0.697829  3.896372       9.620388    772.003906  113.157692   5.248376  2.769913  188.249649
482  33.471577  18.236530  16.575420  0.549998  2.490253       8.040492    936.070557   76.908524   7.467572  1.351555   94.337090
483  27.700874  32.700447  28.132946  0.749114  4.518656       9.019084   1006.923157  221.400497   6.586511  1.702877  215.393906
484  19.150928  29.329796  19.095226  0.741720  3.450589       5.564530   1986.219604  170.702591   5.712438  3.373544  188.725937
485  18.278456  27.865280  17.096052  0.745665  3.676444       5.222435   1249.489380  194.003693   7.970994  2.389974  265.681549
486  24.822002  33.260796  24.021603  0.791137  2.141454       6.345394   1531.522583  222.153290   8.311723  3.676155  308.415985
487   3.248596  39.304379  43.437107  0.773630  4.140104       5.242476   1080.088867  129.063889   7.448499  3.715529  339.781647
488  18.433964  35.775810  29.131350  0.739605  3.103979       6.876111   1345.205444  233.809769   7.223952  2.345569  185.249756
489  20.009291  27.115206  33.773079  0.696773  4.152740       5.302741   1348.344238  149.764389   5.606191  2.905995  313.903076
490   6.903689  45.603081  41.374256  0.721658  4.847414       6.889688   1535.393921  230.724808   5.929108  3.080106  212.445374
491  33.019814  42.984726  17.786722  0.784857  2.319514      10.778338   1211.293823  139.599319   7.180079  1.705602  262.243225
492  23.064314  37.022823  20.542776  0.725614  3.241870       8.337449    934.017456   59.100910   6.476694  3.347250  327.744263
493  22.935867  39.548592   9.146282  0.776876  3.987953       6.320465   1404.798706  248.782639   7.232982  2.717854  163.780075
494  13.533020  45.162769  24.852650  0.799833  3.048989       7.273082   1119.646851  119.597519   6.935918  2.307402  206.438950
495  28.216814  41.220280  31.862570  0.743227  3.488843       7.249778   1278.609253  235.675980   8.338220  1.856337  351.833923
496   7.017697  48.478157  49.305584  0.613282  3.378814      10.545444    998.092773  145.155502   7.206417  2.551103  135.472885
497  31.290018  34.805031  19.328331  0.714037  3.755004       7.466245   1191.766357  151.941391   5.715734  1.987317  326.729523
498   1.015471  49.569290  42.955204  0.782784  3.860004       7.936308    760.402893  148.778229   6.158457  2.630069  302.522461
499  33.959431  40.261269  30.744814  0.690845  4.373944      10.556100    911.136963  165.001160   7.300524  0.613157  249.871216
500  38.465340  29.095894   2.628267  0.737833  4.084744       6.858494   1206.869751  228.870590   6.132430  2.042650  333.760559
501  24.948177  46.662575  26.864634  0.774899  2.263386       8.737856   1909.412842  243.694611   8.440227  2.538740  239.564957
502  18.192205  48.147488  31.107735  0.641823  4.167902       9.010865   1514.364502  183.836777   6.448977  2.539059   86.134300
503  22.003536  47.922905   9.835431  0.781956  4.427567       7.036177   1001.485474  247.020370   5.971204  2.682593  198.213287
504   6.408152  32.725544  47.892437  0.627118  2.316509       7.497743   1427.677856  147.379425   5.230610  3.297185  108.819794
505  41.429081  23.165224   1.926857  0.741040  3.814519       6.558745   1415.570923  204.473679   6.686192  1.399263  303.520630
506  29.013990  36.233562  12.493938  0.763816  4.583023       6.121493   1540.603638  114.869225   5.945969  3.114721  308.067139
507  23.911043  28.329536  20.251574  0.722066  3.432992       5.064837   1209.818848  194.204529   7.436275  1.593407  223.741379
508   5.455176  23.138821  35.454094  0.724447  4.527997       6.381833    863.715515   41.498589   7.353926  1.833966  206.814316
509  24.716591  48.196297  23.612886  0.767568  3.753938      10.680327    890.979858  218.432434   6.955717  1.855263  216.159988
510  -7.474476  42.497078  43.909981  0.791352  4.841609       5.329041    782.176575  212.344086   7.829413  3.883727  286.091827
511  31.603937  34.185112  12.576879  0.798908  2.776520       6.222074   1533.896606  171.693329   7.241179  2.387171  310.150208