           lon        lat         inc      D1AU     delta  launch radius  launch speed    t factor  expansion rate  B decay rate      B1AU     gamma         vsw
0   -12.679054  20.633646   17.351377  0.338254  3.006556      14.306487   1238.117188  174.418381            1.14          1.64  7.081056  0.547274  400.149414
1   -26.252935   6.504206   23.443773  0.317114  3.982264      15.727485    923.102112   85.693451            1.14          1.64  6.425523  1.584080  609.207092
2   -36.107567   4.862125   10.528779  0.316976  2.180233      14.470585   1451.031616  113.240669            1.14          1.64  6.796939  1.072636  668.036499
3   -32.445805 -10.183969   21.344286  0.265117  3.700509      14.663408   1970.895630   89.670715            1.14          1.64  5.989072  0.749608  552.727722
4   -34.343342 -12.448878   12.595368  0.280752  3.880008      14.134274   1968.219971  238.901703            1.14          1.64  6.181383  1.347734  667.852295
5   -23.312578   8.322061   11.176188  0.326851  2.466890      15.374977   1730.295044  126.820129            1.14          1.64  6.828491  2.772754  627.149658
6   -32.271557  -6.814573   11.975309  0.293670  2.920891      14.653558   1512.443726  226.423523            1.14          1.64  7.285972  1.981827  694.468750
7   -21.774240   7.271790   19.844904  0.287285  3.080090      15.737874   1924.714478  131.043655            1.14          1.64  5.717774  0.730734  430.427368
8   -31.744215  -7.797206    5.090348  0.290135  2.689427      15.203726   1325.026123  178.434265            1.14          1.64  5.644792  1.007459  636.213867
9   -28.859146  -8.694191   14.482616  0.292153  3.958327      14.841353   1881.426514  161.429886            1.14          1.64  6.096364  2.706632  681.272461
10  -35.855209  -0.714886   12.054353  0.290606  2.505394      15.833334   1887.804565  205.582245            1.14          1.64  6.578125  1.872649  691.243713
11  -33.466927  10.255295   13.700705  0.328016  3.655370      15.458185   1230.236206  202.448685            1.14          1.64  6.752226  2.763760  691.436279
12  -34.934982 -13.009265   12.275872  0.281940  2.752622      15.347773   1848.786133  155.785019            1.14          1.64  5.646660  1.213616  667.977722
13  -23.218430   7.265087    6.640490  0.325077  1.805560      14.061701   1458.299927   55.304428            1.14          1.64  6.146058  2.092767  633.819336
14  -28.078886   3.818040    8.168270  0.300546  3.300114      14.356271   1701.819092  179.477509            1.14          1.64  6.620417  2.289908  650.882385
15  -19.443378   8.312528   19.509525  0.300113  3.590695      15.349342    947.899231  193.457748            1.14          1.64  5.962309  1.091791  555.312866
16  -25.912340   2.580326   17.764252  0.300358  3.961326      14.412362   1011.237305  157.406723            1.14          1.64  5.857985  1.925504  633.036255
17  -31.643581 -11.676307   22.684401  0.278010  3.444690      15.061645   1077.125122  133.633850            1.14          1.64  6.011125  0.613941  621.514709
18  -22.482635  -8.141337   24.507040  0.258929  3.826305      14.933536   1706.650635  171.761703            1.14          1.64  6.680714  0.625703  452.296387
19  -31.545038  -3.624768    5.516375  0.292629  3.899799      14.694235   1219.791382  199.912964            1.14          1.64  7.541560  2.021359  690.159973
20  -38.624928  -4.642596   11.187374  0.273534  3.026048      14.606565   1766.308472  237.852142            1.14          1.64  6.807894  1.093059  682.096252
21  -22.297974  -9.028849   21.362234  0.299302  3.374085      15.175958   1130.325928  246.865814            1.14          1.64  7.062042  2.933218  664.462585
22  -28.307199   8.841184    6.278674  0.309289  3.197436      15.143312   1086.064331  135.226074            1.14          1.64  5.341001  1.630224  653.871826
23  -29.527670  -3.336848   11.908792  0.297740  2.748856      14.380655   1670.837646  146.648880            1.14          1.64  6.805048  2.473658  677.027466
24  -26.805145  13.501885   16.203455  0.341452  3.426883      14.615067   1330.914185   81.485306            1.14          1.64  5.914580  2.182787  620.664124
25  -25.774731  19.528946    4.900730  0.346005  3.059673      15.922750   1150.945435  184.002121            1.14          1.64  6.309227  0.943247  567.342346
26  -26.387197  -1.834802   17.017742  0.292535  2.602656      14.370696   1369.876221  147.903473            1.14          1.64  7.091329  1.540830  623.234985
27  -27.625782  -6.492043   21.490526  0.286718  2.232105      15.951150   1207.710449  196.237030            1.14          1.64  6.969326  2.212258  659.248840
28  -27.228245  14.476504   12.722605  0.331565  3.054769      14.321906   1857.306152   63.307003            1.14          1.64  6.100301  1.248557  556.311218
29  -28.178015  -2.140173   21.665470  0.294590  2.563148      15.519976   1308.177246  175.070694            1.14          1.64  6.130439  0.908121  572.103271
30  -19.050013   7.394417   16.819931  0.327899  2.379587      15.396941   1877.467651  149.593292            1.14          1.64  6.169260  2.762623  601.679199
31  -34.570400  11.704106    6.789250  0.323055  3.026794      14.319602   1538.595215  229.715424            1.14          1.64  6.521203  1.756796  685.342590
32  -21.914244  -2.978113   11.834861  0.280727  3.473465      15.382833   1466.045898  107.773331            1.14          1.64  5.728479  2.405245  610.719482
33  -27.966389  -2.933021   26.020182  0.293307  2.869457      15.193475   1316.796021  138.508896            1.14          1.64  7.538512  1.357311  601.424377
34  -21.993107   3.048435   16.797424  0.304203  3.146044      15.352600    862.537170  148.345459            1.14          1.64  5.216269  0.769076  582.493835
35  -31.137678   7.289820    9.524132  0.327823  2.535173      14.293493    999.760681  137.322449            1.14          1.64  6.161917  0.857620  648.717529
36  -28.259315  -2.798715   11.926230  0.292150  2.553180      15.800392   1922.319214   76.408463            1.14          1.64  6.001603  2.196856  644.124939
37  -22.573252  -7.665507   13.693848  0.285131  3.883619      15.413815   1523.291992  228.963730            1.14          1.64  6.938775  2.336926  619.154785
38  -30.680935  10.490591    9.495392  0.311169  3.940736      15.297266   1307.904907  155.734589            1.14          1.64  5.721132  2.366565  663.415710
39  -37.235950 -13.776885   15.237235  0.271926  3.380952      15.490396   1308.657227  251.385910            1.14          1.64  6.969870  0.621586  655.934692
40  -32.509335   2.467772   16.625244  0.326210  2.382987      14.632468   1486.925049  108.420959            1.14          1.64  6.009019  2.397801  692.371277
41  -23.535391  13.754824    9.291873  0.301547  3.187295      15.593706   1268.812500  111.207176            1.14          1.64  5.680872  0.721117  490.344116
42  -28.485779  19.012020   11.225883  0.339341  3.907302      15.059734   1452.506714  172.799927            1.14          1.64  5.364459  2.016958  610.651611
43  -25.597383  17.756529   13.388062  0.328454  3.413943      15.488474   1476.348633  147.035919            1.14          1.64  6.170467  0.776424  479.422089
44  -31.476067  -1.719048   23.640390  0.305140  3.262006      15.879826    924.754761  198.240219            1.14          1.64  5.528311  1.314905  669.543274
45  -24.498257  -0.252192    0.815113  0.273984  2.927612      15.917758   1554.450439  157.774765            1.14          1.64  6.706407  1.873973  599.873901
46  -24.433977   9.528955   17.958059  0.319283  3.031955      15.181371   1165.914429  108.691605            1.14          1.64  6.185946  1.522010  584.138672
47  -26.086065  12.332073   18.115429  0.331576  2.718193      15.051424   1854.871216   77.683838            1.14          1.64  5.761384  0.949905  499.353577
48  -25.787716   5.855603   24.413420  0.318232  3.759451      14.324677   1684.533813  140.157669            1.14          1.64  6.667312  2.121680  598.925415
49  -30.703915  12.787603   19.275944  0.336242  3.639385      14.224797   1137.744263  144.868759            1.14          1.64  6.264190  1.456918  610.221741
50  -25.650290   1.406903   22.245914  0.310178  2.898799      14.126085   1647.714355  165.468613            1.14          1.64  6.585721  2.514602  635.993469
51  -25.522135   2.078914   15.325248  0.323262  1.778086      15.890159   1811.064941  114.314804            1.14          1.64  6.560467  2.461625  640.887329
52  -25.579643   1.584129   20.452665  0.285948  3.583300      15.331418   1295.802002  244.709915            1.14          1.64  6.433472  1.522257  585.522522
53  -29.533405 -14.527898   14.161402  0.273507  3.596222      14.439172   1988.607300  131.660339            1.14          1.64  7.221037  1.416348  628.431519
54  -28.248880  -2.602378   18.074146  0.278504  3.621318      14.412980   1761.233398  188.134735            1.14          1.64  7.234213  2.347134  640.347961
55  -31.135639  -3.100392    8.026627  0.264491  2.162827      14.799972   1807.792480  159.670456            1.14          1.64  6.486057  1.175654  595.231934
56  -19.353998   8.605759   13.906123  0.323462  2.476153      14.286874   1629.533936  226.751282            1.14          1.64  7.416450  1.968566  587.357300
57  -29.189365  -0.774001   16.135054  0.299591  2.282151      14.906379   1875.400635   84.544365            1.14          1.64  6.211956  1.556855  621.119690
58  -36.215977 -19.694233   16.617590  0.294064  1.992942      15.032160   1661.257324  194.191299            1.14          1.64  6.368413  0.923444  696.759094
59  -23.353373  15.464590   10.270472  0.329941  3.996660      14.460610    991.646118  143.929230            1.14          1.64  5.707255  1.954394  619.195068
60  -26.934748  14.457153   17.716963  0.331766  3.942633      15.065535   1394.171387   98.891281            1.14          1.64  6.564292  2.828200  617.185608
61  -32.135937   3.251518    9.764651  0.292172  2.706058      14.304801   1617.719849  133.689209            1.14          1.64  6.678438  1.531976  648.739502
62  -23.185837 -12.159490   14.300455  0.287581  3.133049      14.150324   1518.792847  161.277390            1.14          1.64  5.649396  1.982534  624.723877
63  -29.179790 -10.816711   17.132912  0.281551  2.042394      15.732615   1659.556763   79.935570            1.14          1.64  7.281160  1.640284  637.936890
64  -27.597605   0.532963   15.423308  0.310027  3.722062      14.648935    829.968384  178.566452            1.14          1.64  6.738415  1.474557  678.660278
65  -25.450399   4.845581   21.436539  0.296865  3.975499      14.364134    915.512390  171.223160            1.14          1.64  5.633060  0.838726  574.310669
66  -35.376232  -9.261633   24.377831  0.290607  3.583335      14.950629   1675.116089  201.950882            1.14          1.64  6.631065  1.378797  679.086731
67  -20.116940  -4.951147   28.325167  0.297173  2.402681      14.113205   1788.060181  191.334305            1.14          1.64  6.574341  2.761204  619.244263
68  -32.495575   5.079287   16.012384  0.310918  3.079914      14.032178   1636.458618  196.294159            1.14          1.64  6.747674  2.584466  675.719910
69  -35.917198   0.005714   15.257189  0.292210  3.688909      14.478358   1518.388550  273.320374            1.14          1.64  6.356989  1.695849  694.616699
70  -25.019579  16.581669   16.396887  0.349004  3.631837      15.235904    800.367554  136.267426            1.14          1.64  6.344460  2.553485  630.087219
71  -27.109493  13.019236   16.631626  0.297461  3.073198      15.631977   1624.722900  137.141449            1.14          1.64  6.334718  0.352254  314.224579
72  -28.825596   9.065230   13.420764  0.309335  3.380087      15.141459    918.845642  294.699860            1.14          1.64  7.002941  0.406796  545.008728
73  -29.522091  -6.145330    5.803967  0.290210  3.625518      14.835151   1143.719482  148.694458            1.14          1.64  6.740683  1.448480  664.871399
74  -21.062355   2.731596   25.482693  0.317496  2.201833      15.101350   1192.098633  171.972198            1.14          1.64  7.285829  2.109242  605.716980
75  -32.867268   5.861416    4.001923  0.294309  2.402216      15.922174   1278.719360  140.395569            1.14          1.64  5.996373  1.596379  674.035278
76  -32.864998  -0.879973    8.861482  0.294638  1.566119      15.042798   1311.002197   77.221344            1.14          1.64  6.183165  1.801286  692.241333
77  -31.679386  -6.697881   14.215576  0.291343  1.339779      15.106681   1904.734131  133.623795            1.14          1.64  6.463283  2.163408  675.615479
78  -33.567772 -19.513929    6.291354  0.299630  3.765584      15.210175   1197.601440  158.503036            1.14          1.64  5.713428  0.714575  640.008545
79  -30.389380  16.432892   10.017391  0.337810  3.793916      15.836982    902.522461  133.103989            1.14          1.64  5.356802  1.224008  650.862732
80  -29.946373  -7.474662   13.901785  0.287906  2.835727      15.447762   1813.015747  185.718109            1.14          1.64  6.666703  2.504138  682.124451
81  -32.731434   1.254732    4.449099  0.289433  3.438897      14.134022   1289.670654  202.515594            1.14          1.64  5.990227  1.551152  678.746094
82  -26.659431  11.949653   20.371326  0.337032  3.283021      15.419298    888.431091   90.003410            1.14          1.64  6.350667  2.121392  627.790894
83  -30.214266   1.890110   18.433521  0.276203  3.705766      14.978911   1482.654785  267.159637            1.14          1.64  8.011421  1.010121  563.564087
84  -32.283680 -13.780093   22.156052  0.274380  3.915421      14.888316   1341.498535  277.226715            1.14          1.64  6.789166  1.054474  654.585999
85  -19.869926  10.002229   21.131821  0.330051  3.273954      14.014266   1330.693970  149.335556            1.14          1.64  7.374852  2.697097  602.683960
86  -25.421925  10.524143    2.868078  0.310703  3.512353      15.184981   1479.551392  267.143616            1.14          1.64  6.034575  2.395156  638.808899
87  -32.284966  -6.469907   21.424841  0.292359  3.658036      14.561917   1838.923584  206.325134            1.14          1.64  6.713651  2.252647  684.101135
88  -30.682350   4.505767   18.213505  0.337118  2.622168      14.332815   1373.202515  129.965256            1.14          1.64  6.644448  2.217426  676.660950
89  -33.981049  -4.335773   16.403831  0.286248  2.803551      14.371493   1926.202148  134.412552            1.14          1.64  6.885252  2.502938  696.373474
90  -19.498655   2.182596   14.446067  0.272952  3.165691      14.520505   1933.645996  147.623901            1.14          1.64  6.607989  1.684775  548.949097
91  -24.564444  12.153166   11.959465  0.328304  3.068651      15.721396   1031.116211  125.509979            1.14          1.64  7.655370  2.057065  626.588806
92  -28.519409   1.300947   22.140722  0.284257  3.402504      14.618686   1552.983521  130.435150            1.14          1.64  6.120916  0.751037  508.754883
93  -22.033787  17.286982  357.566895  0.345684  2.650952      14.557121    872.192322   72.305649            1.14          1.64  5.970246  1.765859  666.786133
94  -24.850777  -3.533288   21.541077  0.295697  1.884155      15.419148   1272.021118  174.607986            1.14          1.64  7.201759  0.946337  566.998047
95  -39.250904  -9.748355   17.025370  0.286731  3.855243      14.264446   1232.051025  261.075958            1.14          1.64  6.688592  0.537139  675.137268
96  -29.774651  -7.746172   20.373354  0.288384  2.006906      14.935652   1945.157837  114.415680            1.14          1.64  6.070589  2.661723  669.445557
97  -26.390272   0.320497   15.307780  0.319548  1.864876      14.915509   1591.341187   96.592590            1.14          1.64  7.541314  2.670770  661.802612
98  -31.990736  -7.639462   13.949124  0.280226  2.071510      15.295228   1013.618408  135.372025            1.14          1.64  5.488312  0.529552  614.810303
99  -18.903345  11.698945   10.359490  0.337359  2.151103      14.916453   1745.881104  128.314758            1.14          1.64  6.121341  1.748646  570.456848
100 -28.490000   7.575458    9.804405  0.347870  1.662884      15.123981   1735.685425   60.145771            1.14          1.64  7.096303  1.438643  623.001770
101 -20.717541   9.100161   21.240372  0.288467  3.715271      14.111185   1263.093750  138.383911            1.14          1.64  5.399820  0.839584  485.857513
102 -36.852596  -3.609943   11.454260  0.288478  2.717245      14.801535   1216.025146   68.277023            1.14          1.64  6.448269  0.575463  638.363525
103 -23.395599 -15.540061   30.728073  0.278236  1.448132      15.521639   1709.213257  116.740944            1.14          1.64  6.357153  2.170121  639.830566
104 -25.198057  11.411859   19.882240  0.334735  3.207639      14.164368   1072.764526  152.540497            1.14          1.64  6.146705  1.964490  611.273926
105 -32.292801   7.215295   15.413603  0.312916  3.585176      14.662464   1434.780151  180.404587            1.14          1.64  5.768222  1.962494  652.992004
106 -34.978100 -12.469994   23.454515  0.272982  3.767818      15.217238   1388.162476  246.329803            1.14          1.64  6.939218  0.763412  633.331726
107 -31.451185  -9.714277   17.946707  0.263274  3.393523      15.581167   1867.972656  192.760895            1.14          1.64  6.231875  1.210405  605.333252
108 -21.734552  13.672689   17.357641  0.335926  2.913398      14.837310   1054.681274   89.614944            1.14          1.64  6.437541  1.238217  564.763184
109 -26.729284  12.969743    8.267290  0.317153  3.606503      15.388762    967.298340   99.740402            1.14          1.64  5.530728  1.038427  601.533569
110 -35.228531  -1.821695   30.269764  0.328152  3.484906      14.430666   1461.447998  138.100403            1.14          1.64  7.222805  2.458307  685.800720
111 -27.407658  17.951302   22.223082  0.346783  3.993367      15.173536   1213.112549   87.639587            1.14          1.64  5.623874  1.903125  559.963989
112 -29.487589   6.983628   14.112457  0.317550  3.642209      14.124196    891.454895  200.248062            1.14          1.64  6.703797  1.575029  666.410278
113 -30.281075   4.521588    3.382488  0.294634  1.804430      15.352845   1224.150879  110.071716            1.14          1.64  7.131565  0.869119  610.249329
114 -29.195002   8.782706   11.447636  0.291494  3.727982      14.908036   1257.165771  204.373444            1.14          1.64  6.515712  0.959775  573.167358
115 -32.844566  -1.703392   17.614065  0.273500  3.879260      14.897775   1709.450806  191.769043            1.14          1.64  5.232376  1.190621  604.931824
116 -33.176201 -12.294724   16.540070  0.281119  2.650400      15.758232   1620.494141  224.847748            1.14          1.64  6.809265  1.071440  643.687439
117 -29.403374   8.188656   18.759747  0.342833  2.725052      15.917401   1345.796509  135.875885            1.14          1.64  6.769223  2.531853  650.574951
118 -33.974564  -4.825561    9.472718  0.285447  3.319623      15.277737   1840.129028  183.064804            1.14          1.64  6.797856  1.814315  680.920105
119 -20.445953   6.776229    4.838897  0.294800  3.589361      15.356545   1439.607788   78.880157            1.14          1.64  5.900812  1.918009  592.653076
120 -24.630445   4.301394   24.828751  0.323983  2.727882      14.942023   1285.446899   88.844612            1.14          1.64  6.252250  2.982421  636.214905
121 -22.984110   3.673172   14.592826  0.320779  2.611852      15.777140    859.904785  120.630386            1.14          1.64  5.951676  1.757333  649.498169
122 -24.018061   5.753832   15.274060  0.298695  2.920776      15.141456   1352.913452  142.886963            1.14          1.64  7.038255  1.733584  593.686951
123 -20.912664  10.606156   20.939650  0.320754  3.687824      15.623088    876.419250  152.772690            1.14          1.64  6.253563  2.526202  613.762634
124 -22.660679  14.052016    7.539100  0.315968  2.870291      14.342766   1643.869629  125.119255            1.14          1.64  5.804168  1.391562  557.014221
125 -30.684134  -7.930379   22.966908  0.295464  3.609367      14.957918    904.526550  185.588318            1.14          1.64  7.491376  0.758202  657.656372
126 -28.206602 -11.476459   19.652405  0.278911  3.579485      14.913288   1406.007812  168.488098            1.14          1.64  6.116544  1.862440  655.582520
127 -17.847082  -1.789401   18.655478  0.289548  1.288068      15.343870   1037.935669   97.801521            1.14          1.64  6.888116  0.673384  511.684326
128 -28.717915  -0.501238   23.556229  0.306972  3.798074      14.935455    807.935974  178.443314            1.14          1.64  6.062851  1.496621  682.297668
129 -24.208584  -7.786193   20.085323  0.278119  2.839806      14.307181   1513.443970  232.925354            1.14          1.64  6.665548  1.568440  606.427795
130 -27.367012   7.001932    3.937383  0.318034  1.995960      14.281703    914.413574   93.554169            1.14          1.64  6.991315  0.389442  584.501221
131 -37.994011   0.983511   10.164108  0.301083  2.133889      15.520097   1816.823364   69.548409            1.14          1.64  6.452241  1.365618  690.401917
132 -27.690798  -2.976647   15.862527  0.302826  1.924477      14.361602   1000.093689  101.811989            1.14          1.64  6.099440  1.499961  659.124756
133 -29.640903   8.669781   20.203331  0.330697  3.234510      14.704336   1183.514404  101.676750            1.14          1.64  5.603620  2.170557  642.534302
134 -20.582081  -5.802785   22.014074  0.284237  2.681356      15.887465   1642.566406  180.146378            1.14          1.64  7.028477  1.981349  592.070007
135 -30.024702  -3.708833    8.391991  0.277708  2.735856      15.496010   1471.238159  117.819801            1.14          1.64  6.125030  2.231566  660.662842
136 -28.430590   1.740453   24.439587  0.297737  3.951811      15.673899   1306.276245  201.286148            1.14          1.64  7.183194  2.183255  620.044067
137 -22.783836  -2.349959   15.011739  0.284433  2.907972      14.546277   1511.687500  208.770111            1.14          1.64  7.212582  1.844361  601.549683
138 -29.203037   0.490265   14.500537  0.290367  3.370701      14.879888   1489.737183  270.987427            1.14          1.64  7.152230  1.712185  628.991882
139 -30.701006   3.528951   20.658661  0.320255  3.353447      15.038103   1050.453491  168.831421            1.14          1.64  6.146697  2.629911  682.039490
140 -21.816191  13.570884   15.644854  0.328711  3.063454      15.788004   1410.695068  161.433075            1.14          1.64  6.583291  1.385707  546.102966
141 -27.714403   3.813609   19.976124  0.300260  3.518138      14.445858   1699.649170  241.650589            1.14          1.64  6.404046  1.453467  585.344788
142 -30.489359 -10.066636   24.946070  0.296588  3.192285      15.435948   1245.057739   70.384674            1.14          1.64  5.167466  2.410070  697.916931
143 -24.135973  -8.265436   13.534163  0.290049  3.804044      15.049841   1201.029297  224.139664            1.14          1.64  7.063591  1.889655  632.513428
144 -30.408485  -3.909896   25.221510  0.310453  2.684197      14.206903    914.215088  255.087250            1.14          1.64  6.433750  1.855599  694.982300
145 -30.145313  -0.841253    4.443159  0.283466  3.235761      14.803933   1441.010010  232.280960            1.14          1.64  5.995501  2.670225  681.911560
146 -25.802313  13.325558   16.299383  0.309782  3.555546      14.067751   1666.153076  163.668320            1.14          1.64  5.508462  1.022373  506.243652
147 -33.228149  -8.171839   14.025833  0.280384  1.917357      15.133883   1377.143921  112.657814            1.14          1.64  5.711632  1.337442  672.701233
148 -32.864162  -8.107189   11.149290  0.282694  3.518103      15.734130   1712.176636  270.917877            1.14          1.64  7.310891  2.025441  689.630798
149 -37.261051   5.038611   11.607171  0.336931  1.989551      14.566425   1763.898193   51.638187            1.14          1.64  6.171227  0.894636  649.191162
150 -36.500305   8.858458   16.230824  0.319778  3.755723      15.317437   1004.088928  163.034164            1.14          1.64  5.437471  0.579724  626.841614
151 -27.488285   9.724862   12.498011  0.316923  3.498744      15.756264   1887.495117  116.076691            1.14          1.64  5.863793  1.983084  606.950989
152 -34.920681  -5.258031   23.699480  0.289644  3.923641      15.332180    906.760071  176.060318            1.14          1.64  6.495357  0.252093  586.706726
153 -27.402943  -8.624243   18.153044  0.276849  2.832675      15.195528   1504.199707  266.364868            1.14          1.64  6.091344  1.705172  629.890503
154 -12.508692  16.748291   18.862795  0.347103  2.489099      14.195803   1796.964600  142.952103            1.14          1.64  5.840201  1.697786  531.965332
155 -36.343147  -5.009585    9.237316  0.272855  3.348738      15.142931   1844.097168  298.997528            1.14          1.64  5.943500  1.565888  688.075500
156 -34.719955   0.008056    8.591982  0.300623  2.454221      15.602031   1500.039429  108.443657            1.14          1.64  6.548206  1.722359  697.111938
157 -26.211960 -10.946146   23.204126  0.275904  1.963370      14.466154    955.360901  140.823776            1.14          1.64  6.251976  0.438875  556.705139
158 -20.696730  13.037634   21.035435  0.323924  3.774539      14.854198   1049.596069  156.666245            1.14          1.64  5.515107  1.269622  548.926147
159 -25.934389  17.282257   18.430464  0.341197  3.463788      15.253436   1559.944336   69.133812            1.14          1.64  6.070684  1.502665  545.210083
160 -20.193230   9.687066    5.702085  0.308579  3.077490      14.469927   1583.385132  233.668289            1.14          1.64  7.047994  2.530727  614.047485
161 -33.480541   5.356342   16.584345  0.306398  3.298211      14.669628   1801.072388   99.911057            1.14          1.64  6.335353  1.648229  640.151428
162 -11.452732  26.923155    9.997375  0.346479  3.965787      15.194221   1582.672852  156.758011            1.14          1.64  6.257302  2.132673  506.185211
163 -29.520493   0.590862   10.716900  0.306393  1.821719      14.266881   1811.404053  101.867279            1.14          1.64  6.572863  1.747189  646.065247
164 -20.336803  15.909580   13.580506  0.321072  2.776040      14.509066   1351.988403  119.531853            1.14          1.64  6.264035  0.508208  408.924805
165 -35.152672  -9.836368   11.505456  0.277881  1.373707      14.370173   1722.890259   89.882683            1.14          1.64  5.566937  1.398811  684.198364
166 -31.307064   1.729853   24.434200  0.326855  2.669083      14.643754   1767.541260   85.621399            1.14          1.64  6.033669  1.826456  633.765442
167 -29.743551 -13.361302   23.002319  0.274054  3.282909      14.969744   1967.416626  181.774719            1.14          1.64  6.737853  1.383476  626.105103
168 -29.508787  -4.630784   14.061771  0.275612  3.650880      14.500480   1550.445190  230.684189            1.14          1.64  6.971354  1.246554  603.063660
169 -25.763321   5.323628   23.400616  0.329305  2.767638      15.422586   1408.402466  168.799973            1.14          1.64  6.225344  1.777247  598.949341
170 -28.207298  -3.694017   11.110993  0.290573  1.406872      15.058943   1377.095581  116.793793            1.14          1.64  6.977266  1.860889  645.278748
171 -21.062185  -1.059797   20.354078  0.305714  1.255817      15.639876   1811.239746   96.811852            1.14          1.64  7.833358  1.408391  554.506409
172 -27.432819  -1.435206   14.056538  0.296596  3.370021      15.564020    820.175659  176.498581            1.14          1.64  5.737107  0.406232  613.243958
173 -29.068537  17.484022   23.200905  0.345155  3.948911      14.633097   1852.582397   96.589783            1.14          1.64  5.447499  1.746028  539.939453
174 -18.006968   2.357883   21.285315  0.319361  1.585153      15.386010   1213.544556   89.431908            1.14          1.64  5.691367  1.881971  594.772461
175 -35.026852  -1.403083   11.563474  0.290530  3.974816      15.221492   1107.404053  142.972839            1.14          1.64  6.877157  0.657945  640.428406
176 -28.319256   5.680424    8.083186  0.305714  3.516568      14.969383   1445.605835  195.638550            1.14          1.64  6.115765  2.376741  660.152771
177 -29.637381   6.571713    7.913769  0.299499  2.880415      14.528970   1718.618652  229.727844            1.14          1.64  5.564501  2.050655  640.341248
178 -31.527752  -4.867677   13.555932  0.299508  3.985894      14.673858   1306.305542  256.732513            1.14          1.64  6.589869  2.165343  696.740417
179 -22.439213   7.945758   19.745495  0.315986  3.121268      15.203803   1848.114868  104.007248            1.14          1.64  5.536136  1.916277  568.868958
180 -22.399834  17.730186  356.663544  0.326031  2.463333      14.300637   1365.061523   86.304550            1.14          1.64  5.816123  0.901565  553.046997
181 -21.893930   0.549092   18.183147  0.297221  2.364551      15.656922   1399.153564  167.347977            1.14          1.64  6.489993  2.150521  603.427185
182 -32.961113   2.565918   16.491156  0.312513  3.072757      14.344233   1037.516235  209.876175            1.14          1.64  5.831041  1.704936  687.556335
183 -31.933455  -8.405479    8.301120  0.289835  3.093354      14.285780   1912.554443  150.289841            1.14          1.64  5.547316  2.018408  685.169556
184 -23.554588   7.980014    9.464459  0.303777  3.112781      14.137074   1378.983887  131.213165            1.14          1.64  6.049753  1.928144  606.889832
185 -25.264626 -10.219598   17.799494  0.295640  3.224401      14.388857    952.898926  260.572266            1.14          1.64  5.686471  1.688657  667.007996
186 -29.416269   1.987059    5.462969  0.296965  3.722208      14.030275   1919.372559  234.861221            1.14          1.64  6.081695  2.517292  669.771423
187 -33.150093   3.945122   24.478121  0.323365  3.513577      14.897459   1417.508789  108.483948            1.14          1.64  5.684510  1.867707  647.831482
188 -29.534674  -1.048425   12.549183  0.283140  3.130575      15.343740   1113.626099  260.074097            1.14          1.64  6.566676  0.846219  603.560547
189 -30.973991   6.671643    7.009074  0.301490  3.506365      15.844932   1839.702271  171.293350            1.14          1.64  5.344731  2.764793  677.876099
190 -28.355104  20.354361    7.221912  0.342711  3.934730      15.198617   1013.126709  164.162842            1.14          1.64  6.203332  2.084047  647.358643
191 -27.538204  -6.952926   19.607283  0.280494  2.181282      15.722239   1676.955078  107.717834            1.14          1.64  6.000468  1.909693  631.980469
192 -20.111919   0.996480   24.477013  0.293392  2.774361      14.499102   1212.764771   86.733467            1.14          1.64  6.708949  0.878057  526.208862
193 -31.731138   4.400281   24.206890  0.322884  3.435260      15.673222   1325.257324  203.241898            1.14          1.64  6.979006  2.283513  649.774170
194 -24.247845   3.738389   10.957296  0.292627  2.852136      14.015475   1526.249878   60.408283            1.14          1.64  5.945919  1.826223  606.600647
195 -32.273418  -0.576984   19.591793  0.308607  3.921791      14.733438   1179.479614  239.420593            1.14          1.64  5.300513  2.419979  699.565796
196 -26.183241   5.752034   17.612932  0.326867  2.733139      14.977653    893.063110  227.608612            1.14          1.64  8.309860  2.825092  665.607483
197 -28.094118   6.652145   19.264917  0.326694  3.263058      15.108586   1375.212646  116.195572            1.14          1.64  6.342553  2.998522  655.381897
198 -34.118118   1.038310    4.936098  0.284698  3.408823      14.680932   1326.182251  198.170166            1.14          1.64  5.478547  0.944794  645.199951
199 -26.571163   5.507197   14.331499  0.303123  2.734538      14.773401   1914.700195  153.063614            1.14          1.64  7.693602  1.171344  551.298157
200 -34.560596   5.817345    6.867212  0.288597  3.436539      15.087211   1449.218994  295.823883            1.14          1.64  6.529634  1.185606  650.892822
201 -32.027718   1.528490   20.383984  0.314261  3.231233      15.261257   1401.478149  169.951843            1.14          1.64  6.243432  2.203489  665.899658
202 -31.701193   6.428833    9.958749  0.317252  2.810214      14.728372   1888.022949  203.842148            1.14          1.64  6.535515  2.704595  689.842102
203 -24.573399 -33.143562   26.324072  0.328937  2.997216      15.275658   1848.706055  181.038437            1.14          1.64  5.610262  0.969021  649.886230
204 -29.845972  13.909958   12.853228  0.325753  3.750789      15.033545   1262.592896  171.573456            1.14          1.64  5.872944  1.145965  589.861389
205 -25.009060   8.155003   25.201546  0.324405  3.294480      15.436358   1256.099609  131.213562            1.14          1.64  6.169924  2.002108  595.866211
206 -32.638031  -1.443245    8.531029  0.275600  3.316714      14.899091   1967.880371  168.603226            1.14          1.64  5.462904  1.410281  629.328674
207 -30.320381  -6.685546   22.210518  0.310455  3.577625      14.173525    863.683411  137.896790            1.14          1.64  6.192576  0.830276  697.265381
208 -24.725868   2.724625   21.522861  0.300382  3.165910      14.226332   1522.275269  196.190933            1.14          1.64  7.638704  1.907904  599.913086
209 -30.518772  -1.521547   14.788198  0.298442  2.135053      15.705691   1480.237427  144.782669            1.14          1.64  6.476231  1.184323  616.660400
210 -27.031231  -3.749977   16.930534  0.297090  3.564714      15.667661    989.610901  178.631516            1.14          1.64  6.361568  2.415973  682.027466
211 -27.593102  -8.128653   26.836521  0.309891  2.689970      14.133858    982.949219  102.533089            1.14          1.64  6.538515  2.343576  694.348145
212 -25.100529   0.224921   25.713297  0.323909  2.754019      14.051882   1289.374756  158.412384            1.14          1.64  6.830236  2.181302  638.242371
213 -27.905546  -4.446652   21.715399  0.293046  2.840273      14.304718   1110.778687  123.386414            1.14          1.64  6.854302  1.161480  627.273987
214 -11.482814  21.022932   10.485404  0.349547  3.570378      14.786090    887.413208  229.931839            1.14          1.64  7.769250  2.204119  579.048523
215 -31.500206  -2.659157    2.331189  0.279445  1.985183      15.785967   1615.963135  122.493225            1.14          1.64  6.069658  2.827546  686.304382
216 -30.106966   3.131511    2.986566  0.287054  2.305070      14.961664   1794.138306  233.994095            1.14          1.64  6.799455  1.643606  640.950806
217 -22.041836  -0.883675   19.994474  0.283483  3.605452      14.067350   1618.375977  184.658493            1.14          1.64  7.466754  1.714409  584.564026
218 -32.261124   1.659479   10.136353  0.305613  2.309635      14.586395   1490.497803  171.687180            1.14          1.64  7.258558  1.482637  660.591064
219 -31.228268  11.277383   14.497518  0.316450  3.684502      14.115276   1122.509644  215.228790            1.14          1.64  6.412045  1.133549  610.213928
220 -17.291914  16.352455   17.662500  0.330254  3.559803      14.249282   1190.701538  149.064407            1.14          1.64  6.228255  2.298185  572.409973
221 -39.964722   1.741040    2.275912  0.275915  1.695562      15.621788   1686.966797  133.372620            1.14          1.64  5.234061  1.009425  688.518127
222 -19.820793  11.800441    9.655031  0.298429  3.621008      15.610935   1076.555664  175.320419            1.14          1.64  6.355199  1.038734  539.230774
223 -29.416536 -20.457991   18.790554  0.282853  2.784699      15.357586   1615.107300  109.333519            1.14          1.64  6.421884  1.284247  651.117676
224 -30.161024 -12.002695   20.581745  0.270183  2.496361      15.416362   1827.975586  141.389191            1.14          1.64  7.135211  1.250553  616.999817
225 -31.486588   5.104764   22.430353  0.340287  2.813781      15.324819    855.249695  173.586609            1.14          1.64  6.811641  0.546679  626.454529
226 -23.233429   5.029611   22.340166  0.305111  3.567256      15.924796   1374.270386  172.231613            1.14          1.64  6.639470  1.935872  581.353271
227 -23.930952  17.308741    2.783428  0.320238  3.596171      15.622750   1253.642944  209.831528            1.14          1.64  6.865784  1.020456  554.606384
228 -30.441248   2.937704    9.902668  0.293011  3.654403      15.650825   1198.823608  223.759781            1.14          1.64  5.883970  2.142951  674.499329
229 -23.966433  -8.081469   22.526035  0.289978  1.737408      15.083810    802.133484  129.032639            1.14          1.64  6.285976  0.932957  650.237610
230 -26.185635   6.408691   14.178991  0.287416  3.731189      15.515891   1578.170654  257.197876            1.14          1.64  7.138489  1.735179  584.575623
231 -31.539551  -2.290773   15.313110  0.280386  3.209877      14.632354   1394.888428  168.859604            1.14          1.64  7.145723  1.273066  630.058289
232 -23.173359  -1.348811   14.712320  0.297685  3.361814      15.035165   1370.505615  136.081848            1.14          1.64  6.020054  2.210670  625.233459
233 -19.642056  11.544608   16.652262  0.330716  2.731180      14.719781   1430.231079  153.965988            1.14          1.64  7.001451  2.493353  591.536316
234 -28.338928   6.729272   20.653284  0.316014  3.797794      15.403477   1249.176270  221.641754            1.14          1.64  6.985208  1.693967  613.104126
235 -22.698730   4.612837   18.941864  0.292158  3.568293      15.323083   1727.622437  161.500412            1.14          1.64  6.563348  1.501244  549.580811
236 -33.040329   0.250477   22.295462  0.299894  3.015103      15.557466   1884.210571  106.677895            1.14          1.64  6.105964  1.570453  622.884094
237 -31.363443  -2.328703   19.168755  0.276548  3.132795      14.829671   1700.706787  131.015396            1.14          1.64  6.998084  0.698323  523.469604
238 -28.619558  -8.793746   25.686527  0.270111  2.861542      14.881443   1390.193970  117.953552            1.14          1.64  5.315337  0.864719  566.499878
239 -24.965069   3.914895   17.168369  0.305491  2.517994      14.646561   1969.031372  165.848343            1.14          1.64  6.448533  2.246498  605.174255
240 -27.594870 -12.016081    4.919800  0.292440  3.428810      14.761044   1696.378418  203.294083            1.14          1.64  5.570656  2.093430  648.265991
241 -18.799747  21.651363   13.446274  0.340588  3.710635      14.442608   1667.829224  162.637238            1.14          1.64  5.915798  1.735651  524.568909
242 -31.468327  -0.414784   16.171835  0.297519  3.356378      15.846368   1911.840210  134.816513            1.14          1.64  6.298027  1.736847  637.635925
243 -29.070549   7.517010    9.523034  0.330785  2.163521      15.416412   1365.776245   85.806229            1.14          1.64  5.958464  1.206370  620.483948
244 -33.809708  -3.305283   19.121819  0.286645  3.759773      15.037702   1929.893066  233.432022            1.14          1.64  5.099647  2.307948  677.362183
245 -29.438543  -4.291041   11.580869  0.292547  3.227986      15.873767   1138.491455  244.739212            1.14          1.64  7.750257  1.727077  667.743591
246 -29.930702  -2.181216   25.530771  0.324705  2.263288      14.556116    937.355469   84.879707            1.14          1.64  5.939164  1.046419  660.623657
247 -16.111748   9.284485   15.950535  0.307991  3.436166      14.195850   1213.200928  199.933151            1.14          1.64  6.625618  1.502841  558.713013
248 -29.886377   5.235826   17.222010  0.311002  3.337322      15.457475   1055.648682  214.629349            1.14          1.64  6.628580  2.428109  666.263855
249 -25.986994  -1.434481   15.702396  0.290887  3.475319      14.888770    994.789978  216.215942            1.14          1.64  6.208204  1.168514  616.974182
250 -28.801050   1.895290   11.367950  0.290391  3.827470      14.855026   1156.271973  218.883774            1.14          1.64  5.562144  1.902922  650.187439
251 -32.962894  -6.733475   18.287745  0.283139  3.948461      14.973809   1689.375732  222.525330            1.14          1.64  6.528172  1.249782  636.012634
252 -30.327085  -1.991653   18.411348  0.313697  2.183167      15.404256   1156.699829  148.090927            1.14          1.64  6.695030  1.768908  679.162720
253 -18.687134  11.070197   10.222390  0.273089  2.668290      15.112947   1521.563477  162.390137            1.14          1.64  6.330091  0.294270  261.130524
254 -31.032919  -8.625090   17.993732  0.282192  2.204176      14.241908   1075.363892  174.471375            1.14          1.64  6.883516  1.552045  684.561096
255 -28.871185   2.064990   19.609922  0.309688  3.111745      15.433099   1017.979919  165.799484            1.14          1.64  6.532340  1.204596  627.527039
256 -33.079407 -15.293264   18.564211  0.279864  3.071644      14.032275   1480.877197  182.894196            1.14          1.64  5.503940  1.076543  668.794861
257 -24.033560  11.030265    6.434271  0.312437  3.345286      15.123343   1137.073120  213.353470            1.14          1.64  6.338974  2.267205  634.663696
258 -20.522446   4.941566    9.180058  0.317994  2.388311      14.136568    907.921997  122.167427            1.14          1.64  6.900730  2.805140  657.449280
259 -23.153728   9.005821   22.089659  0.321459  3.565814      14.192834   1336.296509  110.224350            1.14          1.64  5.994482  2.780506  614.191956
260 -24.735706  15.134428   25.826559  0.343231  3.541322      14.192454   1596.551758  159.324860            1.14          1.64  6.570840  2.070613  555.191650
261 -29.379745   3.070806   20.230253  0.297569  3.722632      15.469418   1601.073608  283.410797            1.14          1.64  6.465984  1.856194  608.821899
262 -30.857941   4.217582   20.259377  0.328432  2.851424      15.500466    914.012207  156.372589            1.14          1.64  6.647249  1.554212  663.812805
263 -30.221590   4.889643   10.052295  0.299294  3.083919      15.501902   1336.479492  231.826126            1.14          1.64  5.970411  2.140849  663.265015
264 -21.391823  10.006929   19.574905  0.304089  3.917570      14.565037   1791.131958  186.825272            1.14          1.64  5.593277  2.587072  581.944092
265 -30.722816  -2.402600   12.963706  0.282376  3.361628      14.741907   1356.942749  219.419540            1.14          1.64  6.099783  1.262207  625.964539
266 -23.425682  12.815403   17.247204  0.323522  3.654366      15.258316   1241.370850  192.008804            1.14          1.64  6.097040  2.209270  595.702087
267 -24.599760   8.288459   21.353901  0.308955  3.728786      15.910123   1028.850830  185.937576            1.14          1.64  7.047726  0.866214  538.745667
268 -29.890097  -3.288081   15.302372  0.302930  2.454652      14.215876   1218.828613  153.041336            1.14          1.64  6.800725  1.968042  678.484741
269 -34.192894  -5.589087   27.192657  0.292068  3.974007      14.106387   1794.630493  150.968445            1.14          1.64  6.114366  2.916218  698.495667
270 -32.219059  -2.151922   17.015125  0.295834  3.950520      14.856501   1331.286987  193.746094            1.14          1.64  6.452322  1.358035  652.039307
271 -21.621140   8.784099    1.945216  0.303140  2.322983      15.873229   1150.568604   65.070625            1.14          1.64  6.583396  1.605034  600.700500
272 -29.886644   0.388943   12.620528  0.290139  3.038057      14.284527   1856.027344  166.375153            1.14          1.64  6.564824  1.642049  622.578247
273 -35.015579  -6.830951    9.260310  0.283796  2.464981      15.126055   1130.966675  229.372269            1.14          1.64  6.550026  0.786083  663.696350
274 -32.227608 -13.695826   12.648515  0.270207  2.938664      14.470271   1898.663574   99.468277            1.14          1.64  6.509419  1.337359  641.277588
275 -22.742001  10.064868   13.690851  0.320049  2.585353      15.056966   1822.596680  156.450989            1.14          1.64  6.938252  1.869614  579.865479
276 -29.808737   4.753521   28.266298  0.321909  3.878093      14.328282   1262.958618  187.954788            1.14          1.64  6.499164  1.889408  613.365601
277 -32.001762  -3.383514   14.162645  0.282024  2.977798      15.085476   1551.311035  194.408798            1.14          1.64  6.852553  1.700872  657.591858
278 -37.874195  -7.291314   12.271978  0.274475  2.760893      14.614307   1422.078613   98.874901            1.14          1.64  5.800531  1.016456  688.100891
279 -38.557365 -19.253395   18.051228  0.254503  2.493755      14.915490   1913.400269  195.055862            1.14          1.64  5.783938  0.529935  598.192322
280 -29.814095 -10.205602    8.182530  0.287405  3.530919      15.963861   1180.579224  127.649918            1.14          1.64  6.276844  0.851788  610.037292
281 -26.647549  -3.449609   28.811317  0.288235  3.893329      15.274948   1433.356201  182.479172            1.14          1.64  5.749614  1.237444  574.322754
282 -24.576868   7.144476    9.103654  0.291791  3.100186      14.607968   1799.840698  196.694504            1.14          1.64  6.056739  1.308643  559.632935
283 -23.800920  10.694258   24.285902  0.332421  3.297984      14.609363   1745.633789  221.015717            1.14          1.64  6.484334  2.627130  587.312195
284 -27.904980  -6.935925   28.001102  0.297356  3.961224      15.130418   1365.257812  187.823685            1.14          1.64  6.259583  2.532022  664.446411
285 -32.848152   3.965801   18.729362  0.310327  2.769435      15.532716   1867.101929  181.991241            1.14          1.64  6.811699  1.143535  581.216064
286 -14.376148  15.041830   16.321115  0.332323  2.999443      15.128770   1646.232300  135.141708            1.14          1.64  5.816464  2.368736  558.418701
287 -23.449757  -6.918509    6.606903  0.279481  2.374443      14.076617   1614.670532  151.265854            1.14          1.64  6.160903  1.933225  610.051453
288 -30.449972  14.905899    9.332940  0.336595  2.998800      15.137725   1546.150757  144.338074            1.14          1.64  6.380385  1.375448  614.314636
289 -17.416582   7.943542   18.319695  0.327844  1.938601      15.274344   1289.912231  108.393623            1.14          1.64  7.629050  1.254997  551.470703
290 -23.228127  14.746080   14.862508  0.328789  3.337709      15.909489   1783.070312  163.134705            1.14          1.64  5.670045  1.828177  563.559082
291 -33.777378  -1.273599   10.949345  0.298988  1.774444      14.445375   1727.992310  155.555099            1.14          1.64  6.663053  2.088436  688.806641
292 -26.322001   9.157259   13.706310  0.325318  2.292722      15.419838   1886.773315   92.180840            1.14          1.64  5.234381  0.860268  511.763245
293 -29.734968  10.532330   13.600821  0.329918  3.336000      15.932858   1149.832397  156.708572            1.14          1.64  6.642066  1.656552  640.351440
294 -28.827311   3.663355   16.354530  0.319509  3.242856      14.995585    812.106079   62.361416            1.14          1.64  6.434538  1.481416  680.545410
295 -31.776434  19.016367   12.152064  0.345499  3.791183      15.204482    961.059387   88.756165            1.14          1.64  5.504856  1.002442  614.156250
296 -20.998520  17.316921   27.132454  0.333641  3.862919      15.414574   1167.747803  205.436905            1.14          1.64  6.005113  1.744618  523.756897
297 -24.417137  -3.406876   19.540110  0.279595  3.314020      15.248302   1235.331421  164.498932            1.14          1.64  6.974342  1.128341  573.400452
298 -21.622059  10.362657    5.819182  0.320047  2.469586      15.319553   1579.706055  157.121979            1.14          1.64  7.658974  2.584525  623.168945
299 -25.937849  -1.388277   22.261791  0.294473  3.704669      14.479878   1803.143188  150.535263            1.14          1.64  5.769614  2.657525  629.900208
300 -41.106979  -4.354257   22.186968  0.304067  3.632744      15.270062   1166.839966  246.644867            1.14          1.64  6.427682  0.570248  685.727112
301 -18.726404  14.518941   13.673149  0.325591  3.238234      14.709215    819.757568  168.728195            1.14          1.64  5.392684  0.495874  520.074219
302 -25.027128   1.713455   22.604280  0.315401  2.425993      15.239538   1170.645630   98.240471            1.14          1.64  5.842643  1.970689  621.453918
303 -23.638254  -3.539414   14.095180  0.285397  3.688932      14.494147    868.772217  243.463226            1.14          1.64  7.020134  0.474672  563.359375
304 -31.543344  -6.946872   20.555292  0.292580  3.006568      14.819300   1298.892334  199.862671            1.14          1.64  5.904411  2.182769  698.304260
305 -26.527237   9.229143   18.926184  0.320501  3.979942      15.474145   1226.515137  149.952484            1.14          1.64  6.862426  1.724927  599.191284
306 -25.104500   5.462477   15.462675  0.313354  2.541029      15.094597   1002.871704  159.681076            1.14          1.64  7.949995  2.618431  650.628052
307 -34.995556  -1.885888   20.192768  0.292243  3.598574      15.312897    956.354126  226.605118            1.14          1.64  6.255791  0.258162  550.781616
308 -22.376249   4.874479   16.414406  0.307844  2.164639      14.229137   1330.082642  187.756424            1.14          1.64  6.995793  1.038158  544.932861
309 -32.590015   2.672413   11.518980  0.294647  3.214439      15.646033   1779.590088  164.163773            1.14          1.64  5.908480  2.732991  677.756714
310 -33.313278   4.304594    9.595716  0.301257  3.268777      15.039096   1496.420654  241.401291            1.14          1.64  7.023768  2.145811  685.325745
311 -24.821213   6.376279   13.508669  0.317787  2.749499      15.004539   1616.801025  176.487930            1.14          1.64  5.711668  2.147865  618.153442
312 -28.278597   5.470302   16.904440  0.293993  3.138622      14.664145   1967.311890  172.126694            1.14          1.64  7.164031  1.377658  564.844299
313 -20.926937   7.234871    8.261418  0.302092  2.392000      14.921031   1164.477173  149.665894            1.14          1.64  7.242562  1.643161  596.256775
314 -31.499496   6.476340   13.210915  0.302233  3.589050      14.812760   1742.248901  209.512802            1.14          1.64  6.092042  1.746087  630.244934
315 -22.964054  12.320385    4.398350  0.320000  2.333231      15.583435   1825.180542  146.444580            1.14          1.64  7.773585  1.898828  593.636536
316 -38.092312  -5.642919    2.963510  0.269992  3.239038      15.971349   1077.759033  130.298279            1.14          1.64  5.734989  0.458736  642.267822
317 -31.099745   9.912049   17.256636  0.323187  3.594006      14.640972   1427.642212   85.023941            1.14          1.64  6.608968  2.029951  635.632690
318 -22.028395   6.173371   26.444962  0.298460  3.278524      14.832898   1147.897705  194.042480            1.14          1.64  7.113068  0.974844  524.397583
319 -26.335855  -5.614647   15.255330  0.288246  3.168684      14.495975   1651.978149  190.663498            1.14          1.64  5.872524  2.323841  644.229004
320 -32.151318  -4.976943   19.698013  0.300650  2.483637      14.541648    949.482788   88.636703            1.14          1.64  5.584798  0.724319  660.301697
321 -38.910011  -1.103646   14.799513  0.281483  2.719529      14.039529   1908.186279  169.435181            1.14          1.64  5.209714  0.909295  636.840759
322 -31.401720 -21.619150    6.882071  0.323749  3.100671      15.568658   1651.766113  185.225464            1.14          1.64  6.834519  1.369565  663.383911
323 -20.431126   6.841951   14.898092  0.320886  2.509471      14.033854   1668.113770   67.449768            1.14          1.64  7.168680  2.277226  606.691223
324 -17.860916  12.612573   15.475270  0.329654  2.979434      14.855678   1254.260254  236.677750            1.14          1.64  6.644021  2.473288  590.714111
325 -28.515743   0.381232    3.636717  0.275702  2.092941      14.805233   1600.768188   98.273369            1.14          1.64  5.955066  1.627465  622.592590
326 -27.386654   2.753951   13.515435  0.289745  3.075919      15.136662   1562.462769  192.450165            1.14          1.64  6.774957  1.057793  565.170471
327 -27.733997  -8.071609   20.481709  0.280322  1.119546      15.777222   1567.939697  107.150352            1.14          1.64  5.628581  1.536143  614.582031
328 -20.954830   7.498823   22.574900  0.318924  3.346900      14.522013   1393.463989  134.446533            1.14          1.64  5.907061  2.466619  596.841919
329 -34.981647  -0.688078   22.001850  0.309777  3.027001      14.929512   1645.679199  114.020340            1.14          1.64  6.202824  1.376489  651.663208
330 -21.822163   7.158931    9.952772  0.310264  2.383617      14.907185   1226.810303  166.998199            1.14          1.64  7.891556  1.288313  583.771179
331 -28.788502  12.950480   13.213819  0.323418  3.303764      15.654832   1627.939941  188.026367            1.14          1.64  6.606556  1.305705  570.975952
332 -24.159876  14.339924   19.139347  0.330450  3.501182      14.305239   1670.360596  141.345230            1.14          1.64  6.539720  1.306344  530.641479
333 -20.619795  12.205659   20.503620  0.326729  3.087842      14.910136    956.233826  166.338058            1.14          1.64  6.556494  0.598449  496.611877
334 -21.018496  17.355846   13.618342  0.317565  3.922253      14.625800   1698.908569  183.132812            1.14          1.64  6.389450  1.282576  505.505859
335 -28.540352  -5.387238   21.680544  0.299371  2.296318      15.498101    928.630371  156.711212            1.14          1.64  7.056161  0.936387  636.126038
336 -31.332649   1.519344   19.878277  0.303327  3.090569      14.358087   1167.412354  102.847008            1.14          1.64  6.320272  1.054984  618.597778
337 -15.978881  11.960933    8.212712  0.331331  2.498614      15.367498    945.006653  102.212852            1.14          1.64  6.411572  1.449595  590.327332
338 -30.692280  -0.803167   14.262652  0.306963  3.112264      14.169001   1153.982666  198.717239            1.14          1.64  6.991205  1.714671  679.669861
339 -30.680542   6.320987   18.421934  0.298702  3.884905      15.103164   1524.022705  179.007874            1.14          1.64  6.952031  0.912359  546.493164
340 -31.094557  -2.110275   18.472473  0.289810  3.729291      15.019496   1498.425293  275.356262            1.14          1.64  6.369614  2.585308  674.929321
341 -28.690128 -11.946174   13.422842  0.276431  3.738906      15.959185   1034.947144  202.328537            1.14          1.64  6.013691  0.666760  601.397034
342 -24.610363   7.750481    8.782204  0.293320  2.793535      15.299829   1543.372437  116.488022            1.14          1.64  5.858271  1.020624  534.922302
343 -32.559673  -8.022925   21.168877  0.291772  3.088047      15.244135   1112.568604  187.237122            1.14          1.64  6.404139  1.857518  697.869568
344 -33.952278   1.668000   17.022291  0.333691  2.554000      15.241874    837.272583  106.211273            1.14          1.64  7.018875  0.349288  699.975403
345 -20.978127  21.201191  357.574249  0.331105  3.230695      15.482358   1369.327148  141.558350            1.14          1.64  7.004354  2.852843  621.242859
346 -31.171413   1.001756   25.030146  0.310638  3.965060      14.051470   1105.907349  178.951080            1.14          1.64  7.039812  1.318521  640.719482
347 -17.968103   3.047467    8.117728  0.290556  1.520548      14.941676   1135.204956  128.853668            1.14          1.64  6.508561  1.045117  549.027344
348 -24.613930   4.880103   19.922844  0.317314  3.178836      15.271976   1748.307495   94.912361            1.14          1.64  6.128973  2.885598  627.781921
349 -29.861115  -4.216996    7.342911  0.260993  2.543622      14.835258   1613.686157  248.632477            1.14          1.64  6.856565  0.865883  557.032715
350 -23.531822   8.587747    1.664607  0.301846  3.081547      14.674445   1058.730347  203.427505            1.14          1.64  6.334151  1.515154  618.913818
351 -35.837318  -1.340255    8.908815  0.275308  3.525917      14.945918   1652.581177  259.850586            1.14          1.64  6.849759  1.091627  649.991821
352 -39.557106 -13.229932   25.006697  0.253764  2.707491      15.022305   1900.228516  165.000397            1.14          1.64  7.203638  0.324143  459.894958
353 -32.613075  10.227907    7.703861  0.309815  3.772535      15.179173   1053.114746  164.739868            1.14          1.64  6.596389  1.661748  678.812195
354 -31.861979   3.245914   23.473145  0.322431  2.882545      14.689507   1447.916138  197.261139            1.14          1.64  5.943501  1.676430  634.391418
355 -20.996504   3.969735   21.391453  0.309149  2.469207      14.337676   1847.642212   85.747208            1.14          1.64  6.733281  1.641852  567.482727
356 -27.336973   4.912233   17.172409  0.300054  3.440791      14.889266   1465.398315  154.058502            1.14          1.64  6.135026  2.339184  624.247620
357 -21.977478  -4.559668   23.883518  0.278254  2.509642      15.408479   1348.596802  147.618347            1.14          1.64  6.958373  1.185710  561.380920
358 -30.464622  -3.761563   14.580648  0.284089  2.804044      14.988944   1712.747192  229.718887            1.14          1.64  7.619528  2.086079  656.759399
359 -21.514194   9.082914   12.473689  0.334449  2.110461      14.735144   1629.245972  106.837013            1.14          1.64  7.006516  1.607237  584.463867
360 -33.284649   1.284794    3.266664  0.264182  2.953742      15.659228   1487.376221  184.752655            1.14          1.64  6.769361  0.579735  531.224609
361 -32.960903  -6.299749    2.779385  0.285950  2.264216      15.215220   1322.931152  147.067963            1.14          1.64  6.201861  1.638576  677.461731
362 -24.891626   8.811352   15.314178  0.303918  3.811423      14.558456   1851.531250  179.424271            1.14          1.64  6.518434  2.040171  585.018066
363 -30.284662  -3.823536   23.880367  0.298876  3.904901      15.721634   1420.062500  245.486786            1.14          1.64  6.833126  2.335767  666.838379
364 -36.584827  -2.845803    5.940520  0.288013  3.872731      14.739823   1309.631714  214.453339            1.14          1.64  6.397053  1.178328  698.500549
365 -43.023884  -9.958595    8.257747  0.272048  2.615018      14.016002   1588.527466  157.497818            1.14          1.64  6.274894  0.528851  672.096191
366 -22.444538   0.736209   24.711340  0.284558  3.554901      15.052262   1457.304321  268.496063            1.14          1.64  6.428520  1.729973  571.230896
367 -31.280540   5.564023   32.795155  0.324321  3.930986      14.537187   1499.497192  238.350159            1.14          1.64  6.396810  1.297139  551.883057
368 -36.836166  12.686286   11.231876  0.324765  3.658618      15.632889   1483.960693  179.831284            1.14          1.64  5.850940  1.719478  681.931946
369 -25.447468   1.812649   17.005545  0.295159  3.738657      15.754989   1000.783936  161.313736            1.14          1.64  6.177924  1.299652  608.624512
370 -26.820267 -11.239099   11.671705  0.280735  2.783290      15.121903   1258.772461  149.917908            1.14          1.64  7.199621  1.715438  639.462280
371 -34.463524   4.022817   19.869873  0.309379  2.926575      14.759613   1977.434570  123.069664            1.14          1.64  6.691883  1.311471  611.223389
372 -30.420174  14.531856   14.780950  0.320540  3.779609      15.873020   1049.640991  197.774628            1.14          1.64  6.071592  0.379452  466.595673
373 -27.146696  16.086599   11.993101  0.327167  3.949815      15.954133    801.502747  171.209473            1.14          1.64  6.028821  0.514938  567.396912
374 -31.692200 -11.660963   19.949261  0.276653  2.638698      15.077759   1614.543701  251.978500            1.14          1.64  6.271978  2.294293  691.420227
375 -35.901108  -6.176627   13.472217  0.281661  3.053136      14.331463   1271.065063   93.299881            1.14          1.64  6.799074  1.148607  694.099243
376 -30.195137   4.742365   24.084055  0.333093  2.989161      15.407857    876.332947  126.325684            1.14          1.64  5.725435  1.364604  648.747498
377 -19.171427  19.465586   24.907509  0.330357  3.869677      15.853583   1759.509033  162.050491            1.14          1.64  6.009383  1.411831  477.771576
378 -25.592192   2.955882    5.656854  0.288462  3.258038      14.643642    976.750427  149.459442            1.14          1.64  6.507284  1.120188  615.697998
379 -20.798512   1.733420   17.516714  0.289826  2.419770      14.448097   1921.741455  251.014282            1.14          1.64  7.139314  2.849793  605.238525
380 -33.686493  17.273277    1.948865  0.312500  3.545659      15.543360   1218.416504   70.851715            1.14          1.64  5.153521  0.666401  598.198547
381 -20.129904   5.628343    6.666737  0.339071  1.372430      14.658300    872.486938   93.375099            1.14          1.64  6.456868  2.160485  672.616699
382 -26.848782 -11.251796   29.934368  0.285124  2.472322      15.749157   1350.856201   97.452568            1.14          1.64  5.632943  2.451708  661.160461
383 -23.283045  12.127857   10.783285  0.314647  3.176174      15.641146   1074.446533  166.237625            1.14          1.64  6.462995  0.849983  538.201050
384 -28.704998  -4.400345   17.356169  0.286102  2.113420      15.813142   1627.029297   88.870956            1.14          1.64  6.182915  1.338412  605.594910
385 -33.176670   0.341507   10.977137  0.298674  2.138708      15.135029   1349.269775  152.779144            1.14          1.64  5.220160  1.170320  651.118408
386 -25.786325   4.457354   25.031132  0.315832  3.756075      14.634055   1243.215942   95.365540            1.14          1.64  5.626481  2.282569  616.953125
387 -26.457506   2.118411   19.232746  0.309878  3.783098      14.632778    946.000061  210.489685            1.14          1.64  5.502985  1.316350  633.623169
388 -28.235054   4.238269   28.233006  0.306995  3.838227      14.886430   1349.405396  139.942642            1.14          1.64  6.315450  1.198893  554.707092
389 -33.514591  -3.421095   22.312796  0.303205  2.901997      15.432364   1012.849182  198.949890            1.14          1.64  7.321404  0.361802  563.301392
390 -25.938837   1.094851    4.988040  0.280152  2.814626      15.021490   1616.687134  114.163803            1.14          1.64  5.696586  1.406909  585.065613
391 -33.122047  -8.770043   16.831152  0.289360  2.738463      15.585894   1413.004028  146.250336            1.14          1.64  7.099287  1.109484  654.752502
392 -17.391382   4.498260   12.422937  0.290317  3.110912      14.236970   1233.038940  226.068344            1.14          1.64  6.300235  2.801596  609.318176
393 -26.737032   5.245473    5.980486  0.291566  2.599972      15.336525   1524.106567  113.257904            1.14          1.64  6.048557  1.277716  590.851562
394 -34.299702  -5.314925   19.297709  0.291579  2.332628      15.102898   1462.357788  155.258820            1.14          1.64  6.100017  1.496227  671.509949
395 -35.895271 -14.880770   14.033813  0.283968  2.486505      15.772910   1887.843750  145.695663            1.14          1.64  6.652419  1.345737  697.694153
396 -28.145144   4.152431   18.247561  0.337121  2.427165      14.496279    929.842896  168.016556            1.14          1.64  6.052685  2.017981  684.973877
397 -31.224323  -5.064191    8.478390  0.294645  1.891307      15.685671    887.560608  142.761978            1.14          1.64  7.543559  0.849410  679.939819
398 -33.572716  -3.384176   12.805926  0.292602  3.874295      14.132802   1031.051147  225.982117            1.14          1.64  6.118351  0.663991  649.093201
399 -33.076515   3.238929   13.169947  0.323229  2.136428      15.786684   1572.392456   56.903584            1.14          1.64  5.734213  1.350519  652.880920
400 -32.818283   6.569376   15.408422  0.317821  3.590516      14.753804   1362.220337   76.837471            1.14          1.64  5.937685  1.466553  647.110352
401 -32.976173  10.788366    8.049034  0.334310  2.669244      15.018567   1171.885254  136.510239            1.14          1.64  5.596613  1.166747  664.741943
402 -29.789808  -9.807310   14.050447  0.275447  1.171170      15.172821   1852.065063  100.702454            1.14          1.64  6.083150  1.441364  626.894531
403 -14.511300   4.902994   13.456107  0.325937  1.505571      14.805424   1219.910767  114.299866            1.14          1.64  7.518950  2.579171  619.163818
404 -29.289871  -0.766678   10.491769  0.286289  3.538277      14.326320   1799.050903  266.213409            1.14          1.64  6.122079  1.897793  646.259399
405 -19.668739  -1.738464    9.131746  0.287190  2.598287      15.023171   1220.913696  108.288589            1.14          1.64  6.733099  1.914114  598.174438
406 -31.620275 -19.610262   18.666817  0.289908  3.417461      15.225647    901.048340  197.556030            1.14          1.64  5.769771  0.240274  635.592285
407 -29.632198  -5.230042   23.004917  0.288947  3.987853      14.854964   1973.206177  240.121262            1.14          1.64  6.115864  2.353061  645.858093
408 -31.007473  -8.408809   17.018364  0.282010  3.497580      14.298449   1330.339966  169.569199            1.14          1.64  6.721827  1.855689  682.613342
409 -31.339592   5.239007   25.450148  0.330532  3.620642      14.858011   1200.133911  250.352783            1.14          1.64  6.662333  2.968842  660.948242
410 -28.872849   1.537843   13.628347  0.297105  3.086060      15.932263   1239.078247  177.466324            1.14          1.64  7.634736  1.934479  650.581726
411 -30.809872 -11.939910   17.660315  0.289092  3.571788      14.539896   1629.558350  222.638031            1.14          1.64  7.276715  1.786409  675.947876
412 -29.378942   3.842754   17.761290  0.304654  3.001715      14.505093    876.988525  192.875641            1.14          1.64  5.881232  0.313945  545.205383
413 -31.007515  -3.063953   25.037258  0.304624  3.072238      15.973392   1269.385254  205.334305            1.14          1.64  6.922183  1.273600  623.808594
414 -36.871422  -0.006425   25.318169  0.311485  3.954644      14.528678   1293.682251  164.088882            1.14          1.64  5.586779  1.639629  677.292236
415 -21.463552  14.552481   11.505680  0.311352  3.187206      14.961134   1074.835449  169.778717            1.14          1.64  7.430370  0.717525  501.316132
416 -23.172619   0.543546    9.720705  0.291515  3.077404      15.468881    921.422424  137.518784            1.14          1.64  5.509866  1.217418  613.079285
417 -30.363279  -3.251711   21.009811  0.295786  2.699632      15.522414   1553.404541  208.127060            1.14          1.64  6.650535  1.186270  602.629211
418 -27.517345  -0.775518   18.177158  0.285435  3.460332      15.897388   1388.924438  147.803009            1.14          1.64  5.766175  1.900023  623.736267
419 -28.861614 -14.362885   18.825369  0.282499  2.372063      14.598746   1990.984619  180.152786            1.14          1.64  6.823324  2.141552  662.672791
420 -28.614779   7.085026   20.667017  0.348322  2.599235      14.263427    905.842896  110.935829            1.14          1.64  6.231926  1.296790  648.575806
421 -34.457485  -4.255747   11.704679  0.283616  2.521291      14.847475   1652.819702  214.936447            1.14          1.64  7.215455  1.799031  691.621521
422 -26.568962 -13.122761   30.421387  0.278065  3.200567      14.693927   1323.989502  244.231934            1.14          1.64  6.466595  1.668369  646.456360
423 -23.173330   6.261612    8.965613  0.326154  2.632035      14.930081    909.589783  126.796341            1.14          1.64  6.341500  2.666605  668.564270
424 -22.474171  15.133320    3.452568  0.347282  2.538331      14.893664   1363.423828  162.745102            1.14          1.64  7.373905  2.794767  645.660645
425 -37.438583  -7.260558   20.390816  0.285706  3.327746      15.127727   1603.005005  205.347473            1.14          1.64  6.767459  1.251781  684.705200
426 -26.308289  12.271065   11.315212  0.308983  3.752514      14.705041   1845.897217  226.999710            1.14          1.64  7.439121  2.756119  620.041626
427 -15.804836   2.160055   10.745881  0.321436  1.114339      14.257786   1098.143555  118.990509            1.14          1.64  8.185499  2.609384  627.521484
428 -32.776814  -1.485292   12.823876  0.300793  3.044142      14.962801   1138.656128  167.803604            1.14          1.64  6.073231  1.675843  697.575012
429 -21.117563  13.169772   26.057972  0.321303  3.681273      15.262390   1145.560181  179.568497            1.14          1.64  6.901757  1.086924  509.043030
430 -29.724543   0.533936    3.479164  0.296932  1.331304      15.462788   1111.812134  143.947433            1.14          1.64  6.839883  1.251394  651.291260
431 -33.501385   3.805571   29.372837  0.332625  3.882395      15.473872    940.458252  246.145615            1.14          1.64  6.123899  1.464717  650.724121
432 -25.315554   4.978200   10.786982  0.322046  1.905499      15.355460   1442.936035  123.420952            1.14          1.64  8.210001  2.345408  640.777283
433 -38.738285  -1.768348   12.779393  0.275298  3.074940      15.969658   1181.875732  174.867813            1.14          1.64  6.586668  0.452654  606.041504
434 -36.906780 -10.279819   14.439692  0.260617  2.626052      15.043780   1837.786255  193.788635            1.14          1.64  6.648952  0.869193  631.019897
435 -17.414551  13.572408   18.690514  0.339908  2.731630      15.299860   1503.012573  151.859756            1.14          1.64  6.880503  2.323802  576.215515
436 -27.113911   5.163056    6.166742  0.295630  2.352301      15.263038   1633.376099  153.610138            1.14          1.64  6.313792  2.007136  629.888977
437 -29.359510   5.891111   10.798822  0.297049  2.459868      15.692083   1343.543579  134.721008            1.14          1.64  6.365327  0.722599  541.010864
438  -8.782348   4.770415   12.073708  0.321035  1.169379      14.139843   1157.243896   84.286926            1.14          1.64  6.790142  1.932787  584.841614
439 -23.209539  20.088612   10.661553  0.344323  3.481370      15.390812    943.606140  109.305130            1.14          1.64  6.045753  0.902283  546.157043
440 -29.166595  -0.017990   16.147835  0.316476  1.733908      14.919825   1415.667480  122.917770            1.14          1.64  6.843223  2.413889  673.040588
441 -23.919895  -3.304285   19.141113  0.270996  3.009119      15.273761   1593.130493  203.301636            1.14          1.64  6.117568  1.403785  566.993958
442 -36.031685  -7.658463   14.021259  0.279143  1.938681      14.750477   1337.102051   86.126152            1.14          1.64  5.786073  1.039827  671.738892
443 -22.689293  11.457806   19.479330  0.320624  3.563145      14.202390   1174.041992  207.287689            1.14          1.64  6.418943  1.077973  541.341309
444 -32.612911  -5.850231   14.793960  0.293151  2.868876      14.764671   1552.853516  241.712708            1.14          1.64  6.950317  1.786626  681.960449
445 -31.488909  -9.056067   15.323484  0.291174  3.183587      15.661819   1129.258057   78.110649            1.14          1.64  5.875110  1.774167  699.190552
446 -27.377787   8.932881    9.957831  0.325337  3.030914      14.759088   1435.018799  140.264023            1.14          1.64  5.656780  2.505725  653.706848
447 -32.077202  -3.664841   14.796537  0.296733  2.544441      15.559621   1506.414062  255.153381            1.14          1.64  6.217788  1.514956  657.036499
448 -30.262169   0.506465   22.456121  0.316917  3.378309      15.051164   1110.178467  153.912704            1.14          1.64  6.618541  2.478201  674.499512
449 -29.346947  -6.975221   14.919965  0.286032  3.326085      14.719327   1598.271606  251.787201            1.14          1.64  6.623970  1.645683  648.006165
450 -26.233862   9.705167   21.067160  0.320027  3.747386      15.661856    825.196289  125.531136            1.14          1.64  6.079254  0.639720  559.793945
451 -20.846226   6.727873   22.403856  0.286651  3.604276      14.840651   1532.415039  140.717834            1.14          1.64  6.056858  0.917827  486.013794
452 -21.334766 -10.498775   22.224871  0.296011  3.331058      14.227275   1628.294312  184.683228            1.14          1.64  6.250015  2.243179  631.373962
453 -21.511118   8.443296   21.710455  0.330838  3.248754      14.287585    980.471558  142.766556            1.14          1.64  6.246327  1.712010  605.210083
454 -28.070665  -1.859251   16.547262  0.298289  3.451940      14.261208    839.203308  115.704620            1.14          1.64  5.827757  0.930341  660.982300
455 -28.417912   2.283196   17.816341  0.301195  3.379848      15.941316   1739.790039  227.569427            1.14          1.64  6.550025  2.962514  653.409058
456 -38.005890   9.655453    6.981759  0.322162  2.948308      15.259706   1415.690796  293.795532            1.14          1.64  6.551373  1.090233  693.302307
457 -25.710958  12.151779   11.291523  0.326930  2.869554      14.343075   1525.989380   69.868965            1.14          1.64  6.679166  2.012787  615.738647
458 -29.936415   0.531099   15.575570  0.302811  3.176380      15.892087   1955.538452  166.308975            1.14          1.64  7.411563  2.969083  668.996399
459 -34.426090   0.079246   10.202112  0.301311  3.431153      15.125993    860.138062  166.119476            1.14          1.64  5.522765  0.405829  694.878906
460 -25.132654   4.737244   17.596380  0.306457  3.100762      14.058460   1106.503784  293.750000            1.14          1.64  5.935169  2.082167  628.178101
461 -25.580236   5.056813   23.239628  0.319827  3.864153      15.304848   1050.269531  210.780975            1.14          1.64  5.183239  2.176327  629.300537
462 -26.260380  -6.383845   16.195461  0.262532  3.952385      15.765910   1310.969727  176.636444            1.14          1.64  6.077527  1.057508  572.682373
463 -31.001490 -16.654026   26.502884  0.276003  1.099395      15.986556   1669.463501   82.303780            1.14          1.64  5.428508  1.288865  651.284790
464 -31.585611   5.281156   15.006934  0.312171  3.118602      14.670902    930.510376   94.158073            1.14          1.64  7.022955  0.285688  539.310852
465 -28.587479  10.107500   11.100700  0.328649  2.905486      14.179221   1150.938232  127.047913            1.14          1.64  5.533216  1.775625  657.271179
466 -22.148344  -1.855454    5.915860  0.297118  2.641378      15.545019    927.914490  252.846558            1.14          1.64  6.641686  1.317147  620.872192
467 -40.957012  -5.886789   13.617870  0.274730  2.844281      15.615392   1279.204102  205.352371            1.14          1.64  6.465469  0.693258  690.412659
468 -22.821043  14.164014    8.169897  0.329792  2.770453      14.142583   1246.581299   82.877022            1.14          1.64  5.577769  1.590400  596.900513
469 -30.287975   8.799960    6.629419  0.312616  2.466554      15.822866   1469.457764   78.841995            1.14          1.64  5.489987  1.050621  595.634705
470 -26.383434   4.081789   23.399305  0.328116  2.658113      14.273968   1573.236084  247.029999            1.14          1.64  7.454321  2.263509  629.505249
471 -30.300463   3.014010   23.558764  0.300317  3.532021      14.889071   1068.477905  145.147842            1.14          1.64  6.087587  0.562212  533.487915
472 -22.891083   2.630460   19.965446  0.298259  2.862691      15.341644   1316.662476   81.813622            1.14          1.64  6.633677  2.998445  626.338989
473 -32.621529   0.676697   12.948875  0.299632  2.945729      15.184594   1170.853882  103.149117            1.14          1.64  5.579490  1.279874  657.244385
474 -21.437140  12.002546   15.555336  0.319271  3.282390      14.052939   1271.108154  212.883469            1.14          1.64  6.747049  1.561745  564.063354
475 -30.263783 -10.415676   23.360811  0.301304  1.645014      15.649040   1920.961060  102.853119            1.14          1.64  6.074878  2.941777  699.282349
476 -36.914803  -0.675233   26.027180  0.310603  3.961689      14.485785   1643.519043  237.104141            1.14          1.64  6.286823  2.059318  680.043640
477 -29.515642 -12.931043   18.513948  0.269302  3.403122      15.624932   1716.213623  186.202682            1.14          1.64  6.454446  1.649374  639.725159
478 -31.718466   1.988287   18.433569  0.288271  2.643730      15.913473   1890.595093  120.786484            1.14          1.64  5.853541  0.725831  502.161957
479 -23.042233  16.134741   17.031858  0.332663  3.568366      15.378903    860.652954  197.977066            1.14          1.64  7.060793  0.306830  445.430115
480 -34.278240  -6.329855   15.590393  0.284514  1.586958      14.358311   1882.580688   68.575638            1.14          1.64  6.305898  1.216235  645.134216
481 -22.638775   8.604612   20.482130  0.343479  2.457749      14.851834   1308.615234   74.497368            1.14          1.64  6.275233  1.925786  604.487000
482 -35.901936  -8.330970    8.165837  0.270784  3.832254      15.079844   1899.692261  236.653275            1.14          1.64  6.576853  1.070037  641.214233
483 -26.103695  -3.626881   20.979805  0.259454  3.000202      15.841457   1976.166992  198.247986            1.14          1.64  6.325752  0.760779  473.095032
484 -34.444416  -6.166514   15.661795  0.279999  1.801569      14.563221   1609.608154  143.390717            1.14          1.64  5.268230  0.942524  626.245789
485 -15.876359  18.511532   15.039850  0.332190  3.067774      14.974973   1239.814453  124.663269            1.14          1.64  7.389773  0.641351  438.064453
486 -22.178511   6.558810   23.171736  0.310529  3.269035      14.954499   1671.942993  238.480927            1.14          1.64  5.314480  2.565853  595.370789
487 -34.259697   8.977541   16.065893  0.318673  3.337244      15.641995   1754.747559  169.372955            1.14          1.64  5.205328  1.428573  625.081055
488 -29.964514  16.610224    9.130363  0.327220  3.691198      14.925034   1861.255859  191.116333            1.14          1.64  6.773168  2.588011  634.577148
489 -31.178942  -0.629329   11.315735  0.275255  2.878810      15.539806   1518.970215  183.989319            1.14          1.64  5.744884  0.940663  575.552185
490 -42.058979   4.084836   12.667753  0.312139  2.770882      14.468414   1553.148315  106.224174            1.14          1.64  6.218316  0.605649  655.871704
491 -31.537693   3.268707   27.458466  0.313367  3.578741      15.322876   1732.618774  183.199097            1.14          1.64  5.937216  2.460690  629.997559
492 -29.547422   5.261649   14.859199  0.300747  3.550986      15.493089   1485.165161  274.241364            1.14          1.64  7.196074  2.117714  635.351501
493 -30.958891   2.032059   18.821617  0.295557  3.537842      15.650165   1178.899780  201.578629            1.14          1.64  6.375273  1.490293  634.320312
494 -30.759232  -0.770573    3.827461  0.284900  2.895273      14.704051   1344.281738  162.409882            1.14          1.64  6.139321  1.839607  673.580383
495 -25.135267   7.450213   23.654318  0.309392  3.182311      14.928978   1098.222534  180.830780            1.14          1.64  5.465647  0.717775  516.585571
496 -25.489700   4.887758    8.116307  0.294904  2.397369      15.174735   1867.251343  168.114761            1.14          1.64  7.351856  2.321329  623.252686
497 -35.342415 -11.046233   20.208462  0.256558  3.632492      15.824235   1471.640503  172.889877            1.14          1.64  6.423745  0.574800  569.014648
498 -26.714832  -8.809221   28.300146  0.288061  3.169164      14.120669   1377.111450   93.521530            1.14          1.64  5.915618  1.191684  608.297852
499 -34.197330 -10.090128   21.385063  0.268639  2.610986      15.893548   1440.424316  185.333954            1.14          1.64  6.539706  0.814379  610.071167
500 -22.413599  -0.085511   13.162391  0.290848  2.017244      15.427354   1422.494629  155.330307            1.14          1.64  5.706313  1.143509  558.478333
501 -16.443048  21.364454   17.073893  0.335610  3.900291      14.629478    923.060059  118.094261            1.14          1.64  6.501508  0.552190  450.596405
502 -32.762516   0.364354   24.494873  0.332414  2.386100      14.517515   1260.604126  120.483307            1.14          1.64  5.745841  1.273564  644.938782
503 -26.151728   2.723060   15.559550  0.292519  3.733136      14.377174   1635.997681  162.471466            1.14          1.64  5.418806  2.025283  616.512817
504 -38.314850 -10.082623   16.222925  0.286963  2.276104      14.439900   1507.750977  112.664215            1.14          1.64  5.795807  0.855041  685.594238
505 -33.322124   4.517128   15.372894  0.310245  2.970325      14.156238   1614.428589  127.654953            1.14          1.64  6.233710  1.381535  641.889465
506 -25.009373  19.701206    4.634604  0.346233  3.285746      15.405644   1038.355591  158.520569            1.14          1.64  6.758078  2.557115  647.811523
507 -37.179424 -22.850979   19.210852  0.271959  2.637731      15.495052   1930.826172  212.978928            1.14          1.64  6.057735  0.655924  648.373291
508 -32.787384   3.908241   26.839489  0.341190  3.228805      15.624481    804.612366  119.532066            1.14          1.64  5.885873  0.529264  644.360962
509 -28.248030  -6.513799   14.259298  0.295276  3.636485      14.960804    988.570312  216.336121            1.14          1.64  7.031219  2.521139  690.571655
510 -35.080669 -14.177721   18.133944  0.279683  1.550738      15.561691   1417.133057  223.028809            1.14          1.64  6.860644  0.715407  639.071960
511 -33.184387   0.751812   27.239450  0.326268  3.453606      15.457119    929.339783   87.184235            1.14          1.64  6.305058  2.098239  690.008301