           lon        lat         inc      D1AU     delta  launch radius  launch speed    t factor  expansion rate  B decay rate      B1AU     gamma         vsw
0   -13.337841  13.723294   13.413914  0.332551  2.387191      14.562061   1171.388794  124.655914            1.14          1.64  6.170255  1.332235  547.848633
1   -21.557581   2.302402   18.435879  0.311134  2.523281      15.873005    825.573975  111.301079            1.14          1.64  7.001378  2.655588  643.843994
2   -31.205742   4.734921   23.878899  0.317011  3.964993      15.207811   1444.822876  209.100266            1.14          1.64  5.670531  2.916008  649.157776
3   -33.994698   2.211473   14.417599  0.294318  3.199925      15.983350   1942.357056  168.969940            1.14          1.64  7.159183  2.198184  667.935791
4   -14.923279  19.203176   13.331230  0.319703  3.851223      14.149760   1266.882568  131.578644            1.14          1.64  5.609146  2.155823  545.424988
5   -24.331762  18.253672   14.080103  0.336766  3.791654      14.937903   1617.379150   94.045052            1.14          1.64  6.212735  2.994546  589.956848
6   -22.410959  18.809175    2.854635  0.337133  3.010625      14.096209   1390.663696  161.428345            1.14          1.64  5.549232  1.745104  594.788757
7   -31.075413  -2.731308   18.868565  0.296628  2.802787      15.655869   1055.262817  161.090942            1.14          1.64  5.762249  1.438204  662.469849
8   -27.793921  -1.831554   19.233362  0.282739  3.505174      14.875712   1881.671143  294.424377            1.14          1.64  5.943480  1.763338  606.030151
9   -31.599876  -6.943278    4.327233  0.267912  2.570982      14.744093   1153.517456  195.641815            1.14          1.64  7.508557  0.285171  474.283356
10  -32.334084   3.271392   15.462323  0.322536  2.406609      14.220053   1903.508789  152.709702            1.14          1.64  6.531577  2.915675  688.410706
11  -27.961845  -3.899672   19.650019  0.295292  3.646698      15.379168   1073.668457   96.062103            1.14          1.64  6.134094  1.356430  638.795105
12  -33.617649 -17.512394   20.187994  0.276401  3.426270      14.827257   1808.631714  297.720093            1.14          1.64  6.166657  1.286205  675.524902
13  -21.008852  13.091022   15.926962  0.334293  3.494581      14.767601    808.102783  115.655937            1.14          1.64  6.247248  1.782379  614.213684
14  -31.942772   6.800887   23.516008  0.329831  3.573246      15.714473   1573.064575  229.607651            1.14          1.64  6.876025  2.355544  636.823853
15  -26.203411 -13.440039   16.031689  0.289166  3.395181      15.958218   1946.155518   93.780373            1.14          1.64  5.357249  2.742872  655.440186
16  -32.198807   5.516434   12.031368  0.306982  2.649134      14.524156   1089.324341  275.671661            1.14          1.64  6.315895  1.072220  646.336365
17  -25.218281   2.824155   16.176098  0.297392  3.006350      14.335105   1351.218994   93.007286            1.14          1.64  5.680423  1.988804  620.403381
18  -14.947163  11.825251   14.069931  0.313766  3.502208      14.901588    914.848450  147.611496            1.14          1.64  7.005769  0.781976  526.117737
19  -30.785345   0.215022    4.831496  0.289027  3.552384      14.941749   1862.097412  248.109802            1.14          1.64  7.301913  2.933309  689.723511
20  -26.217346   9.582219   14.191266  0.319759  2.807338      15.104736   1451.643555  170.227798            1.14          1.64  6.657955  1.963121  612.290161
21  -35.596962  -8.487000   12.634155  0.270124  2.416936      15.882910   1962.019653  269.253204            1.14          1.64  6.813684  1.260400  645.940063
22  -23.939947   3.138558   10.410007  0.291604  3.010249      14.921032   1905.704590  196.683624            1.14          1.64  5.420223  2.353106  613.034790
23  -27.622061  -6.725560   17.496952  0.278494  2.406216      15.724043   1295.388184  223.283173            1.14          1.64  7.236112  1.379906  613.281738
24  -33.953854  18.035427    7.531904  0.331757  3.913081      14.120859   1006.341980   92.940674            1.14          1.64  5.135997  0.875202  653.688660
25  -27.639711  -5.621775   22.689400  0.281043  3.782709      14.980393   1071.829346  236.665161            1.14          1.64  7.503633  0.563568  543.712585
26  -29.044123   0.849293   23.181768  0.308844  3.463937      14.084955   1849.992920  212.053574            1.14          1.64  6.297422  1.825727  617.871582
27  -24.937567   3.320989    8.446424  0.305060  2.053617      15.454780   1179.687256   98.210899            1.14          1.64  6.550025  1.251300  607.579712
28  -21.624701  14.590982   15.610509  0.331727  3.075052      14.552614   1554.849854  105.100983            1.14          1.64  5.850516  1.273894  529.498962
29  -31.699438 -10.478042   26.081564  0.294343  3.441637      15.699203   1098.552246  140.269638            1.14          1.64  6.661431  1.950485  696.891174
30  -29.678345  -0.303754   15.817378  0.302723  2.562466      14.967741   1670.935425  131.984116            1.14          1.64  7.154787  2.618454  663.825867
31  -29.150127  11.537738   11.348790  0.335149  2.730075      15.551607   1799.578979  118.323318            1.14          1.64  6.656128  2.906881  656.659424
32  -22.700485  12.952211   15.835690  0.345694  2.889622      15.786872    859.958679   97.015190            1.14          1.64  6.616813  0.918238  588.803955
33  -21.818819  13.140741    9.615313  0.318346  3.148058      14.746449   1608.467529  127.490501            1.14          1.64  6.207787  2.459588  598.386292
34  -14.661446   4.879969   13.511926  0.280441  3.163162      14.788683   1148.307007  126.670837            1.14          1.64  7.569501  0.877227  502.008636
35  -33.648151  -5.895942    8.317566  0.273292  2.349021      15.596339   1055.393677  118.178505            1.14          1.64  5.332531  0.504534  598.107056
36  -32.114864 -10.829545   14.365371  0.287113  3.467073      15.021396   1396.288696  291.539673            1.14          1.64  7.045503  1.834446  699.686523
37  -29.114250  10.726910   14.311269  0.324923  3.583974      14.668603    887.057190  134.557129            1.14          1.64  6.100346  0.843410  619.122070
38  -28.384502  -0.068329   19.275743  0.293435  3.884757      15.118992   1133.643188  168.936508            1.14          1.64  6.333699  1.405673  625.572815
39  -31.403292  -2.546733   11.837389  0.304358  1.250746      14.349394   1447.726074  105.635590            1.14          1.64  6.147323  1.281446  652.578552
40  -28.990572  -1.485247   16.592773  0.300142  3.694034      15.916264   1322.887451  146.879257            1.14          1.64  5.959814  2.934940  672.938293
41  -29.607691  -0.600838   20.774748  0.316037  2.489369      15.149323   1027.235474  191.135025            1.14          1.64  7.144877  1.793889  672.321411
42  -31.451996   5.972875   20.713472  0.321397  3.791307      14.954965   1450.534790  274.143524            1.14          1.64  6.442250  2.035714  638.508667
43  -22.414719   9.172318   16.929655  0.297639  3.413792      15.245479   1572.254761  184.643250            1.14          1.64  7.105427  1.459377  543.569763
44  -30.381580  12.837117    6.928452  0.330547  3.001585      15.071708    916.377075  165.136490            1.14          1.64  6.108109  1.994053  696.565308
45  -26.760971  -6.802408   19.781122  0.287514  2.520914      14.862427   1594.395630  241.956329            1.14          1.64  6.049513  2.381570  652.034241
46  -26.194033   4.016955   22.669950  0.320334  2.944178      15.528991    981.675781  129.689880            1.14          1.64  5.326482  1.662542  631.964844
47  -32.323788   4.462379    6.813985  0.282653  3.378847      15.509586   1308.503418  158.800720            1.14          1.64  6.640882  1.198016  628.779846
48  -30.345655  -6.747420    6.542949  0.292403  3.699825      14.511947   1361.338989  191.524460            1.14          1.64  5.508183  1.369851  652.967651
49  -36.334473  -1.380209   18.884558  0.304661  3.042183      15.665545   1391.488159  155.854095            1.14          1.64  6.235325  1.302716  673.952576
50  -32.066071   5.269193   23.512114  0.348573  2.642560      15.108067   1663.564087  102.599663            1.14          1.64  7.173618  2.744458  662.403442
51  -36.785030 -15.369435   17.153305  0.273314  2.192051      15.132177   1461.530518  234.357468            1.14          1.64  6.497694  0.509323  608.543884
52  -36.197674   0.257123   15.816591  0.275502  3.317295      15.781678   1865.701050  214.948914            1.14          1.64  6.091446  0.902504  589.737061
53  -25.392618   1.559662   20.811571  0.290169  3.868942      15.544899   1986.644897  184.239822            1.14          1.64  6.478779  2.718714  612.733948
54  -33.621799   3.069626   19.813231  0.307608  3.903955      14.513763    875.532410  174.730850            1.14          1.64  5.012407  0.308239  584.959106
55  -30.292910  -2.026994    8.423102  0.285654  2.161967      14.480949   1429.310059  139.100647            1.14          1.64  5.630970  1.638659  647.743835
56  -29.478783  12.195792   13.972467  0.324151  3.751078      15.334465   1891.526367  136.469986            1.14          1.64  6.073510  2.710766  636.054749
57  -17.930193   9.833930    6.483953  0.314320  2.378630      14.255105   1121.024170  168.400330            1.14          1.64  6.925661  1.134543  569.221680
58  -32.316284 -11.425252   17.189056  0.273935  3.538571      14.771839   1666.899414  222.271530            1.14          1.64  6.331765  1.730775  674.168457
59  -30.493900  -8.280596   22.816811  0.290068  1.757606      14.587008   1577.770996  129.338776            1.14          1.64  6.548415  2.537244  686.298218
60  -24.771265   7.979864   21.475824  0.326480  2.909980      14.449888    945.195679  200.453232            1.14          1.64  6.664152  0.614600  543.891174
61  -20.298721  19.642838   11.475300  0.322982  3.468003      15.854970   1663.174683   99.088661            1.14          1.64  5.861633  1.124458  480.755157
62  -28.992640   3.436979   18.913309  0.307966  3.201939      14.497839   1366.644775  132.815506            1.14          1.64  6.542448  1.938475  631.685974
63  -28.541031   9.153185   19.638702  0.330727  2.776756      14.760350   1154.786011  100.863342            1.14          1.64  6.320366  0.660358  533.847595
64  -29.346849   9.506148   13.974097  0.326663  3.072649      14.920704   1858.181763  153.729187            1.14          1.64  5.925122  2.404603  637.916443
65  -22.546644   8.524275   22.106892  0.318021  3.370120      14.021541   1329.139160  217.795639            1.14          1.64  7.406949  2.259194  601.696838
66  -32.606503  -2.024051   18.678762  0.300001  2.874202      14.378646   1742.459717  176.541946            1.14          1.64  6.136216  2.089008  667.466797
67  -20.521362  17.988708   19.104156  0.346478  3.067999      15.659100   1572.916138  134.209244            1.14          1.64  6.551554  1.321424  505.433746
68  -27.983521   6.200944   12.257710  0.273512  3.850475      15.041780   1665.368286  253.114868            1.14          1.64  6.277149  0.872811  515.304626
69  -35.431610  -8.634212    9.225695  0.259993  3.294479      15.958546   1581.702515  186.740128            1.14          1.64  5.976935  0.658683  579.171448
70  -29.152834  -7.704873   16.740854  0.268819  2.539294      15.264608   1749.364136  134.277481            1.14          1.64  6.322689  1.793028  631.643738
71  -34.086670   5.957785   19.980856  0.326124  3.797197      14.832442    889.920105  128.736496            1.14          1.64  5.197764  1.304827  684.130127
72  -37.731350 -10.244999   19.057739  0.275903  3.002556      14.457403   1411.134155  178.935318            1.14          1.64  5.639922  0.603581  630.516113
73  -26.521862   8.428018    5.628005  0.316660  2.288020      15.360702   1415.108032  156.639526            1.14          1.64  6.256352  2.884070  662.586304
74  -32.736164  -1.050909    5.492923  0.272237  1.934407      14.913444   1553.727295  123.944405            1.14          1.64  6.959110  0.884395  599.357117
75  -30.711887   4.332095   15.504256  0.318678  3.621483      15.863944   1004.754456  221.770279            1.14          1.64  6.653047  2.172151  687.364197
76  -30.438364 -14.123756   20.301638  0.282758  3.217568      14.543094   1691.134277  160.600372            1.14          1.64  7.044815  1.167854  633.615051
77  -23.806257   4.573186    9.142466  0.313068  2.285848      15.400581    877.302551  142.162277            1.14          1.64  8.087942  2.210181  667.072876
78  -31.496939   8.135214   20.049332  0.318974  3.902478      15.556587   1144.588379  181.630203            1.14          1.64  5.698481  1.286406  615.984680
79  -21.768129   4.271391   10.968728  0.293890  3.107974      14.773749   1347.771851  147.870468            1.14          1.64  6.332973  1.317804  571.367249
80  -33.940018  12.501023   12.161533  0.320590  3.398331      15.100855   1122.945068  122.570572            1.14          1.64  5.635861  0.885833  615.000488
81  -33.521427  -2.326217   16.589334  0.302116  1.801329      14.306550   1312.452148  122.079910            1.14          1.64  6.008875  0.710815  601.509644
82  -34.043797   4.566273   13.842133  0.297771  3.742000      14.123360   1112.086548  230.157211            1.14          1.64  6.130437  0.751920  623.399597
83  -31.638397  -3.640661   13.804273  0.286252  3.363547      15.218155   1444.986694  266.853241            1.14          1.64  6.022642  2.430908  688.201843
84  -23.375607  17.936470   11.735224  0.341034  3.740121      15.912149    838.546631  196.566589            1.14          1.64  6.667178  2.126315  623.702637
85  -29.429211 -13.870164   25.447943  0.283915  1.755065      14.292299   1615.669189  197.598633            1.14          1.64  7.426393  2.064383  679.897827
86  -29.835207  20.150799    2.934314  0.346000  3.528716      14.997459    972.385742  180.736084            1.14          1.64  5.258297  1.285017  661.786133
87  -26.523998  17.791790   20.024969  0.343577  3.864935      14.768254   1115.082764  125.215012            1.14          1.64  6.491397  0.956054  525.208984
88  -28.496181  -1.433175    1.783891  0.290172  3.954700      14.622309   1366.926636  188.284988            1.14          1.64  5.996915  2.131862  669.753540
89  -35.639339  -4.199423   18.380646  0.282047  3.164279      14.250248   1757.786865  255.270370            1.14          1.64  6.952743  1.244414  648.662598
90  -23.466187  12.110754   17.229094  0.336586  3.019265      14.122946   1367.940186  166.267517            1.14          1.64  7.929705  1.703949  583.670837
91  -43.457794 -10.713940   16.060884  0.277112  3.165792      14.255261   1575.659424  179.115799            1.14          1.64  6.943506  0.506154  681.911865
92  -17.361839   1.620822   18.189610  0.294821  2.643614      14.846568   1631.432007  145.287247            1.14          1.64  6.973663  1.927646  571.891541
93  -32.477077   1.811527    6.971985  0.283870  1.904883      15.157896   1982.639648  152.374603            1.14          1.64  6.260696  1.170805  602.848938
94  -33.023407   4.520564    8.955779  0.294743  3.689545      14.081142   1856.428467  208.471573            1.14          1.64  6.140500  2.335741  677.988098
95  -31.406002 -14.078959   23.626532  0.284308  3.951662      15.108123   1029.322144  219.548569            1.14          1.64  5.969533  0.923850  680.417419
96  -40.115768 -22.980949   11.673652  0.281391  2.930762      15.503415   1527.189453  225.486008            1.14          1.64  5.742924  0.412037  632.755310
97  -30.197107  12.531842  359.803497  0.324742  2.686040      15.721425   1367.185059  129.364456            1.14          1.64  6.472347  2.029599  683.220764
98  -24.418427   6.743277   14.638002  0.314493  2.368784      15.154488   1018.902161  150.289200            1.14          1.64  7.343577  0.851046  572.271301
99  -22.843740  19.619886   15.100010  0.329852  3.436547      15.641529   1210.448486  153.905075            1.14          1.64  6.915967  0.548236  421.714294
100 -33.751442 -12.492656   11.615222  0.279976  2.969776      14.658029   1452.219849  280.686310            1.14          1.64  6.707299  1.197232  665.638855
101 -29.476730  -5.894669   13.050401  0.281113  1.034853      15.226979   1914.123657  135.668518            1.14          1.64  6.486491  2.338812  656.643616
102 -18.193615   1.893104   17.322327  0.320706  1.744295      14.134583    842.614746  149.979919            1.14          1.64  7.209085  1.859402  640.354797
103 -28.673935  16.623573    1.322835  0.328034  2.566351      15.206808   1237.562866  115.261772            1.14          1.64  5.607829  0.644886  555.829834
104 -30.242496  -8.383988   11.590254  0.277160  3.115934      15.346612   1900.511108  242.027878            1.14          1.64  6.347171  2.494265  669.749023
105 -34.476097  -8.358179    1.297529  0.285708  3.364720      15.858402   1963.205078  295.176239            1.14          1.64  5.653945  1.730359  677.815552
106 -23.635916  10.630908   26.575251  0.325213  3.324106      14.238229   1806.401123  113.923302            1.14          1.64  5.835845  1.195502  505.960114
107 -32.871964   6.493799   24.160776  0.325293  3.602070      15.973739   1259.490112  134.762939            1.14          1.64  6.735413  2.647041  654.328186
108 -26.131397   2.433954   12.831418  0.297242  3.075220      14.301345   1875.818237  223.230362            1.14          1.64  5.921915  2.070501  620.519775
109 -17.633057   8.103263    7.078837  0.328704  1.882871      14.345641    935.670776   61.439716            1.14          1.64  6.607800  0.731986  562.138489
110 -29.733101   8.738580   22.920399  0.327566  3.839016      15.473469   1062.471680  122.589081            1.14          1.64  6.323468  1.378777  600.735962
111 -30.180571   4.095428    9.312420  0.292993  3.223501      14.300671   1082.672363  204.627609            1.14          1.64  5.824520  0.713524  590.401184
112 -33.581924   9.024973    5.799054  0.302885  3.249624      15.900936   1660.904053  257.125366            1.14          1.64  5.472758  2.018424  671.391113
113 -24.032871  10.518882   13.813889  0.343486  2.299494      14.177389   1402.872681  167.302948            1.14          1.64  7.112263  2.288435  631.785950
114 -23.454908  18.231230   15.109223  0.334731  3.980873      15.003193   1208.822388  149.130325            1.14          1.64  6.517570  1.788516  565.346558
115 -27.636040  10.165157   12.608165  0.309237  2.877872      15.939361   1481.058228  147.119476            1.14          1.64  6.244377  1.204338  564.597412
116 -23.216221   0.551334   25.891455  0.307783  3.361196      14.269195   1419.703735  156.303329            1.14          1.64  6.470788  2.734381  624.516968
117 -28.087793   4.560023   18.326508  0.317985  2.894405      14.441923   1484.966309  192.942429            1.14          1.64  6.549852  1.589166  612.315613
118 -17.425837  18.820738   16.914997  0.347096  3.254950      14.483025   1420.756836  151.877197            1.14          1.64  6.959747  1.885611  550.401794
119 -27.220621 -13.704603   25.023750  0.289755  2.462249      15.083331    951.697876   70.227097            1.14          1.64  5.888740  0.540210  613.522888
120 -37.282558  -7.544667   23.899309  0.285697  3.783253      15.244551   1527.736816  239.085754            1.14          1.64  6.111073  1.253069  678.201355
121 -35.279732 -11.187025    5.931189  0.292209  3.709022      14.722608    939.249634  221.559357            1.14          1.64  6.187840  0.402969  675.309387
122 -22.581535   5.087420    4.244803  0.285335  1.686281      14.669879   1448.620117  103.541100            1.14          1.64  6.093209  1.050692  546.562195
123 -33.556404  -3.931889   14.028240  0.291127  2.025836      15.397079   1662.689575   97.696190            1.14          1.64  6.233381  1.844319  682.460266
124 -27.207666   2.960935   22.990679  0.318700  3.111789      15.429071   1333.509399   62.609818            1.14          1.64  6.007023  2.699683  648.922058
125 -27.336746   3.510457   37.057610  0.343413  2.938386      14.129632   1592.468994  141.049591            1.14          1.64  6.922033  2.230402  595.475281
126 -29.698946   7.287360   12.092628  0.317498  3.307053      14.864169   1584.142334  171.002106            1.14          1.64  6.631515  2.402493  658.476624
127 -28.074329   9.538406   18.728239  0.339229  2.806410      15.772758   1087.754883  168.557648            1.14          1.64  7.766928  0.986311  581.786438
128 -16.937611  20.042772   15.694966  0.344648  3.870332      14.325278    864.884888  128.903381            1.14          1.64  6.298026  1.716108  571.661133
129 -32.737259  12.249281   17.169096  0.326955  3.738839      14.259152   1351.140015  155.838837            1.14          1.64  5.580606  1.514358  617.023743
130 -26.727343   1.139592   14.929152  0.294274  3.720723      14.814219   1013.793396  271.694855            1.14          1.64  5.972575  0.914733  596.626465
131 -15.975778  14.405144   10.626281  0.320855  2.963426      15.307867   1968.579590  151.435043            1.14          1.64  6.341418  2.343217  559.369934
132 -28.024553  15.465117    2.296527  0.314141  3.558958      15.405339   1205.529785  113.583527            1.14          1.64  6.244115  2.383885  654.182129
133 -28.752953   2.228275   20.009638  0.318935  2.554009      14.434948   1254.675903  164.211151            1.14          1.64  7.533850  1.423242  629.631287
134 -23.517445  13.397414   16.939171  0.318865  3.953811      14.747206   1087.627808  155.950668            1.14          1.64  6.642929  2.782678  609.406860
135 -27.167984  14.283243   18.263096  0.313659  3.743432      14.532836   1057.880493   89.566544            1.14          1.64  5.176642  0.609817  494.112915
136 -26.395138  -4.929621   14.993167  0.272135  2.640557      15.142036   1585.848022  132.337143            1.14          1.64  6.179925  0.994461  558.971069
137 -34.011971   2.269371   11.239688  0.296068  3.477458      14.990949   1919.530884  183.865204            1.14          1.64  6.097149  2.163282  681.170776
138 -32.280315 -16.691280   11.696899  0.294153  2.773349      14.449442   1635.991821  129.619904            1.14          1.64  6.186156  1.281774  662.964111
139 -16.821299  17.888128   14.734642  0.346961  3.065182      15.121234   1412.854492  193.245392            1.14          1.64  5.986887  2.071434  555.955994
140 -40.638184 -11.679635    8.349634  0.279301  1.722551      15.916992   1855.302124  120.328453            1.14          1.64  6.328954  0.621672  635.546265
141 -36.102680   0.415715   19.124172  0.299342  3.553992      15.170589   1617.276855  148.980103            1.14          1.64  5.711768  1.344954  657.736877
142 -25.515526   5.300645   24.156286  0.317854  3.041423      15.933859   1562.609497  185.492630            1.14          1.64  6.473888  2.580033  603.594055
143 -18.017166   8.067887    9.754803  0.323662  2.023072      14.722989   1530.048950  111.500221            1.14          1.64  6.557108  2.377814  608.752808
144 -32.446102   1.906275   11.426603  0.281432  2.759938      14.981562   1351.129150  205.993927            1.14          1.64  5.379621  0.779112  583.560242
145 -30.576448  -7.996036   12.795827  0.279523  2.987774      14.900720   1681.160278  231.235321            1.14          1.64  6.075296  2.163875  665.776123
146 -22.860651   4.956797   23.577036  0.316304  2.991477      14.848384   1474.760132  139.694290            1.14          1.64  6.365099  2.167971  595.930847
147 -22.459042  19.964283   17.609697  0.331467  3.951382      14.288948   1372.886108   92.527016            1.14          1.64  5.431395  1.268939  505.993378
148 -29.496813   5.886888   19.687056  0.332723  2.754647      14.016183   1318.933716  143.941849            1.14          1.64  5.461172  1.403212  619.825317
149 -30.774246 -26.209715   30.153858  0.261077  2.073425      15.220442   1891.384644  111.473076            1.14          1.64  5.296134  0.577785  573.783630
150 -34.681076 -10.680831   15.940611  0.260089  3.648340      15.912001   1729.733765  226.750046            1.14          1.64  6.017844  0.826238  598.682556
151 -33.580929   5.608068   13.473495  0.309563  3.626629      14.343246   1327.424438  269.107269            1.14          1.64  6.870295  1.996629  677.746277
152 -32.688084   9.713773   24.214264  0.324235  3.493254      15.554409   1233.596924  116.597992            1.14          1.64  5.559277  0.573812  497.554596
153 -28.818039  24.038200    2.046646  0.345222  3.634238      15.253804   1442.725098   65.788765            1.14          1.64  5.608880  1.362204  611.552002
154 -26.315395   9.729790   19.485449  0.322639  3.952495      15.944157   1628.526367  132.032028            1.14          1.64  6.399971  2.791238  611.239319
155 -29.519274  -1.142731   15.523953  0.327240  1.127183      14.732450   1396.120972   67.086830            1.14          1.64  5.796187  1.188509  632.796753
156 -30.132330  -1.942332    4.441952  0.293837  3.281819      15.267577   1302.279907  198.660950            1.14          1.64  6.446501  2.956635  692.037964
157 -25.561581   1.210031   15.283645  0.308712  1.966174      14.548767   1765.687622   88.243439            1.14          1.64  6.155996  2.294907  631.077332
158 -27.693535   7.352084   16.938061  0.329500  2.624739      15.579410   1136.938354  103.026520            1.14          1.64  6.960532  1.736009  636.120178
159 -32.176743  -0.449805    4.734221  0.288526  2.763075      15.236774   1903.541138  236.631790            1.14          1.64  6.344169  1.680685  653.385498
160 -25.566380  10.549555    8.136027  0.321636  3.939704      14.778481    806.741943  106.670967            1.14          1.64  5.715495  2.383627  681.719116
161 -29.358938   2.820660    9.615366  0.306803  3.015048      14.638448   1130.885376  178.317947            1.14          1.64  5.867758  2.658833  690.460754
162 -23.344069  13.476603   10.958449  0.315024  3.545792      15.439419   1618.362793  131.379395            1.14          1.64  5.794191  1.776390  576.105530
163 -32.602108   9.012750   29.119493  0.327339  3.778708      15.884015   1136.006714  130.456070            1.14          1.64  6.663567  0.674559  505.426300
164 -28.245085   7.889724   12.707126  0.324939  2.499828      15.176958   1329.142212  128.241455            1.14          1.64  6.682497  1.613616  631.644104
165 -37.894176   5.402218   11.214316  0.289119  3.745065      14.477771   1969.376587  188.639786            1.14          1.64  6.252069  0.931967  621.935669
166 -32.852364  11.544810    6.829321  0.311309  3.462472      15.489552   1584.694702  226.660995            1.14          1.64  6.170474  1.861823  663.849915
167 -28.770426   3.952590    1.105923  0.302694  3.941385      15.236953    900.526367  212.608841            1.14          1.64  6.421941  2.366619  699.349060
168 -21.416637  15.030292   10.861024  0.329014  3.393566      14.776767    928.417236  125.005707            1.14          1.64  6.416037  0.839642  557.154480
169 -30.986561  11.257436    5.162140  0.307814  3.716820      15.833213   1061.600586  206.587112            1.14          1.64  5.457876  1.207013  648.100464
170 -31.659435   8.004766   25.586081  0.333695  3.466672      14.868066   1620.415771  198.130707            1.14          1.64  5.494448  1.469722  590.933472
171 -26.082230  14.739028   14.985752  0.327035  3.873561      14.210521   1867.118896  164.694412            1.14          1.64  6.188744  2.007417  584.546387
172 -36.118679 -10.064699   24.844959  0.292758  3.677847      15.111942   1224.163452  221.222702            1.14          1.64  5.909236  0.771306  666.687744
173 -23.397932   9.195173   29.527842  0.328570  3.528528      14.193304   1727.940430  141.165817            1.14          1.64  6.637228  2.844799  583.613342
174 -32.073261 -10.911037   19.065865  0.272605  3.117332      14.141655   1651.769287  276.863953            1.14          1.64  7.134852  1.617563  665.598572
175 -32.565285   2.914204    9.569204  0.290621  3.406589      14.061634   1946.369385  270.140869            1.14          1.64  6.598261  2.409813  680.724243
176 -25.958580  11.164188   16.334305  0.337589  2.417379      14.111808   1199.913330  106.871536            1.14          1.64  6.591072  0.540562  495.651367
177 -27.206223   8.307604   18.298288  0.334325  2.890311      14.007724    865.090637   76.236626            1.14          1.64  5.790318  1.482150  652.590027
178 -26.741806   7.994322    8.827677  0.302423  3.610683      14.155152   1251.902710  166.888321            1.14          1.64  6.629715  1.907138  637.278442
179 -26.250439   7.239998   15.922712  0.334281  2.770238      14.882280   1160.904663   84.163376            1.14          1.64  5.658371  1.872916  636.836487
180 -29.633129   6.013592   20.342848  0.328145  2.438149      15.983875   1328.846680   72.606499            1.14          1.64  6.933157  0.789922  542.846680
181 -28.768969   0.039347   13.082940  0.276884  2.379521      14.693694   1633.572144  272.792053            1.14          1.64  8.228611  0.811822  540.090820
182 -29.736853  -0.844140   29.223515  0.319596  3.103119      14.837218   1517.807983  112.425186            1.14          1.64  6.032857  1.712274  620.041809
183 -24.994307  12.834330   21.562279  0.330704  3.992255      15.538930   1873.991455  218.707077            1.14          1.64  6.583791  2.645448  584.138916
184 -32.507774 -21.505461   16.619585  0.272573  2.949221      14.564881   1777.099854  138.583389            1.14          1.64  6.161797  0.619474  566.301025
185 -20.266359  16.107037   12.944208  0.317685  3.663717      14.967778   1711.557617  124.817665            1.14          1.64  6.550291  1.645326  533.706482
186 -27.839756  -4.357230   20.990597  0.284415  2.210860      14.209045   1495.566284  132.882614            1.14          1.64  6.155200  0.868650  562.725891
187 -28.707899  -1.098310   13.448391  0.275652  3.304232      14.475490   1815.743530  205.937714            1.14          1.64  6.504629  1.489602  597.958984
188 -23.690714  -3.797800   17.531454  0.285314  2.075191      15.070694   1172.312378   91.170128            1.14          1.64  6.874413  1.487122  604.944702
189 -25.653515  -2.556285   18.327238  0.303014  2.738271      14.544284   1190.260620  199.176544            1.14          1.64  6.971272  2.270684  660.345947
190 -32.366631  -6.973474   14.434499  0.285162  2.732854      15.270703   1329.092285  171.787460            1.14          1.64  6.059000  1.539326  680.829956
191 -21.321314  11.179196   21.745178  0.333389  3.460722      14.311438    871.212463  211.129288            1.14          1.64  5.784542  2.402750  626.227478
192 -21.539198  20.021658    9.092004  0.339694  3.682057      14.876726    838.097412  106.941116            1.14          1.64  5.511678  0.503799  526.750916
193 -29.328125  -7.096167   20.632383  0.278299  2.779029      14.620030   1968.152100  146.137390            1.14          1.64  7.542819  2.003008  639.591125
194 -23.621119  15.109347   12.975496  0.306174  3.947366      15.022333   1936.061279  164.070007            1.14          1.64  5.810335  1.370317  517.746826
195 -32.336006 -13.095469   10.966092  0.296406  2.669341      15.325418    880.606934  131.108276            1.14          1.64  5.794153  0.288152  642.636719
196 -24.868906   4.599271   22.868885  0.292650  3.244225      15.869793   1678.055420   85.211327            1.14          1.64  6.276235  1.372223  544.515808
197 -29.342142  -3.014540   19.713385  0.279445  3.918954      14.703887   1152.946655  287.930603            1.14          1.64  6.866020  0.596289  551.853943
198 -23.277636   8.572856   26.182758  0.324996  3.192867      15.129099   1664.832397  188.656509            1.14          1.64  6.521411  2.310134  580.156433
199 -22.856771  10.268209   14.802306  0.327211  3.477340      15.852844    927.068359  110.600220            1.14          1.64  6.681800  1.603385  611.952820
200 -35.767303   4.439133   19.699150  0.330808  3.131889      15.998107    874.544678   85.066147            1.14          1.64  5.807053  0.703232  679.627136
201 -32.445442  11.774130   11.966716  0.347251  2.735238      14.592896   1161.951050   93.032005            1.14          1.64  5.760263  2.040700  685.311340
202 -23.585947   7.456738   18.837217  0.321903  2.464296      15.456062   1543.879883  173.240158            1.14          1.64  7.033070  2.233238  600.697571
203 -31.082249   1.773179   10.563504  0.275145  3.061887      14.727041   1646.772217  174.543579            1.14          1.64  5.849470  0.885672  568.201050
204 -27.611248 -19.189213   15.314631  0.285364  3.129250      15.592499   1706.582886  103.836075            1.14          1.64  5.634395  1.512164  635.501892
205 -27.032244   6.247840   16.612131  0.308402  3.566056      14.542435   1375.383667  104.124786            1.14          1.64  7.056888  2.786183  640.384094
206 -21.643675   8.872956   23.517822  0.314761  3.520411      14.380970   1131.672607  183.577972            1.14          1.64  7.061381  2.154524  593.660156
207 -35.518288  -0.817033   24.026472  0.319791  2.928449      14.063265   1392.874512  220.328598            1.14          1.64  7.425283  1.160626  649.034973
208 -27.010220  10.154193   21.599773  0.330448  3.462178      15.280205   1026.975708  170.917252            1.14          1.64  6.034734  2.174245  624.059387
209 -32.533207 -12.819086   23.048843  0.283327  2.125303      15.590658   1992.409302  184.726624            1.14          1.64  6.463530  1.299261  646.962524
210 -15.705814  12.799372    9.965624  0.272317  2.993316      15.434224   1284.194092  178.497284            1.14          1.64  7.636301  0.243426  241.873795
211 -24.571337   5.557758   16.592035  0.301304  3.670276      15.011624   1781.254761  248.629929            1.14          1.64  6.675188  2.215513  600.526001
212 -34.109173  -1.574605   14.616877  0.283610  3.138163      15.453102   1684.500854  216.409119            1.14          1.64  6.866954  2.408848  690.825256
213 -27.483633   6.061080   13.658039  0.301009  3.252279      14.130915   1697.775269  114.197411            1.14          1.64  6.635257  2.927094  644.676575
214 -39.128292  17.825142    9.482924  0.340364  3.814504      15.844837   1691.657471  121.450409            1.14          1.64  5.979060  1.696224  699.217468
215 -31.085262  -0.890053    9.321384  0.291571  3.187238      15.034377   1519.354248  124.419868            1.14          1.64  5.905435  2.094135  678.097839
216 -34.004627   4.596708    6.285870  0.283865  3.271232      14.550281   1848.867676  190.202774            1.14          1.64  5.641407  1.764611  666.723328
217 -22.322691  16.875980   13.258327  0.334353  3.748630      15.684638   1315.648438   99.996498            1.14          1.64  5.062123  2.442838  587.325500
218 -31.335402 -11.998283    0.878533  0.303939  3.914177      14.836135   1714.052368   95.227455            1.14          1.64  6.949147  2.884336  697.355652
219 -29.514036   5.145464   27.535322  0.328326  3.606680      15.317572   1797.321289  167.847473            1.14          1.64  6.006860  2.517749  622.715637
220 -32.244530   2.289997   12.105597  0.294185  3.898350      14.819116   1468.404175  215.000839            1.14          1.64  6.547758  2.562457  685.171631
221 -26.006897   2.236133   12.332737  0.300018  2.145876      14.509858   1002.508667   88.625648            1.14          1.64  6.362208  0.555004  560.101013
222 -34.240376   2.530561   17.342094  0.306752  3.382129      15.281466    889.096802  163.954468            1.14          1.64  6.301748  1.177247  696.940125
223 -26.158718  -4.497140   11.497190  0.260347  3.131506      15.364533   1438.843872  105.410324            1.14          1.64  6.996744  0.664215  505.916992
224 -28.526672 -14.611805   24.791433  0.266075  3.084029      15.191666   1755.052002  164.869431            1.14          1.64  6.131269  1.129134  593.763062
225 -22.855888   6.668935   21.849453  0.308007  3.295920      14.700535   1423.179199  159.650085            1.14          1.64  8.254994  1.944964  585.682495
226 -31.277748  -1.911934    9.433985  0.287645  3.359537      14.946925   1778.848267  171.739487            1.14          1.64  6.553807  2.186036  666.751221
227 -29.355982  -2.926908   16.675970  0.304322  1.709628      14.862354   1600.539795  137.446442            1.14          1.64  6.705080  2.536434  666.889343
228 -24.072805  -1.479823   13.011048  0.299949  2.438881      14.346904   1072.547729  111.701012            1.14          1.64  6.177549  2.177768  651.267212
229 -30.504740   2.542124   21.247204  0.298151  3.604835      14.357361   1889.013916  156.087967            1.14          1.64  5.820672  1.756132  613.068237
230 -35.439106   8.472278    6.806698  0.304679  3.411768      15.926455   1259.679810  175.036560            1.14          1.64  6.028201  1.191380  674.427002
231 -34.592327   2.422600   15.554384  0.293458  2.993814      15.310538   1443.925049  102.381081            1.14          1.64  6.653608  0.633268  563.511047
232 -23.050417   5.844122   16.751982  0.289807  2.675491      15.145984   1599.507568  104.616035            1.14          1.64  6.294793  0.765289  475.983276
233 -29.323690   0.236929   17.593332  0.307618  3.439211      15.381012    894.907288  152.555252            1.14          1.64  6.259983  2.439498  699.835999
234 -18.999189   7.460323    5.942754  0.323507  1.699610      15.159642   1832.594971  106.820419            1.14          1.64  6.838665  2.692477  619.237366
235 -36.512280 -12.040661   11.173358  0.267759  3.965416      15.387005   1409.402954  179.825195            1.14          1.64  6.338779  0.733128  638.578857
236 -25.428978  -6.523706   16.949446  0.284783  3.018289      15.794961   1298.078369  181.107391            1.14          1.64  7.594285  1.394856  605.618408
237 -29.848820  -4.963861   20.609444  0.292947  3.556312      15.177361   1362.426147  262.639496            1.14          1.64  5.933603  1.897356  661.145264
238 -29.999218   6.943806   12.098264  0.298043  2.822397      15.432805   1055.359863  117.299530            1.14          1.64  5.792175  0.585635  557.245239
239 -25.771229   0.578079    6.441293  0.285138  2.937977      15.582775   1698.050293  203.628784            1.14          1.64  6.848169  2.415545  630.627380
240 -33.270733  -7.942030   20.693829  0.287614  3.250744      15.719639   1269.058716  201.312775            1.14          1.64  6.521288  1.090414  653.414734
241 -26.930643   8.710532   17.146576  0.313156  3.326024      14.830830   1044.205566  103.358887            1.14          1.64  6.025236  1.945544  626.086121
242 -24.792404   5.716855   26.582531  0.318047  3.343313      15.788830   1230.405029  196.968384            1.14          1.64  6.700577  1.528399  579.371216
243 -31.782726   5.872730   10.404305  0.334072  2.328565      15.084067    909.892639  117.362068            1.14          1.64  6.488333  0.950189  694.923279
244 -18.908388  13.390130   20.790770  0.315116  3.329473      14.572461   1470.870239  177.066574            1.14          1.64  5.327613  1.471049  523.392273
245 -32.123173   4.936138   16.834114  0.316511  2.701291      15.938334   1635.239258  119.801765            1.14          1.64  6.827241  1.467011  626.303284
246 -30.206833  -3.701775    9.283463  0.293036  3.182256      15.976534   1521.930054  239.365326            1.14          1.64  7.051940  2.814519  691.733521
247 -25.649429  18.799789    7.241744  0.344258  3.402039      15.022560   1010.826172  114.360428            1.14          1.64  6.106252  2.221424  635.818115
248 -22.921358   6.544194   16.010145  0.305285  3.479687      15.333468   1099.803101  145.547089            1.14          1.64  6.272656  1.634571  591.857849
249 -19.721313  18.656370    7.845867  0.337456  3.012235      14.366706   1416.339844  138.602386            1.14          1.64  6.007575  1.427164  549.327637
250 -28.660973   6.367054   15.895217  0.325127  2.605068      15.127592    925.831360  171.890915            1.14          1.64  6.252985  0.446193  557.692322
251 -18.490822  13.444070    8.400075  0.331531  2.897079      15.785888    835.458008  144.030167            1.14          1.64  6.167602  1.524300  607.837524
252 -25.870796  12.522005   21.379154  0.317800  3.921672      15.226732   1315.659668  174.011780            1.14          1.64  5.445985  1.698322  561.920349
253 -18.396791  12.305733   21.075077  0.335934  2.543407      15.080078   1441.703857  146.649002            1.14          1.64  7.557092  1.823615  558.594788
254 -29.932554 -10.357289   15.820128  0.296923  3.458882      15.655162   1319.654907  246.863907            1.14          1.64  6.712113  2.139596  694.207825
255 -34.117889  -2.621014   14.649750  0.281626  2.850992      14.124728   1846.435059  186.129944            1.14          1.64  6.292059  1.789344  669.712402
256 -31.836393 -11.353570   27.388000  0.286562  3.487550      15.842116   1301.969604  190.154114            1.14          1.64  6.028870  1.706277  678.260559
257 -27.606106   2.525024   24.489746  0.327646  3.496776      14.528545    801.968689  203.945190            1.14          1.64  5.860432  0.466659  615.257080
258 -37.770397   4.384995    9.697603  0.292814  2.950913      14.684734   1530.254028  152.980423            1.14          1.64  5.513607  1.065975  662.428345
259 -24.555168  10.447141   23.718300  0.311557  3.904295      14.899310   1569.886230  144.052658            1.14          1.64  6.235100  2.759068  586.439636
260 -31.672003   9.726457   12.576845  0.322150  3.509140      14.754130   1074.426514  156.306122            1.14          1.64  6.404934  2.312435  677.102783
261 -22.470831   7.878946   22.474607  0.321306  3.566176      14.189407    914.143860  193.005554            1.14          1.64  7.793148  1.865217  616.591064
262 -26.252756  14.502121   16.594643  0.318769  3.706525      14.954018    973.531006  161.727859            1.14          1.64  6.276281  0.387117  461.745331
263 -37.297535  -6.442288   15.103467  0.282793  2.780003      15.065897   1148.805420   50.908600            1.14          1.64  5.835886  0.786900  686.603027
264 -32.077686  13.723910   16.684214  0.334771  3.844736      14.135976   1538.799683  141.809937            1.14          1.64  6.748406  2.474512  641.084595
265 -35.734127  -1.728029   21.943630  0.318635  2.887844      15.914389    947.627136  131.620773            1.14          1.64  7.259408  0.826349  693.525513
266 -26.882202   1.939877   20.178547  0.295541  3.364904      14.457477   1484.918213  151.226883            1.14          1.64  7.687348  1.627014  600.012756
267 -24.525236   9.587086    5.132150  0.323213  2.040536      15.285662   1884.894165   52.097317            1.14          1.64  5.894310  2.700971  633.571655
268 -32.658688  13.445275    7.325323  0.335114  3.093753      15.481195   1266.315430   74.227951            1.14          1.64  5.420486  1.643023  673.707458
269 -34.091084   0.305259   24.781174  0.307693  3.946725      14.852058   1514.680664  217.855469            1.14          1.64  7.501132  2.015498  666.800415
270 -22.778963  -2.130979   27.664194  0.305100  1.910387      14.216045   1803.701294   71.123322            1.14          1.64  6.775051  2.523181  616.762512
271 -33.223999   1.263565   16.297802  0.308120  3.207727      14.585598   1219.110718  279.801117            1.14          1.64  6.387004  1.903261  688.131714
272 -25.786106   8.568465    7.450857  0.301135  3.922266      15.331903   1023.447327  194.237000            1.14          1.64  6.299603  1.726322  636.681030
273 -23.223347  19.322903   12.763275  0.349608  3.447850      14.935399    863.740845  108.648613            1.14          1.64  5.127818  0.619746  542.199829
274 -28.877207   2.598063    7.238795  0.318100  1.355586      15.054373   1063.396362   69.563286            1.14          1.64  6.185098  1.726396  682.667053
275 -32.977196   7.032300   11.409746  0.303502  3.855151      15.087194   1393.078247  101.685883            1.14          1.64  6.248292  1.102744  620.021667
276 -23.115932  13.380342   13.310678  0.342700  2.801234      15.274975   1110.751099   67.308067            1.14          1.64  5.734526  1.622974  597.793030
277 -24.931135  13.266985   13.977910  0.331215  3.863151      14.327962    864.173706  198.916916            1.14          1.64  5.537085  2.734082  643.678833
278 -29.619684 -12.891579   10.228211  0.281993  3.562212      14.905588   1479.624634  232.809006            1.14          1.64  6.041417  1.867973  662.021240
279 -27.736746   1.978817    6.304430  0.298892  3.018173      14.503432   1918.226318  152.355713            1.14          1.64  7.123132  2.940781  667.200317
280 -24.349846   7.108070    6.656795  0.319053  1.655764      14.913068   1736.073975   96.381416            1.14          1.64  6.636210  2.001575  618.906921
281 -25.588163  -4.548607    7.098064  0.294722  3.692354      14.847371    888.294556  185.978714            1.14          1.64  6.685270  1.261740  654.139404
282 -28.530869   7.464621   19.192230  0.335472  2.659136      14.783472   1608.756348   90.334633            1.14          1.64  6.493071  1.447302  596.952454
283 -29.396374   6.717605   11.158470  0.321721  2.232140      15.427974   1647.361938   71.646980            1.14          1.64  5.724150  2.828173  669.201721
284 -15.766471  12.474090   14.906284  0.317664  3.207593      14.832486   1983.813354  167.918442            1.14          1.64  6.745244  2.652956  573.262024
285 -14.779031  21.874331    2.206258  0.309786  3.040307      15.313886   1556.432983  184.593155            1.14          1.64  6.362458  0.272395  215.227814
286 -26.631245   4.577176   19.001383  0.323101  2.689481      15.734026    909.727844  139.725449            1.14          1.64  7.183110  1.585600  646.564819
287 -25.894463   3.862313   14.113953  0.311912  2.785637      15.699108    850.585327   75.124229            1.14          1.64  5.656101  1.579646  649.819031
288 -24.614164   8.906089   19.046291  0.318804  3.197848      14.970646   1667.476196  175.444565            1.14          1.64  6.441624  1.812722  579.836853
289 -37.951366  11.360556   12.764666  0.310919  3.901344      14.625561   1354.223633  185.838272            1.14          1.64  6.032565  0.554223  573.565979
290 -29.378618  -5.716989   10.010092  0.285682  3.356229      14.677531   1763.255737  175.259308            1.14          1.64  6.968062  1.769666  639.840149
291 -31.563372  17.943401   12.366327  0.342649  3.939355      14.648029   1491.835815  137.731430            1.14          1.64  5.619043  1.908984  629.958130
292 -31.606705  -5.161981    5.953472  0.285507  3.019890      14.950211   1337.711060  210.668228            1.14          1.64  6.312489  1.550416  668.188843
293 -31.428743   1.346316   18.131008  0.310831  3.565731      14.128781   1895.221069  158.475128            1.14          1.64  5.684139  2.290563  665.359436
294 -27.672155  -0.780589   24.131247  0.312607  2.545377      15.197763   1889.890991  103.080132            1.14          1.64  6.275137  2.329188  636.148682
295 -26.332514  -4.328289   23.349373  0.302443  2.148679      14.192980   1017.814087  122.615425            1.14          1.64  6.470624  1.175231  634.991699
296 -32.408974  -5.010678   12.471038  0.282079  2.494194      14.796323   1555.655640  213.637070            1.14          1.64  7.138947  1.246342  641.213806
297 -29.158100  -7.121470   18.395977  0.297183  3.677210      14.217052   1929.630615  137.062180            1.14          1.64  6.352847  2.040239  658.899963
298 -33.371254   6.456230   20.161152  0.324724  3.755353      14.042156   1434.592773  136.943924            1.14          1.64  6.254647  2.057298  665.364075
299 -29.944614   0.214858   19.057390  0.307200  2.936049      14.805978   1457.513916  160.500549            1.14          1.64  5.945512  2.844854  671.918640
300 -20.773121  16.419796   25.755032  0.340949  3.636572      15.235172    825.682800  130.569824            1.14          1.64  5.464676  1.578648  567.606934
301 -24.950005  15.050486    6.799895  0.314301  3.666079      14.675285   1170.235352  151.908127            1.14          1.64  6.288033  1.877189  611.868225
302 -31.023218  -3.242468   20.186970  0.298325  2.366631      14.193960   1228.125366   76.749168            1.14          1.64  6.607623  1.029524  625.775940
303 -20.756859  12.476133   22.140764  0.336925  2.956377      14.354926   1103.723877  134.888550            1.14          1.64  6.358971  2.574118  601.815979
304 -34.460594  -3.494923    7.401677  0.264848  2.661864      15.895009   1560.381226  209.152283            1.14          1.64  7.263088  1.095506  630.867493
305 -22.985014  10.748997    1.659561  0.310587  3.584021      14.068769   1460.658936  271.477844            1.14          1.64  7.372180  2.543881  637.502441
306 -32.797562  -6.050529   14.466582  0.293164  3.209004      15.027008   1093.590454  212.738953            1.14          1.64  7.891742  1.401242  687.759583
307 -31.032324   1.156264   19.102093  0.300747  3.105747      15.086138   1840.503296  110.175377            1.14          1.64  6.266063  1.297218  598.513794
308 -22.817762  11.983998    5.354139  0.329190  2.672502      14.111715   1145.010132  162.155090            1.14          1.64  6.585129  1.385541  609.837769
309 -20.435648  23.027700    6.320033  0.332774  3.946747      14.494103   1510.502197  104.300560            1.14          1.64  6.237804  1.647115  536.500549
310 -25.021908  19.423765    4.867602  0.345980  3.031864      15.221045   1201.763916  136.909973            1.14          1.64  6.154982  1.217191  583.270142
311 -27.460085   8.728524    9.940271  0.344144  2.302510      15.575461    858.495605   98.670433            1.14          1.64  6.325116  1.346933  681.128418
312 -28.071987  -1.233806   21.841763  0.285678  3.816047      14.935971   1573.538452  239.604324            1.14          1.64  7.086106  1.363399  586.592163
313 -32.934078  -1.818794   11.198914  0.280098  3.275438      14.741128   1359.546753  159.064789            1.14          1.64  6.312339  1.132940  632.405273
314 -22.454964   4.924242   17.134974  0.310077  2.752112      14.478858   1081.520630  136.507339            1.14          1.64  7.382509  1.378896  589.714111
315 -34.839104   9.764892   15.363369  0.325599  3.757756      14.861366    961.189758  144.427399            1.14          1.64  5.727831  1.380135  682.032227
316 -27.708050  -2.183573   16.306721  0.276021  3.256683      14.778788   1828.111206  174.341537            1.14          1.64  6.761628  1.774462  611.071167
317 -43.208900  -0.437532    6.933293  0.282587  2.084114      14.785317   1823.167358  109.697426            1.14          1.64  6.025514  0.627139  663.671814
318 -24.662735 -10.814932   24.738462  0.288905  2.995142      15.445884   1212.387573  224.972443            1.14          1.64  6.794681  2.165275  655.717896
319 -24.458187   5.703030   14.082015  0.311020  2.793929      15.289816   1540.221436  252.535080            1.14          1.64  6.713203  2.659690  631.124695
320 -29.489012   0.839619   10.253710  0.291306  1.782029      14.808721   1788.173828  111.544067            1.14          1.64  6.413283  1.730605  633.590149
321 -22.932878   2.366734    6.336377  0.294377  2.048121      15.274893   1496.731567  165.682663            1.14          1.64  6.167837  2.182869  615.386414
322 -28.615137 -14.725922   14.707387  0.294203  3.750595      14.597816   1783.767700  219.744186            1.14          1.64  7.222692  2.600179  693.244446
323 -29.892595 -10.688386   26.339216  0.305974  1.339794      14.828497   1654.344238   67.501328            1.14          1.64  5.703675  1.909514  673.223755
324 -32.428532  -6.735449   25.560507  0.283751  3.886828      15.500043    989.590942  246.785004            1.14          1.64  6.304166  0.380233  563.805542
325 -26.625875   0.642054   15.652333  0.307626  2.045557      15.071595   1165.394165  117.929466            1.14          1.64  6.277814  2.355757  654.080261
326 -33.341511  -9.977207   13.056017  0.276692  1.743801      15.699997   1630.405518   94.371788            1.14          1.64  6.990404  1.425808  659.169861
327 -27.865515   7.301898   19.745131  0.315725  3.083579      14.593602   1347.908081  170.702164            1.14          1.64  6.061518  1.540314  595.657227
328 -21.250763  13.072846   18.922712  0.319909  3.583601      15.109314    814.121582  190.638260            1.14          1.64  7.382067  0.470912  515.131714
329 -26.020092  -5.336497   16.403158  0.288885  3.114303      14.160184   1783.552856  125.066795            1.14          1.64  6.571659  2.652580  645.545532
330 -29.727274  -3.208040   22.991127  0.298746  3.831018      15.542430    855.369202  202.232498            1.14          1.64  5.753762  0.555426  617.224426
331 -26.011089  11.016125   24.534510  0.329084  3.691357      15.209095    904.707764  214.423340            1.14          1.64  7.292380  0.835289  550.425354
332 -32.054100   6.445030   13.492032  0.298743  3.842904      14.494093   1546.586548  143.274902            1.14          1.64  5.776372  2.157145  659.605591
333 -35.318935  -4.714995   17.452398  0.308349  1.905499      15.464226   1332.621094  169.710907            1.14          1.64  6.314429  1.091125  675.448181
334 -24.481186 -10.462569   15.079686  0.277965  3.811021      15.852502   1301.683838  161.492523            1.14          1.64  6.484530  1.268446  597.890076
335 -20.490818   1.166471   14.424794  0.299674  3.828231      14.237493    881.078247  269.716736            1.14          1.64  6.124725  1.110637  609.894592
336 -29.493412   0.728065   12.110979  0.294976  3.448817      15.819447   1396.205688  183.109955            1.14          1.64  5.749825  1.690639  642.098267
337 -29.444628 -11.598433   19.768108  0.286567  3.058596      14.429930   1915.512939  234.457794            1.14          1.64  6.571651  2.092686  673.116760
338 -22.794994  -2.320176   27.846359  0.324228  1.951762      14.958877    921.494385  152.249130            1.14          1.64  6.775359  1.469509  633.378723
339 -30.797234  -5.291983   11.791561  0.269707  1.778100      15.200840   1346.053589  194.407227            1.14          1.64  7.551993  0.993981  602.057190
340 -26.198177  -9.615098   22.487514  0.294082  1.053599      15.224832   1671.757935   89.761398            1.14          1.64  6.204098  1.898051  638.165649
341 -18.558498   4.063611    5.042932  0.316427  1.140590      15.460201   1010.688477   82.609291            1.14          1.64  7.156472  2.035098  628.721680
342 -36.360207 -13.359641   15.619609  0.268279  1.924071      15.711344   1613.136108  236.443268            1.14          1.64  6.248316  0.840936  643.472534
343 -23.450045   5.705954   17.409491  0.307376  2.485713      15.052871   1343.974854  125.630684            1.14          1.64  7.253207  1.178986  552.465942
344 -35.850826  -0.946700   10.765573  0.278852  3.876591      14.902036   1049.367920  178.533813            1.14          1.64  6.182415  0.457353  614.353516
345 -25.319317  10.724507   21.404760  0.338963  3.116173      15.452571   1101.277954  145.712677            1.14          1.64  7.048620  2.403476  614.753418
346 -26.698729  -6.642695   12.129521  0.281432  2.490900      15.078795   1291.962646  160.758499            1.14          1.64  5.809850  1.056994  595.615540
347 -22.054203  14.319867   28.526627  0.347261  2.949637      14.991361   1712.578369  106.523628            1.14          1.64  7.254379  1.554570  522.078796
348 -20.607590   8.363182   14.320166  0.323736  2.678623      15.909836   1312.598389  191.943222            1.14          1.64  7.405497  1.906047  594.151428
349 -34.570915  -1.456333   14.122915  0.282762  2.804212      15.679223   1746.780029   69.532715            1.14          1.64  5.869457  1.179781  632.292542
350 -33.383430   1.121467   16.192265  0.297486  3.172622      15.839381   1316.736938  116.850471            1.14          1.64  5.642181  1.525096  652.800781
351 -31.554375   5.158866   10.522520  0.303456  3.059705      14.994786   1144.412598  218.027298            1.14          1.64  6.214157  0.818633  609.777832
352 -28.202145   8.546085   20.665678  0.334358  2.962620      15.382329   1069.677368  120.002907            1.14          1.64  6.762158  1.061969  589.670349
353 -27.494518   7.501932   14.282598  0.316337  3.444820      15.246931   1087.583252  110.226219            1.14          1.64  5.927296  2.175455  651.782410
354 -31.127047 -12.179163   12.458851  0.285675  2.414785      14.876099   1223.790527  230.782410            1.14          1.64  7.190579  0.688160  612.178406
355 -28.294647   2.686040   10.018900  0.311844  2.052056      14.974654   1842.298340  112.915924            1.14          1.64  6.247178  1.842143  635.594482
356 -19.106579  14.441291   20.604162  0.311653  3.913721      15.325924   1411.048340  157.527893            1.14          1.64  6.590361  1.065968  485.537964
357 -32.759930   0.130395   12.708694  0.288621  3.194572      14.267386   1400.234619  135.225006            1.14          1.64  6.411826  1.175368  640.377014
358 -26.423595  -8.484987   20.283625  0.292609  2.204643      15.065084   1304.528809  102.269028            1.14          1.64  6.273542  1.804124  646.305786
359 -32.370964   2.927005   20.948792  0.295043  3.782398      15.418928   1458.960571  184.394958            1.14          1.64  6.638471  1.195236  597.980896
360 -33.506195  -2.815479   17.360218  0.302289  2.446715      15.648663   1596.811890   67.573006            1.14          1.64  5.284225  1.815909  677.054138
361 -29.787432  -3.132420   19.137457  0.280444  3.363261      14.990186   1405.009521  208.910858            1.14          1.64  6.570961  1.172867  597.245300
362 -36.317066  -0.304405   21.954847  0.309924  3.557445      15.920527   1252.059204  151.594772            1.14          1.64  6.590986  1.660206  685.635864
363 -29.607281  -7.753807   12.232673  0.280058  2.036217      14.324631   1282.060059   52.251465            1.14          1.64  5.749864  1.477332  654.228394
364 -30.361416   8.508465   12.047281  0.315156  3.326476      15.975975   1078.169922  206.325073            1.14          1.64  5.814897  2.138649  660.909790
365 -20.558125  14.952852   19.100214  0.331451  3.465602      14.288514   1054.091064  101.945572            1.14          1.64  5.039052  1.280032  551.472473
366 -24.035851   1.539704    4.716924  0.285604  3.784454      14.241698   1903.156982  205.489639            1.14          1.64  6.526464  2.873287  631.852173
367 -34.000824  -2.824861   22.766714  0.309283  2.508157      15.771365   1177.900269  152.999344            1.14          1.64  5.809659  0.975219  648.063965
368 -29.399721  -2.424168   15.800575  0.284493  3.090019      15.021387   1674.825195  216.895096            1.14          1.64  6.456158  1.575211  621.386780
369 -35.728615  -4.035684   18.146259  0.286889  3.821410      14.622690   1812.273926  191.524612            1.14          1.64  5.660703  1.548982  671.316162
370 -28.811630  -5.926783    9.092209  0.266466  2.830661      15.925035   1331.817383  248.690964            1.14          1.64  6.803659  0.587952  516.894653
371 -22.961781 -12.489975   19.379150  0.280084  3.630544      14.951262   1408.080200  239.005020            1.14          1.64  6.285493  2.235793  635.091797
372 -35.786148  11.781193   16.282871  0.326751  3.633029      15.244429   1642.237793  180.018234            1.14          1.64  5.976951  1.694234  647.018188
373 -28.366343   4.663268   16.068224  0.309971  3.330652      14.881289   1550.971924   90.452583            1.14          1.64  5.365770  2.474811  645.774841
374 -33.798038  -5.598205    7.856461  0.275103  3.478476      15.753115   1408.589233  160.433365            1.14          1.64  5.592095  2.181377  699.379395
375 -24.118086  13.630348   16.364595  0.344381  2.803458      15.336150    963.763245  129.250397            1.14          1.64  7.252373  1.163913  581.709229
376 -22.305439  -9.348684   16.520096  0.299512  3.090903      14.090507   1709.065186  276.397125            1.14          1.64  7.093704  2.584901  643.339233
377 -34.097626  -1.542244   15.309881  0.288965  3.253174      14.402993   1830.022217  197.237534            1.14          1.64  6.852257  1.662295  656.444580
378 -35.458881   4.794522   14.913267  0.331989  2.212122      14.150355   1996.536499  102.932640            1.14          1.64  6.203557  0.947800  613.222168
379 -28.826376  -3.058952   14.996777  0.287262  3.206427      14.352240   1776.773804  288.436829            1.14          1.64  7.937742  1.581144  620.117737
380 -34.629883  -2.481965   18.773312  0.286515  3.443738      15.917064   1898.906372  187.779343            1.14          1.64  7.248897  1.134018  613.589417
381 -16.811434  11.353762    9.980738  0.308387  2.573147      15.185790   1386.909180  116.221992            1.14          1.64  6.710984  1.061371  509.562317
382 -35.397778  -3.892451   11.217931  0.272209  3.453283      15.425497   1815.460449  230.219925            1.14          1.64  6.828115  1.460733  666.275146
383 -18.166277  19.543774    8.111660  0.327550  3.628308      14.592136   1079.876465  158.286499            1.14          1.64  5.760916  1.138372  527.097473
384 -35.766296   0.658251   18.608782  0.309804  2.904562      14.827816   1690.892090  177.962891            1.14          1.64  6.726925  1.135568  643.980164
385 -28.270353  -2.829333   22.405268  0.307344  3.396944      14.802608    950.695312  223.664246            1.14          1.64  6.378683  2.583208  683.197205
386 -34.081970   0.680989    4.482086  0.284534  2.078700      15.916283   1800.558838  178.072861            1.14          1.64  6.190436  1.246835  639.721863
387 -33.368553   1.461516   10.773878  0.301127  2.458338      14.832898   1131.718872   83.606010            1.14          1.64  6.116403  0.837851  640.815125
388 -27.527979 -12.397992   27.577070  0.279028  2.158023      15.704941   1449.816406  123.942398            1.14          1.64  5.929982  2.651149  670.710083
389 -24.552444  13.364839   19.244436  0.313151  3.989495      14.722631   1799.354370  252.898300            1.14          1.64  6.485267  1.481660  533.057861
390 -24.600321   0.526858   23.425522  0.308802  2.269780      15.938651   1170.667358  135.985199            1.14          1.64  7.058441  1.989163  618.901245
391 -16.948040  12.845125   14.776462  0.317903  2.702217      14.378586   1022.928345   64.368149            1.14          1.64  5.726360  0.458360  444.665710
392 -28.942314   5.308488   22.708887  0.310908  3.470369      14.222543   1641.679321  168.062363            1.14          1.64  6.872210  1.270088  574.751709
393 -24.834532  21.244318   15.879644  0.343863  3.952157      15.671646   1229.634399  119.423943            1.14          1.64  6.114605  2.037244  559.351990
394 -33.426235  -1.508633   14.269915  0.296810  2.476711      14.381165   1144.208984  162.411407            1.14          1.64  6.969886  1.849576  699.380920
395 -33.400993   3.792935   18.905716  0.310436  3.278301      15.661890   1499.710327  150.915833            1.14          1.64  6.068004  1.544573  636.657532
396 -27.520269  -1.922876   16.273996  0.327604  1.085631      14.385728   1086.580322   51.241920            1.14          1.64  6.709764  0.730877  610.899048
397 -31.198486   2.043505   11.240496  0.294458  3.427338      14.635175   1541.485962  173.524796            1.14          1.64  5.744283  2.526934  680.426880
398 -29.653440  -2.110895    2.685806  0.296319  3.527767      15.812209   1612.270874  211.895721            1.14          1.64  6.294838  2.923358  684.776428
399 -14.759679   4.535818   12.602890  0.342905  1.299771      14.974213    814.674255   83.275650            1.14          1.64  7.131730  0.965254  615.819031
400 -24.120325  16.333073    5.107478  0.328479  3.647219      14.665706   1153.007446  149.445816            1.14          1.64  6.131173  1.382393  597.615662
401 -30.224659 -13.195583   14.301262  0.288486  3.369839      15.684942   1560.337524  109.726379            1.14          1.64  5.494121  2.152554  680.174011
402 -26.099375   8.248117   15.345465  0.301321  3.928697      15.528615   1275.707886   96.362030            1.14          1.64  6.027827  1.406143  583.692322
403 -31.765915  12.703475    9.032506  0.307753  3.281593      14.482656   1782.698364  114.119247            1.14          1.64  5.887084  0.809107  543.112793
404 -29.435497  -2.498029    4.725038  0.281592  2.391227      14.550369   1966.027832  171.887390            1.14          1.64  7.258945  1.504507  620.272827
405 -34.840607  -0.381747    8.783502  0.283877  3.981638      15.975077   1261.133667  264.198120            1.14          1.64  6.239636  1.041037  659.129456
406 -21.202787  15.420374    4.697600  0.323978  2.519195      15.799912   1319.572632  125.693947            1.14          1.64  6.594905  0.664940  478.257263
407 -31.984228  12.277368    8.930150  0.320948  3.499402      14.265749   1658.111694  193.535370            1.14          1.64  6.372776  2.176706  663.457764
408 -27.312181  -0.657149   24.960279  0.275396  3.153487      15.376615   1484.312744   94.458344            1.14          1.64  6.723010  0.766021  502.762390
409 -26.706257  -6.301284   21.561865  0.276007  3.188520      14.259434   1478.659546  254.912399            1.14          1.64  6.273702  1.150023  583.900085
410 -30.402563  -1.735978   13.089972  0.289263  3.629791      14.365469   1860.845825  201.122665            1.14          1.64  6.002032  2.304065  663.503296
411 -37.073566 -19.685213   12.441381  0.294367  2.904946      14.957831   1195.770752  144.353821            1.14          1.64  6.613345  0.450425  671.165161
412 -23.890402  12.819498   20.701616  0.298954  3.197678      15.725717   1463.720947  133.753906            1.14          1.64  6.748943  0.305913  279.829803
413 -19.724352   9.678555   17.970175  0.324981  3.023630      14.724793   1152.840332  144.521255            1.14          1.64  6.318645  2.399221  603.809265
414 -33.863758  -6.386230   10.639060  0.278703  3.006082      14.739758   1495.632935  247.391815            1.14          1.64  5.828647  0.950007  631.431580
415 -30.858952   5.511746   11.487726  0.311596  3.788180      15.375406    831.748901  106.034798            1.14          1.64  6.674882  1.430897  694.757874
416 -34.365543  -2.963961   28.132013  0.313810  2.790038      15.486844   1502.818848  165.500626            1.14          1.64  5.263257  1.533998  650.733582
417 -30.999807   8.086561   13.148903  0.311405  3.685758      15.743522   1347.065552  227.204773            1.14          1.64  6.092927  2.104925  653.631348
418 -27.010900  -5.505044    2.800492  0.297475  3.772008      15.211267   1831.013794  205.766327            1.14          1.64  7.071306  2.696180  656.828186
419 -13.947416   6.912673   14.851734  0.325026  2.030570      14.810046    814.432556  163.799728            1.14          1.64  7.685156  1.251164  600.865784
420 -30.506922   9.015742    8.295661  0.315913  2.713983      15.562736   1547.746948  101.465927            1.14          1.64  5.738437  1.987641  652.201660
421 -24.444115   5.707727   25.761795  0.310629  3.701651      14.898833   1306.079590  212.180801            1.14          1.64  5.837642  1.774865  586.112305
422 -35.607555  -0.070169   14.593602  0.284312  3.608737      15.591627   1037.966187  206.233002            1.14          1.64  5.921115  0.435709  598.914124
423 -28.887877   2.354554    2.351686  0.288994  3.365850      14.841512   1311.736938  249.564667            1.14          1.64  6.094614  2.543195  672.446777
424 -22.342812  10.875796   14.974786  0.324849  3.217870      14.493779   1247.305054   99.393692            1.14          1.64  5.614541  2.561784  613.185486
425 -26.959208   9.262933   16.558079  0.305620  3.550717      15.037631   1030.590942  186.095520            1.14          1.64  6.137026  1.153827  585.276184
426 -32.203861   4.564240   15.065595  0.305639  2.701600      14.860492   1531.803833  150.892227            1.14          1.64  6.759860  1.034107  595.277283
427 -30.817192   2.491089   13.011895  0.299598  3.484974      14.501479   1609.202515  263.364685            1.14          1.64  6.247875  1.461589  629.641541
428 -26.362505   3.773545   14.305136  0.306387  2.897415      14.750680   1237.083008  130.643051            1.14          1.64  5.610981  2.012905  636.810547
429 -32.433502  20.089478    8.578060  0.344042  3.631864      14.560279   1684.758789  116.627724            1.14          1.64  6.448912  1.304201  603.171265
430 -27.927940   8.167668    9.732264  0.311381  3.250947      15.760847   1156.132080  153.176346            1.14          1.64  6.044384  1.344571  619.633301
431 -28.337009  10.261341   18.846058  0.332818  3.343228      15.745810    814.485962  160.985641            1.14          1.64  5.689887  0.955886  621.876221
432 -30.924086   2.324769   11.493637  0.325524  1.625966      14.102401   1103.431152   66.924225            1.14          1.64  5.892694  1.211753  675.395569
433 -27.400816   3.348960   19.660112  0.308060  3.233085      15.468504   1650.293213   92.039871            1.14          1.64  6.064614  2.780418  632.610107
434 -29.003136 -10.912086   18.670977  0.285318  2.637593      15.846802   1541.144897  267.280457            1.14          1.64  6.564108  2.982269  685.170898
435 -28.543608   4.096724   20.248384  0.323909  2.397687      14.825429   1862.585938   97.942749            1.14          1.64  5.707070  2.170785  632.083801
436 -18.302990  16.233196    4.989438  0.333541  2.982187      15.487361   1132.055298   98.535393            1.14          1.64  6.695806  1.818143  583.980164
437 -28.297501   7.093806   13.480342  0.298316  3.702531      15.211234   1639.104980  253.892227            1.14          1.64  6.478288  1.763147  607.860596
438 -32.063530  -6.393822    7.951509  0.282445  3.129631      14.610273   1764.026978  191.587631            1.14          1.64  6.763577  2.040054  678.597351
439 -20.810190   7.250363   25.111288  0.327720  2.544523      14.466963   1618.010620  123.933266            1.14          1.64  6.599318  2.765149  598.414185
440 -27.727083   2.301576    1.029408  0.280547  3.218586      15.574744   1576.297363  172.868835            1.14          1.64  6.394279  1.344601  601.846680
441 -35.781364  -3.095951   17.781137  0.287148  2.751271      14.498672   1795.043213  198.097397            1.14          1.64  6.767590  1.027778  629.048706
442 -36.812149   0.631868   19.863533  0.314382  3.405078      15.363886   1661.361694   72.662567            1.14          1.64  5.204359  1.777586  687.892822
443 -29.531078  -2.638821    8.970605  0.269197  3.766283      14.992696   1616.467407  188.489120            1.14          1.64  5.765529  1.236241  599.270569
444 -37.271095  -0.965510    9.903958  0.298457  1.843557      14.636008   1619.016602  136.659683            1.14          1.64  5.471706  0.910075  657.768982
445 -28.400743  10.355542    8.115973  0.340838  2.233781      15.238004    999.510071  131.996841            1.14          1.64  7.228608  2.596958  689.898621
446 -25.428080  13.675303    7.282163  0.312344  3.020340      14.286107   1751.684082   77.647911            1.14          1.64  6.333208  0.847417  510.679749
447 -14.419985   8.466524    4.360909  0.304833  2.214900      14.282990   1753.985962  117.908760            1.14          1.64  6.814106  2.190389  574.082275
448 -23.665813  -5.795521   21.208359  0.285783  3.848554      15.711466   1563.730713  174.796371            1.14          1.64  5.769800  2.369948  628.204834
449 -30.882727 -13.869378    5.442324  0.282726  3.620790      15.594989   1483.118896  132.034882            1.14          1.64  6.056995  0.750052  573.525330
450 -19.696125  22.102951   21.719296  0.349253  3.868336      15.513996   1261.435669  213.205704            1.14          1.64  5.740922  1.905453  517.621826
451 -27.656281  11.655699   17.079645  0.315371  3.970535      14.360717   1392.933105  174.849167            1.14          1.64  6.408667  2.275363  608.164612
452 -28.396418   7.966525    5.208735  0.305424  2.859167      14.234881   1214.224609  157.521698            1.14          1.64  5.541348  1.053296  615.117310
453 -20.367071   5.907749   27.718472  0.316534  2.772188      14.373460   1801.758789  188.387848            1.14          1.64  7.154402  2.482730  586.083130
454 -38.082809  -5.710520   20.532557  0.278327  3.926921      15.293806   1982.717896  216.751205            1.14          1.64  6.424498  0.792603  599.691772
455 -25.071617   8.846464   33.925556  0.330133  3.597884      14.295427   1238.974976  190.286133            1.14          1.64  6.075257  1.735091  563.191956
456 -30.223921  11.539157    6.249965  0.306636  3.829774      15.923784    981.569336  120.941032            1.14          1.64  5.715927  0.639456  592.849976
457 -30.719873 -11.007257   16.113808  0.283399  2.884268      15.226656   1063.117554  275.077057            1.14          1.64  6.621296  1.295268  680.753418
458 -25.482201  10.878929    7.975624  0.307334  3.311996      14.774614   1598.288696  161.417496            1.14          1.64  6.633112  2.409338  619.989441
459 -27.943186  -2.686592   16.054098  0.287458  2.257045      14.703154   1388.711548  183.104248            1.14          1.64  5.953553  1.381544  620.151062
460 -22.820576  -3.062863   18.386078  0.292222  3.518000      15.238720   1914.574219  196.642975            1.14          1.64  7.681536  2.200442  609.264282
461 -28.972614   5.134206    6.394449  0.302808  2.462561      14.737387   1054.393677  176.370300            1.14          1.64  6.517268  1.057691  635.581726
462 -33.139488 -10.167436   17.240526  0.278744  2.954194      14.662477   1486.787842  286.737976            1.14          1.64  7.812664  1.851404  696.531189
463 -32.747696  -1.690014    7.029091  0.289407  3.145206      15.968028   1481.423340  281.910706            1.14          1.64  7.155423  2.070562  690.197021
464 -29.936087  14.123772   10.439613  0.326438  3.587622      14.348171   1964.105347  107.244476            1.14          1.64  5.553577  2.596272  638.066040
465 -29.346140  -2.560249   20.234270  0.304230  2.951850      14.645144    854.016968  142.698044            1.14          1.64  5.780574  0.988910  665.551208
466 -30.621410  -4.026796   29.745913  0.308075  3.801980      15.734153    976.327576  207.252930            1.14          1.64  6.808177  0.546881  581.338196
467 -32.700619   2.528997   18.413971  0.317576  3.612705      15.798199   1635.483398  296.547485            1.14          1.64  6.707794  2.397075  675.386169
468 -25.771534 -12.265112   22.183067  0.282835  2.972703      15.650780   1762.674438   87.516800            1.14          1.64  5.999182  1.484159  608.615723
469 -22.893503  11.690689   21.285322  0.325984  3.831640      15.775105    940.425293  186.115326            1.14          1.64  6.905252  2.373294  603.004578
470 -30.318420   7.653617   18.825453  0.327678  3.754304      15.214519   1025.408081  158.094025            1.14          1.64  5.931141  2.102940  664.015564
471 -23.412987  10.012769   12.942669  0.343281  2.061033      14.161287    998.863770  108.023544            1.14          1.64  7.142165  0.880512  587.113525
472 -28.837574  -3.715137   20.083618  0.293061  3.154508      15.189938   1356.867432  213.465408            1.14          1.64  7.139149  1.181981  608.063293
473 -23.920340   3.597816   12.204329  0.301478  3.732247      14.378321    879.624756  192.973175            1.14          1.64  5.629295  0.359283  530.135803
474 -15.519042  11.414206    8.933098  0.305461  2.839000      15.741899   1721.112061  124.013962            1.14          1.64  6.272950  1.181991  500.900024
475 -23.834257  15.918131   10.060895  0.333058  3.565885      15.317849    824.357910  125.643929            1.14          1.64  6.258121  0.919426  589.754883
476 -23.815319  10.494016   31.224541  0.339306  3.401534      15.668233    941.054016  174.520462            1.14          1.64  5.666085  2.006748  582.802246
477 -30.464830  12.363261    3.730049  0.316114  3.639260      15.280413   1743.356445  269.257629            1.14          1.64  5.738758  2.741601  676.262695
478 -31.309996  13.005912    9.547827  0.333137  3.401005      15.763068    993.396851  148.651947            1.14          1.64  7.342221  2.459860  685.897705
479 -24.139160   8.378886   10.591060  0.310031  2.725558      14.932311   1605.026245  100.674675            1.14          1.64  6.064784  2.831833  626.242798
480 -32.192345  -7.490320    7.808037  0.292498  2.738897      14.112891   1686.202881  146.791260            1.14          1.64  6.422101  1.413741  659.164062
481 -28.757221 -12.590864   18.295097  0.292324  3.220797      14.440215   1210.230469  130.161926            1.14          1.64  6.939898  2.492439  698.650513
482 -27.271502  15.709785    9.274388  0.325907  3.803843      15.110478   1175.270386  109.702118            1.14          1.64  6.427901  1.827925  623.747925
483 -26.432323   4.042944    7.569540  0.287929  3.106952      14.416553   1189.888062  197.153427            1.14          1.64  6.055459  1.196608  596.896179
484 -24.878454  16.353052   18.127848  0.344237  3.769328      15.177181    893.283875  120.839035            1.14          1.64  6.153618  1.319715  582.361450
485 -21.709192   9.466301   12.274888  0.331557  2.298764      14.564804   1125.332153  125.824783            1.14          1.64  6.162931  1.541808  606.988281
486 -32.138485  -8.185050  355.042419  0.283430  3.657935      15.671958   1352.736206  161.777847            1.14          1.64  6.433599  0.976995  599.844360
487 -23.784000  14.762670   24.107605  0.344576  3.817394      15.944699    949.253723  159.731674            1.14          1.64  6.582404  2.835133  602.348572
488 -31.164604  -2.567607   15.526193  0.308447  1.676285      15.557092   1396.193115   64.420303            1.14          1.64  6.206308  2.727511  691.617676
489 -30.911915   4.349662    8.300707  0.301053  2.370391      14.563988   1704.333374  137.256958            1.14          1.64  6.717120  1.629063  640.830261
490 -34.058121   0.249052   11.129977  0.280917  3.653671      14.282748   1777.965942  244.758820            1.14          1.64  6.435714  1.506612  648.121582
491 -24.780455  13.042713   11.597880  0.304771  3.999851      15.206555   1052.137695  208.850037            1.14          1.64  6.422530  0.749559  524.633545
492 -22.442978   9.454188    9.287007  0.310333  2.932030      15.063509   1966.063232   62.822292            1.14          1.64  6.151717  2.063805  592.426025
493 -31.124269  -4.026642   15.708544  0.297002  3.667329      14.270210    913.330200  257.138184            1.14          1.64  7.370518  1.582698  697.835205
494 -30.636429   6.246716   15.179681  0.314970  2.541650      15.197685   1688.297974  143.555481            1.14          1.64  6.943658  0.822147  545.192810
495 -37.772839  -1.021302   10.010529  0.284836  3.021548      14.863162   1667.253662  298.569031            1.14          1.64  6.330533  1.118494  677.796204
496 -28.172659 -17.926649   17.755583  0.306420  2.804698      14.548979   1186.079834  176.253235            1.14          1.64  6.607978  1.241989  672.836121
497 -26.088425  12.953609    4.866922  0.339638  2.718586      14.364269    823.772095  111.442047            1.14          1.64  5.593828  1.945403  691.150024
498 -22.455046   8.355968    7.757739  0.314636  2.305800      14.750746   1047.874512  107.998062            1.14          1.64  6.808409  0.746257  557.823975
499 -34.965481  -0.272807   17.408575  0.293004  3.272599      14.022359   1421.166382  181.478180            1.14          1.64  6.272980  0.967587  631.729370
500 -33.646545  -8.309148   16.702295  0.290537  1.400629      14.468602   1046.071289  135.775284            1.14          1.64  6.731644  0.649155  653.343872
501 -30.027719   8.514397   15.018135  0.326153  3.592463      14.227761   1013.083740  144.430115            1.14          1.64  5.217803  2.699745  683.132568
502 -15.810725   7.853122   19.283567  0.307469  2.615678      15.678433   1707.420410  162.512482            1.14          1.64  7.153672  2.855980  581.116272
503 -28.871452   0.589034   11.148283  0.301406  2.239039      15.570217   1142.689697  144.382248            1.14          1.64  5.858847  1.153425  630.460999
504 -38.027557   8.914762   21.194185  0.322867  3.983203      14.393942   1580.517334  147.685547            1.14          1.64  5.097682  1.687206  654.561035
505 -28.147276   6.135669   12.340069  0.334719  2.044199      14.626157    981.578796  107.027458            1.14          1.64  6.631563  0.648627  608.214233
506 -33.577454 -25.868105   24.473309  0.278514  2.822658      14.785385   1188.370605  156.436142            1.14          1.64  6.169946  0.266543  577.946838
507 -32.674809  -9.652981   16.809250  0.259316  3.718237      15.066886   1333.625122  220.973618            1.14          1.64  7.038790  0.522099  547.716736
508 -35.973186   6.737683   18.025764  0.315791  3.884526      15.042988   1355.495972  228.782196            1.14          1.64  5.801818  2.255309  690.183105
509 -25.128311   2.139030   19.824436  0.332190  2.268956      15.625151    866.058899  220.580429            1.14          1.64  7.610321  2.648101  680.130066
510 -34.832169  -6.480613   15.448306  0.292519  2.649337      14.902394   1884.703613  144.961319            1.14          1.64  6.688355  1.912143  698.071655
511 -40.078953 -10.612871   15.925929  0.277652  2.108221      15.421410   1645.695312  222.493362            1.14          1.64  6.798060  0.765919  673.703308