           lon        lat         inc      D1AU     delta  launch radius  launch speed    t factor      B1AU     gamma         vsw
0   -45.408253  35.359619  326.821838  0.299086  4.760304       9.922715    721.524109   -2.738470  5.643375  0.849535  279.169739
1   -34.670742  29.826540  337.755066  0.321338  5.182539       4.001500    657.525146  -68.422768  6.835343  1.397663  420.128143
2   -40.901451  28.830736  331.578186  0.251740  2.453051       3.570043    851.574585 -109.079704  8.179509  1.211896  408.240173
3   -16.416323  53.954086  299.312561  0.336027  5.356398       9.263851    897.814453  -98.671890  7.028789  1.289720  330.379547
4   -34.909012  40.515034  313.232697  0.290569  5.930476       8.700662    967.669556    8.839347  6.245253  1.948117  303.734039
5   -26.105320  41.099541  318.488586  0.280087  4.829237       7.932390    605.526794   29.335217  6.719099  1.321537  360.850128
6   -32.340137  46.955631  313.743805  0.247630  3.530464       8.175191    804.374329  -70.192780  5.442166  0.702829  421.839172
7   -34.279591  43.715279  313.100708  0.297944  4.656538       4.884997    936.164917  -75.578148  6.827325  0.437400  313.905426
8   -29.671032  44.830589  322.026794  0.300706  4.041387       8.854756    729.245850 -109.939674  6.208773  0.768588  398.071259
9   -50.203983   9.617943  343.680511  0.322157  2.170368       8.506038    729.236572 -228.311722  7.644366  1.363421  431.447876
10  -46.843460  22.389189  336.400513  0.268228  2.723755       7.822161    727.785950  -95.325699  6.191115  0.749184  394.920563
11  -47.817032  31.809830  318.691315  0.305477  5.829825       6.228250    882.176086  -67.175797  6.318717  0.355779  368.227478
12  -45.000069   9.082705  344.117706  0.319030  2.289412       7.760549    645.874268 -178.293137  8.440408  1.256431  419.592499
13  -35.460732  45.148220  315.575195  0.306881  4.522652       7.509772    794.486511 -225.284882  6.329231  0.665086  370.916199
14  -42.841518  26.965137  320.621094  0.315085  5.731121       5.983366    739.766418 -159.426544  5.599001  0.443103  358.331543
15  -33.296803  44.157402  314.661407  0.337011  2.852135       9.461132    664.090942   59.622429  6.146589  0.767690  280.953430
16  -43.246342  32.415905  333.207306  0.310065  5.231447       7.986456    884.965088   14.637481  6.771586  1.034169  428.899841
17  -43.882145  13.030627  325.416351  0.303252  4.421420       3.744500    960.509338 -111.752098  5.579647  1.563449  320.563660
18  -58.931114  17.742081  347.011810  0.317303  4.049852       9.076310    980.759094  105.265030  6.955886  0.555782  422.089142
19  -26.442856  48.843830  285.264771  0.297631  4.299549       8.801949    770.644836 -216.575012  5.807039  1.243045  322.439240
20  -36.744720  48.253727  307.273987  0.238092  4.207849       8.647114    948.325317   -4.874860  6.446738  0.998188  428.842987
21  -37.367153  37.498566  327.398682  0.219125  4.719146       7.625299    696.913696  -70.025673  6.428154  1.312332  337.849335
22  -46.166824  25.341064  335.941620  0.333551  3.330582       9.514919    710.887634   -6.866915  5.154615  0.560040  305.319183
23  -36.422928  42.281971  319.823273  0.323579  4.674513       7.702850    732.706482 -145.103210  5.250233  0.607484  366.612885
24  -17.520796  55.237400  292.944550  0.338623  5.171085       9.682812    952.657776  -23.028225  5.199071  0.875520  304.145294
25  -26.532513  48.366821  306.580017  0.259775  5.156560       9.986346    661.064819 -150.092590  5.089936  1.218147  302.129028
26  -33.338959  35.030087  314.204163  0.313169  5.812100       5.295368    850.819458    5.569453  5.167834  0.559353  282.109344
27  -31.080244  46.578766  314.517090  0.304189  3.376125       8.232173    768.689392  -83.577232  8.079466  1.232658  426.406036
28  -29.967525  50.139355  310.276917  0.300399  1.173504       9.225726    817.874756  -46.008018  6.722657  1.087454  373.875000
29  -14.209347  42.552261  289.532715  0.274391  1.863218       5.324159    706.964600 -135.023758  5.828563  1.221960  287.332245
30  -45.936367  12.624167  328.030334  0.328234  4.363364       5.587129    761.579773   40.926533  6.931354  1.101902  313.809174
31  -40.739407  33.340370  317.269073  0.289466  3.054440       6.331235    728.854126 -113.133591  5.263546  1.120444  408.058289
32  -37.499355   3.473832  341.788727  0.347031  3.392574       7.787571    442.828461  -61.152042  5.074289  0.333560  272.191528
33  -50.456844  34.221951  343.564697  0.339987  3.322956       8.332208    934.095459   73.134636  5.575459  1.004308  405.168304
34   -8.968889  51.932270  281.621582  0.339196  2.519602       9.816925    642.995850   -5.650726  5.706424  1.028030  297.552277
35  -32.743496  27.438572  322.588470  0.319100  4.581851       5.788897    808.667969  -23.820517  7.568119  1.555023  376.596649
36  -42.137341  33.026512  340.089111  0.313116  3.885485       8.962967    576.181274   43.107796  5.411878  0.216422  348.028595
37  -32.596630  26.837959  345.339233  0.347355  3.176945       6.599073    547.666260  197.018402  5.100865  1.634559  423.392944
38  -39.543182  39.184990  338.653809  0.304128  5.833083       9.742045    631.115051  105.334839  5.297480  0.748653  354.036499
39  -52.980316   6.171810  325.695038  0.345717  5.187942       8.353509    623.751343 -112.054276  6.775238  1.348221  342.227783
40  -49.542549  18.592207  356.528168  0.343044  3.226012       8.289927    807.941406 -198.427017  6.800493  1.280004  444.634644
41   16.271051  31.851324  269.735870  0.318657  5.254502       3.700870    586.092163  -35.432552  5.165647  1.273715  282.481537
42  -51.850525  19.034538  334.850342  0.314095  5.533072       6.995996    984.523987   20.388105  7.684626  1.839602  363.163879
43  -23.780922  34.268513  314.035309  0.273356  5.538510       5.336182    636.943054  169.813889  6.802748  1.150051  422.551697
44  -28.334625  39.418915  319.914459  0.199681  4.289974       7.962243    607.294922  121.468124  5.031651  1.161537  309.372131
45  -37.599567  31.513372  336.263306  0.315944  2.933102       7.463902    758.690613   53.872684  5.822258  1.585976  303.689697
46  -34.210064  40.906170  308.151947  0.259231  3.567043       7.551923    799.178833 -224.147415  5.659150  1.606185  333.373932
47  -42.513153  40.166061  315.854218  0.301234  4.749881       5.021553    882.752319 -199.576630  7.752591  0.258371  308.232635
48  -41.971085  16.227089  334.687866  0.268574  4.688345       7.621494    600.034607  -85.758820  5.233888  1.603442  403.116882
49  -22.773392  52.975861  312.199371  0.238967  5.915280       7.647053    774.944031   -2.603663  5.094580  0.734260  391.895050
50  -19.454390  51.291191  304.372650  0.282000  4.108860       8.540930    714.412415  122.411438  5.798260  0.339186  354.074585
51  -26.790703  30.529886  298.302277  0.327985  5.076713       4.303163    592.956604  -90.515388  6.219094  1.797142  416.885071
52  -34.340393  32.520538  313.315582  0.313967  2.753520       9.071132    547.257385 -180.097870  6.367268  1.439619  442.410431
53  -43.375599  14.223972  323.726044  0.311154  3.431667       5.844786    638.815063 -206.635803  6.346585  0.868578  342.496185
54  -50.973911  22.773359  318.928528  0.307203  5.314248       5.718412    931.907837 -224.555527  6.479477  1.392053  357.137970
55  -46.853191  25.001324  351.449585  0.325579  5.081056       8.389251    945.341675   55.875191  7.081409  1.953712  343.263184
56  -29.286844  37.253166  324.328125  0.349195  5.492478       4.252658    693.364502 -227.853516  6.679677  1.072538  415.327209
57  -33.274017  47.101650  302.002228  0.310561  5.536234       8.042291    904.297852  132.450623  6.173165  1.338219  303.572418
58  -49.504612  28.289633  341.585022  0.250056  4.848359       7.588411    877.853882 -161.016556  6.733310  1.162268  433.267578
59  -55.887951   5.299758  345.244324  0.253849  5.479291       8.025961    802.477356  -12.411052  6.604000  0.815730  406.923859
60  -48.702564   6.636542  332.304779  0.287743  5.871399       5.440413    695.454956  -70.195114  5.424996  0.889450  364.513245
61  -11.331953  54.657242  271.899353  0.310149  5.164334       6.169725    928.964539  -14.894069  6.746157  1.448011  401.362213
62  -46.543800  35.418068  333.290985  0.298524  5.297472       5.018916    911.275146  -67.216858  6.386386  0.622752  406.763977
63  -26.990297  38.471523  312.728333  0.344819  4.353718       5.298858    806.682068   69.293602  6.949852  1.701072  421.688385
64  -27.506060  20.891293  329.959412  0.309304  5.156504       7.424357    486.996124   21.216980  6.029995  0.342311  379.936890
65  -25.718945  22.548338  311.970612  0.267783  2.589634       4.573016    562.143494  -63.331062  5.047956  1.469400  430.068939
66  -40.281395  30.248772  324.969055  0.335457  2.724034       7.594329    809.636108 -198.074280  5.386031  1.610826  337.043060
67  -40.944435  37.364025  330.556702  0.212357  2.529662       5.551697    936.775757 -225.247299  5.548975  0.859455  347.348022
68  -32.734764  31.800379  298.157562  0.327396  5.263451       5.194649    667.922852   83.521111  5.813458  1.448924  336.442230
69  -29.611441  50.909164  322.845398  0.269920  5.296998       9.008441    780.810364  -22.521269  9.244166  0.724284  325.856049
70  -29.270199  49.789486  321.635315  0.316134  4.598959       6.194364    958.597717  237.019455  6.052961  1.712700  420.487762
71  -41.658382   3.868637  341.746796  0.347065  3.446777       6.931457    754.099304  -56.434338  5.735901  1.603293  338.648499
72   -7.138673  42.614635  281.065796  0.264110  2.490973       8.570195    485.735809  -49.079884  6.953737  1.180764  344.909668
73  -39.908749  11.783640  339.456665  0.321400  2.215023       3.343324    715.093933 -233.108597  5.043856  0.782771  435.831909
74  -39.189037  33.391403  311.833405  0.299071  3.795131       7.273575    937.916382  -95.342163  5.822409  1.583285  319.143341
75  -25.741041  48.746498  309.381836  0.330351  4.367316       9.703469    968.503113 -137.565720  6.391297  1.051346  281.422791
76  -15.555532  54.457237  308.833862  0.334404  4.852971       7.440036    970.115112  -33.359814  6.544954  1.747509  373.675964
77  -40.630825  11.060431  326.493073  0.329027  4.248752       9.280309    493.254639 -138.219162  6.182162  1.973271  408.664490
78  -23.327274  49.424343  301.118317  0.347321  5.949958       7.235364    863.596008   -5.081516  5.280591  0.685068  402.462524
79    1.443843  38.676189  281.842224  0.341129  2.946257       4.564121    570.677124 -170.705109  5.138443  1.636236  418.774384
80  -18.788864  54.741680  304.717712  0.232637  3.963752       7.752677    829.907715  193.889450  6.981656  0.425157  288.648071
81  -20.843266  42.961319  297.191925  0.286231  2.202170       9.980919    484.263580  -88.237480  6.814250  0.588661  414.988770
82  -21.719954  51.557056  289.958984  0.256841  4.867841       9.522503    753.316467  -11.079610  6.104430  1.075224  388.268890
83  -36.878872  23.020718  314.639526  0.302959  5.260098       6.463487    653.940125  -10.195331  5.855217  1.630824  281.314331
84  -20.540228  50.784111  314.647583  0.316617  5.902699       5.388709    916.950195  -26.539902  6.174133  1.123466  427.743835
85   -7.850860  41.109142  291.990540  0.290552  5.643364       6.239112    678.357239  141.403915  6.878340  0.674001  285.974548
86  -19.197277  48.089813  293.204437  0.245561  2.605066       7.282312    842.099548   47.022751  6.543330  1.029668  266.191010
87  -42.880337  22.164598  343.672791  0.338454  3.879119       5.807435    838.028442 -170.706345  5.691751  1.048351  381.806396
88  -50.090069  15.025826  359.084564  0.302734  4.596268       8.437990    799.076538   63.911060  5.088538  1.783687  414.806183
89  -32.900848  38.373627  308.370148  0.277591  4.264668       5.724265    726.273315 -115.294899  6.607854  0.595140  306.117462
90  -27.310801  57.450256  315.336273  0.326398  3.369064       9.055252    972.045776   68.705727  6.422589  0.235165  254.832932
91  -22.970980  28.513910  307.098083  0.258376  3.807429       7.897156    448.361298  -58.220509  7.040178  1.691032  300.597931
92  -28.651449  33.848141  314.009644  0.334659  3.186582       3.008481    896.829163 -108.494873  8.069405  0.637227  250.240616
93  -12.663584  55.404819  296.815582  0.268100  4.631196       8.246192    851.382507  -41.874485  5.755048  1.566896  396.090820
94  -16.807476  42.391079  319.109161  0.301491  5.273397       6.232545    586.351624  -16.680094  7.820658  0.897947  385.416748
95  -31.846451  45.780830  319.710510  0.338733  5.244265       8.341901    930.290466 -125.652359  5.788845  1.550229  368.559021
96  -18.523436  46.241985  303.622803  0.209928  4.048610       7.608947    669.167236 -106.831696  5.656446  1.772788  422.132019
97  -45.010639  17.567139  346.792389  0.242016  2.963671       7.408276    729.852356  -93.247200  7.401320  1.029969  338.701569
98  -45.996433  46.863857  334.707794  0.288654  3.382954       8.546542    968.473083   86.231354  6.171324  0.459753  421.991241
99  -35.756264  26.161459  324.031555  0.213609  3.534802       8.971315    445.131622 -221.982620  7.133248  0.244812  386.025574
100 -52.235256   4.913274    2.432127  0.296578  3.138108       9.619207    750.766174   66.555878  6.754630  1.337322  441.608215
101 -53.601669  19.742527  325.213898  0.322307  5.648271       6.375569    962.072327   91.770050  6.790488  0.720221  338.631165
102 -14.181260  45.561806  289.416687  0.259752  3.989003       7.724359    705.700867   -2.625423  6.017245  1.145764  345.142853
103 -51.842842  15.700982  338.724579  0.330125  4.815740       8.584970    882.233887   48.326759  6.223428  1.558889  416.212067
104 -23.945969  47.733612  311.299194  0.313437  2.852735       9.823421    801.057434  -97.030235  7.991916  1.735903  323.087738
105 -28.305624  40.832008  296.251404  0.312281  4.851313       4.129239    949.422485  147.112335  6.030296  1.206795  281.611450
106 -21.950924  44.063839  313.608673  0.271058  2.801480       9.945229    499.669434  -52.045105  6.528862  0.575568  326.682251
107 -30.827826  41.943813  313.040649  0.275187  2.970304       6.078974    879.218445   34.237713  5.356477  0.939165  337.372742
108 -16.406048  46.804146  306.547150  0.270447  5.506191       8.996233    587.650146   77.934113  8.529372  1.480075  424.886353
109 -32.514683  32.718185  344.007050  0.341588  5.913486       3.317554    804.063416  163.049896  6.561931  1.560975  374.938263
110 -34.538986  37.133724  329.101959  0.249422  2.806354       5.688885    729.679321   69.424637  5.920900  1.334123  401.950867
111 -12.514628  51.025375  304.216888  0.301261  5.709150       5.696691    913.306152 -219.144608  6.752837  1.264975  390.309174
112 -10.190117  39.825623  291.790588  0.256237  4.182401       8.249489    463.526184    4.868295  6.761025  1.710765  292.744995
113 -35.230598  36.107647  313.599274  0.311879  4.663518       7.360845    953.079529   88.751434  6.429768  1.649185  279.644135
114 -37.934078  39.230263  312.616119  0.302801  2.777089       6.756629    864.714966 -241.744217  6.957202  1.324759  320.809631
115 -41.537220  18.900396  318.037811  0.347334  3.107310       7.831554    660.254761  -26.001774  6.080153  1.897017  274.850250
116 -48.915287  24.539886  346.599396  0.260176  4.480719       3.734946    895.017334 -144.081192  5.124657  0.564270  429.044708
117 -12.050515  48.644524  294.428131  0.318700  4.822622       9.262240    854.170776  248.424850  7.616521  1.452373  350.589478
118 -32.913387  32.542007  335.553589  0.332434  5.911792       5.794405    865.042542 -181.754547  6.005970  1.771722  322.720184
119 -36.667210  24.309845  341.177917  0.331947  2.054026       6.294714    760.935059    4.775285  8.082161  1.900380  297.589691
120 -27.070408  45.747948  307.531006  0.319026  4.197649       7.076168    725.968384 -192.650101  7.418421  1.161870  369.947998
121 -37.284420  37.178574  332.475433  0.224420  5.591374       5.584173    912.310669 -246.055603  5.408845  1.811377  424.256317
122 -50.889969  11.254953  355.388428  0.237164  5.795109       9.638892    687.745667 -171.557510  9.291229  0.672593  353.408386
123 -24.069040  41.911831  312.767883  0.300441  5.925828       7.465584    715.211548  233.308090  5.305396  0.991216  358.600861
124 -43.516647  21.580593  339.161011  0.293172  5.174607       5.961044    665.741760  -54.350586  6.141140  0.596326  324.817322
125 -47.686260  27.529253  324.193085  0.309189  5.106133       8.268075    863.896790   58.584148  7.064085  1.488446  409.345459
126 -42.097324  48.204842  318.567780  0.295417  4.482485       8.693470    960.809937 -231.276047  5.469899  0.290232  356.811432
127 -49.458759  14.762091  330.739838  0.337866  3.933307       7.517022    790.809326 -171.765106  7.019483  1.298316  386.292175
128 -19.018677  43.784534  322.461365  0.316992  4.533365       3.695249    837.063232  122.260445  5.692714  1.431578  332.025024
129 -38.398087  43.085163  313.971497  0.312229  5.755126       7.124437    880.059509   64.785591  6.962895  0.312020  313.975311
130 -16.057127  44.955376  322.272003  0.325577  4.682303       4.185420    627.527588 -172.342178  6.395695  1.619926  446.364838
131 -42.275494  35.608158  330.581482  0.347315  2.456092       9.830566    597.714844  -26.697655  6.161132  1.870505  409.460358
132 -18.883007  45.213524  315.026154  0.293406  3.854658       7.379149    595.740723  -68.171677  7.471740  0.877574  449.496704
133 -37.259548  40.523434  312.082031  0.344790  4.246473       8.299374    882.723022    7.900942  5.586414  1.432469  302.735596
134 -42.527443   8.552242  341.431152  0.338054  3.323055       6.643477    530.425354   33.388371  7.266409  0.377094  331.676605
135 -11.973277  44.309185  291.854340  0.265134  1.260118       5.794929    807.449707  -31.769348  6.065438  1.701341  310.736572
136 -22.704826  38.642609  323.702759  0.307080  5.522574       7.214632    622.045288  -82.624374  7.052568  1.344333  377.423035
137 -28.196066  26.179583  312.128784  0.301546  4.170016       9.152693    476.338928  -84.774452  5.136631  1.155249  376.185120
138 -20.833883  18.951857  309.466217  0.342863  5.133783       6.169568    551.441650 -149.866058  5.727685  1.694171  292.519257
139 -34.740879  37.848850  321.363800  0.343433  4.703888       9.706870    529.330627 -182.203522  5.712516  0.384185  342.103088
140 -60.515007  10.145302  346.119995  0.235304  5.068362       9.339659    866.348572  -36.645199  7.353393  0.327166  372.771118
141 -54.258038  -8.734356    5.382981  0.249536  3.250746       8.386088    737.809326  -98.722267  5.805849  0.458903  351.796967
142 -20.509140  33.530750  310.748108  0.291643  3.879277       6.484874    625.372070   18.524660  7.720326  1.605427  389.652191
143 -26.852629  41.736912  306.886597  0.322557  5.500401       7.672682    725.170410  -95.475685  7.514497  0.817291  294.258575
144 -38.065510  26.777843  323.670013  0.245353  1.603482       7.522255    663.365356  -63.099163  9.229564  1.581069  300.435547
145 -47.605179  15.645850  337.236176  0.197078  4.742472       8.405510    645.428223  155.805328  7.695210  0.950090  281.151733
146 -31.259989  46.073296  317.740906  0.247154  4.928138       5.277707    865.141235  -31.232033  5.342886  0.876919  437.816711
147 -38.335117  18.106722  336.291718  0.313078  2.184529       4.909693    756.232666  -45.162689  6.191479  1.468091  266.625885
148 -33.815762  32.413773  320.393066  0.262498  5.247695       5.357247    840.973938 -117.214355  7.780092  1.833259  347.003723
149 -43.088379  36.376682  326.357025  0.245634  5.190710       4.949266    935.938721   23.921129  6.361494  0.790208  399.618622
150 -52.943405  24.602118  337.326752  0.267745  5.299427       9.645952    850.507324   10.849387  8.647017  0.732599  281.885010
151 -16.255009  43.202484  303.904541  0.313898  4.905233       6.687905    705.937988   69.253304  5.284205  0.924284  250.213058
152 -52.359024  17.771460  334.781952  0.345888  4.106928       6.700215    900.523315 -211.957321  5.559207  0.406282  359.784332
153 -36.056320  28.129730  316.506866  0.244205  5.776582       7.337464    729.275879   -6.545552  6.166292  1.374357  256.368408
154 -32.253922  35.312157  318.424408  0.275526  4.936122       5.934026    749.355957  -48.288826  5.775200  0.569477  321.616272
155 -50.905113  16.300842  355.606812  0.276473  4.718427       5.206476    838.799438  133.765579  6.667954  0.342230  443.608185
156 -31.974297  37.549652  317.799255  0.330620  5.017153       5.005867    806.824951  105.747383  5.709819  0.668963  364.363220
157  -9.224271  48.673904  282.080200  0.323779  3.395141       8.939731    615.281433 -247.054779  5.147486  0.258736  404.303741
158 -49.831764  13.439692    5.123785  0.327849  3.701069       5.060775    801.501404  128.541092  5.018518  0.661363  320.543121
159  -5.158934  49.633217  264.282166  0.310774  4.261907       7.480784    875.404785  -54.612560  6.458279  1.838583  297.113037
160 -51.050854  -1.988904  333.268311  0.348164  5.206320       8.298754    687.126709 -108.971786  7.083920  1.360386  289.300934
161 -16.584013  37.665016  289.283997  0.282825  1.891814       9.715391    497.496033 -163.321487  6.835749  1.065214  318.920471
162 -46.477005  12.900820  347.599121  0.343351  5.440511       6.531432    841.757935  225.909515  5.679568  1.955300  287.693237
163 -53.585503  18.528982  358.764771  0.281783  5.925115       7.264382    738.263245  -49.506119  5.969112  0.253606  407.535248
164  -9.149056  42.328644  283.656708  0.323848  3.906256       9.690886    436.049774 -111.346008  6.869142  1.710026  392.647400
165 -43.958782  13.468169  317.128967  0.346286  5.460419       7.735048    490.393921  183.860657  7.953488  0.622355  413.375122
166 -46.961655  37.474781  333.837463  0.334039  5.029680       9.324549    958.463196  -81.409096  5.508036  1.676344  406.455627
167 -27.569954  43.268539  316.746857  0.286416  5.895280       6.149670    830.419800  -11.487173  6.500741  1.603088  431.205688
168 -38.148075  23.797878  319.785095  0.303831  4.214398       7.915933    546.002197  181.621216  6.169910  1.039102  282.156921
169 -33.196655  39.404453  292.127319  0.331693  5.857587       5.193184    631.596436 -100.280327  5.728055  0.363049  435.484924
170 -42.591450  30.694975  313.196960  0.307135  5.921971       6.437183    905.401978 -246.117493  7.397792  1.968407  323.422455
171 -41.349068  14.866870  338.355591  0.291316  5.081434       5.342731    739.837402 -158.524673  7.654802  1.897921  355.838013
172 -35.835793  53.916267  317.708954  0.274359  4.971104       8.722298    938.400757  139.499664  7.221444  0.227895  372.597717
173 -11.180747  46.964962  302.886414  0.291794  4.707604       4.991435    674.705627   15.786385  6.448973  1.872261  443.759460
174 -50.716702  15.595798  335.387146  0.305304  2.400719       9.586650    608.130127  -12.730759  6.027976  0.320134  337.947998
175 -48.096878  34.489902  349.987732  0.343496  5.098201       9.689692    790.465820   17.627863  5.594288  0.406278  447.577759
176 -33.453129  15.477601  323.750275  0.317425  1.737562       6.689246    654.903320 -191.872543  6.507414  1.824139  276.887573
177 -48.934242  23.575468  341.406708  0.326232  4.639625       9.461567    613.149353  -33.663277  9.796546  1.015249  427.220306
178 -44.993786  41.575508  320.943085  0.268539  3.623056       8.308508    796.168640 -144.906601  6.038949  0.209045  309.222626
179 -55.095585   0.603972  355.084686  0.294750  5.587709       8.927788    916.272034 -100.167000  5.239779  1.160125  412.962799
180 -28.260263  53.015453  301.284302  0.233338  4.388480       8.592143    905.160645   36.243748  5.758558  0.991829  343.883575
181 -50.609509  16.835615  341.268066  0.275644  1.991180       9.685740    846.536499 -143.010803  8.594046  0.955403  292.873962
182 -36.705116  30.087582  323.896332  0.285819  3.824394       6.835762    651.270996 -221.725037  6.890766  1.311237  418.603180
183 -34.047691  29.113737  320.033173  0.241891  4.042408       4.788461    733.359680  216.551941  6.712590  1.966958  434.318604
184 -54.393112   5.245198    8.224584  0.310447  3.545124       6.537026    791.669189 -165.559357  5.057336  0.224692  336.382721
185 -41.909706  18.065125  347.553223  0.279499  5.911771       6.965394    653.905762 -239.053574  6.115725  0.611426  262.556183
186   8.955215  44.493031  265.392151  0.298405  4.517741       7.803452    587.021118  -78.179878  7.663089  0.812248  269.511505
187 -46.854084  27.157810  350.994720  0.306750  5.540308       8.903612    627.187805 -117.104248  5.363087  1.593579  377.863098
188 -15.896685  46.070442  293.809174  0.339048  3.992481       4.568891    869.589111  196.793655  7.740660  0.890252  367.746246
189 -42.157452  15.885136  339.505432  0.291806  4.276376       5.074335    729.052795  -38.740604  6.024059  0.836418  299.148438
190 -39.220852  33.930885  334.288300  0.325968  5.438859       9.657722    609.853943 -113.535591  6.424106  1.284490  422.972260
191 -51.471035  25.925936  332.064819  0.343256  2.249360       9.287510    837.948059 -120.750809  5.309541  0.777451  413.938019
192 -21.079927  54.178322  286.843323  0.333861  5.057483       6.771346    879.362854 -132.040573  6.528929  0.720521  335.009644
193 -55.864361  18.547527  346.917511  0.329634  4.603923       4.923222    955.046692 -169.314667  5.896492  0.293294  269.733704
194 -45.140789  13.720349  353.435272  0.311807  5.441308       4.415749    847.222656  -54.373039  5.395892  1.182802  369.707031
195 -50.886639  32.038338  332.739380  0.267871  4.076910       8.064657    884.107849 -179.245071  6.143392  0.269432  365.282074
196  -9.851048  37.840630  316.905090  0.313718  3.890409       6.840274    532.616028  211.215546  5.826093  1.919839  273.378021
197 -43.309875  28.986389  321.575317  0.310496  4.758672       4.684810    810.176758   19.485909  6.840847  0.317760  415.800201
198 -52.320850   2.939406  351.687683  0.328658  2.365555       8.791475    766.134155 -141.482086  6.998390  0.739658  408.363647
199 -48.119911  30.981813  334.455383  0.336186  3.743780       6.179665    949.313843  -42.487328  6.788143  0.591922  391.721466
200 -38.961189  44.415184  312.755219  0.283847  2.491342       7.350418    932.252014    5.594635  7.271579  1.064126  377.189148
201 -38.819317  11.931334  332.593414  0.283404  3.751191       4.074463    599.303894  -82.391281  5.546370  0.504702  390.748718
202 -20.924829  41.797394  299.075928  0.266613  5.941763       7.573889    571.851257  143.095230  6.738431  0.219390  358.672272
203 -31.904659  49.231354  311.956482  0.296506  1.882576       7.456608    856.940247 -181.007263  7.021451  0.473969  316.106812
204 -54.046490  14.204374  347.757629  0.294220  2.563229       7.628232    809.697388  -71.268997  5.078744  0.532911  339.850494
205 -19.077425  43.586651  313.450073  0.274071  3.817069       5.716673    731.636292  192.667892  6.812674  1.515249  377.855011
206 -44.356941  21.540228  338.358551  0.321893  1.105272       7.747139    752.581299   36.175110  6.440679  1.287108  304.192261
207 -35.811707  47.243736  319.277924  0.328378  5.491431       5.951016    846.308838  -33.825497  7.585407  0.220937  420.388092
208 -49.372547  31.596088  346.718964  0.333284  2.763713       6.681578    877.631775  -93.054070  5.827404  0.268804  442.119263
209 -32.766476  41.930809  317.987091  0.221338  2.449462       6.170532    811.853394 -144.743423  7.022950  0.785600  330.692688
210 -49.636082  16.068668  335.001648  0.349214  2.644252       7.927537    745.349609  -77.858002  6.382812  0.494624  424.197693
211 -48.968002  17.094641  341.153015  0.276024  2.081596       9.519104    569.223999  -33.570427  6.173931  0.314450  344.825287
212 -53.508083  19.569273  343.930542  0.318294  4.820706       7.307160    975.148438 -100.110245  5.451403  0.890275  449.913239
213 -25.595652  28.842848  320.980804  0.296811  2.031436       5.419842    601.013306    8.669199  5.870409  0.887881  368.713928
214 -47.793758  13.323140  349.572540  0.220100  4.572098       6.966739    781.315613  -65.676262  5.625264  1.706133  316.214813
215 -45.194092  -4.244878    4.784407  0.301507  3.450197       7.841496    769.618652  -53.453869  7.059340  1.548993  318.479187
216 -47.339924   4.829874  349.267487  0.294204  2.423178       7.697603    707.955627   18.744741  6.367568  1.021587  370.044220
217 -33.942749  36.229206  328.908600  0.337694  3.782133       7.167045    930.968018  176.335693  5.947368  1.703041  352.806061
218 -40.830032  16.310322  349.836334  0.341859  3.826341       8.345101    463.863647   38.909245  5.413106  1.077929  416.873840
219 -45.384907  10.311607  349.182617  0.346941  5.532834       4.953837    973.156433  185.419952  5.122528  1.479367  303.017731
220 -37.661797  33.685905  310.964264  0.329654  2.281176       7.089338    937.705872 -170.713287  5.817845  1.663545  303.959656
221 -29.273252  37.785164  315.646179  0.303558  2.413763       5.516799    658.978760 -153.241623  7.894872  0.311642  382.239990
222 -27.419083  38.126587  344.681763  0.325709  5.199139       7.040853    564.353149  106.784500  5.765775  1.721005  271.378021
223 -39.907764  35.777710  339.476135  0.335383  4.923519       5.595701    754.848816 -143.017960  8.496037  0.566101  393.743286
224 -27.912285  44.426903  298.349884  0.338132  5.692857       4.973360    847.103516 -240.239670  7.295572  0.245760  298.794800
225 -43.829048  32.873417  347.112061  0.343718  5.800563       7.057894    832.670715  -37.841461  5.195897  0.848268  308.127014
226 -47.959438  24.722775  340.937622  0.300313  5.253934       8.099757    855.019531   75.216011  5.228992  1.725348  382.484497
227 -13.845333  37.935192  302.580566  0.319140  4.134913       4.467747    650.479126   64.225449  6.119810  1.220045  338.385895
228 -18.795996  26.806141  286.864410  0.275849  3.491307       7.566226    433.205048 -132.334625  8.035877  1.320247  350.615051
229 -22.006538  38.406937  296.528778  0.308478  2.234848       3.448694    775.689148  -81.648918  5.622406  1.600591  431.038116
230 -43.814571   9.147634  341.472290  0.231068  5.647156       3.341151    850.688171   85.197594  7.127204  0.987337  260.049866
231 -34.232090  41.762512  314.477325  0.266954  4.417050       8.890903    790.532959 -222.078995  6.162108  0.764640  267.232391
232 -22.073891  45.226532  315.741058  0.292682  5.020252       4.856162    911.563721 -189.354584  5.315303  1.989129  368.040802
233 -15.725787  56.088287  296.355957  0.304021  5.347966       6.652859    847.158752   64.523964  7.974234  0.434771  396.981689
234  -5.623909  53.485756  273.450806  0.184914  2.209630       8.298945    777.757751 -120.277168  5.789003  1.234811  382.732361
235 -46.051037  13.968507  344.592072  0.263692  2.705298       7.739456    690.124573  -24.557444  5.292831  1.527114  290.364838
236 -47.250504  37.417049  329.032898  0.302621  5.784311       6.510466    933.027466 -101.469398  6.425464  0.634197  423.403442
237 -34.576698  20.966204  318.285431  0.229194  4.201164       9.129968    402.846893 -198.445587  6.546829  1.229204  299.209137
238  -6.814715  50.122147  281.104767  0.321216  4.001537       9.077705    565.522278 -159.731354  6.659693  0.949879  357.627014
239 -36.928429  15.917439  321.834412  0.290611  4.062629       7.088428    556.941284 -211.474045  6.171155  1.477297  322.838257
240  -3.255911  47.404705  278.065613  0.348131  2.462935       3.831759    836.313354 -130.270020  6.391669  1.136601  322.769714
241 -18.939232  34.480350  311.654388  0.225331  5.413117       4.395003    690.446411  145.169952  5.780321  1.628846  316.306793
242 -52.992737   7.645078  354.387512  0.277099  5.910151       7.152105    854.055420  205.501083  5.750272  1.647373  382.620270
243 -42.490723  24.632965  342.544952  0.301581  3.955121       4.686836    800.748047  -46.542408  7.152261  0.910387  360.796753
244 -57.364075  10.834084  330.483704  0.334913  4.777442       9.161153    944.116638  165.484039  7.638614  1.910918  417.448639
245 -20.664532  44.406357  318.630157  0.343718  5.654494       5.006285    740.480896   22.195709  6.168151  0.671830  447.260529
246 -38.419498  39.760712  320.398376  0.255539  3.506664       8.728161    663.983215   68.176086  6.507480  1.923361  430.471191
247 -14.694867  40.061623  312.376099  0.289358  5.210937       4.333838    771.977173   32.418949  6.495027  1.923847  278.327545
248 -35.942978  26.179163  327.383911  0.279432  4.026117       7.307741    547.553711 -156.826523  5.079437  0.225685  301.379639
249 -37.392380   1.600772  356.724701  0.251378  3.257445       8.809569    447.354431  238.551529  6.024090  0.992454  289.042511
250 -39.356983  32.423538  311.779968  0.298687  5.872916       6.815375    756.608582  129.748306  7.559921  1.040946  278.394409
251 -18.034586  42.729382  314.556091  0.266181  5.403933       7.760242    513.334839   45.248058  6.064465  1.248474  421.511810
252 -46.121620  11.402243  335.812378  0.341923  5.568032       6.498662    802.191956  108.500565  5.631559  1.572140  310.251495
253 -37.740681  31.894382  322.827423  0.314860  2.770851       6.542251    744.110291 -173.682480  7.186995  0.589457  304.811890
254 -37.527031  35.876198  312.999023  0.317858  1.736150       5.375294    929.578918 -125.582764  7.501250  1.149367  317.340240
255 -46.146969  37.190952  345.012329  0.331856  2.979393       6.373826    990.037354   54.220486  6.446151  0.812320  381.350647
256 -41.843445  34.196743  337.516541  0.275154  4.047817       8.099849    797.768188  -41.494785  5.304255  1.636204  351.869476
257 -38.803467  35.848537  331.672211  0.229859  3.839171       8.562292    676.060364   23.375937  6.736429  1.018039  311.520020
258 -42.976803  37.480957  333.339478  0.341023  3.776004       5.546106    993.683289   58.047577  5.211703  1.877721  433.277466
259 -54.511353  18.003544  346.272491  0.206475  4.269695       8.660480    777.921631 -214.093994  6.533700  0.289632  276.036774
260 -39.319412  16.333807  326.537109  0.337629  5.528790       6.426153    708.644775  218.722015  6.927887  0.789152  258.726898
261 -33.596745  46.378284  320.542145  0.254237  5.059183       6.209740    862.471313   95.417831  5.655995  0.366159  383.861176
262 -42.278530  37.418339  328.982574  0.271751  4.693574       4.345270    940.135681 -161.205627  5.411866  0.594238  301.924561
263 -41.526302  36.813396  340.513000  0.237238  5.735456       6.909528    845.987488  -68.962326  6.246948  1.625682  396.361053
264 -44.677219   6.815495  326.858368  0.261746  5.292120       7.714515    499.809906  152.778091  6.744730  0.765731  272.283905
265 -44.602612  13.725352  328.385773  0.258395  4.705583       6.335109    676.654419  196.761826  5.613842  1.290127  320.078369
266 -34.663528  27.312456  332.648468  0.318916  5.894833       3.465898    943.443115 -120.851036  8.336584  1.481292  426.477051
267 -47.679886  12.311520  359.753967  0.303558  2.633161       4.097611    746.574097  153.540771  5.035995  0.455890  356.350311
268 -23.829407  48.158092  293.550751  0.346301  4.918081       6.520813    936.605774  -88.471573  5.365187  1.458266  389.177765
269 -13.133574  43.658108  295.404205  0.308842  5.470053       5.756381    685.925720 -157.918716  6.726036  0.240830  402.763336
270 -44.964760  24.946035  322.538025  0.339087  5.944660       7.464014    814.099731   78.536697  6.128108  0.994475  408.871857
271 -43.930977 -16.404276    5.322796  0.313964  2.703482       5.457131    778.058350   13.363741  7.608034  1.319549  352.427032
272 -31.864803  31.575062  304.943756  0.314551  3.778996       3.193807    958.664673 -187.328033  6.743913  1.307363  265.231628
273 -49.540691  18.199839  349.393921  0.285358  2.062316       9.481533    677.900818 -136.258240  7.547919  0.389778  301.253387
274 -27.889206  41.802731  312.207489  0.280171  3.695052       8.214187    620.836365  -53.271877  6.933740  1.569070  331.158936
275 -53.122108  15.383879  355.308075  0.296086  2.492224       5.633558    860.155823  137.513763  5.796510  0.328732  368.978455
276 -58.190777   9.106711  354.148804  0.240537  1.911757       9.912079    904.311157 -241.155151  5.640255  1.790537  402.968628
277 -20.796703  40.575741  323.520386  0.339066  5.162872       5.108239    691.103577 -222.884842  5.735644  1.025231  315.352020
278 -30.027632  39.248993  326.907806  0.254901  4.105855       5.242477    652.769897 -199.261322  5.795616  0.344576  379.789154
279 -49.862137  27.810011  338.913177  0.274707  3.380787       9.297125    926.321960 -102.826767  5.646856  1.279658  353.333984
280 -42.548931  42.048244  334.392853  0.232160  5.041856       6.480663    964.686768  -51.135406  8.055549  0.780965  295.625275
281 -50.278755  23.367838  336.295380  0.271852  2.242378       6.396038    778.150635 -218.482086  6.190856  0.356668  318.762634
282 -30.032114  45.949417  308.267120  0.232880  5.660085       8.541082    767.454895 -137.426575  5.954417  0.834907  323.195740
283 -32.476482  47.799389  318.853577  0.307550  2.634606       6.152340    843.691956  -62.626572  5.558024  0.254516  446.360168
284 -12.015924  39.872749  294.763367  0.344537  1.689026       3.306282    971.224365  -23.450737  6.232796  1.223268  258.215973
285 -25.756224  47.244190  292.075684  0.300733  2.435148       7.628351    786.252747   76.546837  5.029342  0.655828  306.763885
286 -42.173740  33.424026  332.197662  0.342265  2.800417       7.946591    908.789246 -238.284683  6.340118  1.406098  439.046051
287 -28.241577  43.671627  315.018311  0.335052  3.084492       5.610868    839.991882   17.385237  8.398934  1.323888  407.257751
288 -31.621077  43.905499  322.080719  0.305013  2.573550       7.842140    959.770020 -128.739960  6.146919  1.368234  295.487732
289 -27.221197  33.655094  318.956177  0.312272  3.735175       7.360178    630.192383  -97.372360  6.769414  1.475684  401.162842
290 -33.126534  20.466024  327.604767  0.337086  5.027064       5.242439    613.294739   67.887825  7.238161  1.590170  407.444550
291 -42.080551  22.912399  326.672607  0.270940  5.638019       7.231716    716.797180 -210.296982  5.529171  1.906045  403.948578
292 -58.560883   4.076793    5.422429  0.306178  5.361000       9.469183    895.939148  198.120300  6.610905  1.434450  379.567871
293 -35.748116  49.190346  327.923981  0.335417  4.526745       8.437351    871.118774   -3.482561  5.759765  1.156951  404.231140
294 -33.069340  27.904579  318.971375  0.254746  5.092297       4.489377    684.604553   66.681046  7.732123  1.776504  407.860168
295 -41.053291  36.176945  330.714569  0.334094  1.564885       7.486789    826.901917  -25.848934  7.035651  0.771281  390.557220
296 -42.707253   5.543598  327.948792  0.310044  5.751348       5.684504    609.408569   86.546188  6.818682  1.567326  400.416962
297  -8.115509  44.684517  289.920746  0.185654  4.377579       6.884737    695.206604 -175.368149  6.337410  1.524349  274.618103
298 -37.347717  37.444279  317.052490  0.344696  4.905964       9.493649    801.051025    8.415115  5.815843  1.708003  276.848267
299 -13.427814  36.134926  278.688934  0.298963  2.180097       5.989651    590.346863   82.347244  5.066145  1.865211  306.446106
300 -48.016857  -0.048058    1.132331  0.303722  4.263740       7.167478    723.776489   97.271584  5.349229  1.500074  379.907318
301 -31.238323  51.007061  309.792511  0.279075  2.699993       8.173254    973.659180  -82.038696  6.633986  0.685253  429.382019
302  -3.042064  43.981419  305.038239  0.338965  5.357059       7.369959    510.463837 -107.790962  7.104840  0.771246  344.868500
303 -44.663574  28.712179  335.866180  0.331806  4.368075       9.111213    669.934082   63.066891  5.643260  0.435083  342.290222
304 -28.816338  30.560291  315.786926  0.339988  2.784954       7.958773    586.303162  167.414688  6.491406  1.371034  294.237000
305 -54.714043  36.103561  324.626740  0.315102  5.803915       9.710915    958.394470  104.003922  6.365255  0.282587  367.611694
306 -41.036026  37.808109  330.811432  0.283857  5.763159       9.241035    758.342834  127.555161  5.519551  1.280210  314.204498
307 -30.609747  21.768602  305.678406  0.291046  4.943817       9.871112    409.703827   51.632671  6.099792  0.682366  270.656891
308 -21.122641  56.101803  310.125488  0.298021  5.588920       7.598173    891.111877   34.123222  7.667268  0.227518  282.671021
309 -50.037533  35.035606  342.218872  0.295289  4.641776       9.476567    948.795715  153.961960  5.222716  0.469252  405.389587
310 -30.740191  41.974304  333.947662  0.306267  5.719080       8.426759    625.531494  -97.246346  5.584095  1.243290  431.803589
311 -14.972584  55.487526  306.575592  0.298752  4.946737       9.399503    802.819153  214.442108  6.711516  1.184130  303.966248
312 -49.286663   5.651648  348.315338  0.344839  5.522899       8.954925    698.080505  105.867516  7.233777  1.450212  421.102875
313 -52.534828   8.046747  333.986298  0.304486  3.911375       8.811043    675.792969 -202.683228  6.763776  1.326722  350.875580
314 -45.644230  28.326077  334.428375  0.330246  1.804697       6.723576    909.977661  -26.544798  7.691613  1.101939  334.677032
315 -35.804379  21.881561  339.256042  0.232396  5.163553       9.052735    422.990417   -3.137604  6.652833  1.247586  393.084381
316 -51.049706  -1.229495  359.369476  0.290661  4.311996       5.520586    951.113098  -41.832615  5.904233  1.663369  388.463562
317 -52.019642  12.390821  333.114807  0.330405  3.727658       7.274636    704.653625 -117.834961  5.683309  0.296098  349.210114
318 -41.564720  13.383521  334.385620  0.310573  5.300563       5.075261    721.460266  163.898529  5.643404  1.066431  430.219116
319 -26.775129  48.638451  308.905609  0.334620  4.811524       5.092763    922.770264 -183.565796  5.255694  0.557832  387.670471
320 -41.509686  24.694258  319.412292  0.321310  4.096661       5.763503    954.430847  184.674561  5.949499  1.698638  335.425903
321 -32.338730  28.496161  308.821289  0.289160  2.524042       4.188289    751.367981 -112.597054  7.461368  1.345423  366.887756
322 -37.754532  29.997038  325.169891  0.240506  5.909635       4.836558    835.309753 -234.231155  5.963921  1.346156  353.987671
323 -38.827618  28.817562  314.764862  0.305272  3.660007       9.970622    513.047913 -161.817963  5.358431  0.332193  361.468109
324 -40.951614  19.611153  331.976379  0.300269  2.897766       8.123996    653.247742  -36.195477  7.383088  1.541830  317.975861
325 -25.783838  26.894827  300.472015  0.331301  5.278747       4.235407    705.005615  175.356339  5.440738  1.039852  346.493866
326 -32.707283  19.193790  331.629913  0.317137  4.016429       5.827884    537.900330 -239.434723  6.518521  0.343858  294.694641
327 -43.991943  20.354948  350.140198  0.347277  3.918656       6.780405    714.436157  -17.873219  6.369155  0.708077  322.655579
328 -12.277566  40.430801  301.652161  0.298070  4.930676       6.735465    505.065094  136.599640  6.864855  0.241803  328.257690
329 -50.268852   1.113441  347.806915  0.182358  5.670693       8.446480    683.106934   71.392242  6.139238  1.304709  291.333496
330 -34.972988  38.138920  335.634277  0.306841  5.051641       5.692203    828.559204   56.943214  6.379054  1.319147  279.300568
331 -58.707100  -3.163612  354.847687  0.308794  5.278626       9.565592    746.757507  -67.769943  6.366893  0.208341  283.410431
332 -50.712772  17.772297  344.200043  0.270589  1.598749       7.075864    755.247742 -163.934708  6.109436  0.645235  427.652710
333 -44.588623  33.116230  321.806549  0.275936  3.928941       7.301017    870.206604 -213.738678  5.908585  1.620857  349.775299
334 -46.086620  20.885563  336.491333  0.324543  2.378307       6.031327    847.347107  248.726410  5.291650  1.264155  407.917114
335 -41.076393  21.093540  323.049896  0.341754  3.256752       6.164067    676.984924 -124.783775  5.826044  1.293800  402.127808
336 -52.097157  31.169483  342.461914  0.202492  4.573590       8.642615    987.495483  231.304382  6.643705  1.272112  395.419342
337 -47.832897  25.929522  340.257019  0.344756  4.355050       6.347275    784.319275 -148.590302  7.629846  1.421713  418.743408
338 -11.930058  40.092640  290.056366  0.325215  5.938684       5.341812    741.398254 -244.301636  6.058863  1.617153  342.354187
339 -32.601448  43.726494  295.673401  0.339721  5.621922       5.067510    920.930176   34.904259  5.971053  1.550103  348.319122
340  -8.498826  45.685875  275.264984  0.302796  4.767033       3.875459    795.657837 -178.291351  6.348049  1.249153  337.892090
341 -47.386684  28.477234  338.354401  0.285912  5.726127       9.075253    757.213623  158.031174  6.761147  1.480612  375.711639
342 -19.680912  48.509495  295.549652  0.334926  4.405024       8.209956    871.214417  -68.791428  6.335490  1.350846  346.860718
343 -25.989481  40.272152  327.897095  0.312182  4.075155       7.672363    599.344910  197.891205  5.705379  0.915607  368.230774
344 -20.453049  44.115208  294.024963  0.277934  5.114137       4.505774    917.973022   16.937351  5.543024  1.220886  383.643799
345 -52.712029  16.850384  347.693329  0.322811  4.769706       9.240392    712.481506  -48.421898  7.948524  0.552395  366.246307
346 -33.394791  28.319363  304.431152  0.343710  5.160467       6.259533    678.913818 -169.151794  5.662386  1.086320  361.636200
347 -23.559242  39.895531  306.166412  0.324979  2.085024       8.511996    668.632874  192.253860  6.832491  1.441129  356.944916
348 -41.450500  32.218842  340.197052  0.294750  2.908298       6.354998    730.434937 -144.689621  6.271321  0.723226  303.297211
349 -40.734943  36.382912  333.544708  0.323877  5.956804       4.826945    779.076538   37.124886  6.488230  0.346270  318.968811
350 -41.564545  30.995375  319.912476  0.266911  5.269623       6.285633    947.468506 -214.504547  6.047919  1.929668  393.899445
351 -37.391541  21.235895  307.232300  0.318946  4.341585       5.258741    617.598816 -125.468185  6.435053  1.489473  315.766327
352  -9.292000  48.717567  290.308655  0.321449  2.335422       6.588741    897.254578   78.157188  5.652234  1.619506  391.572662
353 -55.284149  19.211168  352.800049  0.300842  4.650344       9.595851    832.655273   89.069405  7.662603  0.678266  348.703857
354 -45.249332   3.589656  347.027985  0.335669  3.193279       6.396276    789.524902 -209.077774  5.675339  1.738730  315.013275
355 -20.362373  45.922249  304.652740  0.338052  4.952029       6.625295    829.542175  -87.908073  6.339707  0.856724  406.625854
356 -49.953800   3.168228    8.534566  0.285604  4.568317       5.842123    763.020508 -151.295822  6.176256  0.618613  264.950470
357 -37.112377  37.495270  324.743652  0.314522  3.180934       3.837616    892.543091 -110.855789  7.037139  0.907403  416.214386
358 -44.877369  28.095676  327.602905  0.271408  2.971916       9.920472    890.350647  -31.851627  6.122652  1.948143  275.379761
359 -22.643913  46.670856  303.476624  0.227066  3.014015       7.999102    680.768433 -211.432327  7.329862  0.560641  287.614166
360 -27.060144  26.363626  300.308838  0.343148  2.746466       3.655230    576.926758  -98.670265  7.269115  0.227411  341.022247
361 -45.660999  23.716612  333.863129  0.302708  4.206649       4.008509    909.698669  -21.673845  6.601219  0.907403  405.574005
362 -34.086655  17.023315  325.705902  0.347123  3.917680       5.448720    933.682922  -31.252136  7.065407  1.688531  253.529968
363 -22.962833  11.072025  327.240967  0.270005  1.933326       6.826482    442.241577 -175.001312  7.060141  0.477583  265.286652
364 -45.028172  19.505278  348.206970  0.289668  5.371930       8.014108    635.263489  128.512985  6.608815  0.389284  260.017273
365 -32.420410  43.793209  319.886322  0.309038  3.924539       7.663116    893.883118   -3.039889  6.281271  1.867458  395.794586
366 -53.736656  20.315134  348.848236  0.257662  3.303773       7.433708    839.591309   -3.329546  6.631188  0.569799  402.058289
367 -51.709461  19.205173  340.016541  0.324686  3.712254       8.554444    955.191223   92.986221  6.282533  1.280361  276.915405
368 -36.678562  27.774967  331.115051  0.301531  2.862390       5.783525    760.585754  138.017639  7.152316  0.851570  327.427795
369 -16.496082  54.345139  299.961731  0.325007  5.663469       9.214972    784.821960 -130.234894  6.522336  0.746870  255.107727
370 -48.603031  20.684929  343.174713  0.323076  3.643151       9.820531    681.375000 -175.048569  5.736051  0.835420  325.913055
371 -56.548267  20.970760  356.653351  0.270533  4.911182       8.552038    942.833618 -160.807709  7.025898  1.255322  431.694061
372 -49.289764   6.456200  350.185577  0.347064  4.997952       7.861313    744.117737  104.890038  5.913043  1.294170  363.343811
373 -39.443802  28.845692  334.102509  0.264822  2.295550       6.146828    639.483521  109.161072  6.182052  1.285501  407.504944
374 -47.011169  23.429922  335.478577  0.299683  3.279198       9.857231    674.118286  -58.058773  6.845304  1.206463  327.262726
375 -36.743816   8.188229  328.734497  0.338664  4.314188       6.999284    521.079590   11.637090  7.400594  0.837188  419.835297
376 -28.796423  39.161335  297.777771  0.282378  3.433955       4.827329    682.952393 -149.752869  5.485407  0.209321  324.054596
377 -48.677799   8.996124  326.328461  0.346720  4.781244       9.522390    522.677246 -205.431839  5.544011  1.318503  445.579041
378 -49.328506  27.568552  337.895142  0.342010  3.799743       7.923126    956.420044   58.097595  5.001500  0.936278  419.248962
379 -29.389368  50.055489  320.465363  0.276150  5.487584       4.999325    931.705322   79.322464  6.419281  0.634977  435.744354
380 -51.988220  21.991877  355.761810  0.317806  2.747463       9.563145    741.545288 -222.022751  7.792199  1.366246  443.307861
381 -13.620157  29.070801  305.540527  0.275979  3.803442       3.254641    701.202820 -219.697617  5.544516  1.126848  282.950806
382 -51.838966  11.249323  344.093079  0.275380  5.383602       8.097971    720.270752 -125.595169  5.254356  1.602255  371.068298
383 -28.234520  35.568729  312.520050  0.295951  5.737686       7.738471    555.948608 -241.687439  6.369014  1.853964  317.919769
384 -35.364182  39.320179  317.160217  0.279862  4.708330       9.345482    792.162964   19.711153  6.008302  1.028832  251.006454
385 -44.864849  34.759212  330.351776  0.311148  2.971143       9.056284    933.332520  -77.748062  6.231479  0.821003  391.749634
386 -43.534866  42.300831  325.378967  0.227858  5.715635       9.681393    944.145203  -69.386177  5.232955  1.731037  437.701172
387 -39.156620  31.813236  323.974548  0.308027  2.383933       3.741644    864.270996 -200.212631  5.480090  1.317859  406.066010
388 -28.654005  40.929440  305.111633  0.212862  4.455246       5.707400    928.834412  -90.661331  5.359801  1.376319  315.984955
389 -47.521790  42.607609  328.681183  0.303062  5.326401       9.966644    910.118652 -119.184814  6.846460  0.540443  398.908447
390 -43.741806  30.302488  323.242126  0.313080  4.765861       9.685073    813.556519 -163.759262  7.902621  0.974521  339.852692
391 -49.003345  19.019726  338.070587  0.280844  1.745823       7.069535    852.771545 -136.049347  6.388671  0.958625  326.023254
392 -23.959358  49.138611  306.374817  0.279787  4.628582       8.181001    873.964722 -185.699707  5.826674  0.991214  349.789154
393 -31.302444  46.159023  326.043701  0.306911  5.653704       6.741585    876.479980  -73.794090  5.347450  1.672907  335.760620
394 -36.728764  35.258533  325.366028  0.209884  4.926242       9.298600    548.409607  -93.381432  6.187630  0.433720  267.134583
395 -48.889030  11.609649  358.231293  0.221334  3.752043       5.709337    974.274292 -197.495438  5.901402  1.859919  357.149170
396 -49.870022  11.092121  349.627838  0.319852  4.765302       6.422181    816.036865  -14.818457  7.839599  1.068849  334.354187
397 -46.329212  38.750694  318.384766  0.345774  3.910798       6.852177    949.607544   36.883736  5.682724  0.880476  378.754089
398 -30.551924  38.054050  324.564514  0.338745  5.117476       7.414710    601.360718  166.067505  7.172825  1.190431  415.929779
399 -27.907139  45.922970  311.990082  0.237431  5.726220       6.592344    850.458496  182.972839  6.532482  0.712591  261.545898
400 -36.890133  32.678646  322.134674  0.268642  3.197585       5.052502    820.155396 -132.675400  5.324259  1.464719  431.222015
401 -41.105476  24.065910  336.875702  0.282315  4.257040       8.878977    536.719238  -54.067101  5.816936  0.911571  331.541840
402 -32.593903  28.386362  339.041931  0.299531  5.002913       4.312007    653.957825  -87.717529  7.662849  0.687110  284.094177
403 -17.296030  37.803684  321.401337  0.322928  4.269728       9.120536    437.416107   16.412491  5.268949  0.867109  353.445984
404 -37.283386  49.229225  319.383423  0.312350  4.876190       9.320351    958.505554 -149.683167  6.835957  1.566781  444.229462
405   0.906664  49.281181  276.542999  0.328799  4.307870       6.789109    665.977966   55.790165  6.141555  0.446750  441.698944
406 -12.259303  52.898533  287.348114  0.240180  3.155983       7.849225    852.955994  -20.937622  6.087205  1.050320  354.117615
407 -44.336655  47.294308  323.950165  0.166172  4.588299       9.788342    857.130920   35.857952  7.046904  0.231568  255.500916
408 -42.357395  30.384207  332.379364  0.155945  3.371844       7.766433    609.778381   34.492062  5.503005  0.229729  335.535522
409 -30.729395  46.154488  311.836792  0.200659  3.964519       5.573265    868.792114 -236.893784  5.627656  0.950573  371.633545
410 -40.971924  18.661842  339.618378  0.323864  4.759398       6.892521    551.813354  -88.698158  6.798954  0.485314  397.756470
411 -41.723839  19.007294  327.536926  0.336479  2.940628       7.125377    692.860718  190.588699  6.202602  1.610173  335.126129
412 -38.475849  23.647835  351.008636  0.294003  5.827139       6.677168    611.278259 -196.989838  5.557299  1.521455  313.444519
413 -42.165890  18.163185  339.824982  0.272731  3.388511       9.601950    520.200745   14.511163  5.624204  1.044375  280.210968
414 -41.218021  21.121962  334.956024  0.203047  5.203109       4.568216    865.477356  -75.773582  5.592704  1.704610  334.197601
415 -44.297356  28.804562  329.893768  0.292540  4.442097       8.881272    643.945679   83.195129  6.645364  0.961730  340.741638
416 -41.859215  14.353612  337.901794  0.316226  3.971495       3.992736    759.862366  127.571342  8.697395  0.613805  348.695221
417   7.562539  41.209599  268.191162  0.292106  4.406997       5.858641    670.799194 -101.149734  6.829528  0.927262  312.885071
418 -44.741699  23.784782  331.478790  0.349349  5.374721       4.812066    982.162903  -27.942791  6.514097  1.082803  291.675995
419 -56.674004  17.824251  345.468872  0.288056  1.661618       8.832248    889.548462   33.044304  5.816372  0.663214  301.587311
420 -36.501907  45.667419  328.666138  0.326479  4.344213       4.292865    939.557251 -164.171127  5.798982  0.315314  390.835938
421 -30.620211  42.370617  323.471344  0.270963  4.533246       7.122634    889.181824    1.137459  6.844252  1.345115  294.211670
422 -20.554405  52.325146  291.415558  0.228541  5.850379       7.869386    837.472839 -178.969101  5.268156  0.858457  402.098999
423 -30.133261  38.802135  321.528442  0.251637  2.502402       5.614888    666.419434    8.130045  6.820688  1.015520  435.951508
424 -46.005005  28.333754  330.338257  0.302198  3.688185       7.010073    863.684631  172.836700  7.613474  1.018337  427.549164
425 -18.975636  34.464073  298.467621  0.219318  1.174473       6.777466    500.500854 -173.098358  7.859343  1.435984  368.477600
426  -6.500199  52.691299  282.438507  0.265338  4.840652       7.553922    811.313293 -186.821075  8.023087  0.929886  446.534424
427 -30.609724  16.334482  331.782166  0.264152  3.462835       3.629165    763.591064   66.148308  7.908932  1.335530  254.960846
428 -38.086761  29.909218  319.955627  0.329733  4.426436       9.440237    628.280457 -127.172333  6.623909  1.255066  329.212067
429 -12.648637  45.431950  293.088165  0.244564  5.441461       5.682381    803.690491  140.479950  5.716554  1.014866  251.034470
430 -53.191406  -1.493918  336.443481  0.308759  5.215672       9.654749    572.396057 -194.497284  5.426064  1.509859  398.469757
431 -45.306232  11.922918  342.870300  0.337520  2.411535       9.548262    569.790955  -32.622238  6.904764  1.078539  330.376495
432 -30.429405  28.541134  320.178955  0.348583  1.790344       3.939250    899.198120 -108.563675  5.383334  1.615562  302.159821
433 -19.509830  50.384563  306.708923  0.341904  5.635279       7.754860    783.050842   -3.320604  5.792816  1.679003  403.638428
434 -21.159164  41.162266  299.734894  0.246345  3.975377       8.331125    592.429321   44.299038  7.774786  0.917168  379.318481
435 -49.625191   1.661483  340.434662  0.349297  3.578705       7.708828    904.667664  149.295410  5.690446  1.559308  250.738724
436 -45.152328  17.748236  346.798126  0.242803  5.516468       4.173879    769.531494   91.653236  5.073613  0.920384  406.309418
437 -38.910656  38.370922  319.070038  0.318595  3.265752       9.917431    618.759216    9.260801  6.110479  0.458490  304.269470
438 -53.198463  17.670795  348.511505  0.304789  1.986100       6.818186    857.742859   15.096101  7.301750  0.727773  434.740662
439 -29.514259  38.825104  305.669006  0.306425  1.545501       9.128919    695.781677 -187.504364  5.358235  1.666371  293.611938
440 -46.393303  19.341383  345.015717  0.290390  5.901503       8.226242    692.231445 -187.953888  6.041205  1.683019  342.445282
441 -55.114700  16.188379  340.542023  0.339214  3.692057       6.906107    848.086670  -45.235928  5.005020  0.476309  372.075195
442 -44.421356  43.547417  327.803436  0.289805  2.484215       8.319192    912.360657 -154.353424  5.992390  0.480762  394.272491
443 -44.591946  24.896673  331.937225  0.325572  3.171960       5.837232    729.069031  -71.973511  6.401054  0.879722  432.631348
444 -45.882236  38.210815  326.667023  0.301523  4.320520       8.904797    836.275024  243.580536  5.766848  0.783036  385.398163
445 -34.286621  28.794144  332.450470  0.308110  5.172475       6.218887    721.846252 -176.748230  6.494610  1.644545  428.152557
446 -49.144768   8.764082  353.299408  0.268573  2.867339       5.584298    697.194885  129.988968  5.962646  0.283920  422.925934
447 -55.477909   2.953135  352.057892  0.289980  3.219959       9.029735    813.054993  219.221115  5.525124  1.584848  357.060425
448 -38.599213  28.449310  324.099030  0.261547  5.365853       5.088438    789.584473 -185.539352  5.574546  1.136835  322.041504
449 -15.505082  37.554337  315.299561  0.336462  4.164064       7.122256    614.046265  -29.235846  6.055912  1.178186  284.950226
450 -52.095715  -3.395420  353.626801  0.345241  5.430959       7.190021    920.936096 -204.129547  7.767092  1.396451  441.816620
451   9.308837  54.897720  262.527985  0.269174  1.954166       8.431072    739.104797   48.926842  6.323111  0.909829  449.329041
452 -50.294788  27.052858  321.039764  0.267444  5.061605       4.627234    851.786560  116.464668  6.417325  0.321783  325.409088
453 -30.330122  39.600346  342.226837  0.261244  5.922107       9.041919    466.704895  -72.321625  5.458410  1.682067  302.021362
454 -24.874121  53.673740  321.243896  0.349624  4.987763       8.214501    845.005981  -56.083916  7.734866  1.018329  428.575745
455 -36.062763  37.886028  318.836182  0.295617  5.601781       6.872569    880.478943   34.310249  6.980908  1.206142  336.811920
456 -28.924603  40.239792  310.040833  0.274433  3.976254       8.252629    579.384827   -7.604889  6.272512  1.166078  345.818115
457 -27.750536  41.511421  317.028381  0.309634  4.325585       9.273480    727.907959   34.673077  6.848496  1.230909  293.287903
458 -53.730053  14.315207  355.538055  0.324649  4.976648       7.369239    887.886230  233.150848  7.205863  0.220610  285.485474
459 -47.866997  27.553392  329.497925  0.243209  3.972328       4.172885    984.144226  -82.560539  7.704999  1.179191  413.919189
460 -29.647833  40.231968  312.259491  0.329802  3.033857       8.455495    620.831604  -28.687708  7.741170  1.022920  350.434082
461 -35.900684  36.037136  316.130463  0.193583  3.915993       5.017227    913.514771    9.833517  5.034337  1.299964  308.782288
462 -55.441654  15.140489  340.484863  0.222754  3.818153       8.145771    841.262573   78.633728  5.572504  1.287176  431.254272
463 -16.925919  46.230003  318.000000  0.254028  5.890262       6.748535    589.857788  110.767746  5.783252  1.520651  361.574310
464 -35.890163  27.198891  310.336151  0.324782  4.696614       7.516890    765.080078   40.113003  7.606399  1.474676  250.783173
465 -45.694035  30.789864  316.398651  0.329184  5.281337       9.213265    967.389709   49.820721  5.357326  1.721732  257.568237
466 -17.971550  42.690174  282.494232  0.342041  4.262370       4.798373    856.828918   80.295441  6.464510  1.537752  312.547455
467 -54.190414  24.218134  339.821930  0.344288  1.945988       8.264465    906.201721  -96.498352  6.402097  0.616073  385.099243
468 -36.486568  27.969181  316.883240  0.346365  3.247935       9.040767    561.247864  -52.936440  7.823259  1.380436  413.271210
469 -25.518030  44.263210  317.759155  0.313317  2.911916       8.913271    780.148376 -195.717026  5.667141  1.401447  280.593506
470 -20.249743  45.951912  302.090088  0.328473  1.769563       6.449583    752.674805   -9.378950  6.420259  1.627201  403.761780
471 -36.098881  34.115559  320.465668  0.308367  5.993956       5.223827    814.173889    1.369063  5.846685  1.512830  329.182159
472 -36.644936  30.610485  336.357727  0.279538  5.236419       7.796976    662.493713   -3.580485  7.473239  1.184542  401.808258
473 -43.411934  37.518391  336.045807  0.199950  5.637285       5.930522    779.872986 -196.590881  5.117252  0.378895  417.359406
474 -52.160801  18.571800  336.816986  0.329779  3.522986       7.840249    842.745544  -37.841694  6.348192  0.808404  325.010223
475 -32.966839  33.527740  317.494629  0.348685  2.296892       4.862679    868.547485  -32.903103  7.590385  1.998760  346.708282
476 -42.990925  14.037999  336.751831  0.327272  2.468142       3.785532    914.490784   39.120346  7.498366  1.754882  397.389832
477 -38.048325  41.952568  323.392456  0.176156  4.094796       9.843157    858.564880 -166.787552  6.200282  1.635700  292.588715
478 -41.682728  21.570063  337.006073  0.240529  5.433862       7.058557    667.939392  120.754547  7.956655  0.822396  325.675293
479 -38.361313  43.889248  340.163239  0.317127  4.854109       8.019928    986.424377 -103.944862  6.453733  1.802812  381.962585
480 -26.895823  37.012882  300.589294  0.332728  5.020306       4.833605    873.484009   86.641586  6.189802  1.144210  372.322235
481 -39.437263  49.790165  318.301544  0.320387  5.414114       9.983595    925.367615 -174.139267  5.446492  1.157864  440.327637
482 -46.418388   4.152363  333.588348  0.257753  5.748941       7.330848    544.507751   87.092018  7.294167  0.510309  328.749695
483 -16.706663  50.477104  291.757507  0.202746  4.492884       9.727438    686.766174  154.697159  7.001453  0.811715  289.259827
484 -32.914547  37.072304  308.851196  0.318797  4.964797       8.673945    895.383423 -195.133118  6.761757  1.902174  290.147339
485 -51.426517  17.025936  336.366211  0.331551  4.867472       5.870886    943.051270  -61.676853  5.261218  0.753409  412.266113
486 -47.440819  25.932354  315.546448  0.287214  5.197668       4.077289    834.159424  -12.840599  5.415505  0.714319  348.880981
487 -23.693117  32.373058  296.564728  0.282017  5.436822       7.741683    504.593506  -47.026833  6.254983  1.386099  257.726471
488 -57.561501  12.280645  347.744141  0.310623  5.509962       7.841866    902.445435 -146.422058  5.754934  0.312339  404.307404
489 -50.011936  30.808577  334.238647  0.290037  2.197093       8.613077    903.769836  -52.496799  6.162235  0.608171  350.947266
490 -44.868774  26.951754  343.934052  0.230119  4.053288       7.756275    686.399902    0.662775  7.599132  0.618537  373.194275
491 -21.059526  50.997337  310.417572  0.303556  4.528789       7.528325    852.757019  233.673599  7.549062  0.569378  327.237518
492 -37.126511  37.517632  330.994446  0.297036  3.937080       9.110179    598.142578  160.286392  7.477209  0.700261  422.004059
493 -18.635176  41.408657  304.622192  0.330973  4.852054       5.655528    661.573486   82.571373  8.272472  0.856501  386.379272
494 -46.825260  -1.427233  347.892365  0.290232  4.751195       7.263328    763.087463 -247.472778  5.158924  1.560072  375.585297
495 -18.057798  44.348072  295.450989  0.315046  1.220364       7.253407    806.924927  -16.802662  5.812122  1.606434  349.299927
496 -30.111170  45.559853  309.948914  0.320891  4.469965       7.975986    683.318665   62.920464  5.981174  0.283727  339.402679
497 -46.454948  21.759085  339.046265  0.260189  5.508116       6.681831    721.398193 -184.112885  6.699521  0.207579  349.892670
498 -38.668758  44.654037  342.718353  0.300881  5.855238       9.305804    624.074707  245.819458  5.719598  0.896859  410.164856
499 -34.598244  47.571053  333.750427  0.277395  5.077374       8.542163    670.725281   84.489540  6.261288  0.361419  404.965607
500 -48.841877  22.328064  322.122681  0.318495  4.658868       8.009939    792.342529 -146.916672  5.444897  1.848045  313.974792
501 -39.265530  26.569847  325.799194  0.294788  2.185137       6.535993    759.699829 -242.827988  6.819592  1.065066  318.212311
502 -12.896435  40.990498  286.589264  0.246143  2.221244       8.215035    594.790710  109.845184  6.331493  1.778253  266.646973
503 -18.774338  54.897427  299.532684  0.287465  4.274606       6.280015    975.416626  -23.569431  6.079837  0.394019  271.724091
504 -49.994247   8.947579  357.022400  0.327149  3.911358       6.596858    888.099854   63.234123  5.736634  0.501548  287.836151
505 -48.126835  14.524664  335.808868  0.246722  5.920256       8.854381    911.285217  150.749512  6.285221  1.890561  271.725433
506 -19.424994  48.621735  294.193024  0.303078  4.524435       5.079859    905.614319   24.918404  6.521143  0.615663  419.608490
507 -45.542942  31.717754  338.744019  0.272637  4.241065       3.288770    848.555054  -14.934505  5.377890  0.333562  435.743805
508 -40.597080   5.968786  337.164429  0.280309  4.628826       5.163673    674.998657  186.672729  5.609245  0.961504  277.038544
509 -12.628497  47.201820  265.918732  0.287850  4.920177       6.169817    742.746643  -94.451241  6.803573  1.998366  406.792480
510 -39.914768  46.654591  320.294708  0.230098  4.062979       9.916724    969.423401 -182.252747  6.656220  1.794061  390.320587
511 -46.719845  34.644127  342.955505  0.302794  5.322632       7.891799    791.027222    1.520690  5.439648  0.270998  425.430206