           lon        lat         inc      D1AU     delta  launch radius  launch speed    t factor      B1AU     gamma         vsw
0   -44.785633  11.025145  354.085297  0.283054  4.869125       9.033245    587.631287  -53.870403  7.071632  1.207479  364.297913
1   -47.972801  -2.000667    6.176411  0.345186  4.273752       7.461639    817.270996  -41.703182  5.317455  1.444193  421.132019
2   -50.210323   1.968630    8.150966  0.333164  3.410325       7.976842    972.041321 -177.144730  5.500865  1.154868  260.048767
3   -48.840805   1.213344  353.872711  0.331517  5.087731       6.661509    886.028564    0.274858  8.090279  0.781661  256.880524
4   -46.478226  18.843163  351.240265  0.305220  5.486209       9.236630    619.175720 -240.528595  7.754023  1.032999  416.870697
5   -46.616989  18.904217    1.065308  0.346760  5.663824       4.091188    978.482483   14.151766  6.709373  0.606665  259.940338
6   -51.307911  -9.539748  356.172211  0.272407  5.017980       8.415586    859.580566  -65.127289  7.265622  0.811214  258.894135
7   -44.948429 -16.267345   13.192782  0.297970  1.000178       7.259565    757.231201 -132.659714  6.984910  1.430867  425.237000
8   -58.535660   3.161917    6.661723  0.335456  4.718269       9.137960    972.548462  181.713501  5.796526  0.731657  410.684143
9   -55.197807 -18.379791    7.312774  0.347760  1.654293       9.435344    901.322876  -17.887754  6.242298  0.704342  434.831970
10  -54.691574 -10.402255    6.935363  0.259962  5.901141       9.160010    889.520325  -23.420229  6.169756  0.642922  269.219391
11  -34.262203 -25.498701    8.359002  0.328413  4.442670       6.082490    788.335571  -66.410095  6.459855  1.960410  286.423950
12  -48.517643  -2.450623   17.951227  0.331341  5.729954       6.132640    892.646484 -171.144043  5.810953  1.614610  363.356567
13  -56.144817 -13.509554   10.495684  0.347395  5.682207       9.806792    855.017090 -156.221985  6.164223  0.234078  363.627594
14  -45.840778   4.517146  351.083984  0.338762  5.595759       3.867046    983.770142 -163.925247  6.708499  1.154083  357.440186
15  -55.309917  -4.869957   16.696140  0.292828  4.597333       7.794269    946.304321    1.964208  5.826057  0.952939  394.953888
16  -34.064369 -12.915608   16.855743  0.345898  5.962303       7.681840    482.003540    0.522048  6.259152  0.497490  437.370758
17  -45.184669  12.426997    5.037371  0.304729  4.370181       8.660300    657.536194 -226.489578  6.758830  1.119090  257.213226
18  -47.394886 -12.910094  352.857117  0.320113  3.978571       8.695019    689.741089 -220.053619  6.668664  1.703099  366.470032
19  -49.256798  21.582026  349.042755  0.330906  4.472239       8.930336    954.338684 -191.153488  8.956777  1.178583  256.482910
20  -50.070122   3.540392  352.127502  0.246530  4.790799       9.349311    745.162292  -40.045296  5.305255  1.173788  281.667480
21  -40.833275  20.819296  334.326874  0.335916  4.761327       7.986674    810.622314  131.000870  6.772696  1.717869  298.165039
22  -50.464867 -18.005693    5.553822  0.340214  4.797819       8.852581    753.850830  -57.178928  6.684741  0.926710  386.019012
23  -54.721054 -18.369247   15.878066  0.309240  4.264109       8.596669    912.479736   37.195892  5.408146  0.539416  371.808350
24  -50.918522  -0.453353    7.287429  0.326129  3.323475       8.927794    734.663940  -45.813053  6.733356  1.208649  380.503662
25  -52.559887  -0.884920  354.422180  0.311700  4.948905       8.967424    855.490112 -126.579170  8.605758  1.150912  372.410309
26  -49.054031  -5.696162    5.996003  0.306496  5.299070       8.091719    872.492859 -242.775528  5.755223  1.905540  341.562439
27  -52.153946  -4.957090    6.472399  0.329006  3.185539       8.330132    845.728394  114.725502  6.239112  0.762483  352.215759
28  -38.676022   9.870233  346.766266  0.320207  2.336365       9.714602    455.698883 -148.497498  7.070720  0.924211  312.854004
29  -42.415207  16.637732  338.614929  0.326530  3.188143       6.792396    697.505737 -236.314316  6.763964  1.596960  441.093689
30  -52.746643  -8.633494  354.265717  0.335226  3.149579       9.028913    854.434998 -229.104980  7.335397  1.078591  359.254303
31  -48.671612  11.930029  348.447937  0.307211  1.228027       6.414280    909.628113  -43.920036  7.669041  0.605489  293.528931
32  -49.222343   4.856010  351.108032  0.330912  1.748360       7.592866    810.215271  -53.665394  6.699523  0.557730  299.954895
33  -32.138512 -30.359713   26.895765  0.342015  5.776926       7.128924    639.437317  133.133896  7.597849  1.681568  392.587708
34  -45.573349  15.697772  339.126129  0.316159  2.518472       8.495364    674.044556   91.320320  6.660623  0.865835  423.578979
35  -48.950527  -7.134666    6.323107  0.300729  1.758996       8.558164    837.519104  -26.724504  6.718758  1.475819  322.687622
36  -50.305408  -9.174468   11.329089  0.345211  3.053772       9.068876    667.251465 -216.648148  6.345510  0.798057  427.936340
37  -47.118153  -0.660939  352.252228  0.326983  3.868040       3.721718    824.375610 -114.730621  5.792106  0.273269  396.481812
38  -40.762714  -6.723026  349.746918  0.346777  4.686637       6.472579    767.224976 -178.693817  5.951898  1.824883  252.901901
39  -47.781410  -5.975780  359.857086  0.320560  2.468179       7.046022    830.651794 -128.639893  7.002593  1.275640  412.460968
40  -48.594788 -24.797705    8.284410  0.300095  3.287761       7.801466    930.323486  174.297287  7.435019  1.077666  354.477112
41  -47.612473   2.006153  348.063629  0.348982  4.664240       9.104474    664.595581   87.354797  5.618530  1.101099  388.115723
42  -49.237350  -9.652953    4.389230  0.333173  3.659071       8.473237    761.733704  102.375664  8.180180  0.812758  351.721130
43  -49.307404 -11.731090   12.162158  0.285631  4.015190       9.296473    710.271118  -53.313797  5.194508  0.780847  277.630066
44  -50.431683   7.864589  356.962830  0.288192  3.784644       9.473659    727.443848 -244.631439  6.659187  1.376012  436.027466
45  -47.937721  14.799468  338.829224  0.330880  4.294291       4.394162    931.945129 -152.363007  6.437015  0.486028  348.736633
46  -47.248791  -9.592849  356.664886  0.276636  5.525813       8.129748    829.704651 -124.166580  5.237246  1.800086  336.850342
47  -44.609550 -11.534969    9.182719  0.334797  4.436839       6.581727    755.818359 -232.357208  7.272696  1.076515  442.971680
48  -52.976360 -15.044301    9.806569  0.315165  3.287797       8.960343    876.100586  -49.686825  5.177485  1.534685  440.194519
49  -46.779495  10.848187  355.178192  0.278558  4.932947       8.522974    695.807617  213.962646  5.284798  1.100575  350.427307
50  -53.704033 -11.994544    4.491840  0.250625  4.863426       8.891335    998.558716   -5.712712  6.650400  1.625330  408.256531
51  -39.252148  24.647013  342.283600  0.320839  4.387090       9.135967    560.986267 -181.513245  6.365946  1.472839  427.476013
52  -52.909428   4.261356    1.988584  0.330215  2.047290       7.333635    889.134949 -190.494415  8.029171  0.453799  264.470581
53  -51.275379  10.284221    5.758096  0.340919  4.486976       8.641780    721.313904  -74.936638  7.016429  0.628132  380.996674
54  -53.205685 -10.237127    2.130057  0.317563  1.650912       9.773490    956.803040 -223.694260  6.158022  0.858721  257.602936
55  -51.606586   3.549703  356.233246  0.325806  4.763206       5.946768    998.044128 -209.843430  7.404140  1.097656  382.271149
56  -48.905518 -24.020130  359.151581  0.322653  5.800281       7.701000    950.881409 -111.879341  5.251499  1.120706  271.333191
57  -44.180439  15.579172  346.646088  0.338882  4.728981       4.911270    921.836060   63.210232  7.019425  0.771018  283.662109
58  -50.039005 -16.648186    9.394443  0.292580  3.899477       7.116735    821.139343  127.539246  6.322443  0.255730  295.839783
59  -42.630276 -14.830047  358.004425  0.337602  4.411376       9.447874    516.349731 -128.928574  6.145280  1.459233  432.589722
60  -51.249027  -2.202251   16.385786  0.326924  4.665209       7.486755    878.933838 -177.394547  6.945226  1.583167  364.670929
61  -53.251820   0.151326  355.730347  0.339053  2.388486       9.592793    791.615234 -240.195404  7.220391  0.372962  295.367950
62  -54.553970 -16.687071   12.378029  0.323794  4.016966       8.890473    965.794983   62.206902  5.883126  1.079336  420.732422
63  -53.906841 -13.638511   10.209564  0.323010  4.717945       8.745882    962.478027  168.987366  5.069382  1.392506  429.413727
64  -46.619812   1.017709  359.551941  0.317048  3.072108       8.551169    722.013489  154.231781  5.415594  1.201086  307.566833
65  -31.576838 -22.877132    2.660068  0.334396  5.248059       7.809051    478.798431 -198.410995  6.949469  1.645642  351.485901
66  -49.629753  18.573246  354.264374  0.311399  4.692965       7.974111    920.409546  -97.667603  6.538122  1.026452  362.081940
67  -50.643597  -6.891627    9.041381  0.312731  4.683781       9.113488    823.913940  -83.456009  8.245055  1.341620  326.520813
68  -44.010380 -29.716576   17.335018  0.318451  3.314473       9.859380    703.557800  -61.320351  6.177853  1.029162  321.501129
69  -50.569241   3.810193  352.259094  0.312687  5.880333       8.099444    890.958496 -166.804428  5.576561  1.725130  401.480591
70  -39.669964  -7.488817   14.933553  0.333686  3.056690       8.521589    549.617737  -56.755241  5.668131  1.207258  386.664093
71  -48.197754   1.622512    3.293023  0.250291  5.745111       7.886296    907.242065  -96.839325  6.029389  1.626249  271.617828
72  -44.967400 -20.744934    7.976739  0.329756  4.924675       8.776635    760.590149 -167.057632  5.402025  1.346343  312.963562
73  -42.517540  -5.600891   11.455666  0.330020  4.241106       5.349801    823.972229   21.444731  6.456106  1.714238  409.602509
74  -47.067528  -4.306573    5.307547  0.302597  5.026965       7.402355    685.631592 -206.008850  6.472661  0.586369  403.410645
75  -44.995720   6.756321    3.082945  0.330681  4.733119       7.516986    703.346680   41.107491  5.296180  1.679371  394.570007
76  -45.712280  -3.928928    7.009516  0.293321  5.673163       7.994521    695.532166 -171.646347  7.881469  1.386640  347.154572
77  -50.586124  -5.713445  358.852264  0.249430  5.658878       7.839474    938.667114 -165.526154  6.611147  1.498259  314.511963
78  -53.965233   9.660696    2.821980  0.323230  4.922341       8.078695    954.178772 -206.830231  5.181307  1.250483  412.690521
79  -50.260784 -21.267073   10.347275  0.309438  3.167054       8.760031    997.533936  207.891403  6.194962  1.549198  341.039124
80  -43.956020 -22.452606   21.755909  0.301207  5.274301       8.670868    725.778015   66.803032  6.088117  0.928688  371.345886
81  -47.817013  11.251938  345.911682  0.325625  1.590040       7.466302    714.196655 -169.664185  6.354181  0.820738  439.867584
82  -39.470768   3.105734  345.619293  0.330734  1.857634       9.775587    478.738251  -98.262878  7.353919  1.090760  277.057281
83  -46.778233  29.367256  338.197052  0.332314  2.232931       9.157104    721.249207 -179.286499  6.001442  0.259482  344.753357
84  -59.034161  -2.316904    2.805110  0.342533  5.190794       9.751904    984.220398   34.186409  5.654449  0.411377  295.266083
85  -53.088314   7.925722  342.652802  0.348802  2.632471       9.603500    915.171997   93.458679  5.915640  1.794170  376.451263
86  -51.032375 -11.802763  352.958405  0.333452  5.424744       9.488263    653.474609 -193.071960  6.391003  0.582800  404.452057
87  -41.806602   7.093800  351.334564  0.315491  3.046367       7.047081    624.958801 -235.042068  6.148315  0.838444  372.701263
88  -39.684978   6.246877  354.143982  0.270252  4.230492       8.186340    604.320190 -224.238953  8.371422  1.987591  321.953125
89  -49.211914 -17.317341   24.150900  0.269943  4.451474       7.707124    909.776245  -97.209282  6.806676  1.491042  350.975800
90  -48.453144   6.628905  356.351959  0.294975  4.511588       8.156165    700.391602  -86.507195  7.520075  1.120127  406.563995
91  -52.610840  16.770035  353.946991  0.296149  4.507187       6.842946    945.455811 -193.018478  5.835023  0.877759  448.903778
92  -51.165268 -10.771264  355.801178  0.325450  5.795433       7.965368    854.123962   20.185089  5.910352  0.975072  330.305511
93  -48.679596   2.485659   10.529914  0.269949  5.208801       9.873548    622.319092  -23.884813  6.122738  0.518950  250.169220
94  -54.640648   7.527075  350.720673  0.302792  5.320521       8.866075    796.722595 -125.564751  6.986217  0.291641  366.371552
95  -51.483894 -24.349459    1.044135  0.331600  5.773373       9.535404    887.321106  169.832077  5.915963  1.246775  350.749542
96  -46.483959 -26.441299   17.180201  0.333489  3.254198       9.044578    780.617859   14.062668  7.647864  1.633081  408.019562
97  -49.895214 -19.344183  359.416992  0.341221  3.754918       8.025842    850.584045 -132.981964  6.599188  1.003846  365.483215
98  -46.569324  20.899229  342.575287  0.341000  1.860583       6.928003    854.663574 -231.495377  7.691582  1.229249  373.173645
99  -51.792137   2.954354  349.941528  0.318068  4.622064       8.058015    959.291992  -26.541620  5.319751  1.593961  393.794098
100 -50.891773  -1.315729    1.469537  0.344594  3.433602       6.193569    916.854980  118.346909  5.769805  1.108416  400.847198
101 -49.228340  -5.200695   11.129469  0.333375  4.160223       9.001801    759.141968 -159.726105  7.243945  1.030254  310.285706
102 -48.153725  11.498721  353.922760  0.335578  1.521386       6.497015    933.406494   -0.295095  7.639760  1.642103  440.862701
103 -46.715214 -14.216878   17.414568  0.308991  2.555783       7.976171    902.134033   98.137924  6.532392  1.820134  283.731018
104 -47.253353 -23.901875   18.700743  0.323595  3.767904       8.960288    791.110779    4.827527  5.641569  0.864959  361.887543
105 -44.276142  -7.287132   11.411922  0.298366  4.170065       7.066153    763.596802 -178.434357  5.803544  1.659463  383.414368
106 -43.970978 -34.269024    8.649441  0.310192  5.913218       8.338705    764.686890  -51.229664  7.673687  1.298039  396.122375
107 -49.930218  -8.783885  350.374146  0.332804  4.204436       8.684631    743.186707 -132.801483  7.007195  1.003133  340.648956
108 -40.778847  13.502197  347.368317  0.342059  4.239725       7.181075    707.546387  -50.242462  6.781933  1.768209  308.784119
109 -49.045071 -10.702943  353.699371  0.328352  4.368873       8.241934    716.663269   18.186865  5.399786  0.781517  330.380310
110 -50.065739   6.762887    1.183414  0.337088  4.733421       8.266301    860.755493   88.838287  7.341496  1.515632  404.443207
111 -50.853348  17.626963  357.832214  0.271464  5.693026       9.893167    863.463501   40.114544  6.857924  1.692767  324.128723
112 -51.252941   5.819078  340.864105  0.330988  5.688424       8.412722    921.697266  -39.210796  6.425267  1.780886  378.459656
113 -50.217087 -11.009454  358.522217  0.317595  3.822814       9.001525    838.310791 -235.816452  7.057137  1.321372  292.574585
114 -50.483604   1.445934   13.649966  0.304816  5.528471       7.774301    998.656799   91.730247  5.635191  1.650392  310.336975
115 -50.770016  -9.811026    0.881945  0.331926  2.283522       8.556915    830.444214 -189.930496  5.606073  0.860970  401.494934
116 -41.451939  -3.158410  359.522766  0.336185  1.485711       9.409947    524.582520 -245.094864  9.236025  0.552949  330.730835
117 -56.482056   8.125153  354.983734  0.277843  3.488440       9.810363    997.071228 -206.439331  6.267839  0.651835  324.151917
118 -44.981617 -23.251549   13.950076  0.331505  4.308742       7.192526    812.114136   18.441807  6.405222  0.456501  327.673340
119 -51.362907 -17.848288    6.097639  0.317400  2.209614       8.966122    981.053528  -92.184479  7.476467  0.861808  282.402344
120 -49.557541   5.703765    3.084108  0.320179  5.937596       8.276632    778.927002 -185.424881  6.075655  1.189425  307.443787
121 -53.401173  -7.300436   22.093983  0.319995  5.863789       9.792095    796.897949  211.551712  5.309882  1.876943  362.096741
122 -52.813000   3.469203  356.669586  0.254021  1.494165       7.930064    881.107971 -210.262375  6.383425  1.042937  399.139038
123 -56.943607   7.913084  357.167542  0.308562  3.857431       9.475299    928.715759  213.850494  6.802181  0.348088  370.740204
124 -46.611607   6.888264  352.099731  0.296198  3.921346       7.298087    858.809937 -247.354248  7.501879  1.622530  304.734619
125 -56.416248 -11.542400    8.196226  0.316799  1.290370       9.506431    936.729980 -236.133438  6.964007  0.660975  337.561279
126 -57.613800  -9.263330    7.442986  0.343239  5.108902       9.017651    973.946777  243.042587  6.798226  0.385689  369.517639
127 -49.619995  12.327406  341.311920  0.323939  4.357847       7.795451    867.283936 -145.112732  7.170833  0.925252  251.967621
128 -46.940681 -12.572868   16.314327  0.335490  4.677871       6.164896    860.928894  -78.669525  7.875889  1.507195  427.465607
129 -41.116352  -6.079386    1.500912  0.328063  3.817429       8.611093    531.246399   32.876652  7.086709  1.099324  400.442322
130 -47.985435   7.758915  351.881470  0.288896  4.996660       9.323926    781.144958 -187.816193  6.741627  1.651506  335.724609
131 -58.980919  -4.616898  351.146515  0.332023  5.857289       9.454586    903.221924 -163.051224  7.135187  0.265735  265.327728
132 -42.375561  -6.088301  352.471924  0.304164  5.519662       8.633773    514.136719 -231.275253  7.216786  1.837770  412.924957
133 -48.182590   9.227375    1.128784  0.337921  5.510307       6.700699    968.780334 -227.310913  6.704649  1.693529  324.930359
134 -45.282486  -5.861341    2.781888  0.306077  2.590740       7.716723    684.372742   14.341220  6.159722  1.866350  438.178894
135 -53.354862  -1.247207    5.093456  0.338928  5.043335       7.586860    910.460999  -30.548416  5.548786  1.064766  385.134583
136 -52.336609  -8.017156   12.592835  0.305920  3.532687       8.704498    927.762329 -150.997238  8.565377  1.912496  407.344757
137 -56.387047   2.577023   15.467334  0.334292  5.749115       9.533159    983.202820   29.631372  7.026789  1.151212  363.231842
138 -51.130379   2.986673  358.081635  0.293625  4.462801       9.682503    735.699097  -59.563625  6.345131  0.653454  361.141418
139 -44.629345  -0.703207  345.910950  0.321806  3.865911       8.757514    592.668030 -191.691986  5.965588  1.631121  382.142212
140 -41.556854  13.150555  356.345612  0.330810  2.936090       6.365479    642.301392  134.122879  6.521683  0.357133  378.973145
141 -42.908016  14.868484  342.327637  0.290709  1.147516       6.872887    704.662354 -236.570480  5.285755  1.008716  391.015167
142 -44.943874 -23.422152   26.138012  0.297054  1.863569       7.690554    871.909729   44.050091  6.624661  0.789114  255.153015
143 -42.649307   4.748618  352.329651  0.338850  3.747285       9.476952    486.940186  107.307579  6.107228  0.480273  326.940125
144 -47.491009 -13.778177  359.622833  0.331106  5.784911       6.242174    922.438599 -228.239609  6.438830  1.359645  393.855835
145 -49.575706   9.440849  350.126801  0.302120  1.081939       9.811975    658.030945  -71.314445  6.813771  0.705292  292.549133
146 -51.499058 -11.933566  357.694122  0.315675  4.053061       9.640719    774.934875 -192.501862  5.648356  1.680628  392.318970
147 -51.286461  -4.699094    1.612680  0.261982  5.818895       8.960905    706.061768 -224.632996  6.220987  0.590494  393.430573
148 -38.268692 -32.214737   27.722761  0.331237  1.892029       7.841679    760.540710   80.904099  7.943258  1.185542  370.479248
149 -39.888748 -20.517132   13.472924  0.331731  1.833933       9.873683    613.289429 -228.448074  7.419694  1.647959  288.936798
150 -46.055637  29.884096  325.387146  0.316973  4.975996       8.037031    853.841614 -199.129349  5.403917  0.803967  425.705261
151 -44.485226  24.188732  354.296326  0.343784  4.327065       7.923835    699.619446 -201.999924  6.793708  0.648528  324.506866
152 -48.953381  -7.356888  355.659851  0.330951  4.067393       8.251762    699.632629  -57.559734  5.894083  0.582305  341.857178
153 -52.866035 -16.469418   21.049236  0.333020  4.360175       9.820848    849.329285  -37.566002  6.606744  0.541670  269.667267
154 -28.235079  13.497601  327.778259  0.334695  1.246727       3.527798    787.204956 -177.435410  9.136709  1.596213  311.671234
155 -48.482174   6.051559  359.060608  0.346945  4.924403       3.686409    870.043762 -125.529755  7.798861  0.205008  360.272827
156 -38.880836  14.461362  341.195892  0.344722  1.998645       6.475965    747.059448 -171.154755  7.849697  1.830225  336.025452
157 -39.636612 -22.423166    3.035561  0.332408  5.494483       5.338883    724.895447    8.669241  5.604774  1.387390  400.641113
158 -46.610569  -0.396740    8.549905  0.301470  3.801786       8.993995    739.745361  -13.704118  6.027590  1.932221  295.477966
159 -53.888569   9.400716  353.896881  0.345953  5.991349       9.431128    913.739746  -29.674610  6.475349  1.561516  401.678375
160 -53.197067  -4.912718  357.610565  0.288991  4.254579       9.721367    769.251465 -133.033752  5.831245  0.746753  335.348633
161 -49.724693  18.326233  334.385864  0.312941  4.332032       9.496647    739.502014   57.413601  6.677612  1.373924  404.844543
162 -54.247932   5.799258  357.734924  0.284053  3.547523       8.375614    977.326233   25.118156  6.341085  0.943033  304.252747
163 -46.448833  -8.402495   16.679188  0.315597  5.577480       7.773944    649.515198 -117.872971  6.329001  0.578214  397.656219
164 -49.059181   2.310261  348.597565  0.299999  2.237459       7.460505    854.546143 -120.088379  6.097618  1.410594  353.602081
165 -47.710560  -6.977189  357.788330  0.270703  5.316716       7.579593    688.334534   47.613129  7.101299  0.981085  428.916016
166 -46.102650 -14.477869   15.125909  0.329037  4.878898       6.596599    746.698669  170.964233  7.051541  0.282637  270.450592
167 -43.212688 -13.280546    9.010725  0.301053  2.213054       8.178467    700.673462  -76.959465  6.616059  1.839639  351.362915
168 -51.798302 -16.300932    9.644203  0.283894  3.074158       9.019956    939.651367 -153.178070  6.439468  1.483817  394.598358
169 -42.310429 -30.115973   21.159859  0.320552  2.532644       9.099221    750.029053  -80.087212  8.290540  0.931492  353.213257
170 -51.544846 -18.909689    5.986235  0.285779  3.602605       9.076021    861.038635 -220.630661  7.364171  1.328519  398.506683
171 -53.038189  18.892813  349.563934  0.343475  2.768676       9.326674    923.070557  -85.544220  6.316641  1.351290  441.266998
172 -45.777672 -11.686913  358.032806  0.293358  4.149244       6.491759    876.265808 -226.434326  7.877131  1.242384  277.362671
173 -50.826687  21.380556  349.880096  0.324701  2.814119       9.530555    958.094788  -80.750313  6.376432  1.147785  256.737183
174 -38.849010   2.725333    3.338311  0.327708  3.238227       7.903970    560.988403 -226.869110  8.255368  0.472348  277.277466
175 -46.538437  -1.188338   19.547155  0.331659  3.620844       8.423071    644.309814 -185.596832  7.381831  0.808379  285.238556
176 -52.763157 -11.220636    5.683239  0.305501  5.654583       8.899811    894.882996 -128.766159  6.849317  0.553987  276.423340
177 -46.667519 -18.916346    1.686910  0.340758  2.991285       9.336789    873.587097 -140.392838  6.769199  1.399078  256.375397
178 -51.528660  14.797548  351.763977  0.328783  5.636265       9.033451    805.728882   68.989662  6.319507  0.859651  307.854340
179 -51.558174 -12.771358   11.069495  0.335865  5.006282       8.215555    942.415527 -100.724457  6.520762  1.241729  340.605133
180 -51.605656 -11.274731  358.811127  0.328564  2.359213       9.464583    846.212891 -118.736687  5.580417  1.121257  327.617462
181 -46.811531   4.032560  350.347443  0.307113  2.890805       7.871189    687.811951 -184.119232  6.639453  1.102198  377.110840
182 -47.782337  -7.576139    2.399898  0.287667  2.820803       7.957677    768.179932 -245.866364  6.735165  0.998296  348.785004
183 -46.053417  -3.930612    2.973318  0.323450  4.477967       6.304167    811.249634 -222.198013  6.662189  0.749295  335.394104
184 -46.875900   8.581435    1.047694  0.302565  4.775141       8.186440    803.215515   83.749962  6.271420  1.658375  269.968414
185 -52.324310 -23.456390    4.379875  0.320559  5.288118       6.837091    929.487427  -11.769521  6.466610  0.338102  314.577362
186 -51.077419  13.232540    6.963181  0.312805  4.630160       9.486182    797.338684 -240.057724  8.189121  1.660524  328.658508
187 -48.607510  18.323378  342.094788  0.281006  3.477293       8.599678    728.084778   -7.864556  6.104596  1.273341  437.936584
188 -53.975533   8.942669  341.870209  0.333133  4.182209       8.758663    798.902466 -175.090576  6.095344  0.582308  356.958130
189 -53.719986   6.228251  348.381226  0.337194  4.367366       8.718832    937.807495 -111.942940  6.717263  0.708676  307.834503
190 -42.998894  -4.780064    2.077461  0.326564  1.852819       6.501672    670.235901 -151.341187  6.395509  0.242727  297.445618
191 -40.131859  -9.432510    3.158303  0.306781  5.419101       4.626887    814.491882   93.531044  6.623901  1.650144  400.403656
192 -49.418434   7.144787  343.727386  0.304897  2.644010       9.545135    667.693298 -110.850517  6.479132  0.648357  316.450104
193 -51.000919  -3.568166  356.494354  0.336237  2.631941       8.948814    774.760925    7.821036  5.490441  0.921223  339.455261
194 -46.667057   6.749011    1.022740  0.292511  4.969610       8.382982    702.592407   81.460472  7.093482  0.914288  308.600647
195 -52.179848   7.635827    3.965602  0.343524  3.486003       8.156565    860.754944 -137.244614  6.426487  0.942922  417.051636
196 -47.527168  -5.365473    2.056329  0.321230  2.372944       5.790706    930.163818 -154.788071  6.400687  1.352271  373.274445
197 -44.279064 -21.929920   10.360012  0.303571  5.120576       5.977468    876.489258 -164.733658  6.767856  1.805876  429.298401
198 -55.001961 -12.415876   15.979719  0.291462  5.476207       6.852536    998.058289 -171.943375  6.705842  0.616545  386.206726
199 -53.683384   6.980178    0.726149  0.295592  3.143884       8.648570    893.684937 -237.030396  5.662312  1.433907  406.774872
200 -43.387573 -25.905357   17.650860  0.325141  3.584109       8.843988    713.897095 -242.602509  6.637666  0.483046  313.216461
201 -50.049213   4.509941    3.561589  0.339431  3.444396       8.301197    887.281738  -74.959511  5.219204  1.942749  383.327423
202 -44.090637 -18.792683  357.282715  0.316332  5.276317       8.508866    601.992737  -74.268547  5.256024  1.655378  362.296936
203 -51.314800 -14.856734    6.405663  0.314492  3.733967       6.096414    859.477905 -187.707047  7.889326  0.334674  393.228149
204 -48.889648   9.309676  351.800262  0.306872  5.216209       5.621276    888.343506   79.572517  6.068064  0.866556  379.388000
205 -39.696537 -31.244028   23.821257  0.319792  3.349082       6.614308    947.191833 -202.829926  7.685249  1.047720  301.254700
206 -47.198097   8.614778    1.185693  0.302840  5.830525       7.164657    981.752319   69.196236  5.984433  1.575999  270.552521
207 -55.025494   4.294863  349.406311  0.332887  3.188596       9.330935    936.397339  205.968414  6.819731  0.960554  297.004181
208 -50.346161   4.847346  353.673218  0.286331  4.185435       7.927983    948.366028 -165.523697  6.671012  1.325739  263.033386
209 -47.405106   1.448108  354.137268  0.348003  2.714980       7.033660    947.346313   20.432392  5.805361  1.687513  286.597412
210 -39.416191 -16.490992   12.325070  0.349483  3.389885       6.315861    718.995483   -6.891183  7.000517  1.205379  372.468506
211 -42.746380 -11.299026   20.765959  0.331507  2.989378       8.614654    586.074707  -40.423359  7.848741  0.818080  309.263611
212 -51.844936  -4.973252  357.903381  0.325432  3.365063       8.747861    926.367737 -210.808212  7.814564  1.496811  343.370911
213 -39.523548  -2.685775  353.255005  0.329136  4.128079       5.890002    774.641846  -33.443649  7.440272  1.608935  285.148987
214 -39.373150  20.071150  347.341309  0.348654  4.355956       5.896111    951.236328 -211.395050  7.042483  1.487591  282.170746
215 -43.497292  28.018547  335.477295  0.308785  2.311728       9.059163    813.125671 -218.174347  6.046707  1.595652  397.489258
216 -51.995102 -19.147940    2.655622  0.275477  5.063639       9.995352    811.654236 -205.308868  8.039817  0.901870  327.931549
217 -40.481682  25.878036  334.900299  0.318079  2.917499       7.662289    743.715210  -98.520599  6.797433  1.733549  413.439026
218 -46.273529   0.426266  349.109009  0.326604  3.783481       8.075207    657.075623 -126.729408  7.271311  1.458067  405.332214
219 -45.121269  17.913261  345.374207  0.325811  4.730941       8.099489    777.370544  -68.392952  5.153708  1.530319  369.951538
220 -48.557915  14.973108  353.989471  0.325727  4.570225       9.005352    776.776123 -210.417145  7.073308  1.719868  433.428955
221 -44.243847 -16.491383    2.643084  0.339354  3.666544       8.712670    633.013489  -68.603561  6.538869  0.318962  310.687195
222 -42.418224  15.592162  327.568085  0.325296  3.956254       7.699963    615.475586 -220.629776  6.229927  0.416959  333.166351
223 -49.999779 -24.546194   25.180695  0.316030  3.277907       5.831932    927.451477   15.663751  7.425874  0.299734  357.105896
224 -49.789120  -3.291668  357.287170  0.331103  3.403666       9.566725    693.472290 -144.734619  8.162810  1.302516  398.396027
225 -49.174992   2.985559    6.674073  0.298884  4.250155       7.856227    818.372559 -112.960663  7.124923  1.432709  372.700104
226 -49.935406  19.293398  347.127258  0.326022  5.817990       9.368809    841.246033  109.734840  8.998121  1.298516  426.243683
227 -48.923229 -11.043639   13.088193  0.311635  2.117046       9.493032    674.591187  -56.729168  7.101874  1.597463  426.790039
228 -48.437458  20.840235  341.021149  0.318938  1.975621       5.871653    902.175964 -181.150986  6.910349  0.768083  436.507568
229 -43.361118  -4.594373    6.527101  0.278675  3.137043       9.351570    627.948120 -163.449844  5.964698  1.351898  274.776459
230 -56.026180   2.612441    0.310795  0.279313  3.646869       8.950837    887.034607  -94.752151  5.309443  0.631422  385.612671
231 -49.161831  21.313801  338.358185  0.289981  4.870265       6.921762    932.443054 -232.335464  5.082507  1.029730  384.402466
232 -48.280846   2.751372  354.207214  0.322804  4.349407       9.521114    704.702393  -93.357613  5.751719  1.385670  347.245880
233 -39.862434 -12.954527  359.269897  0.320783  5.115811       8.765305    514.015137 -141.827332  7.374425  0.742209  352.495667
234 -54.436085   3.424354  346.452423  0.315219  5.760722       8.572198    993.845764  -72.871353  5.592184  1.301296  305.733948
235 -45.085484 -12.609335    7.852664  0.297721  4.867071       7.619390    756.001770 -181.395386  5.081418  0.909712  336.651215
236 -46.642212  -0.824995    7.306428  0.308659  4.902939       6.245732    902.576355 -194.087982  5.071262  1.611538  360.614746
237 -52.508617 -14.651955    7.084444  0.341310  1.880397       9.256143    846.815002 -138.022507  5.716634  0.914979  445.268127
238 -52.161194  -7.520050  359.507965  0.336086  5.753150       7.586284    934.398438  -32.792923  7.381009  1.020597  423.383453
239 -51.935429  14.102022  358.197479  0.349237  2.998540       7.741521    775.613281 -145.418823  6.829843  0.262126  445.415100
240 -31.067181 -17.311808    6.894598  0.349030  3.730092       6.642335    510.343811  -92.670311  6.156320  1.695784  437.423859
241 -52.718925  10.894596  347.827942  0.273973  4.266755       9.162766    786.158508   96.800316  7.010318  0.357862  291.050598
242 -50.872120 -12.651834    9.230736  0.325243  5.709738       7.107261    894.987244  -27.341129  6.399776  0.407087  305.417664
243 -51.562267  17.787489  354.372375  0.322003  4.660348       9.469243    802.728333  -74.911217  5.678264  1.058365  337.587006
244 -45.888142   7.475788    1.059355  0.328443  5.441137       5.306172    987.001404 -211.133163  5.772709  1.462892  300.407257
245 -46.219219   3.305309   12.180841  0.295001  5.584600       9.176420    649.442505   98.167946  5.617383  1.983328  371.158417
246 -53.337849   8.482295    4.415777  0.293837  5.033353       9.170108    956.744019  -95.718803  7.761432  1.911958  431.311676
247 -46.301781  23.664753  354.377258  0.347190  5.227558       7.233339    739.636475  -97.170639  7.053382  0.815640  406.375824
248 -39.805309 -12.510186  350.534088  0.315432  4.356572       8.668998    501.100677  -97.732826  7.173563  1.698572  342.532715
249 -49.305904 -26.948021   26.414150  0.321559  3.081033       9.813107    904.997375  -18.671421  6.075923  0.964991  286.461731
250 -52.635540  -7.169195   13.985862  0.309455  3.504569       8.160189    922.146362   31.203550  5.446578  0.942380  343.516846
251 -53.483749  -5.766184    5.795718  0.292398  3.130329       9.313005    847.098328 -235.273224  7.387876  1.688736  447.044342
252 -42.435722  -5.220473    0.887757  0.286088  2.714667       8.959255    651.371277 -201.023697  6.372083  1.613309  253.138977
253 -54.422424  -3.600906  353.803131  0.300941  4.389056       9.828537    907.158325 -175.471695  5.093265  1.057264  256.396576
254 -43.355923 -18.798054  357.413055  0.334371  5.436294       9.209851    583.267273  -34.197460  6.539251  0.868566  306.350677
255 -38.204147  -3.223608    5.896628  0.317312  5.192122       6.967660    619.995544   89.071053  8.073275  1.596084  377.682617
256 -45.213509  -9.830147    2.249845  0.340209  5.926738       6.954333    664.372253 -205.910019  6.389311  0.792564  419.698395
257 -44.453861 -10.391490   22.740606  0.347570  3.086215       6.970417    925.978394  210.215057  6.358781  1.763944  251.602692
258 -52.221237  12.748532  348.222260  0.261442  1.808115       8.119324    967.472473    8.377313  6.737012  1.703347  400.448730
259 -42.823086  -7.482543    8.688031  0.326041  3.515206       5.571986    800.655640 -153.079178  6.724084  1.457695  399.481140
260 -52.934315  -9.755585  358.625732  0.276572  4.263433       9.821977    846.629333 -138.026382  7.855438  0.771524  253.373444
261 -55.695595  -5.880727   11.088362  0.315305  4.716530       9.027000    907.624451   12.316167  5.766191  0.796238  427.409058
262 -45.323906 -11.119815    2.874382  0.326053  5.153232       7.811934    799.384644 -248.093903  7.962929  1.248264  296.921356
263 -47.317307 -26.412169    2.201910  0.344391  5.319502       8.498172    705.136902   24.386995  5.174175  0.412926  355.416901
264 -42.026257   4.262667  349.507843  0.329751  4.337441       5.594091    802.675293 -162.123062  7.648460  1.677763  405.111694
265 -50.380028  -7.271497  358.899597  0.315410  4.839674       8.713956    741.291382  -46.052113  5.354866  0.990674  364.018921
266 -44.151081  23.159861  359.408112  0.312971  5.105898       9.249405    651.541870  236.996719  5.306052  1.254462  288.284943
267 -45.883953   5.926466    8.726373  0.317485  3.757766       7.770473    770.975708 -157.393631  5.603734  1.780660  314.954468
268 -43.013302  -0.125536  351.367798  0.336038  5.907482       8.553998    517.256287 -114.611168  6.921388  0.731926  437.394897
269 -51.334351   2.042556    3.706217  0.272639  5.153767       9.761456    872.595276  -69.724869  6.132586  1.848854  296.863922
270 -46.663715   8.837205  348.865936  0.336172  2.704891       9.663392    607.711975  -91.071030  6.443568  0.258921  371.954803
271 -49.212067   9.094106  352.363739  0.295005  5.239120       7.060543    810.683105   33.752979  7.256071  0.431247  274.991302
272 -42.148968  18.555986  350.037598  0.315443  4.442350       9.637438    549.021729  -39.668495  5.851871  1.984444  359.664093
273 -40.225544   6.773359  331.741821  0.342316  5.023304       9.958338    400.194916 -220.167770  7.304752  1.944920  411.039398
274 -44.650200   0.784137   11.350698  0.337599  4.640924       5.702758    774.656494  -83.305458  8.493775  1.856515  409.971161
275 -43.301182  -0.590859  356.508911  0.287179  1.348371       9.594895    575.469238 -222.728424  7.675722  1.060781  260.013580
276 -44.515186  -3.768979  353.488953  0.305040  2.636809       7.890995    755.532715   -7.295834  6.748422  1.766094  311.329590
277 -41.308186 -16.555910    0.319540  0.290303  5.887028       9.749588    485.261902  -43.737801  6.345828  0.744448  287.891357
278 -54.344997 -22.116232   10.941090  0.342963  5.509613       9.148424    923.407288  -78.182686  6.984746  0.228289  411.642761
279 -54.518799 -16.955805   13.803208  0.309663  2.855347       9.635616    964.397705  -72.209969  5.214810  0.859274  380.609924
280 -42.577370  25.327105  336.178833  0.287340  5.550964       7.265376    743.333801 -210.544479  7.229541  0.924149  427.572540
281 -42.076515  -5.573114   13.447500  0.330195  5.413785       5.499345    677.097168 -171.817841  7.859816  0.787139  407.505524
282 -55.060585  -7.347540   12.968954  0.332716  4.647965       6.573541    913.035156  176.323456  7.143714  0.283164  384.246368
283 -50.035854  -9.168601  354.948975  0.320845  4.509770       8.710400    745.199219   -7.460913  7.406398  0.942103  420.425537
284 -51.914028   4.793986  352.501312  0.315428  4.678573       8.194875    820.606506   -2.673434  7.553852  0.888069  379.812866
285 -47.946571 -16.044920   26.381981  0.324455  4.721816       8.111671    867.980591 -235.833649  5.560708  1.898740  397.775238
286 -50.862244  -2.516333    4.180654  0.286822  3.315384       6.072241    913.950317  102.947868  7.528182  0.627500  277.390594
287 -56.170204  -6.713758   11.363746  0.343815  3.997102       9.033833    953.955872  -75.293999  5.210706  0.636707  269.661743
288 -47.293961  -0.004233  349.567566  0.336220  2.894491       4.954229    921.622559 -180.749832  7.682890  1.395880  426.901764
289 -49.601383   3.392257   14.257700  0.323232  4.606295       9.265100    830.260681 -230.726898  5.612824  1.902869  277.193512
290 -53.908947   1.518788  355.247986  0.346026  1.924956       8.665598    884.145142 -241.585892  8.399470  0.584026  332.470093
291 -48.215088 -10.523847  359.258881  0.302680  3.162236       9.010532    801.559265 -238.804825  6.517133  1.906777  313.837799
292 -54.052757   1.365513  357.603149  0.305018  4.146311       8.266536    887.605042  -94.200768  6.942093  0.847977  443.011932
293 -55.393532   7.045237    2.089930  0.254932  5.027326       9.430505    978.389648 -104.376427  6.930599  1.343575  361.664490
294 -53.123138  -4.841721  358.676483  0.314142  4.890881       8.307047    835.240295 -178.096970  6.157267  0.770125  352.561310
295 -52.768406  -6.157845    4.541728  0.343891  3.007047       7.936834    922.407593   15.712861  8.224941  1.032645  403.586060
296 -47.648106 -33.042862    9.139244  0.306941  5.113387       9.348744    952.289368  -91.692314  6.083837  1.626998  384.922699
297 -52.880077  -1.601892  355.203278  0.292489  4.947966       8.554933    908.042053   94.651627  6.305219  1.105054  339.012115
298 -50.929726   7.398927  351.781219  0.286554  2.596644       9.693995    791.426941  -99.802322  5.944095  1.523464  324.717682
299 -52.342525  -1.596751  342.805267  0.305774  5.519321       7.829442    854.505188 -157.226379  7.023701  1.768231  387.718475
300 -41.825775 -17.701200  359.512421  0.334497  4.675609       9.688581    540.119263  -54.625576  6.211095  1.506953  313.386597
301 -38.856834   7.400113  351.823608  0.306999  5.360810       8.144563    582.489441  -30.922771  7.168350  1.931553  299.985504
302 -41.226231 -13.467975  347.603149  0.346358  5.172447       7.696744    637.223022  -32.121292  7.949530  1.425368  262.430084
303 -49.815201   0.387480  359.418854  0.343186  4.075739       9.227059    679.340515   11.639129  6.926425  0.580738  300.095062
304 -48.688675  10.335168  345.001434  0.296265  2.601599       7.864046    863.267090 -207.809250  7.434416  1.413933  360.109100
305 -50.650299 -15.848374    0.678010  0.332223  4.308232       7.690400    915.900574 -226.858948  7.772008  1.043167  301.750854
306 -47.004211 -10.380746  353.488312  0.334051  3.478124       7.598669    711.792664 -248.164841  7.321012  1.296476  411.824677
307 -46.848740   0.895703    4.419624  0.275288  4.114053       6.599242    745.437073 -189.801483  6.356335  0.913543  383.574493
308 -55.488438  -6.521185    1.759912  0.279834  3.473529       9.128930    849.276611  -77.203537  6.261084  0.312279  280.539917
309 -52.857479   7.992551  357.204376  0.303419  3.227872       8.742995    971.335510  111.998756  6.004892  1.104836  328.327118
310 -45.839184 -22.092243    1.830781  0.308697  5.891940       7.403455    714.098145  -65.371857  5.651923  1.493743  427.016022
311 -54.439011 -10.170293  358.540710  0.295051  5.008274       9.056108    825.113342  131.203171  7.385150  0.508840  293.648895
312 -47.642792   1.639719  349.780090  0.342569  4.390539       7.396536    744.204224 -234.176437  5.423815  0.394036  250.934464
313 -43.880657 -29.816286    5.099931  0.328821  5.725726       8.455990    676.875244 -122.285576  8.109626  0.958823  407.343628
314 -50.711674 -11.765771    3.483137  0.246972  5.820828       8.543896    947.812744  -41.709972  5.553476  1.436287  292.858582
315 -54.536434 -10.070240  358.900970  0.340676  2.014545       9.234851    966.211609 -152.845444  5.828165  1.305294  403.221832
316 -48.968674   0.012478  351.402374  0.332441  5.751886       9.218374    754.875427 -229.484085  7.559017  1.604481  353.378479
317 -39.997887 -10.323714  356.602692  0.287578  4.921747       5.071462    830.892029 -167.766327  7.066749  1.573954  290.341522
318 -47.490273  13.861034    1.012383  0.335950  3.468058       8.738525    934.722839 -190.366638  6.620031  1.973205  277.070679
319 -50.583977 -10.876641    8.879970  0.335827  3.402997       8.838120    737.635925 -193.270737  6.444187  0.604086  442.681854
320 -42.214111 -20.858595   10.752493  0.318444  5.468662       5.877755    763.340759  166.157440  7.551850  0.348588  274.173492
321 -53.477238  -4.575385  356.450043  0.344398  4.745692       9.641578    828.144592 -141.923782  7.143821  1.313535  388.044830
322 -52.044514 -15.844891    2.067396  0.334179  2.944111       8.400010    954.621033 -179.132614  8.076455  1.577698  393.776825
323 -39.397236  21.453291  332.726166  0.317176  4.785978       7.049352    646.273132 -104.478516  6.808438  0.207418  287.461273
324 -53.841022   3.112221  345.665466  0.304064  5.918077       8.388601    829.647766 -239.513016  7.033555  0.660309  341.949371
325 -47.095291 -14.573532   10.707784  0.283974  5.324278       9.166126    771.703735   26.268076  6.745619  1.646867  287.652252
326 -58.467365  -2.651407    6.659804  0.297783  5.239607       9.031589    974.755920 -124.936104  5.296206  0.701540  438.386719
327 -47.287884 -20.312950   25.093973  0.303431  3.698574       9.408168    638.620667  238.902237  8.204494  0.788449  423.150085
328 -50.331139  19.837624  346.656036  0.327769  2.831449       8.223070    803.262573 -175.551163  6.421072  0.929471  442.447754
329 -55.544186  -1.172783  352.422363  0.326420  5.252504       8.289159    962.168518 -167.491608  6.155215  1.130589  448.707947
330 -49.930729 -25.637306   13.631277  0.335579  3.703783       9.691139    850.596680 -100.954712  6.561111  1.021884  415.068085
331 -44.005573   2.847130  354.028717  0.339079  5.938480       6.301878    903.228088   10.159435  5.592174  1.757985  349.956482
332 -45.697956 -17.264427    6.414024  0.329411  3.569983       7.965116    830.086182   69.649376  6.816030  1.175185  305.635345
333 -47.407387  15.288958  358.672607  0.314070  5.765004       6.079994    867.028259 -134.553833  6.589372  0.494138  258.746918
334 -54.763649  -6.492367  357.039185  0.339864  2.466413       9.599869    993.451965 -123.787033  5.932148  1.620125  406.611328
335 -53.261505  11.650270  338.431030  0.296673  4.433026       8.878425    858.265930 -240.127701  6.407599  1.052095  358.763458
336 -43.629414 -20.306124   11.667171  0.335896  5.744798       7.098386    880.268982  184.906525  5.584321  1.554486  330.097351
337 -49.475910  -9.080112  350.532867  0.317316  4.238481       8.756303    681.619812  -89.448685  6.704304  0.441158  271.651917
338 -53.221470 -13.244475    0.504642  0.315731  4.184473       9.751385    735.252808 -246.374893  6.566642  0.568806  439.333313
339 -55.828693 -11.565244    8.097088  0.321613  4.017258       9.043687    964.847656    8.683241  5.277534  0.923667  368.577026
340 -46.766418 -20.748339   28.591331  0.283245  5.345685       9.692841    780.413147  104.013222  5.421426  1.108997  260.490753
341 -49.835083  -3.443158    0.230044  0.307687  1.928462       8.898803    702.974426 -101.549927  5.426387  0.470113  359.011444
342 -49.822708   6.560306  359.719635  0.347946  5.382257       8.804680    784.883179 -213.115524  5.953307  1.314050  397.900360
343 -47.423328  18.563913  337.192993  0.306892  5.371482       8.507901    981.088440  -13.860091  6.012544  1.811363  302.070770
344 -41.949581   1.449369    3.116709  0.321065  5.691665       7.882492    745.655029   28.486950  6.078999  1.553737  263.601868
345 -51.511494   5.522096  357.492950  0.325523  3.392543       9.513049    889.044617  -93.444954  5.783529  1.611165  298.709290
346 -45.796867  15.119665    8.807145  0.331484  5.667337       5.519063    843.412964   23.506413  5.670156  1.049078  269.347717
347 -46.294857  15.546102  352.117981  0.313938  5.686461       9.181726    688.361206  -79.435349  5.778329  1.037480  274.665558
348 -36.713379   4.302682  356.094177  0.277477  4.820971       7.152020    640.362610 -147.855759  6.538914  1.932947  271.437988
349 -54.792171 -16.317892    6.895784  0.333419  1.945288       8.891479    957.331177  149.320847  6.405963  0.549328  404.905518
350 -41.590622 -22.403236    1.646308  0.345921  4.634071       7.258278    740.044495 -218.328842  6.432471  1.917538  365.260712
351 -51.006214  20.012497  350.163361  0.290614  4.609997       9.312675    983.830750  -56.653893  6.393669  1.111042  295.832245
352 -55.528824   7.436587    2.997754  0.315075  4.457350       9.966716    833.320801  -14.487611  8.374213  0.820163  374.707092
353 -53.429413 -25.699697    7.347523  0.312834  4.951512       9.658505    895.818298   -2.872956  7.977898  0.528686  293.761688
354 -48.505669  -2.819959  359.205688  0.331586  3.748492       8.323780    698.812622  -63.563969  6.164162  0.326107  300.479401
355 -49.362545   1.896781  345.765961  0.328338  5.618607       9.617587    637.930054  197.204056  7.037832  1.820085  375.440338
356 -51.134861  -3.778842    6.343236  0.318149  3.160485       8.065464    942.167908 -235.918777  5.724842  1.113257  320.368652
357 -46.011005  -9.076861    2.018551  0.321840  4.048218       8.025749    707.291687   74.291679  7.024177  0.800665  310.713165
358 -47.013203  13.322880    4.340655  0.308262  5.367242       5.918088    852.562195 -229.802826  6.320917  0.801406  275.240936
359 -52.911446   9.012876  353.902557  0.343566  5.297214       9.423572    905.932922 -156.492310  6.482393  1.204124  365.158173
360 -46.739120 -18.495653    6.696733  0.343436  2.875589       5.841360    850.994507   94.211220  6.993575  0.798790  438.401398
361 -49.599312  -5.192596  352.980713  0.304450  4.910013       7.583126    964.789551   18.235098  5.036955  1.755483  356.602783
362 -52.277096  -5.869248  345.558990  0.333198  4.730898       9.784413    758.556580    1.327370  6.685718  1.120272  292.001862
363 -49.150101  -3.852720  359.084869  0.316756  4.352241       6.960442    859.083313  -52.062489  5.319371  1.432241  448.824402
364 -51.752262  14.490653  355.495270  0.343132  3.223926       7.464583    914.159424 -175.565720  6.187711  0.937910  406.383881
365 -56.153236   3.642383  354.485901  0.273568  1.968718       8.967907    982.555725  -35.501385  7.779456  0.567244  279.602478
366 -53.594059  17.690220  348.756805  0.305987  4.191027       8.019581    930.349976  -14.485564  7.198958  0.677238  428.952545
367 -44.954948   8.618997  353.893250  0.332671  5.627363       6.654932    925.127319  -18.150021  7.617465  1.572385  301.615540
368 -47.182655  13.586025  354.291382  0.266660  3.584450       9.276182    744.181824 -186.239838  6.455791  1.370883  297.037842
369 -38.050560   7.983840  348.199066  0.323395  3.167199       8.283777    535.840454 -195.834824  8.488906  1.804271  308.004242
370 -54.164600 -15.570381    1.347606  0.349281  4.870651       5.839931    978.770447   79.851669  5.846427  0.214116  341.600525
371 -45.477604  17.063171    8.807303  0.346175  5.113565       6.124752    822.805603 -157.562302  6.159790  1.569701  341.170441
372 -39.521698 -24.297863    7.189844  0.305058  4.680371       8.147616    774.322998 -181.371246  5.050322  1.826129  251.051300
373 -44.335812  -8.234447    8.081434  0.339251  2.054083       4.764659    981.894836 -157.572006  5.945574  1.518443  422.812103
374 -54.992283   4.740898    5.738051  0.346449  3.193672       7.894613    838.657410 -190.167786  6.435679  0.216479  377.594971
375 -47.235916  15.218478  342.091156  0.315173  3.226056       8.697283    718.244385 -176.606842  7.016777  0.914999  366.346375
376 -54.663208   2.323448   12.636279  0.334626  5.580454       8.497868    917.684692 -157.334259  5.985964  0.970929  370.371429
377 -47.459110  17.211126  349.125977  0.326549  3.759621       7.755490    750.609497 -177.218979  7.583727  0.360059  370.104156
378 -44.575829 -22.667276   15.695890  0.321270  4.781010       5.055077    845.718140  -18.458176  6.698607  0.792405  447.324890
379 -40.538319 -15.239368   15.758768  0.340826  3.576047       5.100364    870.487732 -150.515671  6.812660  1.030414  331.951263
380 -40.333485  25.055222  338.197144  0.335510  2.681856       7.086141    800.134827 -191.795792  5.973515  1.957532  417.200531
381 -50.371777   7.086841  350.005737  0.340745  4.496426       6.044134    887.660706  -71.689491  7.030427  0.414176  397.614349
382 -45.045109 -11.737243  349.735291  0.292695  4.913727       8.464955    605.595093  -79.166405  7.326346  1.547095  320.268005
383 -42.772266  22.232588  352.844543  0.283182  4.820819       5.183214    903.440002  -98.538109  6.541564  0.881037  259.203430
384 -48.749191 -11.868188    5.006570  0.309926  5.890491       9.608831    856.752075 -109.552391  6.428185  1.756728  268.268921
385 -49.579430   6.513036  349.127869  0.317415  3.979561       7.831172    829.784363 -200.412643  5.243987  1.641722  371.932190
386 -50.374828  12.668044  348.218109  0.318820  2.289726       7.966084    848.954529 -240.597778  6.479652  0.985899  370.939636
387 -51.606411 -24.163525  359.010071  0.303878  5.035967       9.014277    982.778503  -70.052322  7.378294  1.167181  269.907440
388 -43.265518  -1.074850  354.854797  0.346723  4.873529       7.329565    670.198181 -234.213379  6.302916  1.137997  338.552277
389 -47.126545 -24.272100   11.348176  0.305506  4.672192       9.715042    731.959534 -115.751747  7.192925  1.793710  433.533173
390 -55.901257 -13.714670    5.594980  0.273015  5.601027       8.905467    925.161011  -15.219516  6.327100  0.798885  440.493195
391 -46.737110   0.529185    6.368491  0.343641  4.635289       9.438222    582.548767   22.511257  5.981525  0.561902  349.156891
392 -45.312847   4.883186  336.763763  0.346947  3.205041       8.004160    662.405640 -247.200165  6.726605  1.374584  346.378326
393 -48.693771  18.551029  344.741974  0.338518  2.602576       9.413062    814.785645  225.220673  6.514524  1.405942  297.474304
394 -44.482883 -19.283199   10.170702  0.322896  3.315965       7.256492    709.318115   12.198608  6.704456  0.993693  395.950104
395 -45.457993  22.680611  357.361420  0.349370  4.544746       7.275813    913.114136 -167.602173  7.408822  1.223475  284.083740
396 -51.158859   2.344469   13.275206  0.307269  4.365574       8.945265    992.380615  -51.112000  5.006358  1.569955  271.620697
397 -54.329914   0.244028  358.365082  0.304497  4.458274       9.370312    840.985596 -150.103088  5.243336  0.386030  265.737274
398 -52.843243   1.780140    9.833123  0.296863  5.975691       9.801034    980.130066  210.420166  6.618284  1.587523  256.171051
399 -38.705338   8.810582    1.056728  0.335358  4.496977       8.620326    507.461273 -124.746254  5.048799  1.117013  444.711395
400 -51.328178   8.742338  350.023773  0.336088  5.115941       9.884760    870.069458  -87.390251  6.868767  1.758528  309.984772
401 -44.852409  -1.761571    5.037543  0.282982  2.158205       6.050127    772.547241 -159.843750  8.945124  1.227710  364.619354
402 -48.875195   8.752975  354.187500  0.310835  4.612761       6.204952    975.478943  192.755371  6.513773  1.698054  416.124512
403 -44.413120  -5.051723  350.592957  0.325135  4.980569       5.233612    936.424500  -23.808571  6.886953  1.305013  311.112427
404 -42.715797  -0.804196    5.813323  0.276605  4.816451       8.198438    573.713623    8.403121  6.948538  0.883969  406.586426
405 -43.320202  30.528721  335.744995  0.302182  5.187504       8.417438    834.458862 -244.667160  6.158760  1.743791  424.792694
406 -49.585644   3.763854  358.140137  0.295213  2.660524       8.413623    744.384094 -248.885864  7.201796  1.419989  429.829468
407 -38.014557 -11.794346  359.173218  0.324218  2.537142       8.115273    535.072754 -238.896637  7.989703  1.188839  350.073334
408 -40.931011   7.138500  344.022430  0.310586  2.660930       8.619674    534.437622 -202.992294  8.633762  0.327578  326.968353
409 -48.816818  -1.456705  354.978729  0.303862  2.535589       8.012557    689.754578   69.746994  5.635093  0.448605  307.450989
410 -50.218151   0.779302   14.700104  0.336317  4.389191       7.220766    888.156860 -102.909340  7.861834  0.765174  273.134766
411 -47.489258  -6.253642    4.469946  0.321934  5.126874       8.142015    902.017761  -26.782698  7.122159  1.326054  250.778870
412 -52.997189 -19.540054    7.108478  0.274896  5.679892       9.250884    922.460266   11.960800  6.672709  0.718556  310.296448
413 -48.522038 -16.248966  358.938416  0.291843  5.017562       9.366674    762.830261 -169.483368  6.294611  1.142715  280.951416
414 -40.302349   6.354298  347.253845  0.339268  3.501661       9.607386    464.181549 -130.626038  6.508224  0.778030  290.000214
415 -43.211132 -13.282072  353.057617  0.312169  5.321039       7.947692    712.747864  -51.288292  6.273815  1.543652  260.294464
416 -42.074699  10.359889  343.690674  0.284529  3.729348       6.777786    755.442810 -142.907593  5.533356  1.323658  309.905151
417 -40.528633 -29.270380   22.513279  0.342134  4.477159       9.392155    738.633850  -56.242550  5.638770  1.790465  293.586639
418 -51.688942  12.348018  356.783722  0.282864  4.349103       9.048744    977.334961 -204.265579  5.707377  1.355221  296.394745
419 -49.072445 -22.377689   13.092292  0.347603  5.822896       8.801094    781.202698  124.183266  5.361022  0.932031  409.949738
420 -45.545834   5.252616  351.200714  0.295675  5.236899       9.124496    643.776917 -167.183456  8.949359  0.968829  332.323242
421 -48.111351  -6.763855    1.685640  0.282703  5.089994       9.356171    794.970825  -24.664148  6.738518  1.608736  270.637024
422 -44.650326   2.692930  356.294739  0.345730  4.912007       4.934034    862.649231 -184.606842  7.783047  1.705252  440.459900
423 -41.381062  15.499116    0.136368  0.320561  3.715980       9.982073    462.490204  -82.029419  6.752611  1.507465  441.780914
424 -52.808018  -0.836261    2.101507  0.333145  3.981550       9.111634    830.004028  -65.576035  5.711430  1.430006  414.509796
425 -43.071827  11.884472  356.017853  0.342634  5.392261       7.894740    722.667236 -138.908081  7.643189  1.755408  356.614807
426 -53.679821   3.974543  355.460632  0.327939  2.028858       5.893714    954.168762  -59.579155  6.400411  0.423480  326.989777
427 -48.336098  12.226112  345.308319  0.292124  3.196315       9.887317    869.976807  -70.555367  6.631485  1.935617  258.217346
428 -48.067505 -20.758724    8.458359  0.326667  4.006793       7.256946    933.511536  181.020935  7.468651  0.981467  293.783508
429 -45.674145 -22.625086    4.393557  0.345409  3.860301       7.896303    865.601929 -170.856781  5.604735  1.148533  278.940826
430 -34.097050   9.874440    4.606464  0.306544  3.278131       9.286130    407.602600   74.180397  6.627900  0.210697  388.248840
431 -52.712368  -9.735271    2.037400  0.330599  5.879638       9.780654    953.596497 -200.511063  5.815396  1.636889  299.323853
432 -42.681767 -22.049721   32.433212  0.321583  5.984152       5.660589    939.806946   61.903542  6.146359  1.339383  314.182587
433 -49.076077 -14.719142    7.103588  0.338737  3.505958       5.257917    909.286499  -83.711533  6.326666  0.384359  288.361694
434 -53.221363 -19.173283  354.850739  0.314638  5.987626       9.767440    774.932678  -90.431908  6.704774  0.843887  336.210327
435 -50.278244   7.519742  359.252228  0.258570  4.028507       9.095156    786.004272   27.783342  7.798152  1.560370  353.273346
436 -52.918148   6.605380  353.012573  0.341351  3.047531       9.233683    773.718018 -200.215240  8.976463  0.792835  347.714264
437 -48.320728  11.754447    2.420794  0.319120  4.530841       8.432687    773.250427 -229.922485  6.158171  0.741781  292.062988
438 -51.015648 -16.103477    9.941074  0.343013  3.088494       9.560285    727.974731 -170.142258  8.182078  0.826651  395.066772
439 -49.716034 -14.148190   18.119568  0.319928  5.201340       7.970094    895.039673   -9.986169  5.960697  1.150286  381.965698
440 -45.971806   0.436201  350.332092  0.297728  2.069021       9.025966    709.574036   34.400394  6.412241  1.118425  252.275208
441 -44.076828  14.942918  349.104187  0.336515  4.296659       7.468079    741.326843 -142.826004  7.506340  1.318530  361.622864
442 -53.903778  11.239167  356.484558  0.294516  1.544685       8.797286    952.418945 -102.838142  6.387271  1.046477  378.394836
443 -42.442421  16.153662  351.674927  0.347839  5.762654       7.601447    721.815857 -104.651466  5.158242  1.823771  399.155090
444 -51.893185  -1.424460    4.395521  0.317945  3.526958       9.217675    854.422058  -43.221767  6.915043  1.926550  389.729889
445 -52.391514 -11.127932    0.792785  0.296163  5.084787       7.417486    965.708435 -157.613052  5.913267  0.946385  360.235077
446 -49.567577 -14.563592  355.939240  0.344687  3.085802       7.712595    971.135315 -192.069183  6.748377  1.782696  357.293518
447 -49.712021  -0.002312    0.376181  0.338461  5.940608       7.724710    780.081909 -227.030136  8.711597  0.593033  271.706238
448 -52.495499 -15.117124  356.069580  0.307935  5.625191       8.962241    806.881958   68.662621  6.951321  1.471144  415.535156
449 -50.601215  24.979683  349.033417  0.319496  3.448534       9.469024    947.145264  -89.426788  5.930472  0.824419  294.439178
450 -46.081661 -13.526787   14.737993  0.342896  3.556460       6.209204    905.828186 -144.414169  7.717585  0.771793  251.530640
451 -49.801388   5.336521    2.739121  0.285940  5.415658       7.862480    935.795044  -64.623314  6.440467  1.463731  278.316284
452 -41.261272  -3.739028    9.951075  0.348855  5.360709       4.105752    970.669739 -244.153580  6.691357  1.777186  383.147797
453 -39.787769  -3.589823  352.528290  0.348109  3.970874       7.042526    667.013977 -242.586517  7.045654  1.339208  312.198059
454 -39.655457  -0.720217  347.035614  0.345682  2.456927       7.864944    534.074219 -130.863037  6.318576  0.945455  358.111542
455 -52.696938  -9.479041    2.537781  0.316609  5.031561       7.763845    945.922302   43.496883  5.594560  0.530093  258.887848
456 -45.938469 -14.721646   11.175497  0.346969  3.694604       5.760229    849.562073   15.052056  5.532985  0.622038  363.353546
457 -50.745979  -1.666438  356.296692  0.274112  3.689172       8.366604    946.019531  -83.567375  7.203918  1.275072  315.702179
458 -54.221169 -11.967221   18.905371  0.289016  4.791804       8.101566    939.334778  171.702805  5.603212  0.775149  332.416901
459 -59.904072   1.746838    7.805332  0.332189  5.434078       8.927396    956.517395  103.872025  7.226926  0.237802  338.483795
460 -44.954601  24.646589  351.697540  0.318612  5.090288       5.449847    845.516418 -218.086151  6.812904  0.462002  318.363312
461 -41.789471   8.703765  350.051361  0.303170  1.761089       8.666188    540.325500 -135.289047  8.476315  0.361184  338.253632
462 -48.976475  -0.476376  350.164703  0.303465  5.690698       8.578352    839.174011 -172.909241  6.627410  1.453534  253.436478
463 -51.117859  -1.814434  351.502808  0.346539  3.454746       6.852702    817.931824 -147.883713  6.357369  0.432275  344.690277
464 -47.236874  -8.849442  358.493103  0.302272  4.025822       8.292163    754.386108 -134.462433  6.544715  1.314627  314.275391
465 -41.267609  30.306713  357.816345  0.349562  5.974722       8.777210    634.867737   15.204970  5.159765  1.249045  313.600525
466 -52.851051  -8.706384    2.023475  0.340276  2.524280       8.858728    889.602844 -153.267349  6.988350  1.283688  420.069489
467 -43.231419 -17.400648   14.104714  0.314942  5.420841       8.562125    635.822998   58.009193  5.839302  0.285149  335.992157
468 -43.363132  18.551300  354.057434  0.348283  3.000013       7.951140    647.734985 -109.246552  7.198543  0.845857  403.875305
469 -50.824703  -5.805245    6.114121  0.346144  5.837382       5.422745    994.276917   84.642525  6.160691  1.078973  436.219208
470 -45.806206   5.111293  355.911163  0.286133  3.559350       5.875022    873.483215  -56.100807  8.092108  0.824273  280.145905
471 -50.127090  11.857746    2.370827  0.330455  5.666938       7.662336    902.163269  -75.252167  5.373096  1.229986  329.709351
472 -47.473034  12.035855  354.746429  0.333605  2.757870       4.885589    818.834229   47.851326  5.829814  0.313778  355.384674
473 -48.813892   3.896270    0.947561  0.312505  4.289379       9.437686    690.117493  -30.625292  7.109857  1.139074  362.992401
474 -48.633141 -17.792133   15.979460  0.341055  3.616719       7.756814    878.895569 -122.842957  5.048943  0.839036  374.522827
475 -49.038864  23.023031  349.622284  0.327809  2.524326       8.271878    831.692078 -230.438461  5.510000  0.721931  395.387604
476 -41.961605   7.300473  355.397614  0.309546  3.862961       6.817285    811.829102 -211.927032  7.031021  1.422899  293.310303
477 -50.340725 -27.752291   11.167417  0.337456  3.738017       9.978677    845.164001  -44.208588  5.869102  0.852755  442.094513
478 -54.484325 -15.297261    8.587225  0.339182  3.970026       8.572795    946.700867 -127.352882  5.976224  0.952401  423.016998
479 -36.729515   6.262129  355.782867  0.315672  2.842600       6.147150    681.326233 -140.611862  6.996684  1.427005  325.035828
480 -56.336586   4.739638    9.479767  0.347344  4.477330       9.358755    925.510437  -79.161079  5.549668  1.025956  373.181824
481 -50.358742  10.018965    2.252178  0.339040  3.996859       7.882968    982.681763 -226.607315  5.600469  1.856996  369.964783
482 -37.900105  12.891071    0.129111  0.311126  4.658492       5.401121    767.245911  -67.849197  6.517963  1.306671  267.016968
483 -47.600124  -3.452391  354.837891  0.333258  4.898003       8.348737    860.842896  191.330841  6.684999  1.802081  276.817261
484 -49.360580   2.005868  349.395538  0.341691  5.248792       7.918375    948.203857 -238.655304  7.370461  1.847739  359.055298
485 -51.693272  19.420792  349.719543  0.325465  3.121744       8.933184    867.993958 -182.455658  7.559247  0.790489  368.337677
486 -53.485432   5.458784  353.116547  0.338313  5.112983       7.456211    866.354126 -244.330475  5.351937  0.545360  392.637756
487 -46.137791   9.671946  354.848236  0.269478  4.579060       9.426949    562.256592 -113.180580  6.141240  0.609983  428.479675
488 -51.815788  -3.540044   10.910615  0.295277  3.607819       9.615332    705.650330    3.514811  5.424079  0.456017  314.036255
489 -35.101738 -30.483376   19.588530  0.330969  4.517541       4.504455    745.287659 -219.201538  6.177420  0.298674  313.985413
490 -53.034786 -25.622301    1.744130  0.347124  4.896402       8.393073    931.819092   11.155408  6.078949  0.510432  328.259918
491 -43.288624  -5.768354    3.892273  0.343220  1.496922       7.194077    695.379822 -123.759125  6.863304  0.713149  346.506500
492 -54.909416 -10.991912  352.767639  0.323481  5.906741       8.966033    960.527954 -217.258041  8.021579  1.493975  381.431305
493 -47.259857  16.557877  341.701935  0.347658  3.034252       9.744718    713.518127 -132.480392  5.303848  1.518693  358.334290
494 -49.379261   3.364860  359.071838  0.297224  2.722329       7.607977    857.647034 -153.154633  8.119016  1.780208  436.895813
495 -47.334213  15.587694  341.869232  0.327068  3.691285       7.378700    850.581482 -199.937195  6.466994  1.120626  317.785095
496 -50.936924 -24.646029    7.793219  0.337522  5.516904       8.420944    870.846130 -126.253441  6.205115  0.389477  342.363586
497 -45.903332  31.403751  331.392883  0.340760  3.498452       9.910903    766.361267  -56.705662  5.346987  0.705325  316.817535
498 -52.083115  -8.545474  359.802277  0.296207  4.445499       8.718110    828.682678    7.092822  5.932117  0.522749  275.693726
499 -54.876667   2.117686    0.716719  0.347071  4.820238       7.604529    888.673767 -226.969757  5.583089  0.290384  388.875610
500 -40.872643 -38.534081   18.153198  0.334292  5.739588       7.917991    796.244202 -138.683380  6.661867  1.028586  446.516418
501 -49.464535  -8.783187   11.904652  0.335522  5.508191       9.192959    757.061829 -153.211395  6.578708  0.963695  303.891968
502 -53.855103   0.446117    5.865632  0.343738  4.173498       7.086340    940.607239 -231.937164  8.422846  1.040833  425.639557
503 -49.551548  24.100622  350.944580  0.328683  5.061479       9.164050    778.261780 -242.507843  5.169798  0.971287  445.312561
504 -50.911079   0.771335  349.496063  0.274884  3.997023       8.991716    650.202515 -235.326035  6.687904  0.290270  418.780426
505 -49.039261   7.276940  355.003815  0.272033  2.098474       8.593571    911.542786 -106.832237  7.467186  1.537910  279.091553
506 -47.641293  -5.902835  359.228516  0.320600  4.882985       6.525304    899.536133 -180.578384  5.407610  0.922808  298.131744
507 -47.818913  19.827530  337.205902  0.295187  3.733017       7.307401    934.360474  -89.200447  5.914135  1.324066  331.120270
508 -46.582253  -0.887541  354.540558  0.341370  4.451262       7.094808    853.082275 -191.693283  6.200616  1.416634  358.949890
509 -56.322681  -4.029994    1.481394  0.300041  3.576948       9.597534    976.881226 -202.793121  5.692109  0.663881  260.525452
510 -46.981850  -7.040225    3.916351  0.321664  3.812865       9.984287    666.087097 -226.269012  5.618211  1.415580  326.113892
511 -48.455521  22.725739  341.329926  0.297055  2.524368       8.013822    793.925598 -201.708038  7.303556  0.356996  341.792847