           lon        lat         inc      D1AU     delta  launch radius  launch speed    t factor       B1AU     gamma         vsw
0   -45.187721 -20.659668    6.899879  0.346457  2.952649       9.066244    739.304626 -218.740051   6.677607  1.364645  340.990936
1   -31.048464   3.059815  347.376801  0.327218  1.185107       7.491182    472.133484 -248.517563  10.232333  0.441761  387.438568
2   -42.270550   3.092572  357.937256  0.315057  4.592617       4.647409    837.250305   64.641685   6.874075  1.061629  324.624664
3   -44.649239   0.961058  355.167755  0.282604  3.025780       7.565464    676.072937   69.713203   6.139542  1.867560  403.938507
4   -45.590500 -23.204002   26.025511  0.330623  4.360332       9.830270    633.935486   95.552750   6.421396  0.415197  383.867523
5   -41.918358  -6.661339  351.934326  0.349058  5.373137       6.819817    571.058105 -171.290329   5.800721  0.265779  398.417267
6   -50.202152   5.117549  354.364868  0.349249  4.886483       8.931860    728.459229 -245.235886   5.556547  0.887720  310.607056
7   -54.797680   0.519918    7.114314  0.298578  5.040559       9.622800    806.912598 -245.647110   7.228842  0.676961  337.042755
8   -48.799877   4.294324  357.297089  0.347446  2.916111       6.720472    868.338928 -112.388832   6.577694  1.590764  399.016479
9   -56.837059   6.108702  352.687927  0.338554  1.818018       8.587472    960.152588 -128.572479   5.288686  0.458783  325.947998
10  -53.333397 -12.699659    5.330973  0.283920  5.127572       9.827478    754.961243 -131.536209   5.312346  0.228132  317.715820
11  -51.191410 -15.715111  355.878601  0.349596  5.262473       8.867288    749.620850   99.711861   6.731126  0.799874  449.252014
12  -49.183514 -11.272035   10.340111  0.287781  4.678108       8.023830    807.984680   21.097958   7.592844  0.699507  341.366821
13  -51.683174   4.534910  355.314545  0.320639  1.315741       8.993461    917.455444 -142.302734   7.157590  1.290175  308.755402
14  -55.847889 -26.044559    5.867107  0.345736  5.414943       9.115892    966.174744 -229.341171   5.798474  0.406013  423.369476
15  -34.834076 -20.451685    1.941195  0.324389  5.531749       9.149982    466.816315 -149.684006   5.629294  1.417127  282.366699
16  -53.376972 -11.657441  359.172241  0.327366  5.237440       7.812737    912.688416 -130.554260   5.446362  0.601798  399.308258
17  -46.138435   4.858746  353.316833  0.323853  5.481553       6.741603    780.589661   64.312271   6.369895  1.103167  352.684875
18  -49.380226 -18.398146    6.522152  0.300079  5.865389       8.516001    965.836731 -137.689056   6.098203  1.350960  314.041321
19  -39.197300 -10.334866    1.828038  0.343466  5.073221       7.762190    566.278687 -173.536133   7.773142  0.784438  438.640442
20  -38.767666 -26.706049    2.912174  0.349602  5.623970       6.598932    739.117126   35.141491   5.325547  1.318081  291.984589
21  -45.849606  18.689383  340.558380  0.294147  2.388741       8.066437    681.070007  -72.336220   7.316086  0.597639  407.251617
22  -50.517998  -1.328072    7.797038  0.328699  4.057112       8.306403    750.264099 -184.469971   5.294354  0.472531  295.492218
23  -47.279480  -1.968707  354.765747  0.343101  4.427063       8.961187    666.619995 -190.475006   7.104016  0.738232  345.550690
24  -52.102531  13.682211  357.477661  0.322491  5.847503       9.115385    902.317383 -236.527130   6.114265  1.643970  437.640747
25  -53.217472  -9.477990    1.554921  0.320044  3.139436       9.616821    890.087158  -87.824310   6.260968  0.931285  342.395325
26  -37.881874   5.594899   10.353326  0.295791  3.986767       6.745527    589.805359  129.104950   6.028332  0.779192  260.838013
27  -50.615528  -1.189188    1.850003  0.333376  4.004750       5.415036    978.602844 -181.417313   5.516417  0.530153  257.321014
28  -45.974663 -19.309364   16.956982  0.316288  3.699486       8.691731    811.848328 -236.173218   6.528234  1.412522  347.570923
29  -43.796864   4.008472    5.943719  0.322207  4.101920       7.404325    714.298279   35.218647   7.000251  1.810241  414.010803
30  -45.236820  -3.726386   12.922156  0.342276  2.692002       6.358378    881.745117 -131.847885   6.618263  1.723020  390.610352
31  -54.108498  -3.809983  357.096069  0.315107  2.428332       7.642426    921.343506 -170.609375   5.831140  0.473374  346.779388
32  -52.265636   8.351717  358.297180  0.312772  3.296140       8.385500    820.680786  130.517395   5.640945  1.128835  409.409760
33  -49.008041 -13.136081  358.548737  0.309538  3.256190       9.534822    675.203552   24.001308   5.697491  1.650631  432.766479
34  -45.403076   6.632843  352.388184  0.229750  4.927628       8.124715    774.360107 -118.228256   5.158759  1.851617  288.644073
35  -53.298416  12.572962    6.024076  0.329598  5.745343       8.393685    888.003662 -208.953125   5.030139  1.220564  348.763123
36  -50.022846   2.016793    8.797681  0.331506  4.075560       8.216310    751.213806  210.681290   6.670300  0.740833  380.094391
37  -46.601044   7.778959    8.506292  0.316944  5.629881       6.697804    731.252869   30.585361   6.721618  0.739024  299.938385
38  -52.903122   0.325930  359.048798  0.278907  3.047518       9.363237    868.846313 -182.976303   6.296944  1.724977  397.027130
39  -43.808277  -4.269704  356.819702  0.312996  5.237383       9.031364    592.351990 -240.661346   6.777260  1.555514  377.494598
40  -57.766468  -3.096319    2.018121  0.293863  5.029425       9.672378    993.315674 -226.062317   5.591186  0.564350  276.468292
41  -54.884853 -11.109968    4.401299  0.328934  4.381385       7.895674    931.166626 -174.309509   5.312478  0.452359  370.309875
42  -44.841160  -5.832070    6.580354  0.326969  4.617963       7.576955    655.482849 -127.668945   7.858397  1.202106  403.853729
43  -43.337704 -15.576716    7.840929  0.340243  3.461948       8.065487    669.777588 -142.515564   5.672427  1.044819  301.440979
44  -54.256660   0.434272  349.872345  0.322421  5.306584       9.376587    849.840759  216.272369   5.264749  1.265071  424.876404
45  -51.785347   5.591534  356.022369  0.325527  5.238058       8.097860    950.119202  -19.164753   5.045932  1.313110  353.958099
46  -47.724693  10.800697    4.864771  0.303779  5.930720       7.321959    714.466919  -72.762672   7.554158  0.897033  404.920532
47  -38.227623 -12.625947    3.054806  0.322509  5.824153       7.977108    587.468750 -229.545258   6.230583  1.653283  285.545166
48  -51.192051  25.941193  349.477203  0.316385  4.912592       9.444042    919.991150 -132.792419   6.616476  1.508256  418.932129
49  -49.978287 -17.195065  359.222351  0.326391  4.115336       9.986022    666.691711 -148.077164   6.476656  0.420545  266.500977
50  -44.672218  14.177256  355.691223  0.317142  2.676512       6.719586    865.000854   18.700338   7.405436  1.103683  251.519287
51  -54.754913   5.062537    5.695485  0.335897  5.917765       9.269326    789.942261   29.550720   5.159278  0.805364  419.129761
52  -45.018017   8.450132    2.702444  0.299385  5.719776       5.589547    787.191711  137.860367   5.922788  1.720215  440.892365
53  -50.635670  -1.166017  353.780090  0.318437  2.062884       7.591524    897.286438 -192.698135   6.367202  1.583120  384.256714
54  -49.949306  -9.006629  354.271027  0.306166  5.371637       6.744539    904.053284 -224.601059   5.488149  1.703170  408.765228
55  -51.165039 -15.580575    3.034244  0.346789  4.315907       7.288068    965.351135  -83.878464   7.553546  0.832107  262.501892
56  -50.656956   3.656739    3.406173  0.313010  3.246796       9.473446    676.398254   68.437889   7.646824  0.377035  332.584351
57  -47.651188  -1.748264    3.270960  0.319755  3.768471       8.529711    716.778687 -168.413177   6.423550  0.894437  369.591278
58  -49.025852   2.036265  359.597321  0.340534  3.107439       6.675493    948.206543   -6.982129   6.732230  1.359735  350.657135
59  -55.253281  -8.814802    0.321973  0.315808  2.224668       9.619946    960.979431  -56.951324   5.057384  0.949269  308.986237
60  -54.023857   3.149138  357.027649  0.309443  3.724888       4.849899    971.235901  144.705826   6.013319  0.206790  310.097076
61  -43.693481  -4.779746    4.032418  0.343860  1.652043       6.691729    680.645813 -154.670013   6.099706  0.386671  318.605713
62  -45.224892  16.928827  331.447205  0.341340  3.277848       8.649122    599.427185 -201.414719   6.836448  0.599335  439.630188
63  -40.130089  -1.620703  355.561493  0.297370  5.399612       6.782000    717.050049 -176.334854   8.663954  1.976892  352.778992
64  -55.420120 -11.234162  359.806732  0.321105  3.977076       9.602288    948.650024 -165.863937   6.502275  0.632605  254.352676
65  -53.921307   8.923327    0.866128  0.298864  5.373330       8.988122    875.868469  211.423218   5.396497  1.288359  398.376709
66  -42.597881  14.711285  346.469971  0.347046  4.621381       3.984585    953.176697 -211.862213   5.629831  1.114852  354.583069
67  -44.498917   9.748549  340.537323  0.338856  2.272127       9.428041    550.715576 -234.495407   6.769109  0.228783  260.254395
68  -47.511829  -9.439881    3.536839  0.342745  5.559588       8.418838    729.478577 -176.224792   6.224712  1.017843  372.932434
69  -51.308514   1.720451  359.851257  0.313726  5.972835       6.961858    937.981628 -241.539612   5.893856  1.347552  447.437836
70  -51.187210  -8.516385   11.494929  0.285967  4.110920       8.724358    796.123291  112.780807   5.308873  0.710120  291.043793
71  -56.802746   9.262205  350.231201  0.343379  2.322703       9.528629    958.712402 -218.359131   7.335485  0.369053  264.870483
72  -48.126015  21.269627  339.151184  0.313380  2.106848       8.442586    862.122498 -217.608398   6.521827  1.733086  417.348999
73  -46.693813  10.081741    5.778386  0.329323  5.776030       6.105656    819.172852 -224.435989   6.109543  1.511772  407.966827
74  -52.075409   0.347423  357.182983  0.312585  2.783821       7.662486    986.967346 -103.223083   6.156239  1.425559  417.160095
75  -42.607937  -5.396011    1.127318  0.316130  2.545670       8.423709    574.093811 -111.676727   6.807494  0.521718  275.466339
76  -54.925964   4.021485  335.114716  0.342605  5.151073       9.916164    881.361816 -215.613098   5.941544  1.808805  346.179871
77  -47.619812   0.016191  356.149414  0.308232  4.124185       8.716839    709.781799 -198.581818   6.742145  1.079208  372.916534
78  -48.577785  -0.896481    4.282960  0.302700  3.886881       8.764831    769.882263 -151.421982   6.642642  1.263674  362.265900
79  -50.201782  16.754950  340.977234  0.348206  3.378926       6.304413    894.309692 -224.995514   6.586279  0.219610  256.541565
80  -53.891136   7.986937    0.080532  0.295486  3.674356       8.782644    973.019653 -186.641708   6.397614  1.339773  415.894226
81  -41.493153   2.061327  351.726685  0.309188  1.591518       9.637833    492.967773 -154.481201   7.531900  1.056628  370.711823
82  -51.122631  17.064835    1.706319  0.339882  4.304199       6.497539    975.024414 -193.040527   6.944266  0.926677  337.658508
83  -49.052372  13.410615  352.660675  0.312205  5.343707       9.094550    734.372803 -150.117096   6.243170  1.681779  431.560944
84  -52.238518 -17.376598   10.011766  0.288455  3.113773       7.274571    948.869263   48.747234   5.154136  0.903755  414.967194
85  -51.883995 -19.568865   18.234930  0.318887  3.453716       8.941395    958.725769   26.320377   5.652675  1.375366  342.192627
86  -44.054317 -13.886442    8.903786  0.310481  3.085334       6.949329    900.357605  -36.651249   6.026217  1.774786  323.773987
87  -48.958408  11.160647  347.885071  0.324322  1.413734       8.870569    847.265503  -60.132851   6.794787  0.921579  257.782410
88  -53.902824 -11.027452    3.275654  0.308621  2.375901       9.614265    903.441956 -187.996414   5.256157  0.788653  363.980103
89  -52.398869  -6.022252  343.153748  0.326926  5.440413       8.915853    919.432556 -239.603836   6.192014  1.771489  334.374878
90  -51.706474 -17.610111    7.058654  0.307849  2.970004       8.304749    973.745789 -117.222954   6.199913  0.776511  269.997864
91  -43.205677   8.459196  352.120728  0.312596  4.047555       6.529970    673.353943   -7.437282   6.437458  0.749097  401.010040
92  -42.190708 -26.919842   11.583661  0.311851  4.704766       9.348141    639.116638 -244.909470   5.882656  1.698019  384.155304
93  -53.801022   4.523993  356.809143  0.309946  3.981827       8.589153    876.940796  131.870605   7.014841  0.644815  379.699524
94  -53.068211  -2.956764    6.825069  0.298275  3.325910       9.382400    911.104370  -22.382286   8.303180  0.939916  261.878174
95  -47.769371 -17.130339   16.198429  0.300882  4.950068       6.940986    928.078003   96.300850   6.660191  0.965310  273.319153
96  -49.672527  -6.009346  359.039062  0.312305  2.623562       7.802986    798.190430 -101.349915   7.232827  0.872573  322.347443
97  -53.503483   1.502733  356.274353  0.343887  5.969316       8.826259    986.018555 -238.604385   8.704117  1.286941  351.076996
98  -47.953674   0.792335    8.286701  0.327168  4.218790       9.508344    638.256409 -185.078644   8.154976  0.795843  391.215149
99  -48.516327   4.272557  358.581268  0.332843  2.103641       8.758672    653.414795  -23.502098   5.789423  0.265937  376.166595
100 -50.952637   8.826981  355.068024  0.341694  2.773388       9.053214    897.070068  -85.470161   6.631725  1.331428  250.935349
101 -50.434605 -18.476784   11.198871  0.327328  4.676758       9.383880    829.325745  -29.273584   5.138449  1.020575  306.789948
102 -49.652374 -18.410488   14.038010  0.345854  4.542059       8.609072    923.002502  -19.124668   7.119910  1.562011  354.999298
103 -52.693047 -18.106573   12.403117  0.332458  5.092899       8.974961    996.858643 -161.478439   5.609706  1.236108  387.794739
104 -52.430489  -4.548321  353.139587  0.303310  4.631795       9.712448    697.708313 -147.573196   7.693089  0.908154  435.716187
105 -46.889648 -10.615869   12.237838  0.331042  5.307127       7.421440    802.349182 -165.500565   5.699146  1.887424  415.819733
106 -54.442734   6.069522  351.536011  0.341652  5.189058       9.775627    833.305481 -104.431305   5.560773  0.790758  373.409973
107 -42.651226   0.984250  348.158997  0.318674  4.134155       6.843718    689.598694  -62.815941   6.308238  1.994643  355.648346
108 -53.029922  10.688352  357.489655  0.301024  3.226351       9.330234    867.639832 -184.890793   6.893493  0.980865  309.236298
109 -48.725990 -12.765731   12.737869  0.331321  2.971789       9.945312    602.223145 -179.274048   7.110051  0.303204  291.102570
110 -56.018398  -8.006541  352.588440  0.328026  4.749400       7.453389    962.360413 -246.840546   7.038129  0.393900  278.027802
111 -55.559170   2.438004  358.815918  0.324301  4.754621       8.787666    914.342163 -192.926331   6.198940  0.674796  374.416382
112 -50.897156  -8.254474  356.218658  0.293639  3.926689       7.277121    906.528198 -217.328064   7.269115  1.872148  422.239136
113 -48.021179 -22.926409    9.270189  0.323756  3.540241       8.135045    877.112549    4.280862   6.063504  1.051282  319.002045
114 -52.516407  -5.192031    1.952255  0.271761  4.030071       9.987209    713.402954 -199.703247   6.180702  1.504542  434.347595
115 -48.715935  14.839383    1.639808  0.307914  4.154260       7.984859    757.939758 -201.081039   6.048243  1.303135  384.314606
116 -49.371029  18.651890    5.580034  0.341693  5.144413       5.903256    956.675110 -133.107117   5.207685  1.145337  366.798431
117 -42.695347  -2.311286  359.574219  0.238640  4.354908       6.475476    826.382263  -43.140228   6.869000  1.731903  292.505951
118 -45.916199 -14.270659  357.019012  0.319181  5.948175       7.686744    724.491821 -143.336136   6.422346  0.839059  287.510590
119 -56.600704   3.341776  358.192383  0.342756  3.411234       7.606456    991.519958 -169.068542   6.003007  0.342939  389.243103
120 -50.480465  12.031439   12.492638  0.320484  5.813279       8.552545    750.974731  -26.858200   6.584117  1.454393  355.078857
121 -43.233562   7.333888  355.969574  0.317826  3.289196       5.913662    845.375671  -91.223763   5.694932  1.208948  352.668610
122 -43.191196   4.851627  355.427399  0.339986  1.647209       9.209352    560.148682  -49.281708   6.478728  1.196014  263.812195
123 -54.212536  -7.865237   13.058364  0.327943  4.043155       8.473978    989.057007 -195.601379   5.846268  0.664073  290.716827
124 -54.084927 -13.280313    2.508906  0.272364  3.389580       8.914424    966.054565 -101.680168   6.948708  1.279621  382.859131
125 -50.111877   9.432342    0.546888  0.326564  1.990464       6.633360    935.528076 -141.969559   7.200535  0.716380  268.312622
126 -51.645817 -14.397996    4.923502  0.275695  5.387817       8.984715    792.461426 -114.113838   5.946435  0.828496  387.369446
127 -50.809219  -5.157095  358.084229  0.287808  5.550557       9.079491    854.269165 -171.720245   6.261661  1.779630  387.378906
128 -48.771091   8.086680  353.394470  0.349683  5.743365       5.257464    959.713867 -246.323822   7.324532  0.813792  426.669098
129 -39.891109 -28.654661    4.741757  0.343884  5.514946       9.431425    498.801270  -79.348473   6.157839  0.501238  389.962463
130 -49.108261  16.495310    4.405555  0.324582  5.516818       9.882225    673.819885  111.268433   6.594164  1.312984  395.917725
131 -55.192200  -9.632209    2.684634  0.315376  2.329633       9.362653    788.556580   31.994587   6.032632  0.234750  330.358704
132 -42.671047  10.065202    7.033136  0.329652  5.488909       6.836079    679.500610   84.582253   6.202925  1.146797  295.045776
133 -39.954796  -7.878649    3.623829  0.337227  3.400390       8.505400    556.231506 -206.065521   6.763236  1.701334  417.401398
134 -42.411739  11.374685  352.395050  0.276363  2.018810       9.024087    695.868958 -217.179337   6.439923  1.986962  289.228027
135 -53.605728   5.865533  347.853119  0.340659  5.118800       9.826750    817.305359 -201.033691   6.556074  0.770601  262.285065
136 -47.831844  -9.609188   21.069273  0.302837  5.647232       6.858674    894.310547 -144.591370   7.842187  1.431720  324.341187
137 -47.104298  -5.657354    8.407991  0.342640  3.302547       6.611165    729.797302   37.109802   5.885918  0.453021  432.375397
138 -44.544598  18.024738    5.704674  0.336837  5.232697       7.524059    673.895752  -96.938606   7.699951  1.863244  413.375275
139 -45.395027 -17.205259    6.172093  0.293752  4.731778       8.037559    778.789917  -72.446564   6.747406  1.277728  311.334808
140 -51.505768  -3.488000    9.859144  0.310574  5.060566       8.141734    942.950562 -246.104553   7.412744  0.926224  276.232330
141 -37.807007 -16.979240    7.657710  0.316467  2.308440       9.353684    494.256104  -56.824867   6.651992  1.435962  397.240082
142 -55.728676   9.315234  339.136353  0.339619  3.950266       6.670421    958.533386  -87.101967   5.393261  0.287998  252.978409
143 -51.344250 -10.797993   14.786608  0.345277  4.686883       7.649338    912.728516   29.010527   5.928262  1.843884  449.156189
144 -38.554790   0.121243   11.403645  0.306520  4.835408       8.102586    506.318573 -246.780487   5.253998  0.536757  342.635712
145 -52.988251 -19.245224    3.097360  0.307730  5.119922       8.374531    879.562988  -23.044327   7.829010  0.649316  402.042908
146 -55.298725  10.125253  355.547180  0.301770  3.120755       9.429417    894.108521 -220.441284   5.811361  0.978370  402.949554
147 -42.868324  12.254385  358.920288  0.336668  4.425525       6.443726    704.152893 -224.195236   5.420190  1.177235  440.175415
148 -57.994808   4.276055  351.288116  0.302055  4.152003       9.800396    980.883301 -240.935837   6.837220  0.602014  331.079132
149 -44.887310  14.233068  353.110931  0.341831  4.049489       4.330055    877.181519 -176.266846   6.309828  1.153148  429.698334
150 -46.789139   9.017269    2.225609  0.321792  5.991134       6.813857    675.158020 -236.299408   5.086116  0.202015  337.635376
151 -53.073811   1.304520  342.824249  0.294698  5.487015       8.684728    886.895386  -57.759933   5.631789  1.511118  358.634857
152 -49.332130 -12.322721  352.230835  0.309845  5.441252       6.315247    910.809204  -18.062412   6.478217  1.896224  422.503998
153 -46.729191  -9.025263    9.311399  0.334492  2.874714       9.743804    763.733093 -128.957382   5.194168  1.826686  272.089783
154 -49.023922  -3.206563  359.320404  0.339718  2.261892       8.071770    927.746460  -67.840363   7.411146  1.400207  276.498840
155 -56.672634  13.538891  356.988464  0.326776  5.030179       9.535269    893.764648 -133.539490   7.623458  0.272347  307.566040
156 -46.809273 -19.475222  357.961456  0.331417  4.788984       7.027408    878.347290    2.911146   5.713580  1.360952  286.542206
157 -54.666763   0.510148  359.723358  0.338679  5.211468       5.700428    940.374329  249.741074   5.702836  0.322966  412.607269
158 -45.831364  14.536787  336.230774  0.269564  3.367625       8.821537    678.945496   11.320293   6.921149  1.001984  293.552368
159 -45.822273 -12.323725    5.129249  0.337225  1.639112       7.325233    799.950684 -141.572983   5.937402  1.099828  330.944336
160 -46.333286 -13.704447    8.540863  0.225354  4.537440       9.569930    721.863220 -104.563965   7.596728  1.685073  269.707458
161 -50.677296 -24.032187    2.993243  0.318927  5.481843       8.939725    794.123352  -73.305649   5.504122  0.854418  386.279114
162 -56.665375  -9.191618    0.451758  0.347167  2.182737       7.699255    974.476746 -191.572418   6.640518  0.463753  385.280945
163 -48.309353   8.407424  353.247803  0.288812  3.206766       9.161392    735.105286 -176.788589   5.148992  1.731355  393.603058
164 -43.895023   1.869936    1.382579  0.286286  5.086995       8.999573    712.721741 -229.167572   5.177555  1.710648  258.940887
165 -42.919945 -12.563983    6.212234  0.327720  4.217198       9.685826    528.010193 -136.767242   7.073173  0.888406  402.297211
166 -46.103260 -13.017572  357.561859  0.342870  4.435068       6.125867    950.710449 -117.333527   7.698320  1.246604  259.709503
167 -49.230690   1.861491  353.576172  0.342022  3.192467       7.464158    744.899597 -174.316193   5.673178  0.847105  407.529907
168 -46.441662 -24.069992   16.252954  0.345430  3.386575       7.168892    918.734314  -34.440598   6.591795  1.129515  341.704712
169 -46.331860   4.155938  352.677429  0.293270  1.041132       6.745333    785.293030  -91.062065   6.920999  1.553137  406.634064
170 -48.009792   4.469944  345.197998  0.297231  2.789928       7.387638    802.716919 -240.197021   5.458730  0.836047  250.556732
171 -51.459869  17.685299  354.536224  0.289493  2.887245       9.982970    891.266907 -228.866608   7.324962  1.076772  288.705261
172 -50.350754 -18.771303  356.095428  0.344205  5.171736       6.218994    881.615723   25.415104   5.663762  0.704760  383.641571
173 -47.905472  -3.839829    9.842868  0.323922  3.774275       7.809470    912.781677  -52.596512   5.140735  1.387769  265.547882
174 -50.237797 -10.136621    3.037248  0.297112  3.707525       8.344354    801.458252 -233.117279   5.868821  1.577961  445.791199
175 -39.345406 -21.581858    0.273465  0.334153  5.975091       7.207027    641.699158 -237.105865   8.087298  1.512329  312.222931
176 -40.768734 -22.245729   13.550100  0.342196  2.832021       8.148071    629.549316 -219.108490   7.260846  0.410530  392.099518
177 -50.552765   6.867736  338.683197  0.323930  3.819407       8.846104    753.504211   19.989616   5.124656  0.961738  298.765717
178 -58.041481  -0.139365  353.960480  0.308292  4.359127       7.928600    945.392578  -96.594696   6.390547  0.285027  365.911774
179 -55.812965  11.633656  356.985626  0.274179  3.448416       9.747973    943.449585  -67.416931   7.943991  1.173768  376.025970
180 -53.069752   6.008245    6.847357  0.337186  3.126072       9.226426    954.124756 -142.457047   5.862928  1.592080  358.548187
181 -40.940163  -9.737991    8.486523  0.328375  1.432835       7.626447    602.272400 -234.947968   5.942225  1.091519  441.843140
182 -52.163746  -0.644413   10.710261  0.319998  5.208292       8.297622    857.990356  -81.572815   5.620819  1.102403  305.304352
183 -47.469959 -15.669710   10.112129  0.305360  4.498754       9.400536    733.970764  -92.311363   8.855212  1.699079  400.676758
184 -48.430485   7.462948  351.701080  0.268957  3.114769       7.143688    800.264282  -10.465371   6.875896  1.321398  412.819489
185 -55.522659  -3.199884  356.440948  0.330049  4.325572       8.678279    978.651855 -108.825958   6.732604  1.172576  359.305878
186 -40.335304  -6.832211    3.695253  0.293659  1.123927       7.148933    765.342773 -177.528534   5.852801  1.864743  280.010712
187 -46.330135  -3.571470  359.451782  0.327398  5.748124       7.743777    676.456482 -202.055099   8.320696  0.234377  292.513245
188 -40.194733   2.110008    5.981970  0.301685  3.353904       5.126486    721.439026 -218.283752   6.271779  1.137726  367.112091
189 -41.108303  -7.907992  351.833954  0.292919  4.950803       6.426239    693.881897 -198.064041   8.006677  1.851895  333.245911
190 -51.431095  12.347683  344.026367  0.332254  5.254864       7.685022    887.803650  181.364212   6.695377  0.836170  297.040955
191 -56.979599   3.423619    4.193589  0.338017  5.237867       9.643161    809.460510   -2.719912   6.730459  0.298452  385.013275
192 -50.620949  -3.550904  357.252380  0.323658  4.649363       5.660007    919.323608  -96.282684   5.918874  0.843855  423.729462
193 -45.483200 -11.299118  359.717377  0.334293  2.812147       6.545180    933.835815  -99.069382   6.044480  1.775291  362.378662
194 -51.555134  -4.583202    8.138931  0.343343  1.067005       9.735118    693.322144   15.592174   6.118851  0.348546  417.591034
195 -44.895195   9.234003  350.787872  0.309586  5.596004       6.803447    728.545593 -157.771835   6.771467  0.858743  303.504364
196 -45.815968   1.847208  349.356476  0.339080  3.973091       8.834767    666.208801 -220.110626   6.659444  1.128212  319.329437
197 -50.399849  12.677602  343.994781  0.332769  3.782937       8.571532    802.799805 -225.810852   6.654700  1.046216  403.957367
198 -48.379429 -22.518833    6.881473  0.271280  4.692791       9.222850    791.052612 -226.591583   7.586885  1.269926  335.926849
199 -53.428619 -10.708057  359.761414  0.319442  3.890098       9.778666    990.715271 -209.697021   7.805231  1.667250  319.018555
200 -47.250023   6.862622  353.608673  0.322573  2.668759       7.627309    743.934631  -81.309067   7.189765  1.305241  449.005096
201 -48.233658 -19.833822   14.326694  0.326651  5.445230       8.708286    796.809937  -45.377998   5.639516  1.661311  414.991577
202 -56.479691   0.616520    2.344911  0.339191  2.145351       9.984379    967.510681  -47.486778   7.468307  0.942349  264.888458
203 -51.526852  23.198513  352.925568  0.339919  3.985826       8.507244    929.110901 -150.535477   5.279212  0.568002  335.613159
204 -48.170010  16.578671    1.169439  0.346103  5.277451       7.624553    896.917297  236.871552   7.031916  0.902455  265.539795
205 -49.391777   5.439219  359.892426  0.308680  5.137737       8.253954    748.844727  132.132965   5.941630  1.054883  350.902435
206 -36.801109   8.058975  358.773926  0.303982  4.631226       7.063746    543.361206 -111.740494   7.056098  0.718175  439.716644
207 -51.132286   5.319481  352.358185  0.306610  1.782519       7.312158    916.868286 -193.773315   6.789474  0.926058  360.729767
208 -49.242607  11.469152  342.091248  0.298838  4.734174       8.699044    853.879822 -134.981598   5.116631  1.429749  285.424164
209 -53.130070  11.617033    4.804167  0.315839  3.614033       9.416341    898.277283 -161.031250   6.081203  1.690373  381.720703
210 -50.005180 -22.972223   13.604409  0.249686  3.000741       9.376041    772.041260  -41.279453   5.569647  0.887614  415.412170
211 -52.073681 -24.260937    0.684368  0.320168  5.998018       9.878128    867.212830  151.671326   8.011856  0.969843  341.501770
212 -47.370056 -18.406656   11.777380  0.297738  1.121985       9.247428    790.669739 -127.149559   6.201995  1.855583  389.989563
213 -50.163345  12.098335  358.498108  0.312782  4.758867       7.777921    849.907898 -109.030434   5.826271  0.673514  303.734070
214 -49.620537 -10.829688    9.294908  0.345767  3.032697       6.794735    949.644592 -220.031891   7.204009  0.754799  331.093872
215 -52.630932  -0.558846  355.777618  0.322965  3.461209       7.311865    869.375366 -213.510361   6.411536  0.549646  405.368225
216 -48.869263  12.875469    3.683406  0.348815  4.312909       7.237367    764.361694   95.189537   6.931319  0.613837  290.276093
217 -57.168571  -2.958411    5.612011  0.252497  2.708234       9.611096    981.464783    3.421871   6.335617  1.203561  430.870483
218 -52.392986 -15.298441    6.450518  0.324133  2.605378       8.781830    883.441772 -233.674789   6.469934  0.630602  344.004822
219 -50.878674  -3.091208  357.639648  0.330415  4.462941       7.138542    956.703125 -198.037369   6.393864  1.586635  374.697479
220 -48.043266  12.674807  350.067749  0.302699  4.412042       7.894750    771.496155   62.161827   8.058311  0.888636  301.893372
221 -53.040920 -12.441102    9.987712  0.282133  1.370919       9.699748    902.962830 -167.272781   6.803760  1.278089  399.921600
222 -53.845810  16.250692  346.855835  0.334669  1.092507       8.578272    933.483093 -145.656235   5.382648  0.787722  365.100189
223 -53.291424   2.433268  351.682922  0.300817  4.934361       8.525667    770.209534   83.337471   5.921272  0.335232  421.106903
224 -53.189648 -11.222448    1.148829  0.322751  2.415740       8.199468    950.586792  -87.445190   5.940254  1.597405  432.839386
225 -34.389038 -26.646709   19.055914  0.329769  3.765813       5.678009    669.946289 -137.925858   6.062179  0.655928  381.299500
226 -53.513676  -8.041791    4.584563  0.318321  4.195597       9.169470    929.555176   15.119995   7.695963  1.263302  326.475067
227 -36.724060 -16.407484    2.854860  0.296715  5.816006       6.547149    572.280762 -216.254181   7.282290  1.956170  418.213989
228 -49.776310 -19.224550    7.473994  0.315513  5.707325       8.734630    897.841675   32.339233   6.256345  1.036287  252.221664
229 -50.593784   7.144129   10.302312  0.331949  5.290631       7.081122    920.619873 -198.708496   5.621111  1.879909  449.886108
230 -45.921127  -5.866029  359.930450  0.331249  4.814925       6.632096    729.211121 -149.796280   6.655209  0.289431  349.334259
231 -48.102055 -14.800037    6.601527  0.335678  3.849931       7.251696    947.481445  -28.960066   6.692307  1.651026  379.731140
232 -44.927948  15.033929  356.804260  0.313672  4.863047       9.067398    615.470703 -178.383667   5.993051  1.853327  360.427521
233 -51.644203  25.633999  349.044464  0.296412  5.813013       9.649223    975.419434 -128.645523   5.378736  1.656377  380.352234
234 -43.855873  11.212991    5.593854  0.333858  5.746551       9.328881    587.460449    4.981042   5.522000  1.512857  301.226685
235 -52.940163 -14.753188    7.850253  0.276033  2.135755       8.095241    965.605042  -62.916908   7.153493  0.687339  276.433624
236 -46.515377   3.873642  356.415253  0.287367  1.475913       6.819270    907.465332  -43.849506   5.113405  1.717547  341.942322
237 -51.364880   5.596585  358.227783  0.345150  5.573403       9.742261    836.945190  138.434921   6.391829  1.649920  376.913483
238 -48.228493 -16.279785   19.439039  0.294254  3.240559       7.476734    943.814331   10.716353   5.813501  1.362489  362.152649
239 -46.209835 -11.216499    3.879405  0.344907  1.878649       7.024843    749.999878 -232.377106   8.386631  0.497323  286.327606
240 -48.867271   7.973076  357.524109  0.295497  3.303781       6.773683    991.994690 -234.944626   6.974701  1.864385  403.451019
241 -41.999355  -9.996606  351.714020  0.349671  4.402263       7.395923    550.823242  -92.993782   6.193373  0.205396  417.379944
242 -39.737431 -24.771540   21.621868  0.317143  5.845525       9.040181    615.632751  -93.620804   5.945223  1.830439  406.320679
243 -41.517044 -15.318963   14.361589  0.338449  4.349347       8.057797    626.997803  -90.151993   6.889814  1.148298  338.306213
244 -56.032211 -19.286966  359.389832  0.334500  3.978941       9.428376    894.790894  -98.618904   7.405890  0.397090  401.314148
245 -45.589222  -8.512137  344.240601  0.340527  4.095633       7.188171    725.607361 -116.587006   6.043476  1.682294  321.194275
246 -47.813171  14.618621  355.148254  0.274648  5.128706       7.184441    891.174744 -167.113831   6.189867  1.329014  340.688599
247 -51.294647  10.463789  352.420105  0.289252  3.599210       7.636415    852.239197   71.791153   6.837887  0.987067  447.551758
248 -53.048809   9.896257  353.183685  0.346964  4.615709       9.406259    896.750610  194.778397   6.900961  1.169978  386.153748
249 -38.829563 -13.816389   11.045067  0.343516  5.220373       9.855071    523.591064 -192.182724   6.182935  1.735847  295.964447
250 -46.046230 -18.576302    2.726915  0.328101  4.537582       7.491950    849.931396 -151.216599   6.561571  1.841203  371.511841
251 -48.429504   4.024248  344.095673  0.312745  5.936967       5.612677    925.710876 -245.994278   5.605421  1.516952  381.216461
252 -53.273285  19.634796  359.910156  0.303472  4.429856       9.532695    937.472290 -222.534958   6.104398  1.370079  405.882721
253 -47.945465  10.192156  359.259918  0.260527  4.476858       9.551852    617.443665 -239.083786   7.290670  1.101918  371.824951
254 -49.422024  11.940934  351.910309  0.277597  2.071987       8.280210    792.205627  -99.114456   5.601504  1.112692  351.078217
255 -47.436340   4.429825  348.417969  0.331097  3.735792       6.376690    814.753662   13.172894   5.487160  1.163016  431.016632
256 -44.441898   3.952221  348.896545  0.333929  5.582247       9.256919    555.837219  -94.633705   6.145886  0.440424  425.628143
257 -43.339790   8.939626  352.489532  0.316113  5.852803       8.189116    591.005188  -71.962692   7.099113  0.897257  359.624420
258 -46.544212 -18.376348   13.670588  0.310804  5.245096       5.037042    976.041687   89.382515   5.149890  1.306553  436.659821
259 -49.782219  12.010501    3.545046  0.328200  4.852157       9.922539    680.909729 -162.409470   6.050128  1.914626  370.952484
260 -54.090763 -10.369193   11.181186  0.344013  5.202957       7.586880    895.514404 -145.012497   7.803538  0.754778  417.852814
261 -44.155788   6.288277  359.852203  0.326362  4.810686       9.503289    570.211243 -193.060440   7.270126  1.315348  296.977356
262 -53.820541   3.014237  359.934998  0.313481  3.764687       8.179129    977.494202 -232.225540   6.085750  1.066714  346.488892
263 -53.984383  -7.245786  359.089020  0.345462  2.388064       8.968479    932.467590 -120.235291   7.022895  0.723258  278.970276
264 -45.026081  -0.804935    3.600759  0.298127  5.590592       8.478628    662.979431   54.146740   7.586552  1.125179  279.032410
265 -51.377583  -9.829300    7.181577  0.333227  3.294489       7.164056    895.047302 -229.201385   7.872352  0.628291  419.934631
266 -47.986107 -24.586481    9.799559  0.335833  3.587726       8.991408    921.692444  -99.284775   6.783445  1.199082  274.154266
267 -44.292736 -15.369586   21.552055  0.277700  3.647128       6.743592    743.419800   35.686527   6.869845  1.383729  409.748962
268 -51.786476  11.347728  355.277679  0.253731  3.936563       8.063982    824.304810 -234.656265   7.976136  0.872133  395.855682
269 -48.336014  17.759567    7.547964  0.333668  5.515908       5.852201    911.456665 -124.871620   5.013040  1.247096  359.413605
270 -48.262390  11.366456    3.238249  0.322086  4.923126       7.339796    739.078308  -49.323677   6.467232  0.922423  369.273834
271 -56.167614  -4.192936   10.123173  0.340403  2.979407       9.380018    990.008606   13.536171   6.055925  1.320404  423.954773
272 -52.015827  -9.748845  357.578278  0.291832  5.180152       9.331901    795.847839 -165.559784   5.959135  1.578535  421.568390
273 -49.456112 -14.555024    5.164648  0.334960  2.243471       7.572008    993.109558  105.305496   5.881756  1.406443  308.285919
274 -38.601078   0.711008  350.831024  0.339885  2.032314       4.928796    687.691589 -136.753250   6.546293  1.344454  432.898010
275 -45.786495  -6.579277   10.090570  0.347432  5.220382       7.143196    768.849426  188.385666   8.017141  1.765266  415.764465
276 -49.469822 -13.008122    3.091050  0.347799  4.543413       6.798204    862.923401 -236.382797   6.205962  0.489247  381.330444
277 -44.277451  -6.368074  359.263641  0.330231  5.993362       5.334869    925.162476  223.618378   6.575670  1.199900  254.334686
278 -49.749882 -24.638325   11.423928  0.324672  4.495755       7.724568    974.768555   68.608307   5.412153  1.300720  390.063751
279 -49.788227  10.158142  341.485809  0.308350  5.725515       7.845163    918.025696  -65.511742   5.935778  1.817739  427.335999
280 -44.489693 -12.301901    4.301265  0.257434  5.124005       8.498946    674.083984   16.313515   7.971704  0.916321  273.505524
281 -45.494884  -0.625493    5.361161  0.293852  2.897598       9.305245    546.763672   46.445335   5.621862  0.852063  436.699188
282 -49.987305   3.009349  354.105286  0.342192  2.199700       7.787662    771.414795 -186.471237   7.495795  0.614108  341.367218
283 -49.117199 -16.337393    4.694436  0.340813  5.089703       6.206392    828.236938  -87.952652   6.293919  0.238133  349.898285
284 -51.705162 -21.706844   10.457542  0.288182  5.318348       8.500840    975.582214 -138.612503   6.084284  1.502843  395.761597
285 -42.794323   0.541156    8.214971  0.334174  4.042800       8.472991    659.864746  -89.030106   5.827653  1.638077  270.139130
286 -41.480206  -9.887510  356.889465  0.316836  2.667348       9.265066    518.622620 -202.229355   5.318558  0.503825  322.869263
287 -36.148518  14.113774  349.679413  0.334517  4.844541       5.754659    733.457947 -236.895065   8.984043  1.521459  270.311829
288 -47.804424 -28.852615   25.535885  0.347585  5.948177       6.457859    928.442017   81.863159   6.786898  0.241341  347.578156
289 -41.263962 -19.639956   19.820671  0.292738  3.857094       6.514520    837.007996 -246.471985   6.925025  1.060187  297.427246
290 -54.088226   7.557598  353.551880  0.320688  3.724555       8.096530    990.389954 -188.739792   7.818364  0.765988  300.396179
291 -41.528095 -17.238575  355.419617  0.324817  4.179240       7.414299    637.662598  -84.470444   6.821613  1.075966  271.431824
292 -49.171120 -19.516195   12.790674  0.318598  2.772501       7.394008    876.390564 -177.596405   6.795633  0.684128  327.889099
293 -54.509792   3.361756    2.125388  0.294452  3.902359       8.531497    804.123230 -203.121918   5.649959  0.218185  329.427063
294 -47.451874  19.486801  348.048950  0.302622  2.859561       7.579935    860.486328 -223.471603   8.403836  1.742064  400.308380
295 -42.536430  -8.906689    1.966539  0.311108  4.680933       7.360795    685.895569 -180.060791   6.147539  0.783853  323.785736
296 -44.287193   6.294196    0.710400  0.309053  4.136655       5.868412    885.762512 -146.482040   7.991560  0.950233  275.682251
297 -50.820118  -0.252278   11.746391  0.330507  4.473707       7.189989    982.842224 -107.718491   6.557137  1.213544  352.033386
298 -51.735298  -5.309834   12.589531  0.315793  5.743540       5.639768    868.450745   37.876476   7.515831  0.332930  398.181854
299 -42.977173  -4.045797   12.040505  0.340194  5.718148       8.358224    663.254639  -38.562820   5.782394  1.275648  274.147125
300 -50.490849   9.481229  350.227203  0.339091  2.009523       6.411180    999.298401 -104.721039   7.464132  0.817612  288.487762
301 -47.606159 -23.143080    5.116711  0.346012  4.025289       9.989325    660.333862  188.432693   6.681884  0.541291  441.706421
302 -50.460339   7.198986    0.824527  0.295395  2.799649       8.949614    710.382690 -165.241776   6.530993  1.555695  439.463135
303 -47.593632   8.690569  349.309631  0.342465  5.981488       5.674595    931.342041 -136.155350   6.440329  0.920367  281.831879
304 -45.871117  -9.967519  345.158234  0.339705  4.929714       8.110667    637.719788 -191.891693   8.268146  1.930092  340.657318
305 -36.432312   8.820492  341.287262  0.348069  1.995881       9.552746    440.147064  -43.197868   7.445561  0.837178  278.307251
306 -47.380051  19.586119  357.795898  0.334035  4.164219       4.915796    931.331360  130.726273   5.146359  0.676550  314.812561
307 -49.546867 -20.256229   16.198391  0.349502  5.150533       7.382348    985.828369   38.282383   5.805958  0.805605  290.384460
308 -49.127258  -2.501900  358.349609  0.269975  3.258217       9.919174    651.105957 -148.678223   6.625482  0.857564  304.847626
309 -50.148006  17.382301  356.455475  0.332490  3.840658       5.966848    931.958191 -149.878571   6.713708  0.756750  441.105652
310 -43.451275  25.877052  349.351257  0.289416  4.568792       8.926692    877.664185 -135.056015   5.345528  1.887944  284.414154
311 -36.910103 -28.625664   16.362957  0.316493  4.307324       8.855014    567.446899  -92.125374   5.032922  0.816137  306.516479
312 -42.095242  20.578300  340.511139  0.327885  1.255401       6.676035    741.532898 -125.602798   6.385959  0.373890  302.002777
313 -54.781467  -5.668252  353.953827  0.284664  4.340245       8.461384    943.149414 -225.050049   5.891496  0.988148  341.709564
314 -46.646980  -3.911165    5.422299  0.327687  2.524830       6.844424    852.037292  122.873421   6.855026  0.773963  266.150940
315 -43.072193 -13.523349   14.348228  0.289844  3.746727       7.463595    724.175110 -174.110535   8.887221  1.528500  315.583069
316 -53.818726   2.521324    4.498610  0.275959  4.848218       9.346831    958.818115 -166.399872   6.274659  1.710323  330.705841
317 -42.464062  -0.175796  356.660217  0.346940  5.692273       6.933341    640.235352 -197.413651   6.668516  1.116168  401.855927
318 -49.034256  -8.061181  357.544678  0.273377  4.406693       7.253018    882.535706  -65.783516   5.744104  1.228500  308.310791
319 -46.081966   7.571634    6.956261  0.284907  3.180186       9.432188    656.380188  -81.345711   7.190671  1.635160  279.815399
320 -50.390503  11.904215  351.540253  0.323276  4.683879       8.111261    799.014038   28.593981   6.521297  0.599272  364.246460
321 -46.036518  16.326061  359.022400  0.309763  3.501371       8.644369    716.555542   47.187729   6.574656  0.918739  295.298523
322 -51.376678  -2.130630  353.729279  0.320949  4.682296       7.195689    964.319580  -70.039734   6.331873  0.853260  304.901459
323 -55.468868 -13.227668    4.866454  0.345736  4.106564       7.448935    948.214844 -243.635315   6.742924  0.404620  340.906036
324 -52.245975 -10.604141    8.283436  0.303480  3.822969       8.974861    718.587830 -176.908310   7.100526  0.206304  374.424988
325 -54.865280  -4.807468   10.820433  0.311083  4.082519       9.020955    947.825989 -212.206161   5.710269  1.186711  416.822968
326 -50.330437  -5.657782    3.748679  0.336818  4.089818       6.709594    846.386963  -21.156660   6.291045  0.446883  416.932098
327 -47.842449  13.109176  345.652466  0.337963  5.310516       7.996482    928.318481 -191.474762   5.452949  1.618257  322.833954
328 -45.777252  18.180174    2.111668  0.338246  4.448707       8.019942    704.752441 -114.246346   5.868890  0.928258  269.084320
329 -47.229256 -18.985008   14.700583  0.310479  5.330920       8.963283    789.676636 -155.311737   5.864711  1.074691  345.115662
330 -42.166077 -21.348873    8.550230  0.340967  4.949359       5.520789    911.298462 -234.558426   6.689284  0.984170  338.668610
331 -51.797939  13.444623  341.896149  0.302356  2.794626       8.791410    990.787170 -173.415390   7.034153  1.699071  355.566223
332 -54.719387  15.504097  353.108917  0.249744  5.251325       9.967401    954.149414 -238.060425   7.003243  0.752860  279.295227
333 -42.805489  15.254959  345.551971  0.347231  3.685452       5.991492    883.415039   19.183689   5.484940  1.444496  323.613678
334 -46.398994  13.100144  356.084442  0.345393  4.654582       6.911547    827.863037  -82.370323   5.129908  1.158066  306.301819
335 -42.616043  -5.372271  357.506927  0.277021  2.439567       6.748002    766.822754   10.743656   8.030313  1.811992  333.234802
336 -35.195518 -19.800634    0.503973  0.321100  5.207513       7.338857    501.399384 -139.101318   5.827655  0.745165  338.827240
337 -49.987419  10.459967  354.992188  0.286895  3.662879       9.494420    687.429016 -216.104492   5.557696  0.256853  253.567581
338 -46.342609   1.241570    6.701945  0.313196  4.230502       3.645922    959.967773 -229.631241   6.007305  1.156013  396.734741
339 -46.313393  17.812691  347.514069  0.325958  4.585812       6.981225    855.757935  223.435242   6.873124  0.691362  296.255737
340 -47.425709  15.894216  336.746399  0.318289  3.068316       4.638680    919.301941 -169.370575   6.611852  0.724338  397.527069
341 -43.150108   8.827110  356.420685  0.330762  3.894851       5.156689    884.162720 -140.743622   8.693353  1.914779  435.405426
342 -48.203690   6.138571   11.580698  0.347623  4.053986       8.039123    802.929932  -35.894806   5.881938  1.811820  359.958740
343 -49.600990   7.180700  343.300232  0.303428  4.154860       9.638775    639.130676 -192.308609   7.162896  0.706565  397.240387
344 -52.046257  -2.838788  351.196838  0.262375  5.140520       9.195699    863.867310 -107.791489   7.084603  1.673622  336.385559
345 -48.525307 -12.278649    2.662135  0.325764  3.500896       6.978004    837.825500   73.322357   6.274091  0.785056  373.284882
346 -47.484299  10.423937    4.727893  0.348332  4.178623       5.690820    922.291748  -44.381718   7.488109  1.083697  386.380341
347 -47.864681   1.814871    1.556757  0.273011  4.388603       6.957125    836.364014 -196.342819   6.918821  0.885394  253.263550
348 -37.489647 -15.544947  352.392426  0.338647  5.949316       4.774958    696.207886   61.687023   6.524308  1.401613  336.064667
349 -49.949127  -4.173187    7.440997  0.325293  2.256252       8.706591    779.208557  -16.509344   7.669245  1.466958  365.806213
350 -53.708488  -3.552690  358.745514  0.283741  2.053070       9.682723    876.828918 -110.564117   5.876288  1.531301  435.411316
351 -54.355350  19.768782  355.280975  0.293787  4.763274       7.752892    962.357483 -193.839355   5.167999  0.527423  356.365997
352 -44.633934  11.706698    8.464248  0.346749  5.769083       9.197000    602.209290   69.261604   6.625341  1.272168  293.435364
353 -50.111618 -11.281139  356.258453  0.323232  4.964262       8.102690    933.138855   41.331787   5.598123  1.452031  332.412231
354 -53.979237  10.425645  355.158661  0.272418  3.782785       8.955067    930.876465 -186.234406   5.205866  0.908478  300.292938
355 -45.620678   1.798512  341.672089  0.346006  5.327565       8.128479    663.741882  -85.682274   7.680605  1.835778  306.867249
356 -47.832550  -0.026596  346.740173  0.320664  4.654476       7.880117    795.258118  -20.104176   5.420087  0.989228  268.079468
357 -41.908195   2.778371  351.129608  0.304956  1.614205       8.125459    560.659241 -241.198257   7.409643  1.254657  438.579742
358 -49.843143  11.729542    0.579186  0.329007  5.265051       5.679998    898.671753   29.894264   5.184219  0.496778  278.538971
359 -51.811588   5.133792    5.180403  0.276165  4.195725       7.920476    836.541077   26.868156   7.402163  1.088479  380.213409
360 -51.956947  -7.074723   14.047138  0.342229  3.570807       9.078803    745.285461  -70.930283   7.266831  0.325176  352.126190
361 -49.381203  -6.283189    7.867758  0.282376  5.381387       6.442029    985.833557  -53.502728   5.473131  1.225932  323.754059
362 -47.245235 -12.305816    0.920088  0.320565  2.794669       8.264492    921.002502 -115.022568   6.452751  1.624098  309.208221
363 -38.574726   2.157210  358.318787  0.333299  4.472356       7.401538    546.501465 -132.842896   7.959763  0.528683  263.396393
364 -48.623566  -7.425122   14.357354  0.343198  3.280296       5.657931    903.274780 -132.420456   6.500054  0.859713  333.910370
365 -43.754894 -29.287632    7.627120  0.322779  5.695427       7.464612    923.568176   51.140068   5.308629  1.661817  294.190002
366 -47.326584 -16.069763    3.054190  0.283879  4.768869       9.922028    650.027832 -191.057938   8.183362  1.473004  312.224670
367 -44.206913  -1.704455  355.822754  0.333280  2.076756       7.855721    639.075378 -231.103806   8.324555  0.725804  345.609863
368 -49.317703 -17.038879   17.630766  0.310516  3.731557       6.083652    943.991455 -220.493393   8.241835  0.791150  386.448761
369 -46.468487 -22.171356   17.460051  0.312309  5.337767       7.714334    865.615540 -139.816116   5.918085  1.819574  403.607208
370 -56.446201  -2.002260   14.054166  0.338610  5.196995       9.008930    906.818481   95.482765   5.649250  0.367582  252.143875
371 -41.950634 -10.025037  359.766693  0.333496  2.128921       7.829138    607.245544 -132.401718   7.996927  1.116159  371.896271
372 -53.451813 -16.620628    4.893710  0.308856  5.697640       9.541268    837.610779 -231.118927   7.395972  0.775314  415.790344
373 -49.810570  11.412590  344.754181  0.296235  4.617126       9.553809    901.315674 -146.131775   5.839198  1.931904  308.391632
374 -46.917538   5.809437  350.427521  0.336505  4.918734       8.265965    740.118774  158.321335   5.566914  1.736722  354.912781
375 -46.199650   9.685881  340.408264  0.318431  5.172275       6.653351    858.925415 -129.948105   6.826500  0.980694  257.867004
376 -50.885487  10.888056  359.712494  0.323957  2.911834       9.403289    759.410156   61.646366   7.680354  1.325217  439.957092
377 -49.815498   4.550340    3.130875  0.327990  3.327509       9.382443    731.215027   45.078392   7.197715  1.160104  386.054352
378 -46.445580 -28.653193   19.267647  0.306434  2.868254       7.782413    978.433594 -240.300812   7.981650  1.239987  392.806213
379 -50.498158  14.032934    3.531208  0.283487  5.937226       7.621702    918.216431   69.374046   6.245288  1.017830  275.170685
380 -46.667301  12.815720  352.054565  0.313504  4.448354       9.931512    595.719421 -243.604248   6.677975  0.876033  437.849487
381 -53.934822  18.413532  357.356049  0.319144  5.334398       8.975652    903.410217  -98.176361   6.635939  0.412891  347.107452
382 -55.858364  15.881639  352.430267  0.340953  4.989391       9.814534    920.855530 -239.895996   6.284156  0.814452  357.572083
383 -40.438194  28.780691  345.325073  0.323308  3.386003       9.124911    660.415039  -67.436615   6.093605  0.993070  273.545441
384 -51.073898   8.684953    6.218514  0.346030  3.153782       8.588187    799.540955  -39.008003   6.266172  1.016921  391.526306
385 -58.455044   3.321543  359.404816  0.320353  4.948075       8.610691    994.431946 -190.183273   7.022797  0.395046  389.553833
386 -45.834305   4.604057  351.323639  0.307117  1.225290       7.491699    721.269165 -214.548203   8.996913  1.017342  371.718201
387 -53.809849 -14.154596   12.223922  0.348744  4.675785       8.191458    932.533936  -83.349861   5.256073  0.588098  367.434906
388 -54.672302   3.959571  356.964539  0.293489  2.250983       8.358156    930.588623 -230.183411   5.891546  1.461628  442.658875
389 -39.518761  15.675633    4.151630  0.347908  5.411546       3.451845    777.294067 -242.576324   7.229328  0.934761  387.936981
390 -47.299580   4.348804    3.547302  0.286761  3.711347       7.322788    746.005676 -248.410690   6.855477  1.563524  409.346222
391 -46.098965 -21.281626   13.383567  0.323709  5.839562       8.442181    785.633789  189.811356   5.018464  0.853499  304.240692
392 -54.807484 -19.199530  355.181976  0.340352  5.513729       7.786856    959.213135 -122.422630   7.443188  0.774482  388.280731
393 -43.850479 -10.444207   14.745225  0.303686  5.051528       8.101643    585.979858  -66.928810   6.786172  1.298514  447.567474
394 -53.979141   4.268182  349.755951  0.344402  5.094036       9.357930    927.406372  -67.852135   6.696734  1.637486  363.690857
395 -41.526825 -11.215754  352.843262  0.321883  4.428432       7.256467    683.130615 -185.263184   6.239610  1.581598  330.964325
396 -55.723064   3.485683    6.713256  0.334835  4.766445       7.524769    990.269592   81.713501   7.311041  0.869844  407.330170
397 -51.675819  11.725916  351.763794  0.295004  3.892240       8.624553    839.465088   72.100243   6.580262  1.209317  437.465515
398 -51.047832   9.998271    6.298895  0.331201  5.492728       9.312198    715.074524  -14.636088   5.789986  1.132052  395.967773
399 -46.015045   3.406276  356.450470  0.343680  5.570065       7.157620    987.365967 -203.734467   5.737346  1.697870  267.276672
400 -48.091236 -33.175369   12.831502  0.338838  5.387698       7.877557    903.198975  107.123886   5.925281  0.482940  406.490601
401 -48.312752   8.322783  358.300629  0.298978  2.641812       7.134777    789.278870 -144.419571   6.692947  0.933781  392.750366
402 -47.700397  -4.100013    5.923767  0.269821  4.038785       9.280567    581.870178 -224.474380   6.671950  0.412525  430.291565
403 -47.507484  -6.599833    1.665476  0.326364  4.009933       9.329756    749.603455  148.840164   6.197219  1.617290  311.655548
404 -48.729713 -24.253325   11.989784  0.333244  5.458447       9.837500    844.362732 -225.715088   6.732753  1.199124  296.368805
405 -48.458561   6.982691    9.361682  0.339287  4.952043       8.475609    852.005066   37.419453   5.422178  1.335017  260.992157
406 -43.197426  -7.894011  356.465912  0.309649  4.262941       6.392848    728.454346 -221.173004   8.971180  1.170507  357.443237
407 -46.736717  -0.946606  357.683502  0.311300  1.772344       8.339581    834.316040 -243.773834   6.528626  1.581379  252.858276
408 -55.038555  -9.865780    8.271825  0.325949  2.750536       9.487838    993.010742  130.265625   5.147192  1.051800  370.994568
409 -49.733086  -6.192001    3.005287  0.295800  5.480330       8.579563    847.905701 -110.943710   7.956039  1.761176  328.843201
410 -44.206135 -15.688787  350.762726  0.318987  5.583966       8.980120    518.787048   28.363981   6.359106  1.746811  408.096710
411 -49.689453  -0.898309  352.562744  0.335348  2.402340       8.751132    752.510498  -26.541454   7.004744  1.093790  413.230682
412 -46.538280 -17.979803   20.177673  0.296710  3.654032       8.499823    758.707458   -3.309862   6.613689  0.604920  308.925354
413 -54.900169  10.649683    0.477364  0.313773  4.683132       9.185903    983.893250 -127.990250   7.876282  1.474899  393.307251
414 -50.695343  16.934385  348.953339  0.340436  2.189229       7.627630    852.821533 -108.258324   5.462306  0.823367  379.345581
415 -50.358505  -0.251042  356.943115  0.279771  5.827971       9.418622    862.972961   10.562557   6.022417  1.424961  285.396851
416 -38.839645  23.447794  338.043579  0.308720  3.137877       7.345663    663.726379 -181.419495   7.046480  1.875301  406.606262
417 -52.185970  10.372602  348.329742  0.286153  3.773067       9.621188    972.541504 -239.469086   5.932079  1.883028  300.655060
418 -53.413643 -13.385205  357.925598  0.329108  3.112377       9.273100    914.042053    3.140357   5.322288  0.920597  296.757965
419 -48.434353 -33.202633   20.558702  0.336121  3.510903       9.344325    849.696960  -20.164358   6.948061  0.429758  437.942169
420 -48.108253 -16.153011   20.173264  0.314799  5.502419       7.779955    755.879883  -70.171173   7.366939  0.277452  258.252136
421 -49.700176  -5.052478  359.541229  0.272704  5.684172       5.679343    976.258057 -129.045135   7.527212  0.792472  281.010010
422 -49.043602   5.435016    0.861917  0.338356  2.141086       7.211900    882.775330 -156.793442   6.814723  1.144490  394.853821
423 -39.728214  24.644312  347.865356  0.343408  5.195891       8.446247    581.355164 -196.348724   5.860689  1.505484  389.174835
424 -50.913570   3.449147    6.414433  0.320631  2.673532       9.704823    772.946350  -26.058189   5.644652  0.775465  295.943909
425 -51.217342   5.849136  345.632294  0.332140  5.245961       8.404733    787.825378  -83.202362   5.206779  0.649290  338.354553
426 -40.735554 -17.306782   12.378386  0.286058  3.268865       7.469532    652.398621 -183.026535   5.381284  1.194548  354.488525
427 -55.246380  16.247633    6.051141  0.340671  5.662312       9.697920    800.281067  133.942352   7.072650  1.088811  436.171661
428 -43.727840  26.030973  340.399658  0.325112  4.427956       7.338210    905.951416 -110.484634   6.410394  1.301414  326.891083
429 -45.863655  19.305935  354.728058  0.309559  5.367425       7.438840    846.367859 -221.402512   5.310875  1.009574  319.368622
430 -47.761002 -23.998184    7.465554  0.322219  3.576773       7.020215    950.547058  -77.378082   5.632507  1.922700  446.697540
431 -45.915867   0.299172    1.799440  0.299700  5.003027       8.139998    774.980774 -203.111481   6.993245  1.822088  319.929779
432 -48.723515  -7.540265  350.538757  0.347879  4.609053       9.487109    661.286987  -93.869743   7.033492  1.811869  373.343292
433 -56.914455   1.532974  359.469543  0.265478  1.394512       8.973700    985.356567  -39.432320   7.200897  0.731579  358.246796
434 -53.072571   5.393267    8.523658  0.330917  5.919395       8.702813    921.480225  -55.930027   5.351644  1.956356  394.375336
435 -49.856846   3.718385   11.922583  0.346300  3.957659       5.312487    953.125549   76.052505   7.278348  1.049206  364.616211
436 -49.109688   5.451787    2.487069  0.316712  4.898753       7.295549    757.117249  -45.245533   8.282454  0.709995  386.321289
437 -48.544731  14.995328  350.649780  0.347283  3.659237       6.014858    848.859924 -187.995865   6.914971  0.252546  296.431580
438 -48.583878  -0.329225  358.236755  0.335827  4.437084       7.478189    732.786255   80.176056   5.608019  0.428050  443.591187
439 -50.407711  -6.421038   12.959101  0.348316  3.563504       5.778816    938.331909 -125.801804   7.029729  0.973384  385.651917
440 -50.473648   4.512349  356.037842  0.325373  2.118520       8.388280    760.545288 -234.436813   5.684324  0.958731  388.338379
441 -51.327953  10.597528    0.513810  0.285596  3.890936       8.386603    928.307373  -49.023609   5.727969  1.804099  363.936371
442 -49.925610  -2.538886  352.959076  0.327266  2.073363       9.798542    731.157104 -247.975464   7.582498  1.275795  311.593750
443 -47.552521  10.385428  352.045593  0.307813  1.728957       6.380443    887.845459 -131.601852   7.901572  1.133085  322.635803
444 -45.315495 -16.050692    4.264914  0.307501  5.852171       6.313722    896.897644 -204.883804   5.862475  1.839705  366.256622
445 -40.616055  -0.266494  354.966797  0.320206  1.906838       5.946817    737.212952 -152.048920   7.625416  1.503767  384.708038
446 -46.474957 -17.037720   18.502104  0.325137  3.486554       8.986036    770.084351   67.979179   6.740770  1.478111  321.591461
447 -46.788624   0.124513  353.104614  0.345164  3.328554       8.005373    665.229187  -95.645111   7.490712  0.421772  372.405853
448 -49.909004  -2.324566    6.599020  0.305088  5.834793       9.524164    813.156616   11.038060   7.008715  1.821473  323.227081
449 -49.402519   2.880315  355.916016  0.303610  3.925583       6.630408    836.243469  162.872025   5.888767  0.607099  323.622894
450 -51.988438  -2.613996    8.788413  0.321324  3.512938       8.778549    986.792847 -247.795013   7.293333  1.581709  322.463928
451 -42.193836  19.399584  356.050751  0.346360  4.554410       3.638671    931.496521    6.115314   5.490992  0.870085  319.839111
452 -46.362865  26.049219  344.346039  0.310323  4.973306       9.426183    736.033264   -8.650949   9.334130  0.897311  364.652222
453 -48.665852  10.778630  353.561676  0.329581  2.687092       7.314684    880.707825  -98.056175   6.616396  1.542771  449.239685
454 -46.801163 -16.151619    0.634646  0.344182  4.224826       6.909193    766.344788 -168.708542   7.281620  1.107162  400.737640
455 -51.501152  -5.669558    1.910718  0.331459  5.275754       8.808222    863.931824  109.701332   6.872474  1.220232  345.257690
456 -50.116730 -12.210712    6.840741  0.326615  1.326003       8.122696    865.731750  -32.972637   5.613977  0.923625  322.378204
457 -50.628525 -12.904996    0.745812  0.312827  5.596344       8.739402    953.662415 -244.787979   7.765060  1.281376  265.872437
458 -41.492138  -3.879957  354.639374  0.342866  2.809627       7.338328    647.307556 -226.209991   8.345536  1.476340  330.002686
459 -48.555500  15.802462  344.259094  0.295689  4.723628       6.360604    922.780090 -221.734009   7.440419  0.721053  272.669159
460 -45.780884  -4.671241    8.369124  0.343251  4.125989       7.727938    874.366699 -117.691643   5.982869  1.542935  253.488388
461 -38.460533  -3.703952    9.050071  0.309630  2.712441       7.566253    536.649536   21.357761   6.530675  1.024543  342.249115
462 -51.281357 -11.806990  355.697235  0.328854  4.667278       8.678317    890.464905 -247.435791   5.415213  1.801615  392.064484
463 -59.141968   7.108686  358.344696  0.334135  5.764722       9.265469    972.895813   20.413212   5.960225  0.433904  391.995361
464 -50.469025   2.758313   11.191888  0.298835  5.763579       9.041354    865.452759 -125.637756   5.947276  1.393823  273.029846
465 -46.943081 -10.403740    8.115706  0.276479  2.896819       9.569309    621.825928 -121.413628   7.076522  0.559954  339.167511
466 -46.110104 -18.768900    0.984153  0.339858  5.846292       8.648500    647.072632 -177.391891   5.890276  0.751762  347.245239
467 -49.357571 -18.570324   15.527040  0.320655  5.268959       7.097614    916.954407    3.459305   5.746891  0.437411  273.483490
468 -45.282070  16.394709    1.983553  0.299080  4.004550       7.781891    824.277893  110.265373   5.317882  1.318308  255.084183
469 -51.812271  -6.830217    7.968370  0.341522  5.981958       9.727033    785.111389 -113.337822   6.403110  1.127482  369.570862
470 -54.105007   2.591704  356.534302  0.329656  1.114415       9.278827    916.302490 -123.023788   6.456491  0.841405  275.888763
471 -45.657143  25.278784  349.095490  0.287545  4.424881       9.302174    675.321655 -120.402992   5.174692  0.516016  264.054016
472 -40.676636  17.925970  346.438873  0.297773  3.774782       7.027944    639.943359 -168.017380   7.155118  0.490314  348.805237
473 -39.916100  -4.115077  343.226013  0.317421  5.667265       8.069766    492.903809 -246.577286   6.737855  1.171643  437.426453
474 -52.472324  15.245013  348.978851  0.300589  2.728764       7.538361    981.954773 -156.679825   6.790201  1.274612  402.948090
475 -46.905964 -27.322176   18.240860  0.301108  3.448266       8.520134    867.299194  -97.102745   5.877213  0.555199  307.518372
476 -43.638962  15.788629  351.389679  0.321871  5.591319       7.472911    867.705750 -238.504349   5.608860  1.657838  274.039337
477 -49.145531 -11.219018   14.960535  0.345551  2.270529       4.977274    898.420349 -189.937408   6.996577  0.579547  449.189117
478 -50.127415 -10.304895    7.439952  0.319090  3.858174       8.363988    811.728516 -196.113297   6.662794  1.217693  416.695068
479 -45.585148   8.604464    4.308654  0.325300  4.489953       9.905783    618.016174 -123.413727   6.589793  1.955289  325.112396
480 -55.864380   8.775735  354.624756  0.333480  1.534202       7.497429    944.768311 -185.941681   6.640230  0.253504  377.633667
481 -48.774429 -17.730917   17.911812  0.332503  1.996997       9.658586    746.626038 -162.724091   5.447991  0.994837  300.350372
482 -51.263512  -6.579991    6.846071  0.288176  3.215028       9.450338    876.304993    8.983908   5.526248  1.605340  330.176270
483 -51.745502   1.178956  357.109253  0.348582  5.060831       7.795034    807.294861  -76.655914   6.727888  0.479535  253.934601
484 -56.249664   7.035650  358.271118  0.300562  4.687629       9.444831    969.773071 -187.840637   6.273789  0.988137  384.396118
485 -48.375511  10.849026  354.120544  0.310783  4.281666       9.369807    709.887390 -154.682114   7.720378  1.587992  373.117828
486 -54.255772 -17.066956   16.074732  0.343030  3.987936       9.043561    906.332092  -46.090179   5.929240  0.345210  298.551758
487 -49.346081  -2.637489  359.877991  0.328376  5.965580       5.913149    981.803528 -147.248291   5.414800  1.246542  367.527771
488 -41.059387  20.768999  351.599060  0.344833  5.124752       5.179342    872.983276 -205.529236   5.557017  0.989096  272.095001
489 -54.323269 -13.153682   10.463299  0.317789  4.179570       9.239082    844.428467 -237.424362   6.190554  0.728585  413.047028
490 -43.210121   2.668242  356.813690  0.335674  3.796235       5.894715    779.151184 -150.925491   6.301586  0.899704  361.490875
491 -51.916187  -9.735028    8.320752  0.258641  4.833890       9.407931    827.602844  -48.262203   6.792405  0.982707  329.266144
492 -42.779034  19.071857  337.358734  0.289332  1.451273       8.375629    652.457397 -241.886963   5.947375  0.554204  295.854156
493 -52.198013  11.218521  343.962341  0.279353  3.506166       8.983842    846.902161 -223.742401   7.393310  1.130911  397.048065
494 -53.925293   3.690732  358.231812  0.335083  1.755730       8.776856    972.236145 -177.144211   6.949316  1.034866  303.458832
495 -57.534931  11.626438  350.435547  0.301452  4.322429       8.482368    994.910400  -71.838692   5.479542  0.526711  440.999481
496 -50.229740   3.730995    3.348019  0.325476  3.653128       8.399588    899.852295 -246.767700   6.119302  1.697299  304.511475
497 -54.341232 -23.397902  359.736084  0.328702  5.994876       6.990552    999.224487  157.215485   6.513447  0.583372  386.708893
498 -56.088524 -15.146897   11.631993  0.312977  1.648351       9.756217    978.392700 -231.798111   5.559116  0.859311  399.925049
499 -48.132137 -29.426975    3.405704  0.342843  5.482081       8.172750    914.186523 -232.158966   5.213963  1.356207  353.347504
500 -41.747856 -39.725231    7.731073  0.341905  5.948622       9.784205    781.399536  -26.885284   6.823165  1.704106  326.595947
501 -52.574799  -2.185881  353.743744  0.284728  2.231328       9.749998    861.255676 -101.198204   8.586982  1.180682  287.129272
502 -47.674938  12.513028  340.651031  0.323593  2.074707       9.968043    606.335205 -147.150330   6.780886  0.214566  308.990814
503 -43.613750   3.506744  350.725708  0.346550  1.830295       6.569530    736.201294 -152.425156   7.531793  0.609509  266.004089
504 -54.641327 -12.868111   18.385746  0.345968  3.484646       8.558203    951.044678   41.889965   7.455369  1.134622  405.856293
505 -50.074661   7.908237  358.040222  0.332073  2.516981       8.626257    739.190369 -204.567978   6.247732  0.739586  445.083954
506 -48.135139   3.210431  354.621613  0.272282  5.282939       6.848976    936.600830  -35.114040   6.592214  1.819059  334.010254
507 -51.221806 -13.834266    6.217019  0.263087  4.488877       7.626828    936.804321 -229.330566   7.084742  0.888632  277.820374
508 -52.451492  -3.855179  349.677368  0.309188  4.206536       8.790442    956.543823    9.248545   6.309026  1.252867  321.861725
509 -48.502724 -15.608642  354.927551  0.289181  5.977926       6.730388    842.831421  -99.178406   6.308995  0.859531  276.708313
510 -46.929947  -2.061973    8.218678  0.322140  4.766156       7.273080    858.052002  -55.833557   6.921892  1.198961  325.468109
511 -48.435833  -2.161114  350.890320  0.347858  5.334857       5.969278    892.952942 -155.210693   6.123534  1.010150  307.388031