           lon        lat         inc      D1AU     delta  launch radius  launch speed    t factor       B1AU     gamma         vsw
0   -45.438854  -5.341684    1.995292  0.299767  4.637211       5.879184    844.919006 -174.089630   5.457520  1.126000  373.136017
1   -50.772121  19.270378  344.935455  0.300918  5.170321       9.538347    925.148987    5.965480   7.449122  1.560197  349.851898
2   -46.521122 -10.409433  356.527344  0.302567  5.579792       7.235778    816.298462  -61.756668   6.096780  1.298641  288.021027
3   -54.440914   2.848385  354.380859  0.340029  4.440928       9.069038    885.191406   -6.774834   5.676827  1.498964  402.806305
4   -49.931274   6.307655  353.580780  0.343387  5.365375       6.208584    946.948181   -8.658403   5.628117  1.202616  412.991425
5   -49.160782  -0.369350   15.505941  0.340090  5.681646       9.730421    712.279846  173.158371   6.080122  1.118945  311.777374
6   -53.347866  17.215433  358.618622  0.349127  4.993001       7.300721    998.208374   -6.350410   5.152426  0.788179  303.465088
7   -54.563251 -21.146881  355.471527  0.343088  4.068108       9.687805    931.685608   -0.704998   6.007951  0.811983  272.179596
8   -43.414490  -8.518856    1.272429  0.258201  5.291387       9.201315    540.411865 -158.384094   5.137981  0.805686  325.028229
9   -44.968441   2.539882  354.647583  0.346169  1.235492       9.330170    707.651489 -189.809952   9.240609  1.452414  321.162415
10  -39.853287  12.273220  346.825806  0.311962  3.983587       8.553346    621.039795  153.388519   7.884748  1.843730  339.925568
11  -43.015171   6.867001  340.242523  0.339428  4.323968       5.541423    832.887939  -26.700605   5.807236  0.993418  332.770386
12  -53.429699  19.113045    3.282458  0.317542  4.943968       9.668760    978.545959 -155.036682   6.499967  0.878096  259.683594
13  -29.043612  16.012207  326.771301  0.312233  5.471733       5.055642    586.265259 -117.976494   5.326639  0.606212  302.532990
14  -56.309372  14.344508    8.894025  0.348237  4.635928       9.142951    860.030640  -81.935432   6.206585  0.563625  314.353180
15  -49.721809  28.673321  342.159241  0.232794  5.465215       8.525491    960.476929 -211.238449   6.498333  1.597840  425.949219
16  -53.598160  -0.857067    4.494152  0.275713  5.027570       9.347074    989.046753  125.294052   5.140592  1.890165  339.765869
17  -50.231289  21.476065  353.481415  0.326547  4.859085       7.898808    914.894714 -236.010696   5.922980  1.019696  404.219849
18  -52.847252   7.989749    4.537815  0.301713  4.122770       8.891857    997.727600 -203.217514   6.097110  1.914009  299.934875
19  -52.980804  16.708349  339.309326  0.334859  3.627365       9.617510    774.717041  -38.150143   5.688587  0.410758  424.335205
20  -45.275173  11.143269  356.902008  0.309621  2.421421       8.330192    955.487549 -154.630737   7.764821  1.888423  295.747070
21  -42.723923  22.533474  348.261139  0.325640  4.752820       3.964390    857.663086  203.580872   7.562389  0.712536  344.990936
22  -55.444641 -23.701878    5.936155  0.312290  3.557546       9.689421    903.372070 -121.218956   5.326639  0.204446  297.660461
23  -45.773983  12.084775  329.277771  0.341571  5.553089       5.952211    722.477661  169.751007   6.031831  0.749948  394.738861
24  -53.343285  17.599491  354.009003  0.260369  5.326238       8.495432    919.640442  203.939224   7.439119  0.770005  370.433929
25  -41.952927  33.882694  343.498230  0.304155  3.834460       7.756406    845.199036  240.991531   6.472396  1.853514  398.408386
26  -45.991749  22.765694  337.340240  0.347736  1.799289       7.756762    825.873901  126.660767   7.310051  1.010195  392.666595
27  -43.375679  31.434330  336.984528  0.324263  2.938932       8.485872    832.617737  -13.032242   5.386610  1.158846  405.031219
28  -52.024818  10.786325  348.909515  0.309119  4.783866       8.499545    982.812134  -19.776318   5.282412  1.689699  399.868958
29  -45.484474  26.150499  342.021606  0.319144  2.169793       8.808432    719.687378  184.705795   7.001786  0.209583  336.383881
30  -49.371826  17.497187  343.441772  0.330017  4.178698       6.593045    871.675659 -187.639664   6.166242  1.019514  377.105591
31  -48.924217  12.643910  343.275024  0.324097  4.242699       8.690391    819.238525 -150.506302   6.436689  1.656226  437.260681
32  -34.041496  34.347794  325.144531  0.303647  3.540752       6.995661    850.146667  -65.710472   7.139576  1.470110  283.169159
33  -51.383621 -10.508164    8.242126  0.328659  4.504895       8.901331    949.803589  169.203186   5.892195  1.027926  344.943268
34  -53.574520   7.441607  347.200195  0.281345  3.903568       8.969623    948.622009    2.377576   5.402940  1.515127  347.957245
35  -52.917976   6.238187  355.184784  0.274950  5.321784       9.782898    736.945923   32.263100   6.391687  1.003312  437.406799
36  -41.245327  32.583492  321.575958  0.334515  1.721611       8.234487    733.067383 -185.778168   6.868126  1.225520  407.503510
37  -56.857227  -2.924748    5.058411  0.332492  3.019675       8.545922    961.941833  -91.635048   5.838215  1.004170  449.109192
38  -19.850771  48.309681  304.707703  0.336739  5.620826       8.181536    747.104126  -62.174564   5.601866  0.643208  270.273499
39  -51.133785  -5.568135    3.381645  0.278504  5.274057       6.895024    931.204834  167.657623   6.189353  0.738205  293.620453
40  -42.690235  16.649660  339.911987  0.315251  2.565432       6.770084    649.742249 -173.211761   6.306819  0.262328  391.249237
41  -42.549892  29.046450  325.543488  0.327234  5.245335       8.467506    972.101685 -161.266693   7.386540  1.517063  366.755890
42  -39.675507  18.178862  342.423523  0.281889  3.995562       9.338089    582.389587 -229.020645   5.275968  1.748755  254.918060
43  -42.979324  13.514199  344.581726  0.314549  1.266859       9.748371    498.165741 -229.021790   5.827467  1.862876  392.067627
44  -45.069828  22.444799  331.082245  0.325715  2.907688       6.914685    989.074585  -62.587070   7.363456  1.485773  331.298737
45  -43.552219   8.622552  333.269501  0.337758  5.959232       4.255836    887.541260 -183.640121   7.861346  1.021699  280.004333
46  -48.764412   6.263747  352.424347  0.309896  2.129849       8.485113    737.831970   32.787224   6.510922  0.857492  344.256287
47  -54.214935  14.637940    0.528470  0.276411  5.765613       8.070602    903.518738  151.749557   6.937502  0.704624  333.868958
48  -30.848703   1.233757  346.969330  0.348554  5.017676       6.445311    532.264404 -136.305695   6.825226  1.272715  316.998047
49  -34.591110  26.823469  333.660034  0.343120  5.945551       8.636600    705.630493   36.958969   5.671582  1.787181  297.226868
50  -49.022835 -22.290825   14.086371  0.323161  3.156340       8.186533    887.466125  -81.853638   6.914975  1.127357  397.829254
51  -54.712944   3.470685  356.878937  0.322368  5.846276       8.661301    951.087341   48.960960   6.223510  0.768969  384.323090
52  -39.629253  32.575832  349.145782  0.337332  5.008120       8.198362    682.307983 -122.574905   5.054254  0.970406  346.926117
53  -33.591122  26.160971  329.594940  0.323664  4.255693       8.759935    504.625183  -61.180141   7.763049  1.424700  367.090485
54  -57.651714  12.144094  351.914276  0.313963  5.276943       9.490164    992.184326 -199.753571   5.412375  1.009622  422.559601
55  -35.077370  28.083122  325.745636  0.315106  2.062891       7.242886    926.675171 -132.975937   7.032596  1.983921  251.626572
56  -58.632694  -3.786410    3.049381  0.295175  2.048558       9.072308    951.244568  121.343086   6.545349  0.521861  419.913940
57  -34.231289  25.901693  318.766510  0.322051  4.467494       7.336669    588.585571 -239.884613   5.938563  1.915029  377.485626
58  -37.297783  11.827598  346.448975  0.316530  5.433242       9.389534    589.690796  114.871750   6.146075  1.779912  312.415649
59  -51.651451  20.486187  353.984711  0.330884  5.913894       8.450844    865.424500  132.836121   5.552081  1.335176  413.784790
60  -29.848684  44.605446  324.250946  0.324205  5.192983       8.388317    933.474548 -167.600616   5.740691  1.970181  358.603607
61  -43.490913   6.893770  357.803925  0.308368  5.454567       4.936358    882.127380  118.266159   6.385401  1.161339  325.217529
62  -53.130096   7.924565  333.663483  0.298608  5.274124       8.544848    798.715576 -138.575729   5.425333  0.816546  275.532745
63  -42.819984  25.712448  324.924835  0.322575  5.933740       9.451796    766.844910   -2.786841   6.022417  1.624724  336.750336
64  -42.890671  -3.685884  349.199402  0.316088  5.657314       5.880906    649.252869  134.842957   6.362242  0.824576  353.161499
65  -52.637722  -3.782869  345.497864  0.347924  5.203116       9.669007    827.836731  205.828217   5.182960  1.259008  362.009857
66  -44.700081  22.007206  341.923065  0.315463  4.722976       7.334722    859.244263  -13.883615   5.538074  1.500669  447.926605
67  -51.516457  10.691666  347.236725  0.329294  1.831502       8.188509    923.827271   23.453035   7.516456  0.886007  312.229645
68  -29.158499  35.906883  320.622467  0.337872  5.414659       6.993160    625.492432 -158.361847   7.633535  1.061630  441.645782
69  -49.439861  23.924189  340.565948  0.309031  3.005393       9.835248    742.326111 -114.511421   6.684683  0.821227  383.677032
70  -47.426029  -5.648723  356.458191  0.322755  5.520804       6.954034    880.666016   69.206276   6.027201  1.611454  391.607239
71  -53.784298 -10.541751  356.132233  0.269210  5.542640       5.632660    960.294189   38.499855   5.961402  0.554752  332.744995
72  -53.767818  -3.127162    3.060346  0.337457  2.287721       9.924538    855.133789  -20.755964   8.267443  1.165289  270.731812
73  -51.247364 -29.079504    0.489230  0.307524  5.685149       8.275985    985.545593  -26.379435   5.079494  1.256081  351.989716
74  -39.636211  43.012634  337.332825  0.306013  5.040386       8.030423    851.979370  233.666672   5.365720  0.493941  296.079346
75  -48.778088  19.011702  346.725281  0.243734  5.228430       7.752938    798.511292 -218.942459   6.886594  1.045728  378.974640
76  -51.727123  -1.705110  342.014038  0.345454  5.434876       7.714841    730.219055 -104.876030   7.010723  0.996111  431.139069
77  -56.115604  -3.955185  349.347992  0.329846  5.870302       8.322248    913.135620 -213.755676   5.918422  0.762091  292.211853
78  -47.335995  15.745885    1.655508  0.327427  5.439686       8.283377    741.020935  152.762024   5.256174  1.177632  394.616669
79  -40.784771  20.190435  338.275299  0.349519  4.099638       5.772891    831.891968   -7.021069   6.377405  0.905134  364.224823
80  -45.628117  -1.992260    9.445661  0.302474  5.569022       5.943718    823.802368   49.505356   7.249404  1.063288  314.055786
81  -46.551598  26.318865  339.498901  0.289022  2.044038       9.296149    869.970154 -174.224838   6.340165  1.144825  360.376495
82  -39.699261  33.659878  342.716644  0.317265  4.638525       9.120905    789.921997 -243.393387   8.174055  1.267976  254.313461
83  -50.854576  14.354709  358.682068  0.347378  2.593867       7.590219    771.833496   18.104719   7.458391  0.623025  434.011993
84  -45.829929   9.043944  336.078064  0.341820  4.176662       9.722363    779.527283 -112.972839   6.875478  1.371173  251.822327
85  -49.751640  12.206937  358.822357  0.230355  4.607430       8.454408    763.183289   54.065346   7.536271  1.355733  332.545532
86  -52.883869  -1.958382  354.177551  0.324091  5.653601       7.726016    746.363037 -232.169434   6.470385  0.256823  265.577911
87  -45.550343  19.701576  337.775696  0.308060  4.515860       9.218085    745.540039 -142.288239   6.131529  1.497387  339.178528
88  -48.567387  21.487234  345.737671  0.337596  3.850527       9.762633    787.015564 -190.303467   6.820768  1.926650  380.418396
89  -36.664062  20.808819  340.215027  0.326140  4.075312       7.946124    581.808838   28.865711   6.794153  0.324702  391.815674
90  -50.586025  17.411467  345.711365  0.325565  2.245217       6.561458    935.221863 -167.747055   7.099135  0.656686  425.351166
91  -47.429771  20.226933  355.222900  0.278480  4.494989       8.762820    784.225586  157.226471   6.073211  1.222377  313.670410
92  -54.610493   0.358510    4.828307  0.320056  5.181418       9.360149    817.332458  239.851517   5.625947  0.665843  407.211426
93  -46.415699  23.902555  325.296844  0.316996  5.008941       9.570308    617.136536 -218.496338   5.744254  0.599805  307.398865
94  -28.224665  -0.021509   22.065599  0.323395  4.929043       3.014789    664.446960  216.045517   7.384771  1.233770  292.439789
95  -49.147644  20.714550  340.939117  0.346010  4.758160       8.926009    750.840088  111.960472   6.694667  0.595987  395.805817
96  -37.015285   9.204772  352.736755  0.328490  5.026629       9.378050    418.194794 -203.052765   6.340483  0.498688  440.044250
97  -42.001614  -2.955243  355.925629  0.296814  5.789801       7.363632    692.713928 -137.348709   5.731178  1.665565  324.708221
98  -50.522114  -6.774797  352.456970  0.305543  5.185691       9.129155    726.670959 -161.576706   5.224704  1.118786  363.437592
99  -47.298347  20.417768  344.515961  0.322042  2.664575       6.686930    933.106567 -129.285370   5.226271  1.896670  402.494263
100 -54.145191  14.739688  336.504395  0.347627  5.367739       9.279290    922.191833  118.311981   5.965100  1.047659  297.581146
101 -49.473289  17.499928  341.532135  0.317065  1.688691       9.592381    953.945862  -22.931257   5.816262  1.501535  295.960236
102 -52.580341  16.090487  332.099823  0.321886  5.882182       7.518316    844.357300 -230.189697   6.017705  0.377063  290.939941
103 -53.337379  11.321630  354.166504  0.310241  2.704433       6.652103    992.836609  115.108147   6.188984  0.829296  385.772247
104 -49.319187   0.511418  354.700806  0.315901  5.978207       9.392858    613.243530 -229.954117   5.323781  0.713310  314.514771
105 -46.633507  21.173857  341.290985  0.271800  5.212057       9.210090    756.704712  -91.587471   6.328783  1.065067  301.413361
106 -48.409565  -3.583230   19.931742  0.328325  4.020835       5.515987    899.909973 -184.290405   6.001638  1.880514  393.190826
107 -34.132656  13.636950  334.239258  0.318387  4.095716       7.050215    532.792847 -237.041580   5.462093  0.349050  419.731293
108 -40.057526  27.348244  329.344238  0.291617  2.900072       5.935481    926.791504   19.928659   6.092669  1.218567  252.458527
109 -43.159218  16.759541  349.245117  0.289864  2.846525       8.034868    951.932800    4.470932   5.079750  1.845729  253.681992
110 -43.315762   1.871991  354.629211  0.335662  5.439312       6.949382    717.318054   26.342724   5.607130  0.677302  323.841644
111 -47.804264  13.106883    7.464049  0.297417  5.246660       7.057559    797.182739 -122.291504   6.551888  1.579506  324.261719
112 -45.088074   9.455157  333.492859  0.336332  3.407585       8.303615    655.352966 -172.847702   6.499840  1.794798  355.079895
113 -49.198208  -0.952707  336.548340  0.349126  5.890872       4.406537    777.810242 -226.394714   5.915137  0.468987  286.400909
114 -34.377960  37.336346  330.300842  0.314644  4.485637       6.846992    893.106201   50.244442   7.392303  0.841844  280.200867
115 -45.803860   5.693549  357.417267  0.345029  3.900757       4.117872    897.635559  146.048462   5.767659  1.143663  395.468445
116 -47.822857   4.083145  342.837433  0.322174  4.339782       9.230104    610.266724  -82.725739   8.756839  1.158293  342.551086
117 -40.530293   6.849821  354.001373  0.348129  3.798594       6.205070    657.174255 -175.278946   7.645776  0.558675  329.811310
118 -51.787991  14.684945  346.962463  0.344892  1.721390       9.362798    816.891602 -196.951233  10.151220  1.179644  383.190887
119 -45.993687  26.424669  339.048950  0.300729  4.752645       8.111703    903.723328  -23.763546   7.551436  1.309631  313.645416
120 -51.303982  18.108759  350.103210  0.338753  3.327159       8.331974    909.174561 -196.499893   6.535290  0.621117  382.072662
121 -48.987072  -9.362728  359.495728  0.303758  3.469604       9.509769    727.696045  -56.765278   5.279481  1.707449  374.151794
122 -53.271557   2.384363  344.892487  0.337784  4.618030       6.290178    904.385681 -158.566589   6.981482  0.893686  427.077057
123 -51.279991  22.177801  351.259583  0.237963  5.385124       7.943994    974.531921  -70.853050   6.206049  1.276239  362.867279
124 -49.790478   0.929814  345.656799  0.305967  4.237476       6.663182    897.635193  -81.328468   7.523448  0.906916  254.425003
125 -37.700836  -1.951814  348.416992  0.298885  3.823157       8.492779    434.160889  -56.081951   7.632208  1.894326  441.854065
126 -57.569042  27.293699  339.324768  0.271439  5.127445       9.906643    943.709473 -246.829315   5.885907  0.236201  377.680420
127 -49.983822  10.511080  349.703156  0.326427  4.818562       7.784305    977.277466   77.901031   5.222694  0.882523  263.565643
128 -47.881622  12.516623  345.445129  0.307534  5.872554       9.564293    651.321472  151.869385   7.551579  0.305227  417.356323
129 -41.871716  -5.167575  352.112030  0.310557  2.555233       9.719810    532.240173  -68.214233   5.251350  1.007512  270.116241
130 -43.452782  -4.172295  340.256775  0.342092  4.515171       7.843325    654.998962  171.771774   5.436721  1.993962  273.235901
131 -48.291023 -11.184332    5.352246  0.346160  1.447786       9.618414    735.190063 -193.291641   5.076581  0.938517  309.575623
132 -50.797916  12.183303  355.985809  0.293822  5.558879       7.891740    844.023621 -175.679642   7.198232  0.561297  329.968597
133 -50.959824 -10.061296  355.561890  0.338525  4.857627       8.352422    815.542114  221.381363   5.495791  0.495371  318.506348
134 -41.689167 -28.675545   38.410751  0.308092  4.811648       9.325708    579.634033 -135.489212   6.885431  1.226482  430.551514
135 -36.754166   7.041765  352.616364  0.340091  4.371402       5.469232    785.930237  -44.667244   7.623528  1.134793  281.036774
136 -54.558762   6.913120    2.342041  0.319463  3.850163       9.856527    867.876648 -214.617569   5.786122  0.697587  382.783997
137 -47.930370  19.202801  349.579102  0.334427  5.658605       8.707322    762.846558   -2.105390   5.893266  0.669226  405.909729
138 -44.523182  19.965343  341.041046  0.323553  2.407651       9.192034    670.106323 -187.132568   6.657665  0.556086  272.492554
139 -44.326984  23.919592  337.452301  0.251710  3.449508       9.723321    808.187012 -180.354813   5.677645  1.833635  282.444458
140 -21.754742  16.035320  345.179016  0.330796  5.868442       3.300008    637.893860  226.752930   5.574210  1.784680  385.091278
141 -20.921656  51.387444  316.918243  0.347185  5.457807       7.996766    779.985291  177.858856   6.633998  0.349017  348.497437
142 -43.344570  22.003483  332.677490  0.292939  1.936314       6.562064    835.716248 -180.272141  10.203322  0.775327  270.850708
143 -49.700546  16.769276  345.434021  0.339009  2.721263       9.632374    755.250061  -73.225494   5.292511  1.027167  425.077484
144 -50.016731  23.258865  339.879364  0.339361  3.659313       8.172498    787.457031 -106.758820   8.051031  0.815361  413.337067
145 -47.999882   7.316704  346.686890  0.325685  5.529360       8.678035    800.655396   44.070057   5.473854  1.016438  306.255249
146 -46.487846  32.954548  339.948059  0.271801  5.398546       9.421486    912.059875   17.489435   5.586724  1.768113  358.965485
147 -41.590179  16.865643  344.578247  0.312007  3.782366       9.055301    624.978271  135.295990   6.924418  1.978560  358.395416
148 -51.430763  -3.081969    6.780137  0.329354  5.611012       9.652420    702.073792  -11.050412   5.330965  0.525607  375.377167
149 -42.585102  -4.160333  351.782715  0.296347  4.868851       7.119565    568.130066 -172.270050   7.278737  0.522970  332.397797
150 -53.065033  -2.100142  354.981659  0.317015  2.861960       9.273621    844.262451 -107.588768   6.701277  1.313993  395.019348
151 -34.594284  40.861359  334.550964  0.348316  3.709653       9.832991    685.857422  132.745224   7.381167  1.257854  307.787781
152 -39.997066  26.751865  334.555603  0.292069  4.710678       6.420136    870.125854 -167.440353   6.106527  1.702991  362.849823
153 -52.405506  12.172624  339.228180  0.270164  4.558689       8.733477    898.913757  -53.871059   6.104870  1.194090  290.145386
154 -55.021259  23.402699  356.287231  0.302559  5.726067       5.861284    966.771729   12.414944   5.423222  0.214489  398.601837
155 -45.322838  22.244259  336.143188  0.276675  2.993317       9.862237    565.676208  -96.725861   7.377712  1.353301  434.385071
156 -44.225800  11.399561  346.203125  0.283569  2.393954       7.231749    842.023865   92.870300   7.659585  1.592232  263.557404
157 -55.019440   6.678831  357.191132  0.334835  4.023260       9.328878    970.403809  225.357269   7.733537  1.187449  412.465393
158 -52.527386   0.932145  349.428040  0.328358  3.011126       8.150879    926.511169  -76.761101   6.804929  1.365892  331.301361
159 -41.138531  -9.613643  351.959076  0.297469  5.778176       9.778982    440.442413   -4.786242   6.306972  1.217335  327.462036
160 -50.624763  -2.652811  337.167297  0.346924  5.594135       9.268002    600.163818 -247.022018   6.389781  0.777061  280.451935
161 -54.101002   9.987806  339.954163  0.348508  3.519303       8.910885    913.096985 -192.141525   5.986648  1.815877  422.953094
162 -35.677879 -21.840895   17.976009  0.341213  4.194927       4.628533    916.394470  -74.707298   7.107478  1.946280  325.289551
163 -50.668602  -5.391129   19.329647  0.273047  5.413517       8.733618    973.573303 -102.959206   5.206852  1.864879  257.238739
164 -49.812019  17.546894  342.117279  0.340497  1.186164       9.119160    752.630615   14.624467   6.580291  0.783626  311.774750
165 -50.456192  19.606056  344.238342  0.327257  4.669068       6.526859    951.026062  -94.717209   7.111660  0.546663  331.565857
166 -45.517311  12.236896  352.100647  0.287454  4.624309       5.183615    766.209595 -151.610031   5.924046  0.829560  390.924469
167 -38.399414  -5.217189  349.111877  0.302448  3.637383       5.892859    617.347351   71.031303   7.559408  1.341421  344.801910
168 -50.810684  18.436581  329.881134  0.328115  5.088758       9.592217    853.285400  -24.052021   6.539024  1.144819  254.511444
169 -41.849449  14.874054  347.849945  0.303691  5.812217       4.242404    984.194519 -146.041656   6.361101  1.759932  399.743591
170 -39.666370 -24.857607    1.655389  0.298884  5.178355       9.676064    463.447357  -30.692331   6.534310  1.721781  321.525696
171 -40.242504 -11.164141  341.100098  0.348286  5.853467       7.063063    493.777985   49.539967   6.273549  0.319275  397.605835
172 -47.933891 -22.502407  354.158112  0.326105  5.976048       9.741745    622.785400  118.686256   7.017338  0.815561  250.852951
173 -49.248058   9.428636  348.690521  0.255120  2.257260       9.244849    846.743042  153.433151   6.825944  1.256562  267.922699
174 -49.389050   8.882328  347.733124  0.262225  4.034986       7.704009    812.352783 -208.212646   8.729909  1.794910  395.656097
175 -48.061481   8.273276  359.002502  0.311403  2.599372       8.830449    678.767761   33.576675   5.794734  0.521489  300.089294
176 -41.118294  29.492937  342.050110  0.334607  3.660621       9.831750    720.739807 -159.736984   6.533505  1.818660  384.116577
177 -49.569695  -9.131231   11.153138  0.344516  1.698152       8.226027    686.292175  211.688843   6.159609  0.342306  301.281433
178 -44.033211  22.884441  341.350098  0.346044  4.320031       8.046230    819.106201  -40.944767   6.841242  1.091607  385.082184
179 -42.492580 -11.715126   21.424053  0.340847  2.350139       3.974988    955.445862  -18.121822   5.502023  1.785033  427.303680
180 -48.282673  -2.719777  354.043732  0.335050  3.724823       5.704202    866.932251  140.799576   5.048801  0.770579  300.938995
181 -49.396996   8.918772  346.746948  0.268655  5.258904       9.082870    637.830505 -203.404205   6.330817  1.208667  394.420471
182 -59.415207   3.056405  358.971283  0.332260  1.834557       9.943345    922.461670  111.591316   5.908427  0.503094  449.991760
183 -49.668438 -14.382800    1.706138  0.332440  5.103247       8.751717    905.314392  -65.954826   5.224446  1.586197  340.403107
184 -38.291500  13.737481  347.683655  0.341244  5.714313       4.182460    809.094849 -137.727905   6.025683  1.923942  385.849884
185 -46.590862  14.501163  356.115662  0.338682  4.723590       8.121668    812.046204  -51.577293   6.755414  1.588412  261.263397
186 -47.086552  -0.570226   14.146848  0.273292  3.431706       9.418702    606.190308  -49.629807   5.310094  1.337341  291.349701
187 -43.451778  29.140911  324.966034  0.303642  5.867035       6.028039    837.110352   76.702812   6.131845  0.522516  360.696411
188 -50.679752  12.563335  359.985168  0.333827  3.982442       6.414114    785.048523 -243.425430   7.587532  0.336787  316.410645
189 -40.471184  21.507694  346.498688  0.312361  2.960505       5.452612    767.093994 -225.726593   5.227162  0.998613  407.382690
190 -52.330570 -13.993968  354.916351  0.305244  5.270590       6.356200    901.747742   61.844688   6.014907  0.962209  395.286987
191 -44.287254   8.924774  353.147247  0.299032  3.438889       8.607413    634.942932 -131.936691   7.223161  1.157138  334.108215
192 -44.544060   4.786566  330.887024  0.325496  5.966309       8.212991    513.118591  147.619385   7.295893  0.892861  448.155212
193 -41.781258  24.584068  331.107208  0.307331  2.856876       7.924377    762.662659  -59.812401   6.609396  1.847668  328.650665
194 -26.841375  28.847391  315.271179  0.282623  2.635262       8.797983    473.198151  -23.075069   7.728332  1.918694  413.007324
195 -55.038811 -17.722282    9.508941  0.332020  3.558072       8.246892    995.411194 -165.669373   6.961887  1.025257  412.251770
196 -46.919998  -4.964417  359.507904  0.287459  5.041327       7.153306    769.673584 -138.300415   7.443896  1.824824  440.880371
197 -37.468456  27.857811  340.973328  0.284371  5.755582       7.127693    668.292358  105.743179   7.005614  1.423103  343.127014
198 -53.744827   3.768171  349.670929  0.327398  3.329938       8.893027    962.767090   99.882553   7.064964  1.553110  317.671478
199 -34.278427  31.468304  306.691040  0.349380  2.753733       8.259538    583.852478 -249.128876   5.570140  0.834272  370.740936
200 -46.690449   2.324054  357.000092  0.343800  3.198482       7.208521    789.034607  -35.494858   6.408318  1.925131  326.474792
201 -50.097507   0.169780    1.462306  0.257900  3.098373       9.471285    827.431152 -163.099838   5.335159  1.632396  325.359314
202 -52.668777  -9.904506    3.455636  0.319002  1.325211       9.298094    858.144592  -28.460642   7.078942  1.666793  425.387238
203 -45.944847  13.722293  343.266266  0.295991  2.863255       8.997479    605.225037  -40.339481   6.776336  1.163287  421.518951
204 -48.821213  -4.637467  353.056183  0.336860  2.300236       8.229760    882.873840   -5.781893   5.798049  1.778991  334.832977
205 -49.698555  -2.822376   14.022911  0.290531  2.872327       9.130751    654.947266  191.380310   7.017425  1.049601  383.084625
206 -55.006569   8.218042   14.067143  0.304207  5.759080       8.366138    881.255127   43.408424   7.600873  1.549640  381.121155
207 -50.305351  14.576179  351.633881  0.344527  4.437586       8.286036    847.126038 -173.015106   5.292093  0.809406  361.048553
208 -46.476944 -23.753191    5.399335  0.312490  4.860980       9.252535    740.068237 -174.780853   6.206668  1.609716  379.536713
209 -49.110317  25.853418  352.389343  0.347568  4.219750       8.537739    890.482483   -2.881278   5.400965  1.316702  371.302795
210 -47.056824  23.309265  345.278656  0.345876  4.342825       7.382808    809.487976   17.084400   6.504379  0.608538  279.956451
211 -53.466274  -1.003202    6.102652  0.347670  3.779347       9.667955    785.298828   99.087219   6.559324  0.867598  290.766846
212 -46.088608   5.641638  358.825623  0.301396  3.075753       6.528273    933.596924  152.718414   8.222723  1.692821  281.664703
213 -47.034172  13.050503  337.877502  0.346032  3.217988       6.265662    800.258789  -49.419266   7.143744  1.052515  449.358368
214 -34.791412  35.086765  311.530548  0.263429  5.779017       9.253913    731.418884    2.417379   5.858534  1.659260  293.447632
215 -51.324234   7.705378  350.211212  0.292896  5.526352       8.466276    781.689209 -173.646698  10.108888  1.635291  389.118469
216 -45.031391   1.520012  356.164276  0.285060  5.625751       6.176244    961.592285   61.965183   5.960686  1.890586  322.401978
217 -46.412716   5.571881  355.792633  0.299784  3.403149       9.184334    632.575012 -188.500580   7.090513  1.395175  437.342285
218 -40.876583  20.475084  335.577057  0.340594  4.766894       5.337139    904.283997 -101.354591   6.828204  1.501353  411.900146
219 -45.103264   9.117417  347.165527  0.313714  4.054120       6.936367    768.960999  143.258926   6.001054  1.500107  395.621307
220 -43.541595   1.527332  357.434296  0.319391  4.960713       7.410162    643.696472 -139.000748   6.431321  0.497178  310.034882
221 -50.238972  20.578331    2.012638  0.321169  5.622484       8.435309    922.456421  103.160843   7.407899  1.687294  325.920563
222 -40.216995  35.968483  350.256470  0.332080  5.915407       5.190535    854.139343 -150.415573   6.387770  1.058115  355.312317
223 -42.429405  33.905704  330.604034  0.294265  3.484416       9.009561    733.671692   42.179199   6.883170  0.304943  413.625793
224 -40.524117  32.892689  346.006683  0.321847  5.528360       9.551285    771.177307 -213.302628   5.543842  1.459747  276.493652
225 -40.899498  17.757820  334.999390  0.305619  5.864382       5.749744    677.584167 -150.339844   5.220372  1.273472  442.580627
226 -42.166962  15.299510    4.242190  0.313668  4.389401       8.580225    506.542328  159.333572   7.240829  0.994387  360.887329
227 -53.590450   3.543963    3.973158  0.302597  5.122401       9.166613    794.546692   89.678978   6.130311  0.882364  287.535339
228 -52.089195 -13.799664   21.214815  0.335621  4.412069       9.034256    863.413208 -114.491302   5.936968  0.718229  267.357452
229 -41.444725  -0.196030  351.286804  0.340858  5.411710       7.759124    701.844543   62.046448   7.801050  1.713751  292.348969
230 -54.087337   9.964532  346.279572  0.342015  4.175002       9.661609    825.548706  -10.941067   6.628114  0.601425  279.482361
231 -47.871212  10.011864    2.416277  0.305943  3.427606       8.504706    727.916626  112.121605   6.543750  0.837863  282.068268
232 -49.384502  15.545900  340.469543  0.308441  4.864153       7.332227    743.126953 -104.464836   7.702189  0.622657  382.984863
233 -52.709766   6.515407  347.285828  0.333145  4.043948       9.804443    755.222656 -122.594475   7.608861  0.859495  301.108826
234 -53.902332  15.316133  351.228394  0.300949  4.958259       6.974729    922.133728   85.734314   6.336007  0.600761  418.046997
235 -35.407772  40.778774  325.201294  0.325689  3.311883       9.105840    784.251038 -219.027679   8.205462  1.014096  433.705322
236 -44.202072  39.394981  328.707733  0.284731  1.850643       8.419307    984.201416 -216.334946   6.840067  0.631552  260.571564
237 -27.457680  14.501335  341.920990  0.298890  5.694111       4.528140    623.954712  159.220520   7.277412  1.722459  344.928223
238 -52.497425 -28.374208    5.421606  0.291980  5.873353       9.438926    912.161743  239.846878   6.874297  1.038471  343.019287
239 -50.695389  -9.401406  351.994965  0.295016  5.972487       9.854948    766.073730 -117.672142   6.484736  1.745904  337.755707
240 -38.574749  -7.013637    3.867086  0.279343  1.947521       9.472305    455.797577 -156.555679   6.863026  1.432022  428.246948
241 -42.009117   1.215456    5.894331  0.344258  1.620377       8.151165    569.631226  166.385452   7.371305  0.832866  251.945724
242 -51.796875  -5.579608  357.891876  0.332098  4.269581       7.082078    915.029175  123.833336   6.827815  0.831206  348.434082
243 -44.890236 -12.444475   14.598335  0.264980  4.597488       9.969922    530.804443   71.275002   5.263346  1.102640  316.638275
244 -24.066862  41.057026  310.727692  0.347359  3.996550       8.117433    740.440186  228.060822   8.480714  0.559966  289.848633
245 -38.607334  28.536137  339.762817  0.297429  4.201644       5.844013    745.766663    1.013807   5.978929  1.376095  420.999542
246 -54.862133  12.498437  343.969788  0.313543  4.021276       9.228204    897.227905 -231.491425   6.030939  0.370385  301.790649
247 -38.506783  40.082577  327.304779  0.310615  5.927134       9.009260    991.336304 -197.467636   6.627539  1.880612  290.474365
248 -34.886398  26.191921  337.843628  0.339694  4.129126       5.955537    884.877869   77.995239   7.164289  1.649037  301.673492
249 -49.072052  -3.474433  357.546783  0.290389  2.830060       6.468882    767.370972 -133.409393   6.649399  0.932171  402.249298
250 -48.693142  -7.251918  345.400482  0.345319  5.471944       7.624746    724.587463 -136.502121   6.485597  1.593429  427.847626
251 -49.672962  18.195450    2.715853  0.344750  4.973985       8.668027    699.234253   22.984497   8.058352  0.478262  410.383728
252 -51.409676  34.685070  335.512054  0.320860  3.624685       9.148854    861.243469   -8.867310   6.106908  0.252921  436.694092
253 -45.213593   5.557156  335.855652  0.332889  5.646956       5.110997    776.360229  167.805389   6.766183  1.756739  390.772522
254 -44.655285  -1.895471  356.688232  0.341032  4.493792       5.256150    974.650146  -47.702133   8.053594  0.818583  251.128769
255 -56.816605   2.524668  352.881897  0.320354  4.526251       9.670088    834.792053  249.820328   5.805791  1.090674  437.245148
256 -49.906620 -12.895136   16.028637  0.295878  4.017261       7.205604    821.058472  -86.944359   6.848551  1.073659  424.870148
257 -49.549870  29.952127  339.257202  0.274010  4.264998       9.207768    988.329956  -73.185425   7.488606  1.484584  409.008026
258 -42.000679  21.348011  330.596283  0.304589  3.811474       8.574925    583.091980   89.378586   7.894244  0.877716  406.165588
259 -46.267651  33.037231  340.049835  0.326058  2.492485       7.745543    897.016724 -158.472900   6.050983  0.797160  354.154053
260 -52.083275 -10.779134    1.418835  0.316156  1.825195       8.182251    869.215576  -74.650803   5.720776  0.922231  406.345795
261 -31.392382  -2.772209  359.608734  0.317507  4.316159       3.404113    665.888672 -157.172379   6.863395  1.514423  410.097107
262 -48.424355  -1.747647    6.401278  0.345015  5.776984       6.812216    992.410645 -211.456512   6.171827  1.398367  379.352844
263 -49.495220   7.325798  349.674469  0.269476  2.458813       7.980131    996.606567 -144.885925   8.208961  1.348332  278.741791
264 -50.392303  -1.175027  359.935577  0.307149  3.916653       9.855398    722.605896  -38.562523   5.565927  1.191649  300.707062
265 -50.347382  11.074044    8.441325  0.268745  5.421541       9.652894    823.893372 -123.515953   7.917930  1.933254  252.731354
266 -49.345871   0.632560    5.344457  0.279116  5.921360       7.802599    788.033630   45.452747   6.076160  1.676490  379.111267
267 -39.260746  32.760021  339.709229  0.349706  3.955273       9.750172    673.281128  210.469284   6.715940  1.035546  371.138031
268 -41.434368 -14.339167  352.683960  0.349255  4.735703       9.110136    509.431000 -191.395889   8.319108  0.571345  352.921539
269 -40.367844   8.732750  332.762421  0.313566  5.502195       9.256575    496.991760 -235.350174   6.326070  0.598901  331.038818
270 -46.562504  31.035404  350.229767  0.343748  4.576754       8.796369    991.494385  -99.298340   6.081766  1.683791  335.872711
271 -35.809391   6.904942  329.825409  0.278406  4.295582       7.269520    509.283997   73.537254   6.977580  1.875722  334.531891
272 -49.834251  -2.421870    6.004479  0.296793  3.360102       7.570525    833.646667 -194.174423   6.297104  1.184168  396.498047
273 -48.202488   9.354861  346.832245  0.302224  3.647164       6.678100    879.764221  165.287796   6.264433  1.175105  394.340546
274 -49.969761  12.489288  355.542572  0.341915  3.686452       6.966443    927.505066   81.587311   8.042157  1.591332  381.282166
275 -50.586876  -8.415367  354.020844  0.338849  5.330723       8.790174    669.101624 -247.188950   7.363400  0.862755  371.698853
276 -46.850807  26.837559  349.948517  0.300977  4.216409       6.064468    901.983276 -108.675720   7.062681  0.527041  284.129608
277 -54.430740 -10.627994    0.530624  0.330403  4.815888       8.348973    788.537903  -99.556770   5.994542  0.261627  333.794098
278 -52.142220   6.259893  351.047760  0.336753  3.693779       7.807775    740.561279  -97.079254   6.177671  0.353347  437.251923
279 -47.258423  27.689240  339.747742  0.269026  5.353101       7.227982    858.203186   -7.015926   5.572775  0.534639  307.292450
280 -53.700882  10.424536  356.970703  0.330798  3.326798       7.279185    983.204834 -174.477432   7.692691  1.031808  436.224060
281 -56.150978   1.471043  352.788055  0.306349  5.351062       8.121106    860.388306   76.038216   5.263359  0.340007  315.057587
282 -38.425545  -9.791163    2.058308  0.347753  5.259928       8.235302    514.258667 -194.143982   5.205350  1.878947  438.511414
283 -34.857101  23.212696  314.989197  0.335168  3.479563       7.705955    562.288147  -10.418416   7.018672  1.577202  312.712311
284 -51.903522  -4.818793    1.259689  0.321834  1.272193       8.677717    825.930664  -57.494362   6.542886  1.277247  310.712189
285 -51.867180  -5.438761    3.215552  0.342570  2.553488       9.432718    924.677185 -109.401199   7.086388  1.314380  311.427216
286 -55.031143   9.824097   14.652336  0.290764  5.554251       8.756791    902.798279    4.967414   5.161443  1.390671  321.868378
287 -53.410088  30.211489  335.975372  0.330635  3.851889       9.345387    983.520020 -110.512672   6.480569  0.433732  283.404419
288 -46.649014  20.891832  342.291321  0.336034  5.234870       7.833689    751.633362  107.739548   5.941635  0.246821  319.315094
289 -38.604156  -7.705591  352.634827  0.344430  4.441379       7.832068    468.268494 -141.112717   9.010502  1.726667  449.863831
290 -39.396969  36.102047  336.193451  0.325145  5.055565       8.612102    812.024780 -225.391495   7.541279  1.937678  343.761322
291 -34.161701  30.394442  310.522736  0.333547  5.768457       3.584143    818.970764   32.374363   6.789892  0.635945  320.373962
292 -35.407177  26.647535  326.005554  0.289058  1.636582       6.083663    745.417358 -105.506012   5.266285  1.889366  358.653595
293 -43.427994  26.967897  338.971741  0.314464  3.420011       6.917883    989.719910 -145.580887   7.327795  1.629571  295.381927
294 -56.646370  -4.566927  349.073639  0.325463  4.641611       7.488855    935.774048  -25.648888   6.951491  0.361278  269.085968
295 -43.277454   9.953126  333.562469  0.340533  2.836875       5.214367    878.768738  -75.796204   6.646812  1.170077  258.506836
296 -45.101490   9.461226  353.545349  0.310381  4.906785       7.668284    806.582886  -43.656914   7.410332  1.765519  350.575653
297 -47.385780  14.596884  343.842224  0.338855  5.679123       7.449273    905.120239  -43.376259   5.685824  1.239893  324.059448
298 -45.267670  -9.232420  346.119263  0.345907  3.652369       8.984702    599.629395   21.747610   7.437176  1.724182  329.122437
299 -54.994942 -10.698621    8.171947  0.257287  5.211195       9.924101    931.804077  -65.442993   5.840109  0.811707  262.636414
300 -49.540810  26.359613  325.626160  0.343405  4.955941       5.556084    891.711914  -50.202156   6.006825  0.236780  353.319855
301 -42.981430  16.484520  340.432861  0.279310  3.937550       7.450633    761.683960   97.091942   5.847229  1.606661  314.543121
302 -45.379089 -11.937705    8.472686  0.285311  4.101411       7.394053    757.874695 -225.195190   5.844376  0.812892  278.188171
303 -52.586468   1.858690    0.769705  0.307069  5.485492       5.801538    974.358704 -245.942291   6.447186  1.110994  403.201904
304 -47.627121  36.578602  318.722778  0.302429  4.200188       8.106421    943.676147  -10.676609   7.539459  0.476925  302.040497
305 -51.263626   7.672678    0.382216  0.292060  3.086606       8.182344    730.053528  -72.527016   6.043766  1.007556  422.385681
306 -38.178864  -5.679914  348.759552  0.332490  4.071988       9.432154    589.108398  -76.727097   5.971611  1.957096  255.902267
307 -57.667233  -5.508641    1.786624  0.293219  5.824512       8.184941    894.280945  -90.305901   6.945131  0.419224  403.933990
308 -51.399506   7.325706  338.033081  0.259351  4.829539       9.834925    639.270996 -236.308411   7.748788  0.591082  267.018433
309 -50.888741  29.861485  348.146637  0.310718  5.459725       9.228225    871.165527 -191.855606   5.805642  0.569919  300.721466
310 -51.328667  16.339390  336.909180  0.343311  2.754614       8.595156    939.758423 -177.161407   6.668697  1.858306  379.379974
311 -40.169018   0.076325  355.713898  0.292482  4.901647       5.342301    618.098450  154.161331   6.356713  0.442594  419.947845
312 -46.110825  11.544160  336.141998  0.330415  3.661953       5.674078    875.311035 -208.797745   7.229962  1.921737  425.620361
313 -38.996426  24.638893  343.835724  0.349820  5.396269       9.990496    483.704285   60.561207   5.888881  1.083186  338.110657
314 -46.559734  -8.067122  350.416229  0.342914  5.338358       9.218323    528.788940  149.028534   6.125635  1.315700  394.336548
315 -48.971851  -5.889580   16.336134  0.323089  5.891820       9.467716    627.878967  -18.026411   7.117635  1.516796  328.406860
316 -47.447731  28.108791  331.255981  0.335732  1.100919       9.545133    845.081299 -227.541489   5.900303  0.651837  293.136017
317 -44.369831  27.001425  336.025879  0.325740  4.078050       8.289960    985.606201 -135.691193   6.154511  1.181830  270.562347
318 -42.580704  25.504425  331.348785  0.329033  3.720689       9.708069    688.535461  -38.929272   6.126359  0.771631  320.343964
319 -53.337784   6.110241  344.649536  0.298086  3.988813       6.935629    972.860535 -129.689041   6.604185  1.490493  431.917175
320 -51.271721  -3.464649    6.390166  0.291389  3.193626       7.602211    782.405884 -165.873825   5.446480  0.658379  362.867950
321 -39.876610  17.077965  344.441345  0.314562  5.304926       5.123788    756.641479    8.114944   7.520222  1.180652  448.884308
322 -38.989574  27.154194  351.359161  0.346590  4.959105       8.324281    675.748962  213.544128   5.686549  1.582095  371.427490
323 -45.003098  30.304552  349.130829  0.277061  4.421217       9.597164    966.424500 -131.251190   7.202257  1.769118  259.060638
324 -41.489941  41.402077  328.106293  0.310695  5.867245       9.242955    861.087219   84.904190   5.754187  0.394463  270.371826
325 -46.590355   8.006824  349.540924  0.341343  5.272070       9.711678    625.204895 -100.969528   7.620151  1.752597  396.016693
326 -48.739223   2.959567    0.670896  0.323867  3.624197       5.979419    975.100586 -128.060944   5.888259  1.714024  393.177643
327 -37.641766  45.549854  333.960022  0.312891  5.462074       9.218213    815.037964   41.084438   6.168132  0.917499  435.954956
328 -51.296219   3.204641   11.328854  0.324366  5.646482       8.728240    937.308838 -215.793686   6.036977  1.998410  328.566162
329 -35.312813  33.654758  330.074188  0.323572  4.182580       9.925609    614.440918  163.631958   6.882008  1.193312  368.874725
330 -39.001194  30.305485  320.014862  0.347537  2.508916       7.501523    717.841797 -156.089996   5.930393  1.128330  377.459564
331 -44.538754  -8.182547   10.346804  0.299260  4.856739       7.141423    682.106445  196.330750   7.451531  0.609027  350.517273
332 -43.008381   9.662219  355.823212  0.322244  3.464115       5.969900    904.085327  178.868561   7.229628  1.848704  309.888367
333 -52.396027   1.012445  358.589630  0.300960  4.890989       9.977468    772.581604  111.650139   5.182994  0.849061  395.927979
334 -43.030212  36.044704  323.228302  0.347797  4.665431       7.511765    923.572449  -52.636002   6.038209  0.509766  250.081955
335 -51.372841   3.778961  358.462250  0.294354  2.841426       8.880773    802.373535  219.855240   7.720235  1.765251  407.671082
336 -43.691586  34.786312  350.388184  0.336914  5.540900       6.240796    808.811951 -112.535995   5.728096  0.840443  429.708679
337 -49.325436  12.177890  355.373260  0.322744  5.839417       6.267943    844.918823   34.645905   5.809491  0.481028  417.813446
338 -43.603218  27.419870  351.817596  0.338370  4.734698       8.915844    715.224976 -204.640930   6.002624  0.700871  298.504608
339 -51.998348  13.297528  347.447174  0.323331  2.848551       8.208407    848.556458  -83.534409   8.370400  0.753326  353.516846
340 -32.367458  48.122177  321.275513  0.308174  5.023103       9.650960    949.107361 -220.545761   6.356275  1.336776  291.087006
341 -49.759796  19.577745  337.235077  0.340908  5.618762       9.799063    770.244202    0.068906   6.943490  1.091464  415.742065
342 -49.948360   5.451836  337.527466  0.324992  5.086843       5.130541    749.634399   78.249413   5.041791  0.214045  427.972931
343 -43.428787  12.407202  347.781250  0.321702  5.646863       7.155968    663.235291 -225.072205   6.788102  1.161219  382.926819
344 -49.339062  20.178259  335.594910  0.289769  3.025854       8.625005    793.785889 -151.916138   6.794930  1.441147  429.373566
345 -46.817482   3.686884  347.920074  0.296684  3.185467       6.529900    728.818359  -14.295328   7.159497  0.878518  327.874908
346 -46.852409  21.899403  354.839783  0.328856  3.376193       8.272033    720.326111 -100.596680   6.739134  1.039410  403.210846
347 -41.910358  38.621574  318.041473  0.291992  2.978575       9.771787    816.982422  -87.595024   7.177654  0.603008  313.734833
348 -55.885334  -0.555778    5.856315  0.334469  4.147134       8.288923    972.316040 -137.957214   7.484842  0.721596  328.303589
349 -48.627972  -0.725239  344.110321  0.293283  4.579146       8.484850    657.316956 -207.559464   7.564279  0.925748  297.921906
350 -37.718845  37.220631  321.273621  0.347610  2.180866       7.846541    818.249512  -39.212284   7.223992  0.731303  326.913574
351 -34.093235  27.207500  339.042816  0.346166  4.835547       5.905195    906.521606  210.208939   5.586408  1.854739  363.556122
352 -44.392239 -27.281233    8.471363  0.322304  5.306973       7.574422    762.135559 -204.003967   6.225550  0.775902  367.717926
353 -47.466976  20.111361  336.118408  0.305876  4.510884       8.422348    791.169800  -43.635323   6.634356  0.894102  265.780548
354 -58.577747  15.503225  344.905731  0.286107  4.957959       9.949132    943.684326   88.247993   8.831987  0.326625  423.182434
355 -43.222492  28.702915  349.839203  0.334626  4.412388       6.887256    693.692871 -193.291046   6.755377  0.420933  406.493378
356 -53.230618   6.253501  347.407501  0.284948  4.285152       6.932882    991.788208 -187.463562   7.023120  1.189766  391.346100
357 -39.377697  30.941547  322.773010  0.341868  3.027254       9.616600    884.788025   66.785507   7.050580  1.628220  326.831726
358 -56.206863  13.717189  345.641998  0.301585  2.969837       6.731406    963.554382   71.707542   8.054112  0.212203  358.746307
359 -34.690723  26.963753  337.130371  0.259555  5.352200       8.541960    522.552673 -162.296936   6.743752  0.613310  409.668854
360 -36.364780   8.918403    5.643589  0.340691  3.567207       5.887643    602.338623    5.704459   7.347139  0.953523  382.780151
361 -50.630394   8.857597  342.649963  0.260991  4.647768       7.317099    882.251282 -205.328949   5.275101  1.777353  376.602997
362 -43.764996  15.101683  359.850922  0.302705  5.147254       6.705548    729.457825 -116.261749   8.631759  1.573057  380.390320
363 -42.229523  16.107536  341.526886  0.312954  3.833618       8.043564    670.847046 -127.530121   7.215942  0.621275  286.012634
364 -50.018841  12.081094  347.088104  0.334063  5.218338       5.348401    995.963928 -132.911255   6.880754  0.467796  321.968231
365 -46.934982 -13.396338    8.545824  0.341139  4.872231       7.139523    795.259644  197.591583   5.143725  1.490062  337.076691
366 -51.284454  -9.612677  348.441010  0.321181  5.754630       8.982966    774.771362  -25.902044   6.989794  1.468839  293.565826
367 -47.271610   4.910220  341.024780  0.332694  5.634591       6.559614    939.562622 -226.464706   5.164928  1.441031  305.227966
368 -51.696129   1.232410    6.672595  0.321293  5.857673       4.480804    914.683716  221.747269   7.668347  0.548440  416.800171
369 -44.308647   4.804870  357.650757  0.291110  5.630804       6.616135    691.551880 -192.035629   6.896017  1.088304  363.873322
370 -50.929447 -12.219343    4.868215  0.327649  5.080203       8.455451    801.429138   56.243191   6.945701  1.557962  411.346466
371 -39.900356  27.177994  324.064056  0.344045  3.292914       9.382457    690.630432 -164.094818   6.522808  0.964257  348.006561
372 -41.095665  35.413692  334.781555  0.252345  5.445830       9.736678    827.326965 -131.092743   7.499291  1.616169  283.832733
373 -47.257751   6.119472  355.793732  0.328938  4.382799       6.011303    941.113464  -48.362659   7.526826  1.575327  314.009064
374 -37.497860  -0.330132    7.347698  0.289191  3.602868       4.754394    829.058716 -159.683350   7.998439  1.422790  251.527130
375 -41.165543  24.744165  340.326996  0.298171  2.678488       9.134332    715.184082 -111.395370   5.773062  1.280017  252.302521
376 -48.120792  14.326489  338.659393  0.324568  5.905873       8.383882    727.299377 -229.570374   6.467545  0.769013  308.774384
377 -37.130798  40.362724  328.850769  0.326121  5.415375       7.236850    967.265503   -8.926069   5.380206  1.172325  284.163300
378 -43.604149  24.048481  345.659210  0.300904  4.494350       8.957104    678.595032  -15.457560   6.460895  1.860797  388.950653
379 -46.891342  19.665751  339.931549  0.325504  3.921574       6.594002    784.445374   76.350792   6.909256  0.286420  349.239563
380 -40.008781  32.471031  335.320129  0.243216  3.672796       7.449595    822.883850  -13.508307   8.155847  1.350697  335.039429
381 -44.072559  -3.271408    4.572800  0.336666  1.082199       7.398319    736.845886   21.583054   5.313878  1.248655  348.677734
382 -44.792923 -14.573720    5.781809  0.316532  3.042201       5.253415    735.812561  -32.672276   7.191122  0.909903  446.418976
383 -43.092957  37.565739  325.617767  0.330982  3.179762       8.613628    980.602661 -184.131989   7.273300  1.227290  317.483765
384 -46.679295  -4.236715    5.538735  0.251850  5.244988       9.202564    615.027222 -109.434021   6.879745  1.449233  310.010468
385 -42.215950   0.092358  342.434174  0.344914  2.700874       7.909173    613.334534 -106.584984   5.619674  1.179985  261.948944
386 -45.953716  12.075970  345.606415  0.279321  4.655165       6.638120    717.156433 -228.696320   7.716700  1.104337  428.918732
387 -28.394030  30.611477  320.744659  0.339770  5.006203       7.006725    771.530457   68.759758   7.509018  1.433192  341.442657
388 -44.208611  22.545424  327.060181  0.315783  4.339150       8.924029    713.849854  192.081848   5.594971  1.308474  316.553864
389 -44.696468  27.655817  336.755707  0.305235  5.711288       8.935797    801.107727  -60.899132   6.627149  1.158332  352.485657
390 -40.310303  10.462138  325.328857  0.303981  5.251082       4.337930    857.479309 -176.863403   7.011869  1.481011  271.671082
391 -49.387600  25.223066  355.228180  0.341158  4.258743       9.646479    829.254333  108.041855   5.678409  1.387435  299.459656
392 -43.913273 -21.651747    7.896276  0.308486  5.490638       5.381048    856.221252  -52.790073   6.133958  0.963717  306.030090
393 -18.575415  42.834900  317.931610  0.305616  5.894832       9.111575    529.133057  110.863052   5.840490  1.044475  310.523926
394 -46.356884  10.483051  349.724091  0.334240  3.712385       6.312010    772.984253  -18.797852   6.895424  0.789145  396.462097
395 -38.248512  19.709454  329.635895  0.307561  4.306427       8.992993    542.363831 -162.345520   5.616969  1.476606  358.286926
396 -51.753181  12.339505  333.205719  0.322134  5.784432       8.284481    717.713135 -143.548233   6.893670  0.297060  362.159058
397 -45.390507  36.551254  325.654663  0.324444  5.382075       9.836729    973.296204  109.492996   6.571564  1.068077  263.286499
398 -41.649063  11.347246  339.776581  0.288045  2.205777       9.269871    497.279968 -128.024689   6.400368  0.523712  294.706543
399 -48.370918  11.547392  342.239258  0.274489  4.984245       5.454753    966.588989 -221.497070   6.983081  0.897258  261.508972
400 -47.324268   3.275320  345.249969  0.330853  3.686599       5.462838    825.645569  -12.827547   6.438433  0.553750  327.248260
401 -48.611240  23.960310  323.819122  0.332573  5.731083       9.714216    673.242920 -167.280533   6.948443  0.759537  397.439392
402 -49.105606  13.315698  358.621124  0.298894  4.078091       8.431994    764.936951  -31.967855   5.416283  1.084319  300.560852
403 -43.809395  -1.546273  344.982117  0.283066  5.918448       8.298215    548.546265  -65.566902   6.413259  1.275161  404.231415
404 -32.504795   8.331464  339.779968  0.348973  3.115339       8.380196    415.323822 -239.587067   6.184883  1.158748  419.820190
405 -41.040661  17.999815  346.420654  0.291064  4.369102       4.531769    837.132507 -236.889175   5.995550  0.977940  329.167603
406 -51.209679   6.071419    6.300920  0.328793  4.701972       9.779226    834.643921  -11.408516   6.010547  1.198929  278.061310
407 -39.210434   0.349209  342.641632  0.340705  3.134570       9.268742    469.243347 -207.111237   7.207222  0.919233  334.009369
408 -41.327446  30.450415  344.247009  0.320993  3.102181       8.634578    888.878662  -87.593201   5.442569  1.434197  286.204193
409 -47.208187  10.184970  346.487396  0.295653  5.926040       4.640324    940.110535    4.053920   8.108962  1.067239  392.569397
410 -46.700447  17.566523  349.199310  0.313336  3.099672       7.900375    818.519348 -247.104828   5.296283  1.279678  383.809265
411 -44.190338  10.595858  343.126923  0.345784  1.936244       8.341595    632.520752  -95.445923   7.801092  1.136638  373.716919
412 -52.625450  15.782657  356.123596  0.313523  4.712512       9.852896    902.264832 -227.995468   8.294298  0.595136  251.915115
413 -41.258564 -26.380611   21.721182  0.288706  4.480430       6.861801    861.212036   85.932068   5.683452  1.179985  287.781616
414 -50.391510  -9.079182    0.209716  0.345754  4.467972       7.657797    845.144592  217.468033   5.098774  0.690089  261.499542
415 -47.298420  23.848288  352.769653  0.324579  5.917115       8.914498    921.159851  -88.207375   6.341851  1.257457  275.842529
416 -46.856754  -6.930483  347.131744  0.324370  5.887006       5.455503    737.587646 -124.503563   7.597338  0.443272  288.401794
417 -36.902100  19.576115  334.986847  0.347673  4.224482       4.556159    757.551636  -47.884972   6.891947  1.527532  370.814758
418 -52.806602   2.306828  343.460999  0.330778  3.770763       6.173513    982.133606  -15.790511   6.660539  1.432085  447.430084
419 -41.023350  -5.883893  354.319519  0.302137  5.667194       5.883139    594.491577 -215.098526   6.802560  0.207484  411.114014
420 -45.579350  -2.776283    5.230864  0.344515  2.622525       8.586980    696.079834   42.614880   5.687088  1.069485  359.568909
421 -49.876728   2.749889  358.740448  0.296743  5.105636       9.074087    801.805481   44.211655   8.035624  1.694316  316.914795
422 -43.735584  29.038183  358.308197  0.347344  5.114353       5.774342    824.899597  -81.474869   6.352844  1.389791  395.775726
423 -48.521488  24.231071  343.862213  0.307935  4.050210       7.733246    782.580078   67.289894   6.257013  0.399007  326.888519
424 -41.411743  34.685123  323.068695  0.302784  5.615710       8.316523    939.674011 -155.047073   5.304712  1.778685  320.241699
425 -48.302719  12.018750  357.858978  0.317935  4.409437       9.990082    783.365967  -60.879749   6.293952  1.545675  345.943939
426 -53.560406  13.083570  348.875488  0.315898  3.861857       9.506278    997.495667 -240.165039   7.523411  1.614210  431.126282
427 -39.502045 -17.039701  355.345093  0.342598  4.985014       5.498751    626.440430 -135.073853   5.017352  1.976699  423.233765
428 -56.323204   3.871051    3.556426  0.332101  4.598588       7.553511    875.321533 -221.341019   5.599908  0.280244  386.698730
429 -50.280544  22.580233    1.427156  0.334399  5.129066       8.457344    692.507141   91.404778   6.210640  0.620649  422.981476
430 -44.743652  15.271835  344.962738  0.342120  3.642388       9.299702    750.106567 -227.899689   6.542835  1.086194  293.368500
431 -51.879807  30.279043  329.784729  0.297213  5.815770       8.748302    975.047852  -36.149639   5.077713  1.061107  398.073181
432 -40.760357   9.614387  355.947540  0.258690  4.962383       9.786901    528.123718 -211.784210   7.624284  1.610392  274.674347
433 -49.328667   5.445638  351.000214  0.312260  2.045468       6.210724    998.764099 -155.550613   6.137184  1.542713  361.275269
434 -45.904152  20.253735  349.731812  0.326900  5.091801       4.322983    966.773438 -125.418365   7.661628  0.583550  345.799530
435 -45.737228  21.394129  339.007721  0.349007  2.356471       8.041382    835.295776 -183.704224   7.606852  1.560313  365.319916
436 -53.108097   0.258656  356.753754  0.273036  2.040815       8.679034    814.747314 -102.455887   5.569675  0.641300  345.153168
437 -51.921017   1.773446  344.698608  0.279339  5.063134       8.569124    953.608154  155.286163   6.196530  1.432276  251.355698
438 -44.629913  34.962700  348.923004  0.318630  5.923535       8.251327    984.811401 -246.766388   5.608382  1.727988  391.344421
439 -55.387024  -4.880354  358.174408  0.340042  4.784261       8.599765    878.088013  -68.346069   6.046726  0.480273  293.412079
440 -53.093658  13.670209  347.837036  0.344100  4.621385       8.803864    807.418762   28.582310   5.515747  0.751336  326.626587
441 -39.189720  -9.863715   17.614998  0.308983  4.772123       6.994646    828.825745 -144.000778   5.931054  1.666805  271.180878
442 -44.733841 -27.327177   19.399078  0.311918  4.513319       9.209275    740.737976 -123.859070   6.352827  1.016611  447.096863
443 -51.074104   8.722806  349.376434  0.329748  3.178659       9.055130    906.269165  131.297623   5.894878  1.351686  291.924316
444 -52.370926   3.353082  350.237549  0.342721  3.477563       5.038020    951.700195 -129.931229   7.968201  0.528017  420.738617
445 -45.436928  17.830982  343.258423  0.325149  4.701800       8.557778    748.337830   53.203152   5.442859  1.611821  435.867493
446 -45.875118  25.054701  339.927521  0.314525  4.576303       6.631145    802.296448  155.468979   7.831819  0.388635  282.598358
447 -50.698250  -0.388702  357.703278  0.339701  3.841035       5.124071    954.987366 -139.690277   6.925754  0.592012  402.204102
448 -52.102592  12.250026  347.279114  0.346707  5.157657       7.765750    808.885315   62.039032   5.873302  0.282968  299.688385
449 -46.949886   9.707151  350.646759  0.333206  4.267079       9.970378    677.491211 -180.882645   6.917389  1.157469  291.156982
450 -46.190659   6.989367    0.949131  0.308607  2.559459       5.715234    877.094299  -43.606426   6.597889  1.152158  298.747467
451 -51.243652  17.062057  339.795990  0.349321  3.745057       8.814520    910.697144 -170.356369   6.128404  1.230810  410.127808
452 -46.275200  19.155781  346.552460  0.349924  2.907051       5.420952    949.033813   16.035160   5.855219  1.159371  415.536957
453 -52.143814  16.111862  344.350311  0.313602  3.421933       9.030923    816.479675  -81.719543   7.591558  0.851124  331.062927
454 -42.509621  33.184986  319.458740  0.286771  4.856930       9.656137    736.807007 -232.404572   6.965713  1.393499  359.847015
455 -48.823963  21.522470  338.834534  0.303556  5.621276       5.720041    967.796387   18.515810   7.087986  0.999149  417.044891
456 -52.795475  16.926571  357.876038  0.304392  3.598801       9.525737    902.337036   -3.741173   6.204092  1.275523  310.867767
457 -46.021500  14.421210  328.399231  0.329205  4.619511       8.328751    681.538391 -156.774033   7.319306  1.558256  376.512024
458 -41.521217 -11.845278    3.727547  0.331486  4.482193       5.043185    753.315247   72.247780   6.537876  1.765490  436.706940
459 -48.024406  28.736057  337.822113  0.346542  5.521696       4.467373    968.310181  -29.372992   5.127017  0.254249  417.326935
460 -52.489014 -19.351185   13.965940  0.333707  4.660638       4.664320    984.426453   10.217254   6.961306  0.375543  376.334229
461 -43.465996   8.403226  352.491547  0.313667  4.840926       9.553805    649.110413  136.827423   6.143105  1.445941  294.611938
462 -54.445824  -6.889298    8.002127  0.259593  3.131523       8.551641    997.404419  -66.020256   5.158401  0.985709  349.953735
463 -50.464832  -5.388990    3.878413  0.323817  4.469234       8.573558    792.463562   -7.021730   5.759721  1.396305  382.296387
464 -50.591358 -10.352485  358.218201  0.296479  3.289786       8.861603    855.699707 -171.519440   6.855374  1.305726  258.283661
465 -28.650934  44.492229  320.585205  0.322039  4.781181       8.579993    740.446716  -66.043053   6.924988  0.759952  338.517273
466 -49.549580  24.340538  346.656616  0.296804  3.756471       8.891330    851.589172 -121.851944   6.410981  1.485135  408.095276
467 -39.367741  29.168871  348.845032  0.315314  5.372784       7.946578    664.448242   12.423240   7.524985  1.079327  316.247498
468 -45.657955  17.119059  347.763885  0.339243  3.893610       8.306960    660.281372  -90.763145   5.502688  0.819277  324.884155
469 -40.086098  32.296829  333.193085  0.340106  4.487423       9.284858    650.690918  -93.885597   6.943370  0.263911  424.312988
470 -55.581291   5.656926  349.872833  0.270307  3.341690       9.454584    830.941711  104.255638   5.249106  0.904745  368.245483
471 -43.917984 -11.832161  358.170197  0.282350  5.862823       8.824138    523.019836 -104.378555   5.258793  1.624131  399.706329
472 -47.404869 -14.690351  351.706451  0.341043  3.977420       4.894478    986.230042 -130.225174   6.065436  1.108668  280.736725
473 -45.827774  32.227734  337.266907  0.348772  5.215066       7.067812    967.930603 -109.169800   5.792603  0.766631  336.455902
474 -52.976139   5.410398  338.470245  0.311031  4.689336       9.581090    993.611206 -243.934860   5.683468  1.857840  324.720612
475 -32.119411  36.136620  340.698456  0.315243  5.871541       8.158491    539.826782 -195.166397   5.902802  0.569731  302.295807
476 -46.808887  18.320999  349.686157  0.270930  5.659712       8.038108    873.960144  114.700844   8.456461  1.033905  266.431366
477 -49.003006  19.551828  332.246063  0.327588  4.285286       9.866234    811.636536 -144.017609   7.626758  1.717077  359.962463
478 -48.261105  -4.681882    6.487405  0.325439  2.608399       5.497424    982.352051  -11.810494   6.272275  1.811396  448.357758
479 -35.958843   1.839905  345.881042  0.333023  4.887612       9.412711    439.281311   31.157829   6.728685  1.336345  322.856140
480 -47.230827 -14.965137   17.391062  0.236077  3.373316       7.877676    716.768372   97.813316   5.002432  1.550085  410.520294
481 -42.550171  39.018093  334.885376  0.301835  4.530201       8.854763    907.055908   30.712593   6.611816  1.194371  412.839081
482 -39.385250  32.810799  340.059479  0.349342  2.633793       7.703443    781.389587 -236.495560   7.532329  0.891523  367.880341
483 -53.121941  19.161411  353.358459  0.249667  4.958286       8.795932    994.015259 -249.233459   5.261679  1.171410  341.237610
484 -52.170719  12.546684  355.945984  0.329055  4.786282       9.941280    697.418640   98.388824   6.328382  0.820056  381.591797
485 -53.031372   5.319360  357.004547  0.316637  5.383000       8.788003    935.471375  -31.414009   6.525042  1.455749  391.883789
486 -34.181889  17.795841  343.391205  0.339735  3.042952       4.544568    685.764526  139.869003   7.401220  1.522882  375.765808
487 -50.952793  22.766285  354.368195  0.315923  3.034472       6.677002    953.493774   56.742744   6.541758  1.058762  438.851135
488 -45.358223   3.144868  358.740265  0.312063  3.774991       7.309853    766.086182  -85.744667   5.295426  0.678988  269.650970
489 -48.501865  22.066614  351.047058  0.345077  4.089262       9.332098    921.821838  -70.806908   6.538251  1.116552  330.371002
490 -52.310566   2.039239  356.008942  0.337215  3.481101       8.985587    795.092590  -45.375076   5.939278  0.396868  383.292145
491 -49.331860 -20.506641    7.592021  0.286575  4.955790       8.910995    963.920105  111.706345   6.861680  1.642119  271.608612
492 -48.188892   5.475245  357.049255  0.293633  4.579889       8.181476    836.260071  -87.634956   7.268734  1.878543  368.970520
493 -43.341286  12.822801  348.586761  0.286291  2.910282       9.930471    519.915222   51.179276   7.195386  1.976651  371.299133
494 -42.732944   2.751409    6.539022  0.327223  2.845467       8.495269    542.744019  138.224411   6.166045  0.619811  268.626404
495 -49.363754  13.631717  347.866058  0.345769  2.032661       9.296575    716.603271 -198.145248   5.402118  0.700152  347.289734
496 -32.028687  40.608368  337.078308  0.322403  5.640339       9.113718    599.595337  124.397545   5.825999  1.143597  335.942688
497 -40.706665  15.913136  322.173523  0.310453  4.268819       7.823313    547.138000 -163.090347   5.688144  1.110190  313.318054
498 -50.937626  14.864320  335.914886  0.303844  5.277710       5.584906    997.638672   -5.531989   6.235607  0.918087  331.348816
499 -30.140711  31.981810  339.731750  0.272146  5.794494       8.549651    474.575989 -135.039871   5.678090  1.531332  397.294586
500 -39.322514  21.446861  336.685913  0.291675  3.438467       7.943942    686.738159  -47.779182   6.362867  1.808191  281.684845
501 -50.502598  11.937802    1.395774  0.341664  3.170958       8.747787    880.389587 -183.224792   6.288160  1.705883  362.107239
502 -46.293774  -4.887769    5.101334  0.337040  5.137407       5.308996    895.311096 -141.747055   6.955167  1.154625  352.883362
503 -51.281776  14.576135  357.419647  0.298996  2.523928       8.837517    999.118652 -111.240433   8.392810  1.620279  331.377899
504 -51.071609   1.917269  348.526215  0.285232  5.136397       5.043821    854.484497   19.730108   7.724823  0.551057  379.537476
505 -46.903645 -15.750513   12.026059  0.235866  5.196686       9.766041    899.009521 -232.420837   5.797207  1.981481  271.533478
506 -36.607334  23.785793  329.843140  0.285995  3.493272       7.323883    692.480408  -41.304420   5.327988  1.535250  291.645935
507 -53.541714   1.188537    2.040148  0.343800  4.068471       9.805702    956.587341  -81.678253   7.229671  0.992200  312.503662
508 -42.550083   6.803216    3.725461  0.248057  4.589118       8.161052    568.678955  224.273071   6.925632  1.144712  319.591370
509 -46.709496  12.138852  338.074127  0.324478  5.503613       5.987437    980.396790   49.916588   7.546389  1.533841  354.252747
510 -52.055260  11.344934  354.635315  0.312964  4.761127       9.100610    903.923523  119.715332   5.371440  1.668514  307.167084
511 -56.986897  12.465916  345.009308  0.275735  5.522543       8.506351    928.390869 -211.129822   6.579906  0.453282  364.853546