           lon        lat         inc      D1AU     delta  launch radius  launch speed    t factor       B1AU     gamma         vsw
0    34.012177  17.801828   16.591127  0.277881  3.461472       7.537477    828.359253  -78.985275   6.972577  2.484539  218.763474
1    22.584583   1.982522   57.199291  0.301451  3.649582       5.574121    870.440918  -44.871067   5.589468  3.362279  142.022842
2    18.962008  -0.712972   52.181675  0.219127  3.093725       5.571183   1026.722046   68.997978   7.941051  2.681713   94.277878
3     1.158766  26.573065   54.863949  0.337029  1.148907       6.964936   1261.098022  -15.047216   7.594596  2.987655   96.254349
4    30.470469 -11.516512   41.730728  0.308467  3.323975       5.067558    797.263245 -180.702744   6.774840  3.604442  159.039490
5    -9.735836  38.965958   74.655136  0.274631  2.736358       6.666327   1171.940674  149.866638   7.123434  3.877646  219.109100
6   -12.228618   8.518766   33.146263  0.260172  3.027111       5.421300    812.317871  194.613037   9.644783  3.040334  173.754822
7     5.172688  39.163624   53.633259  0.283537  2.764165       6.622701   1301.892334  224.585953  10.210729  3.533128  150.390579
8     8.120377  42.036785   49.774532  0.313128  2.090021       5.907864   1311.002319  213.406860  10.781113  2.262530  261.384338
9     1.868501  24.500677   46.658775  0.261089  2.525221       6.785008    767.065491  -46.279537   7.213169  1.902557   70.738930
10   21.046894   4.352869   27.099224  0.299683  2.964879       6.094375    831.397034  213.831284   6.243721  3.091759  239.931076
11    8.345846   5.201723   53.391129  0.263632  1.427494       5.987310   1169.585449   -0.517394   9.529296  2.804601   82.587318
12   20.450819   4.094727   40.483303  0.316678  3.123813       6.099112    737.631287   99.382599   6.459409  2.921659  206.400162
13  -20.313309  21.456604   92.300552  0.329248  1.393010       6.374439    863.092590  219.894943  17.902294  3.357911  199.181595
14   -5.807060  -6.692116   49.809193  0.286274  3.845365       5.649548    961.569519  149.365860   7.885883  2.287261  103.904236
15   12.032643  14.988500   34.196411  0.339216  1.911542       6.467351    716.718872  152.871628   9.633052  3.191935  285.632538
16    9.630064  40.371582   62.497688  0.230454  2.637201       5.649407   1965.150635  200.863586   6.451069  3.614778  320.332428
17  -33.993378   8.623118   55.793167  0.286828  3.767439       5.308857    803.897827   58.575493   5.545654  2.440044  101.644821
18   25.161089  25.199875   28.199469  0.292356  2.320221       8.736444    855.127869  170.500824   6.919260  2.143110  102.955940
19   11.957854  15.382516   27.334629  0.214080  2.047303       5.343666    967.288452   -2.672326   5.737083  3.230407  176.560715
20    3.163310  38.628307   84.488808  0.246829  1.904037       5.482197    735.163574   24.676746   6.809280  0.449564   87.589493
21    5.406835  -0.396266   38.559380  0.245688  2.110676       5.120520   1295.899048  140.217621   6.306927  2.826418   79.388725
22   31.832224   6.644499   47.661228  0.272389  2.171712       5.048117    953.957947 -175.813248  10.411761  2.622263  317.865509
23   41.802277  -2.360139   12.728207  0.341246  1.042075       6.414950    738.990662  -12.359082   5.940621  2.808716  581.532959
24  -26.771097  41.916779   72.617432  0.271498  3.007289       5.303479   1175.432373  123.754539   7.352259  2.534160   86.088417
25   37.875984  -1.771320   20.757277  0.340399  3.281025       7.609056    966.001831  -82.373993   6.008860  2.404473  127.950508
26   13.917621  22.015915   40.970242  0.213231  3.262533       6.836760    921.083313 -129.279694   7.242179  2.464152   56.309780
27   21.333822  11.716216   26.495880  0.277322  1.887075       6.007938    831.677612   34.301014   8.491295  1.307770  113.573013
28  -18.125422  42.356995   78.901855  0.270298  3.367085       5.241204   1786.108887  150.134460   5.506066  3.326152  136.102676
29  -18.632637  -4.243569   74.576859  0.288655  1.425520       6.449523    936.564087  -33.272743   9.605014  3.844237  213.665665
30  -18.901808  23.431648   88.427002  0.265926  2.000853       7.670229   1399.854858   70.450165   5.918932  3.839189   78.208084
31   14.574385  -0.140263   29.200636  0.203794  1.811429       5.823906    917.045532   -9.429967   5.657838  2.229916  127.686409
32  -11.981602  25.285894   75.593697  0.297626  1.781188       6.587938    906.302307   82.824951   6.852546  3.829036  224.495911
33  -17.988331 -19.668823   60.345463  0.225289  2.924857       6.331201   1078.921875  168.331619   7.593696  2.551951   62.926556
34   21.203928  40.534325   48.168007  0.331020  2.180973       6.383428    933.063354  -24.646099   7.627799  0.444219  179.793289
35   -2.065266  29.525625   58.029167  0.247406  3.404126       5.901500    968.732788  139.629761   8.977324  2.340610  101.567314
36   15.676112  39.272354   49.656448  0.320016  2.675675       6.178706   1204.940674 -120.258972   8.736153  3.011632  226.734177
37   38.274822  11.546156   44.352180  0.308951  3.776710       6.638975   1453.934082 -117.336288   5.839165  3.327700  168.957031
38    3.138319  36.544212   57.807064  0.300944  3.313126       5.023322   1386.611206  172.033478   7.255323  3.789770  248.078476
39   21.342926  21.461508   35.188190  0.314657  2.823803       6.692453   1194.487671  179.630692  10.523181  3.836270  241.320831
40  -10.141354  27.555199   77.334663  0.270288  1.873959       7.338071    746.732300  142.271591   9.731187  3.420709  153.006424
41    6.980397  31.510597   21.796631  0.238442  2.586971       7.076236   1324.278564   89.718491   7.104002  3.326282   51.980564
42   -3.851269   2.816847   59.525364  0.224039  3.197238       5.168918   1171.658325   62.484215   7.564352  3.116067  103.452293
43   18.600445  -1.076151   12.153558  0.256837  1.891505       6.537556   1021.166687 -224.163467   7.787108  3.433516  160.778885
44    6.005618  37.333622   47.121170  0.228029  3.061523       6.555985    704.016602  221.651566   6.194228  1.496596  192.564850
45   28.069921  11.502527   36.744770  0.220736  3.069485       5.404973    931.321106   62.410301   5.941958  2.160741  192.052261
46   23.464495  17.029329   29.824770  0.257473  2.441022       5.882330   1553.251343  175.739716   6.651193  3.378561  147.320633
47   22.787975  37.723488   44.031132  0.292083  3.389593       6.491086   1354.239014  135.627121   9.105869  3.813181  281.692139
48   -7.387326  -4.291890   34.750210  0.223295  3.711446       5.321256   1548.358398 -131.978470   9.033556  3.186582   63.684158
49   29.607231  17.076830   53.980698  0.334411  3.686688       5.825311    774.745850  -31.960169   6.310188  1.016135  181.054184
50   25.763699  19.143171   16.141859  0.295495  2.306376       5.785266   1033.884155   38.431213  11.917192  1.300808  118.799599
51  -24.345497  29.077469   85.400185  0.273292  3.787338       6.220200    877.847839  164.587341   6.772287  2.809248  170.130020
52   -2.698137  37.826874   60.007523  0.203703  2.832751       6.691145   1311.063354  179.602463   6.267007  3.218280  122.896950
53   10.379723 -40.776958   86.483376  0.313356  2.685838       9.614252    717.498657  233.450928   6.957500  2.832090  202.199631
54   27.836323  22.193277   37.442959  0.346417  2.052503       7.761317    836.090759  107.668358   5.023340  3.865515  260.994263
55  -16.617579  19.964489   54.189575  0.322698  3.039246       5.044444    700.007263  147.371170   8.279078  2.311133  141.983978
56   -5.574502 -22.525408   72.000740  0.292315  1.894450       6.240239   1209.399902  185.821503   7.838734  3.575587  105.310165
57   -3.882160  39.708298   70.370575  0.260714  3.517134       7.897124   1129.889648   60.056023   7.373760  3.679791  166.288712
58   13.652348  22.895626   41.349480  0.278000  1.318352       7.867031    749.298218   87.552643   8.460553  3.458633  162.995941
59   -8.701450  14.377346   56.531528  0.321667  2.091396       5.534908    739.738098  142.838654  10.178859  3.083282  242.364182
60    2.260935  11.260471   45.556419  0.250519  2.148398       5.729109    906.499573  -68.809692  10.205217  3.812987  164.538239
61   12.243605  24.334925   41.066307  0.280224  2.775521       6.615351   1841.743530   98.684387   7.978477  3.920822  112.606735
62  -10.462367  15.069884    6.929348  0.273299  2.348591       5.567684    756.962463  155.409637   9.118068  2.993376  220.729446
63   33.953728  13.572643   10.687773  0.331242  1.673939       6.579528   1497.159912  -83.092415   5.201234  3.833832  267.314453
64   25.846455  -6.764971   55.024216  0.232504  2.904951       5.018435   1229.838013  -50.810631   6.213778  3.606749  150.766983
65    3.325021  27.511808   60.631290  0.274216  1.308083       5.619737   1353.499023  203.091125   8.670709  2.209364   74.402199
66    6.601633  29.217443   47.615974  0.325781  1.600131       5.629211   1240.420044   94.219673   8.323451  3.414742  230.070984
67   33.020477  29.157278   25.414900  0.319992  1.424197       7.165805   1808.523438  125.533333   7.970022  2.385450  164.644333
68   13.359383  22.378790   49.335381  0.228571  3.452477       6.896495   1136.364014 -101.355080   8.052218  3.664852  135.657104
69   31.692551   4.811463   28.687151  0.327216  1.448190       6.303788   1488.432617  -81.281532  10.031822  3.239319  107.775841
70   17.623245   4.846298    9.071377  0.244456  1.339586       6.460907    899.885376   97.503410   9.890374  3.062611  136.751724
71    0.019941   3.828820   68.573479  0.239178  2.164677       5.765226   1025.604248 -159.634628   8.544909  3.921578  179.646957
72   25.183348   3.088350   22.476799  0.334423  2.692898       5.667709   1288.897095  -83.628326   6.566518  3.281803  210.216019
73   10.085210  30.482246   48.358723  0.290428  3.546630       7.068295   1151.123047   34.361740   6.448428  2.321447   86.745697
74   14.304775  -2.179791   35.875809  0.285122  1.649112       6.651384    815.534485  -43.225208   8.983969  3.129438  167.424789
75   38.792206   2.681342   37.414219  0.307601  3.418324       6.404302    804.530151 -141.525375   8.607433  3.423653  288.326233
76    7.263276  26.103554   61.975590  0.305636  1.799033       5.754093   1412.781006   -5.564497   5.526042  3.400646  194.502380
77    0.179336 -31.902458   70.930588  0.251690  1.476325       6.704246    925.981140   95.503700  10.324562  2.791807  160.756302
78   -1.807294   5.824955   69.168907  0.345620  3.274672       5.062910    770.556335  -44.389484   6.628175  2.543652  175.140137
79   13.653732  11.772651   61.538048  0.321853  1.141849       6.939359    789.362671  -29.078964   6.665551  2.422844  147.066895
80   37.945225  40.458282   37.217079  0.287524  3.358849       8.263929   1550.713867  176.146393   7.149362  1.586468   97.882004
81   -4.826097  11.827633   44.978992  0.270742  1.350576       5.967377   1134.735596    2.147883   8.672879  3.273925  139.429581
82    0.345508  10.972966   64.146103  0.349325  2.384694       5.243355    785.627319   58.363064   5.267771  1.807703  196.558716
83   -8.462850   8.889711   41.674461  0.219837  3.068309       7.565791    729.618652  -30.748898   9.126216  3.331265   66.689407
84  -18.278214  23.315950   78.099815  0.275103  3.508002       5.076682    891.936829  228.778931   6.641994  3.503312  169.373245
85   22.178152   0.018717   55.084042  0.228886  3.306144       5.286230    828.950012  238.022873   6.695294  2.824620  108.125542
86    7.829223   9.294398   40.787350  0.313586  1.563035       5.709387   1017.312134  110.526817  10.523693  2.397513   73.163689
87  -14.705931  -9.784744   45.727226  0.223530  1.921191       5.338981   1153.787231  111.603470   5.164796  3.428415  116.459663
88    1.665488  15.719891   32.623585  0.307658  1.679523       6.381826    769.122009   89.215019  10.318179  3.647969  269.764252
89   -1.989850  -0.277804   43.950268  0.222640  2.049526       6.618191    993.970459  147.883575  11.751857  3.737253  135.255661
90    7.179630  22.921911   58.498028  0.216774  3.476894       7.506486   1086.169434   98.894936   6.854130  3.569869   90.510933
91   10.680475  35.445992   83.455772  0.232121  2.584028       7.405947   1248.812012   66.256912   6.517926  2.008932   52.453602
92   16.834105  38.063362   55.822105  0.327572  1.093865       8.357121   1134.615356  100.670219   9.022274  2.241445  170.969498
93  -11.789599  34.177364   62.615078  0.345139  2.355555       6.136269    756.541443   86.259438   9.078321  2.610828  164.457870
94    3.010177  -7.284840   46.481178  0.301689  3.403541       6.440358   1109.826416  -43.803200   5.984511  3.870656  128.436966
95   -0.011641   5.501098   29.894556  0.283884  1.783023       5.243335   1030.292725 -181.355072   9.137344  3.998356  223.999878
96  -14.590691  20.731270   68.699677  0.347125  1.562183       6.819924    772.222290   59.932343  10.482021  3.550006  220.858673
97    2.400636  43.933235   40.227867  0.312030  2.769177       6.723643   1231.797119  191.859634  10.122640  3.880764  195.444199
98    1.510920  34.713470   62.832153  0.333354  3.973162       5.632500    947.427612  111.098869   6.621272  2.530825  311.324005
99    1.635849 -30.447544   70.126953  0.298506  2.088584       7.325880   1075.076294   75.645859   9.118746  3.289673  155.739548
100  23.523499  26.961481   24.500624  0.261705  3.131600       8.204005    993.938721   -6.118945   5.644553  2.839452  144.346603
101 -23.636385  13.561209   34.740334  0.303845  2.747833       6.138066    797.194885  -71.101509   7.499886  2.456678  119.653481
102   6.157279  28.391685   49.441120  0.332718  1.146192       5.054515   1626.676270   38.432095   8.813806  3.561701  172.806290
103  -6.344418   0.317602   13.974633  0.287772  1.791123       5.887637   1134.278198  190.544128   7.932808  3.964868  138.658142
104  38.707584  12.867908   37.144539  0.323697  1.358965       6.428831   1844.821655 -165.051575  11.573110  3.237092  227.832016
105  30.497398  25.173977   46.948376  0.266167  1.264225       5.271439    793.554932 -132.873627   8.265654  0.416059   78.383102
106  -6.312482  -5.186316  359.834656  0.217716  2.824592       5.825585   1014.090332   65.565895   6.153604  3.909183  215.703140
107  26.149372  33.901215   62.464741  0.317819  3.384868       6.719069   1008.719055 -187.033157   7.365439  2.276724  288.810303
108   1.187973  34.857647   65.623337  0.245134  1.823147       5.989946   1099.121948  223.452057  13.356303  2.203406  100.565193
109  13.746926  22.757063   43.442032  0.233472  2.223277       5.215525   1393.612793   67.517456   6.835831  2.322267   69.358063
110  18.129576  -1.567787   73.920067  0.230112  3.853444       6.275442    894.398376  198.858383   7.640800  2.466000   61.615845
111 -15.103103 -16.652040   77.522987  0.306955  2.277044       5.745938    722.082642  232.488815   8.649235  2.119484  158.051575
112 -23.144670  11.921056   44.260452  0.307074  3.772406       6.372491    739.390564  183.154999  10.043691  3.398234  147.901031
113 -12.018338   0.337841   68.211815  0.309145  1.821221       5.087160    763.472473  -87.274551   6.451718  3.556035  253.170990
114  -0.005634  29.536200   49.800377  0.341805  3.077097       6.988919    704.940247  176.993469  10.102101  3.586905  207.330994
115  -5.788489   6.479894   68.711227  0.265043  2.516178       6.124221    727.040100   35.664055   8.322943  2.652070  107.178062
116  18.234592  -5.828680   51.889984  0.239753  3.602173       6.377926    734.679871  -97.932930   8.170475  2.859196  142.501144
117 -19.141233  46.563686   62.543671  0.337351  3.034658       6.557123    816.693542  116.100571   7.456357  2.391633  184.848816
118   2.394006  20.850315   65.595665  0.260511  2.694170       6.339066    854.579529  -41.364021   9.311703  3.924781  246.032333
119  40.788063 -17.926987   22.189651  0.289028  2.940470       7.729231   1369.173218 -228.693710   5.826004  3.686827  132.531372
120  15.906683  37.437321   35.746002  0.342872  3.289320       7.384894    792.688110  -18.223166   5.833751  1.872399  161.667618
121 -37.362686 -11.905540   42.456924  0.264531  1.761213       6.250677    938.503174 -116.270172   7.957082  2.007416  173.308548
122   4.859791 -41.036549   84.182190  0.289270  2.644059       9.168060    936.700500  182.302216   5.792810  2.450948  168.686050
123  38.613941   2.694791   34.382275  0.267088  3.715524       5.288896   1183.920532 -152.982285   8.024348  2.178644  148.512207
124   1.001968  25.464811   43.067795  0.283523  3.693563       5.000309    845.609253  225.905182  10.064444  3.455985  313.850403
125  14.723707  27.528307   26.354946  0.286946  1.962067       6.414680   1159.417236  110.188126   8.223438  2.603830  120.819435
126   5.813847  -4.151328   81.151077  0.272519  3.621219       5.940297    764.153259   24.156107   7.270735  2.753719  165.169479
127 -25.961943 -37.013496   28.270250  0.278681  3.407548       6.188671   1127.865356  203.803497   7.190760  3.856175  347.358337
128   7.565228  28.133266   70.215721  0.265652  2.564306       7.274818   1188.131836  183.666138   7.600716  3.754579  176.976730
129  26.775679  26.782785   35.655750  0.270027  3.429889       8.367293   1007.061890   28.907316   7.621325  2.926961  220.687073
130  -0.384186  23.390524   64.120331  0.322821  1.161596       5.178404    993.951294  -40.525692   5.419053  3.511704  266.620148
131 -11.732134  34.705830   69.876060  0.229646  2.618141       5.270042    773.763062  -51.676937   6.117564  2.810994  249.167831
132  27.899189  -5.319478   30.554646  0.220642  2.914838       6.420656   1053.852417 -178.348846  10.331151  2.737959   85.524887
133  47.310516  16.013401   39.423634  0.259625  2.150642       5.556159   1366.149170 -145.487900   7.187457  1.940731  249.347000
134   6.586604  24.892767   52.161186  0.288520  1.839432       8.585102   1216.358398   85.864998   8.383287  3.882164   59.617886
135 -21.847658  12.749135   50.910465  0.244728  3.400743       5.337313   1007.783691  -51.146881   8.229929  3.194194   90.528191
136  29.066387  35.633694  357.611389  0.297964  2.771969       5.199137   1058.487549  160.773453   7.551897  1.824624  177.963364
137  17.254276  38.035126   66.566582  0.349744  1.248070       6.457198    703.525574  -67.874779   6.099391  1.251875  331.141113
138   6.543667   9.079100   40.724075  0.270302  1.764774       5.691609    915.956909  -78.623566   5.118584  2.342912  126.157898
139 -16.621189  37.197224   57.107483  0.325555  3.685528       5.372894   1008.744568  100.252869   5.021242  2.908615  146.724594
140  -1.876017  40.866383   48.798168  0.349438  3.879907       5.947945   1031.027222  180.326752   6.685680  2.769571  158.091019
141 -11.740247 -22.977396   32.358582  0.279433  1.843668       5.533043   1199.804810  185.907654   8.931486  3.571641  198.039062
142  32.443321  -9.924763   36.306152  0.270930  1.788602       5.970528   1433.068237 -108.099350   8.261610  3.780866  170.254929
143  18.221895  18.318464   58.014778  0.265959  3.650743       5.277293   1136.691528 -126.299965   8.812336  3.417614  157.772400
144  -5.779640  26.076189   76.598068  0.273284  2.100506       8.089276    830.982483  239.961075   7.332098  3.901172  113.268509
145 -19.869619  44.433495   90.811584  0.329073  2.854800       8.600505   1202.782104   37.936272   5.401095  2.990276  199.192703
146  27.670429   6.764373   42.949402  0.233644  2.689457       5.307647    775.768311  -28.196032   7.037961  1.950990  194.553268
147  33.281071  35.221664   61.906940  0.269737  2.863426       7.178553   1200.293823   52.319309   5.931731  2.009994  258.552094
148 -11.949396  11.926878   54.603542  0.268418  3.486052       5.099518    777.135193  165.506622   8.341552  2.279034   72.184387
149  -4.520478  24.688751   47.701576  0.349294  2.197711       5.728829    789.308105  -55.761395   8.154949  1.807121  111.586006
150   1.251100 -20.029234   36.619907  0.287443  3.193122       5.455008    765.805054  -98.084518   5.775335  3.930413  238.017685
151  21.706758  26.923712   40.053738  0.347534  3.385501       5.909519    835.080688    3.040855   6.093530  3.782854  427.060089
152   8.638446  12.151111   90.625496  0.203319  2.312404       6.502158    766.363647 -207.947006   7.013772  2.387980   85.841858
153   4.696525  38.225506   72.809296  0.241645  1.505667       8.390639   1130.754150   96.115860   6.103324  3.736009  167.955765
154  34.857048  29.823748   18.522367  0.307780  1.431596       8.106474   1566.997803  169.412781  10.240238  3.396035  249.934311
155 -35.015739  26.181086   93.262482  0.255699  3.716618       6.580781    996.015625  205.035172   7.027942  3.810981  126.962280
156 -18.665930 -25.158623   37.698677  0.297073  1.230366       6.483219    967.351807  112.498749  12.042835  2.163131  201.701187
157   5.930115  -0.559923   68.508904  0.229093  1.724283       5.732675   1449.878540 -138.308807   9.480874  3.668628   88.850800
158 -21.327692 -16.802052   63.504650  0.278641  1.131320       6.797033   1461.174194    4.313290   5.612116  3.357751   90.413902
159  20.750965  29.631603   74.037682  0.283793  1.603305       5.176215   1091.195801 -239.916336   8.593079  1.232614   70.217735
160  12.506819  25.369303   59.003864  0.274006  2.248187       6.003455   1291.378174 -124.375587   6.990530  3.188735  207.157425
161  33.161938  -1.504190   38.118427  0.246029  2.810899       6.526593    873.697388 -202.279633   8.942809  2.259785   61.522053
162   7.439529  -0.400217   76.147522  0.325465  2.660385       6.464509    767.104431   49.792484   8.445959  3.566553  187.630295
163  -7.612146  35.880928   86.834885  0.262816  1.375744       7.453912   1361.954956   85.866547   6.692549  3.649492  154.599899
164  32.444221  10.102157   57.473083  0.288706  3.280284       5.645117   1091.938477   21.993057   7.146410  2.864515  163.156174
165  38.864235  23.464006   17.705351  0.276447  2.250779       6.396678   1309.065430  169.773926   6.425003  2.533612  237.705536
166 -27.060177  14.221469   60.956104  0.247047  2.008893       5.947198   1465.243408  -90.715149   5.092390  3.747808   71.529419
167  15.052638  18.340740   64.172295  0.233129  1.700539       6.623455   1002.638794   -1.942427   5.833399  2.568005  104.357430
168  13.720669 -41.869713   61.320004  0.314503  2.881822       6.454204   1553.407471  175.719940   6.636074  3.814611   97.081360
169 -17.314323 -18.295662   40.672939  0.206719  2.690537       5.480575   1165.239136   61.063950   7.670781  2.908644  164.419418
170  16.654295  43.478294   39.449341  0.317506  3.383698       8.193764    809.937622  209.343872   7.457134  2.593130  237.859390
171   1.955380 -28.936106   51.352875  0.296058  2.262565       8.276775   1026.742676  127.046173  11.760539  3.743564   98.430717
172  40.986595  -4.588783   13.039838  0.282736  2.293739       5.769244   1482.569336   37.408096   5.763701  1.622243   59.743423
173 -18.432833  27.295181   52.183983  0.272374  3.201311       5.912573   1194.667969  124.792236   7.977762  3.962332   75.989326
174  27.577915  13.031274   22.695095  0.290330  1.481568       5.701326    770.626831   95.889648   6.658551  1.457358  350.483154
175  23.673906 -25.761908   24.573074  0.325762  2.359559       5.721494    848.570435   -4.128723   7.055114  2.484488  119.039803
176  10.708523 -39.897079   59.697651  0.344016  2.097014       6.400643   1702.109863  135.094437   7.953501  3.309960  138.649582
177  17.374872   4.687301   31.632355  0.338602  2.380327       6.503648   1000.034058  -62.759647   5.858046  3.133156  151.554337
178  -7.927760   2.034795   89.276077  0.247941  1.117044       6.726483    971.170532   12.660866   6.968945  3.974224  132.153198
179  -2.992415  25.823290   52.718204  0.315527  3.152973       6.062782   1199.697510   60.880737   7.961246  3.149243   84.882355
180  25.529812  27.842144   54.101089  0.323861  2.546097       6.404610   1261.104980  106.425758   5.443506  3.198141  269.538727
181  20.315796  19.156836   54.540722  0.251508  3.577909       5.549813    796.838928 -147.623138  10.069387  3.340768  293.294464
182   0.681621  41.731056   44.953819  0.322881  2.046594       6.482962   1165.177612  164.871689   8.502484  2.470602  153.899750
183  10.723499  24.362631   58.426182  0.324874  3.405232       6.315292    750.466064   38.311279   5.665630  1.684774  235.797302
184  -1.046096  14.724348   26.481318  0.311337  2.367699       5.554395    775.558716  180.662933  11.554173  2.865427  251.351562
185  -4.980586  39.735176   57.677540  0.239488  2.910819       6.255586    928.860352  164.852356  10.358979  1.990419  137.281418
186 -24.618227 -17.569714   38.803680  0.282902  2.536311       6.008385   1666.052124  125.937340   8.089531  3.403147  133.762741
187  14.332550  12.615216   36.555546  0.228509  1.439538       5.195506   1326.306641   37.646980   9.440250  2.901508  109.515724
188 -10.044466   3.673094   41.977367  0.217050  3.105579       6.741218    782.338135   35.546146   5.897684  2.727634  102.437309
189  29.829523   3.526385   61.049229  0.304305  2.377374       5.513695    735.826782  -32.537216   7.340848  3.778785  272.275391
190  23.716358  12.719012   34.325432  0.340898  1.316220       6.550603    854.094055  -59.765903  10.083540  3.914941  260.107117
191   1.619282  31.365204   57.070450  0.282254  3.780102       6.299986    896.058411    5.608950  10.304378  2.933610  172.643448
192 -10.255303  37.607502   99.975098  0.294029  2.752031       7.671073    754.840332   53.477985   8.077087  0.992459   66.585663
193  21.970325  19.890663   35.954067  0.314902  1.179389       7.062979   1538.144043  177.283081   6.042319  3.875294  136.177277
194  -7.210180  32.287773   55.542332  0.330284  1.788592       5.050014    847.953674   18.652727   7.531897  3.764495  334.149811
195   1.546904 -13.361605   42.909542  0.289328  2.730944       5.594522    741.168152   64.584557   6.591751  3.889325  202.722351
196  25.271555  33.503170   39.053295  0.272636  3.402719       6.004084    929.625122   86.543488   7.558180  0.978212  235.844833
197   5.898925  41.245762   45.150581  0.334217  2.406848       6.673192   1054.700928  154.482346   6.962658  3.718315  274.987457
198  -3.411162  27.356272   79.765884  0.283756  2.038164       7.524391    739.977844   30.503223   5.539606  1.556314  107.266556
199  -2.856514  -8.878764   35.187790  0.299198  3.291472       5.207292   1310.569702  -42.577862   5.727950  3.356310  113.311989
200  23.062439  -8.243692   42.885574  0.273886  2.788014       5.495984    760.025513  140.096527   6.835983  2.462855  151.133713
201  -0.486064  29.879044   70.575218  0.307173  1.777200       6.893432   1164.501099  158.065002   9.000997  3.160394  188.786560
202  37.523335  29.442944   37.143456  0.292005  2.805093       6.070867   1077.193726  142.019775   5.198597  1.007453  133.477173
203 -15.329868   7.694020   58.382809  0.245902  2.476363       6.281121   1239.152466  -40.039318   6.991621  3.473570   78.787949
204 -27.460480  29.220402   99.254135  0.342996  2.494968       7.633462    812.538025  144.103592   8.286875  2.373915  145.998383
205  23.347460  -0.251019   56.231453  0.278546  2.008525       6.433485    720.522522  -69.724342   8.672016  2.397203  164.674362
206   0.629384  11.738409   25.507927  0.284013  2.229934       6.202403    975.130493  179.527451   9.432303  2.312876   58.802422
207   1.231835  31.498873   60.521187  0.305755  2.160864       6.703799   1215.510986  157.171127   9.521464  3.634575  196.042740
208  20.767002  21.543175   66.558044  0.280143  3.576869       5.743975   1138.258667  -62.337452   6.479233  2.783574  198.057938
209  26.686499  31.480513   30.445745  0.318726  2.355122       7.675532    759.905457  154.391022   8.113436  1.740417  168.033813
210  42.487457  -2.727098   53.992599  0.327627  2.797545       5.290556    875.798340  -87.411690   8.196793  3.373484  190.200165
211  11.316574  37.014698   38.592823  0.314757  1.676479       8.139947    866.310547   91.664742   7.766969  2.935026  288.477112
212  32.076366  27.158474   33.318283  0.274373  2.650670       7.638230   1023.138489  235.991348   6.127241  1.994427  158.251801
213  -2.883429   4.088178   64.779289  0.238301  2.017179       6.066301   1194.427368   -4.756199   5.478961  3.912671   75.210114
214 -18.959055  41.368904   91.983376  0.297850  3.404939       9.228756    822.283203  183.729111   5.177629  2.987263  187.842026
215   2.888423  30.375555   72.309914  0.326356  2.328798       5.014570    710.612183  158.384415   7.473481  1.741859  274.547974
216  -2.083439  34.969196   53.265526  0.260291  3.192806       5.991811    817.902649  129.195847   8.102323  1.986805  234.779007
217  43.055161  11.952222   45.912045  0.227642  3.353594       8.723735    813.529175  -61.282543   7.939183  3.743228  217.676163
218  13.548231   5.969839   31.137320  0.299232  1.615097       6.988537    771.565979   78.400864   6.910095  3.349190  213.765213
219  32.037727  26.007421   27.002510  0.254841  2.395949       9.481853   1257.816772  117.197449   6.871724  3.912061  174.132996
220  10.122471  -4.415553   50.577148  0.280576  2.058569       6.325694    802.607971  -20.210772  10.879093  2.064394  128.035431
221  14.091410  10.075650   55.965530  0.262572  2.446516       6.533401    839.236145   11.058543   6.494506  3.280178  101.706375
222  -8.400594  47.248928   47.659973  0.322040  3.534592       5.035777    981.342285  177.924332   8.657814  2.868233  227.442734
223   2.022214  18.961903   51.255260  0.250330  3.941740       5.680345    861.695801  110.159714   8.247104  2.551734  136.905716
224  17.889130  15.503375   38.268921  0.291825  2.606139       5.772266   1690.822998 -115.792091   6.370586  3.515216  109.807617
225  26.812767  16.648304   26.801977  0.308312  3.356924       6.005936   1007.076233   61.992325   7.261407  3.244127  354.936432
226   9.183374   6.863941   29.936783  0.249850  2.676038       6.588168    796.385681   85.535248   8.886142  3.341379  210.226578
227  34.921310  30.031982   65.787094  0.345648  3.890479       7.077268   1047.849609 -216.709976  11.037164  1.186954   86.918350
228   8.657588  45.876278   58.028214  0.305029  1.799869       6.000166    749.369446  238.305679   9.876803  1.539008  485.289093
229  21.111118   9.018234   48.131550  0.235800  2.780439       5.729388    899.210999  -12.680821   7.024378  2.268737  186.982895
230  20.867733  -0.962184   12.170040  0.200627  3.486801       8.661491    736.812439   98.086365   8.306390  3.285683  112.531395
231  -7.384435 -36.221306   57.228348  0.273924  3.147016       9.624480    716.685486  117.169136   5.342946  3.690505  140.341232
232 -15.833097   6.255853   63.270264  0.223228  3.880321       6.036793    828.802917    7.888759   7.105886  3.940958  169.024460
233  24.787628   0.925736   41.707073  0.266286  2.894526       7.941565   1000.351501  -24.724449   5.676216  3.412572   59.693233
234 -16.296818  33.162788   60.037918  0.313111  3.197443       6.225604    713.754028  111.061958   5.481734  2.956323  173.037277
235   3.351512  11.110305   52.344433  0.217471  2.332847       5.918223   1386.313599   68.953262   7.688381  3.859966  109.131264
236  12.513042  -7.280472   41.970989  0.228214  3.334893       7.070939    785.481750  161.777115   9.563352  2.826843  105.452644
237   5.265683  19.816721   58.631882  0.224234  1.017717       5.818163   1071.793945   86.469528   9.234718  1.942336   95.143944
238  47.825253 -20.042019   11.964349  0.317641  2.743295      10.066022    961.473022 -122.636833   5.831282  3.142523  213.893372
239 -14.654742 -34.473621   44.210880  0.278484  2.020489       7.776389    971.931702  186.793640   9.364227  3.681233  203.352371
240  20.650433  44.704700   38.734100  0.279085  1.872002      12.842910   1447.716797  182.119125   9.667935  3.689990   75.516754
241 -19.393417  -6.850677   74.303146  0.288235  3.587563       5.156449    750.844727  -78.988014   6.336607  1.831889   85.995781
242   2.449479  18.422369   69.496216  0.278814  1.040968       5.227118    720.722046  145.984802  11.340448  3.897450  294.197601
243  34.859303  18.764145   34.319447  0.241334  2.707057       8.828798   1069.408691  -96.719841   6.225946  2.829006  153.947021
244   1.092054  33.223209   59.308331  0.312455  1.791042       6.226988   1233.840454  158.863663   7.950874  2.780519  139.166611
245 -10.613921 -13.935350   37.999374  0.227134  3.140011       5.204048   1656.390137  130.776276   6.949892  3.693648  130.877609
246  14.641822   3.331844   81.078545  0.265310  3.097743       7.323057    791.747131  -33.977837   6.275958  3.891934  148.828171
247  -7.246322  13.884762   56.652252  0.267292  3.957785       5.407365    964.105896 -224.697693   7.206436  2.616060  145.885757
248  14.980054   8.606975  355.753235  0.276024  3.128531       6.298555    843.078430  149.678101   6.381825  3.887993  221.941391
249  13.799279  45.565403   18.332462  0.344429  3.514046       5.345947   1388.913086  181.010864   5.604508  2.356985   79.895836
250  19.141233  31.366209   56.250732  0.224805  3.673720       7.709181   1046.395508   52.022713   8.178076  2.411215  114.967110
251   7.044315  -0.069931   27.804764  0.290807  1.496244       5.378860    847.966125   -3.676975   8.327581  1.588193  114.008568
252  -9.175624 -29.452463   56.030365  0.260313  2.129290       5.194803   1108.948608  240.442947   7.962891  1.663587   51.702278
253  15.395054  28.360664   49.139965  0.321150  2.371975       5.542063    819.115356   42.336765   7.385340  3.366210  419.989075
254  -7.874074  42.190216   72.156357  0.292279  2.346199       6.943862   1843.095337  199.630447   9.475446  3.780329  154.338394
255  15.599356  12.592037   54.980331  0.260548  2.845948       5.432064    742.770203   98.694206   7.683484  3.175210  208.454987
256  16.953514  15.371640   21.060205  0.238200  3.349781       7.210842    943.230347  239.437943   8.201364  3.740216  196.630203
257  23.404043  33.857224   50.392918  0.337866  2.023073       6.814667   1009.155273  110.734772   8.855000  1.345669  114.431229
258  14.359807  -9.207713   42.623081  0.238734  3.075516       5.251427   1021.926453  -68.992065   6.635080  2.249759   78.536118
259  29.861826   1.703314   22.943247  0.261296  1.827348       6.283380   1392.452759   42.146595   6.421888  3.719982  225.418198
260  32.943916  -5.984797   22.051067  0.314755  3.737221       5.596984    764.145020   75.879356   8.856236  1.704896  312.359375
261 -13.573604  22.632887   72.955589  0.251655  2.892883       5.059595    771.164185  244.716766  10.436887  2.430326  154.716965
262  34.600018   3.717962   41.961319  0.204426  3.079547       9.888008    840.472107    8.008414   5.821948  3.749845   56.341511
263   0.197043  37.357773   48.020969  0.333765  2.299644       8.355279   1123.335693  155.465469   7.482774  3.403655   68.190750
264  45.122395  -0.771453   36.057053  0.306107  2.465305       6.840248   1234.706665 -115.567352   5.535996  2.591717  122.177864
265  18.760883   6.584578   65.090843  0.234253  3.444495       6.707291    722.736328  -22.269876   7.257937  3.415980  232.153412
266  23.707212  19.414536   34.311085  0.287081  1.849043       7.318266   1046.038696    3.558935   8.076997  3.127106  125.872490
267 -12.467208  -1.476252   39.755753  0.257877  3.822845       5.400118   1211.039429  -57.904022   6.449740  3.729822  194.807480
268 -16.311998 -41.926304   50.592968  0.327184  1.013992       7.496429   1969.458252  244.264633  14.185358  2.010631  117.614670
269  25.478025  39.185143   29.853420  0.348359  1.933021       9.153109    897.897888  187.883011   9.508049  2.211017  206.658936
270 -13.959031 -41.119038   41.022472  0.341741  1.239965       6.313164   1677.137695  125.670685   8.309776  1.734917  130.532379
271  -3.143001   1.622684   34.711685  0.232815  3.054705       5.696486    954.572693  162.835251   9.745262  3.417891  160.408539
272   8.830396   2.306621   49.136929  0.227100  2.968087       6.458301    741.179016  -76.143234   9.441710  3.066779  164.916809
273 -19.527914  -5.035496   38.803459  0.300499  1.569458       5.770391   1038.385742   15.208647   6.048685  2.888245   82.328911
274  29.786383  30.000336   39.974613  0.293041  1.384033       6.903895   1178.877563  138.040482   6.950329  1.742751  182.902939
275  24.159410  26.192225   40.452137  0.303229  3.585471       8.059515   1111.628662   -5.919344  11.691370  3.891219  244.255707
276   7.752635   9.204152   45.766323  0.292758  2.607391       5.727823    954.335022   -5.267605   7.439079  3.650013  232.200699
277  35.415554  -3.625489   24.417074  0.281691  2.215332       6.511029   1237.833740 -122.701630   8.711797  2.107356   83.892029
278  34.367977   9.170936   26.594786  0.261028  2.562175       7.790866    752.841675   -6.928790   5.284271  3.112509  325.201660
279   6.581430  45.665657   54.477501  0.334439  3.903861       5.264859   1051.249878  206.323517   6.354722  1.992254  258.393005
280  21.476721  24.382341   25.237036  0.310513  1.780994       6.216322    716.212769   17.263842   6.597836  1.946920  308.223450
281 -12.359934 -29.020666   29.877451  0.233222  1.913385       5.556313   1027.055176  130.212708  11.041816  3.149582  228.017273
282  32.363064  15.100348   26.884907  0.321656  2.580226       6.488311    991.530029    5.533862   5.048181  2.565719  189.926010
283  31.096434  16.478453   33.692314  0.347839  2.069461       6.974735   1140.470947  181.099197   6.037410  3.404611  219.798431
284  -2.245927  -2.945167   34.974720  0.245063  2.520782       5.033010    908.352722   47.464592   8.642436  3.257618  180.641418
285  -8.202050  37.298531   68.584076  0.315170  1.385418       5.255488   1453.191528   41.180054  10.389704  2.985242  237.830673
286   6.770601   3.425849   62.951595  0.269369  3.443608       5.833308    966.692444   67.850487   8.827276  3.425860  101.751793
287   4.103943  10.971779   45.283020  0.239277  3.783323       5.235251    871.921326  129.425247   7.743833  1.550319  105.600807
288   5.129395  26.445436   54.577553  0.299083  2.286835       6.691777   1213.272949  244.843750  11.785539  2.570615   71.642723
289   0.176697  30.711411   48.169479  0.238271  2.247290       5.439862   1139.959717   81.960083   7.238256  2.642007  110.842400
290   7.906247  25.227715   48.657135  0.204353  2.546497       5.273596   1206.045654  -98.751152   7.793698  3.956275  276.628479
291   7.104954   1.991254   20.759848  0.236150  3.891806       5.361813   1172.684082  169.271988   6.521532  3.935544  149.539948
292 -12.634583  28.335812   52.941380  0.311616  3.135816       5.867711    762.096558  169.739044   5.456510  3.822196  143.125793
293  19.400330  37.910919   36.407207  0.226045  2.730819       6.604428   1637.255981  104.050674   6.672268  2.699099  108.758049
294  25.357840  21.648466   33.895641  0.200844  1.281487       7.233235   1060.000366  151.661575   9.665659  3.540166  199.584167
295   7.169995 -15.801682   77.529045  0.261082  1.890283       5.998922   1025.091309   85.061363   8.392025  3.699889  150.680542
296 -15.871091 -14.190555   37.807335  0.278553  2.342869       6.512254   1306.021851  146.174362   5.215966  3.296824  119.714455
297  37.821255  14.152231   57.128216  0.299373  2.524332       5.855565   1005.670959 -177.851364   7.574622  2.423432  234.999191
298  34.845272  20.202518   50.352184  0.251902  1.812821       7.408275    976.892273  -78.096153   9.747341  3.147629  279.903717
299 -13.200325  -0.476097   39.328785  0.309185  3.900114       5.992528   1303.933228   -0.497380   8.409456  3.738847  109.233887
300 -12.889967  -5.404126   63.467144  0.219088  3.727840       5.873402   1188.024414  180.900665  10.376069  3.294984  114.603195
301  18.655828  -1.454387   29.867723  0.234848  3.854126       5.496695   1078.429688 -197.555267  10.359657  2.512119  108.820831
302  34.422337  11.672297   51.359383  0.262035  1.904984       6.693935   1087.732910  -92.035286   6.852623  2.948555  137.344559
303   7.475536  40.694927   39.633591  0.298020  2.101632       6.621148   1661.170776   61.447556   5.243149  2.720769   99.457100
304  40.473122  15.116803   22.264763  0.258993  3.128106       8.147425   1518.934692   45.537605   5.073101  3.350707  166.585480
305 -21.144270  30.054396   68.968826  0.300420  3.813561       7.174889    818.450928  202.999115   7.880641  3.295815   84.104622
306 -21.782207   8.726409   78.807350  0.276079  2.799782       5.918125    828.978149  -12.422526   5.163065  3.810469  146.216660
307  -9.271442  20.760490   59.162720  0.267748  3.434331       6.393603    717.618408  121.069664   9.827662  3.955751  164.593384
308  32.974167  43.457352   35.952488  0.246670  2.955841       6.668643    979.815552  183.608719   5.593759  1.916848  485.907837
309   4.891717  36.276627   69.021156  0.239362  2.913890       5.222274   1152.412842  135.962296   6.929479  2.902843  256.178314
310 -22.031586 -13.098446   42.641739  0.227130  2.056686       5.876239   1294.914795  -77.631149   8.258715  3.090206  102.933311
311  12.490414   0.830898   42.796211  0.309844  1.998059       5.156356   1235.873047 -114.980301   8.200677  3.638549  213.215515
312   7.096228  -6.619891   51.715961  0.235232  3.586883       6.094360    911.814270  -62.667339   5.594079  3.167212   68.282364
313   6.749634  -8.440853   14.676676  0.223622  3.092070       5.981654    777.372131   41.295906   8.177581  3.737578  165.319946
314  21.455509  35.785236   57.921959  0.281934  1.183634       7.464016   1115.328247  199.501816   8.939506  3.404911  225.558167
315  15.900316  42.277397   69.688049  0.348487  1.791453       8.238908    714.419861  -85.434143   8.020045  0.606643  190.523453
316 -11.344851   9.732657   56.329655  0.302804  2.088483       5.677464    994.037109   85.874168   6.939479  3.717644  134.444366
317  -8.311473  34.572460   59.389828  0.256083  2.111587       6.551309   1726.295288   52.834248   7.883143  3.626996   76.587173
318 -19.089725  25.635452   76.122025  0.308922  1.922911       5.404730   1346.150635   47.678509  10.668208  2.354367   57.934204
319  -6.902950   9.288331   45.913399  0.253171  3.978685       5.327116   1098.371948   -5.547517   5.850400  2.654742  122.787170
320  22.276327  25.957638   43.477558  0.330483  2.411970       5.237965   1230.421753 -120.096687   6.858528  2.963677  275.914978
321 -19.101038   3.151770   11.749218  0.244726  3.128479       5.278549   1241.141113  -38.975426   5.434176  2.922264  138.402954
322   2.534120  17.524176   57.903118  0.295237  3.591164       5.471116    726.675232 -198.899170   7.670919  2.388588  184.338562
323  10.158210  41.809299   49.876259  0.316791  1.953666       6.574265   1163.612061  172.813644   8.015847  1.898591  163.901367
324  10.283891  26.211454   85.007858  0.262892  3.949556       5.870595    768.952026  -44.024929   7.527348  2.408989  403.220734
325  13.573379  23.804405   25.427256  0.310572  2.455613       5.209622   1328.037354  217.463287  12.030054  3.302825  195.974625
326  23.459927  31.533005   60.778145  0.296239  1.790324       6.493388   1780.828491  -40.871441   6.762802  3.721599  257.709961
327  30.385368  30.111979   35.139053  0.347250  2.053408       6.166880    927.719727   41.924698   7.970682  1.355082  383.673035
328  27.546408  22.780359   46.458328  0.288433  3.276208       5.023010   1218.742920   71.506432   7.785515  1.798667  119.509621
329  38.224316  10.586755   32.262196  0.342004  3.283803       6.889244    707.083679 -111.511200   7.692039  1.218792  255.266113
330  40.458660   6.711441   20.899734  0.331199  1.049639       6.717305    911.838257 -118.720505   8.766668  2.633438  307.111694
331  30.001278  20.948450   56.753628  0.290309  1.424765       7.738142    890.832153 -163.423416   8.295065  2.351749  248.233154
332  -7.420939  18.648588   91.399437  0.211350  1.700434       6.883301    921.535583   90.031090   7.250813  3.270583  126.688377
333  11.225614  15.263130   66.108498  0.256102  2.652107       6.389534    813.963623 -144.334900   9.037548  2.774527  203.772537
334   0.757980  21.411560   55.359600  0.269364  3.279500       5.379289    822.122498  116.872932   6.338027  3.519175  187.207184
335   3.606403  -2.933716   76.770950  0.235014  1.326517       5.665501    832.846069 -179.422699   9.601406  3.335648  148.854111
336 -12.657697  26.862675   67.833107  0.333700  1.315745       7.017002    868.580933  105.354088  15.071413  3.200475  229.324463
337   3.709035  36.383007   64.643013  0.300081  3.431865       7.174620    890.528809   12.563311   7.456835  3.568686  223.837921
338  -0.417888  -2.036103   55.205002  0.263000  2.927205       6.490708    778.442322    3.731463   5.821680  3.676409  125.485931
339  -1.218485  17.543158   50.475052  0.282358  3.893343       5.323438   1746.328491   92.622948   7.834546  3.939649   61.549126
340  -0.038322 -24.593189   46.451832  0.308045  1.433932       6.606512   1586.427979   69.563217   8.795964  3.978437  117.300705
341  25.854425   0.403579   26.857985  0.255528  3.228076       5.654264    954.664795   99.043144   7.193829  3.648560  182.924240
342   5.061469   0.046451   31.017244  0.317416  3.082090       7.041361   1036.665283 -116.289780   7.921384  3.871059  108.071007
343  -4.458187  30.516241   57.414322  0.285224  2.437827       6.151276   1244.996460  106.617531   7.843849  3.774845  132.755936
344 -12.419074 -18.947674   53.869934  0.275208  2.085773       5.467401   1125.132202  -74.763878   7.554488  3.026709  182.693542
345  15.734782  20.162544   70.281822  0.323716  2.205109       6.417302    796.320557   96.749313   7.211575  3.400321  202.532089
346   4.597558  13.461791   34.856934  0.208617  3.358439       5.571342    923.287354   49.247639   5.989870  3.437081  136.927902
347  26.710690  -5.589577   25.005703  0.346861  3.767964       5.045646    855.959045  -12.672654   6.367062  3.319490  356.706329
348  13.605648  41.982021   54.508415  0.334507  3.662994       8.354923    764.761719   83.029823   5.035175  2.889865  295.369751
349  17.935055   7.636765   31.236965  0.230438  3.971476       7.703023    987.596008   73.245995   5.573294  3.619923   81.906807
350 -13.345398 -10.950156   46.802101  0.224643  2.602911       5.793325   1154.582642  -75.188416   8.937761  3.203054  147.753189
351  -4.871392   9.424948   47.191284  0.294204  3.559092       5.632715   1224.266846   90.872444   5.065829  3.618230  145.522232
352  -8.610276  23.918638   67.469139  0.230117  2.749012       5.176649   1377.975342  109.984703   8.469837  3.431164  125.095688
353  -7.999059  36.179459   74.058678  0.275424  3.114459       6.656681   1081.117188  -74.488388   6.646478  3.062517  210.084412
354  15.504192 -20.265875   58.307709  0.330080  1.357013       6.424637    787.859619   26.647799   9.033036  1.773316  121.322044
355  15.839265   9.960176   34.623264  0.293623  1.064554       7.217541    749.281372   87.973816   5.605583  3.612439  251.830673
356  42.041622   3.763740   27.143282  0.336038  2.659369       7.486843    700.306641 -197.475082   6.671224  0.834645  151.506302
357   4.518177  14.991723   59.446369  0.335820  2.641395       5.409103    725.550476 -144.818588   8.317780  1.811326  132.343216
358  40.816555  18.039890   30.081268  0.291114  3.925402       5.374741    818.868713   25.824751   5.824618  0.505578  190.992569
359  23.672195   6.518412   47.789402  0.225952  3.515575       5.100059    934.551270  -63.529755  10.214116  2.881947  234.603134
360  24.156590  11.477870   40.218159  0.340906  2.395469       6.626833    913.231506  -35.595165   9.281734  2.791172  130.853683
361  14.638506  34.149754   30.400984  0.281672  3.612379       7.570091   1104.684326   38.239906   6.226059  2.956063   96.257820
362  18.160898  28.873722   48.199581  0.270325  1.984887       5.550756    949.515198 -161.806473   7.379651  3.135842  259.403168
363  30.034740  -5.259418   28.304976  0.296787  3.483530       6.218538   1812.481812  -67.143517   7.793505  3.958150   98.545563
364  21.935427  30.406775   29.175047  0.293458  1.936617       7.600708   1033.708130  169.561264  10.253660  2.662337  123.525146
365   0.667637  22.863653   68.549995  0.311264  1.853944       5.992116    725.479004  239.099625  10.673425  2.923092  207.113434
366  30.687212  27.042280   34.103291  0.241490  3.226941       6.825284   1385.285889  247.072662   6.710290  1.989326  110.857460
367  43.315426  13.756375   30.840305  0.297334  1.443434       9.353057   1035.207031 -214.292923  11.981028  3.518681  289.205902
368  34.771091   9.184475   46.780804  0.346584  3.128051       5.548548    731.701111  138.450256   5.568590  2.630271  270.307465
369   1.863398  20.357380   52.600361  0.325534  2.218644       6.311011    728.893372   55.003101   7.636269  1.676712  151.353363
370  -8.579011  39.709351   78.783806  0.300714  2.477266       6.499767   1024.220581  161.607910   7.757641  1.701543  139.287552
371   0.259208  19.190382   69.185341  0.293513  2.215897       5.379350    768.273987  -31.507061   7.351314  1.747393  275.967346
372   2.969108  21.830614   73.336876  0.205961  1.702231       6.620438   1499.018921  -42.559765   7.756825  3.394155   95.478394
373  19.254709   7.751394   50.081547  0.326526  3.929867       6.274246    986.824707  -74.159142   9.033470  2.533713  131.711517
374  15.316627  -7.617858   37.993008  0.277131  2.628348       5.470694    844.992310   43.460403   7.413788  2.064005  139.286545
375  -4.599999  29.245550   53.415134  0.264894  3.944799       6.477156   1150.863159  115.056221   7.205497  3.477077  100.087479
376   7.145696   3.090718   29.942499  0.274597  1.709793       7.302469    754.318848  -70.800941   9.146810  2.762719   99.486900
377  18.785419   0.725307   46.975563  0.272590  2.899918       5.563016    771.665527   27.874386   6.931132  3.364138  270.531891
378   4.645250  37.879284   55.964123  0.330202  2.159437       6.759647    813.221741  152.227066   8.866673  3.295201  312.129303
379  39.702175   4.816091   43.042515  0.272593  2.985701       6.937593   1314.768066 -147.437729   5.903358  2.897447  110.726608
380  23.623032  36.124313   37.999641  0.314738  1.242226       5.701396   1173.370972  234.383392  11.505500  1.456354  270.113281
381  -5.104482  -7.907425  110.208618  0.226072  3.585362       5.789716    773.701355   -1.257344   5.979312  3.948217  202.135300
382  30.562630  22.191317   52.157917  0.277082  1.719636       7.212305    988.047607 -214.357483   8.496737  2.685074  234.260910
383  32.171532  28.591064   21.018053  0.246579  1.883105       7.930014   1651.270386  145.243820   8.117904  2.648780  106.669456
384  -8.211669 -12.772955    5.397822  0.324740  3.038522       5.219872    926.737305  -75.505783   6.565155  2.705860  213.141037
385  16.350428  37.159004   45.227806  0.328006  3.559024       5.079494   1101.838501  -18.559259   6.900904  3.595740  389.828369
386  17.907230  26.256252   60.858124  0.315607  2.862256       5.850323    703.186279  -11.960212   5.417515  2.982963  441.809204
387 -11.592051  30.107138   75.674782  0.249875  2.646933       5.278660   1094.934570  129.735825   6.908682  2.519605  157.471893
388 -17.976461  39.100510   83.069954  0.253493  2.402334       8.632443   1393.997437  209.034027   5.627893  3.924223  105.913643
389 -13.506455  31.360918   68.878494  0.327258  2.683462       5.986200    803.942139  155.511353   9.523623  3.796190  272.059235
390  20.245384  14.317107   63.075932  0.274398  3.167573       6.023579    850.790466   -5.927510   5.634116  1.650949  122.091087
391  21.495846  12.831678   40.252090  0.218975  3.565634       7.371487   1217.266724    2.914042  11.084194  3.845465   52.810730
392   9.967590  -1.421314   52.358025  0.288390  2.132406       6.405138    827.733765  -26.088421   8.319816  2.478069   50.984146
393  17.996077  14.659904   53.622894  0.345887  1.406587       6.029949    739.998230  -26.556789   7.801430  1.147471  189.724060
394  36.369949 -33.869728  104.962196  0.334136  2.877500       5.079589   1767.177002  114.648277   5.644290  3.994133  280.771210
395  18.323298  30.613657   70.716927  0.323070  3.269936       6.900459    736.673950  -72.642380   7.921438  3.162187  472.988220
396  26.876722  14.637671   31.242493  0.324776  2.600017       6.998431    780.163879 -157.426697   7.120150  2.932068  312.855164
397   5.199865  27.955894   26.156431  0.205986  3.115391       6.025447   1147.748291  178.888489  10.163775  2.602362   66.605225
398   3.694549  23.490852   58.999985  0.249112  2.055969       6.097611   1020.053467   19.344439   8.505922  2.977261  145.555008
399 -11.559332  38.054760   88.887009  0.300452  2.027245       9.224923    871.767883  173.243378   7.523180  3.097440  129.280960
400  21.616901  15.815319   49.272980  0.246257  2.069467       6.862415    894.619629 -181.156815  10.627854  3.221825  219.262955
401  -8.200471 -29.382219   43.222408  0.272732  2.998640       6.764502    751.884827  230.903336   5.600289  2.937163  184.740158
402  13.896957   1.590855   42.561535  0.240392  3.882902       5.179612   1656.065552   11.250826   6.646560  3.643913   69.470909
403  14.070906   5.674206   73.431389  0.277454  2.192447       5.968841    970.842346  -18.954884   7.621542  3.427364  176.895599
404   2.601055  32.122887   67.495102  0.274403  1.252712       8.446924    789.096191   88.262184   8.512327  3.672723  221.579468
405  -6.578608  18.855118   50.774406  0.242107  1.641225       5.459139   1719.299927   33.253479   7.315693  3.993295  112.567558
406  15.373397  27.221951   43.575829  0.320647  1.458457       7.046800   1060.365723  -13.975829   9.735671  2.328599  142.209000
407  41.254425   6.146770   32.951550  0.266216  1.842202       9.789623    960.464539  -18.165306   5.421833  2.640961   87.741066
408  35.730377 -11.555619   35.981747  0.318771  2.149032       5.782908    836.353210  -41.029720   5.383821  2.903584  227.297241
409  17.008034  31.320099   48.220623  0.278041  1.044145       5.223351   1898.224365   70.842964  10.489352  3.741037  196.816254
410 -14.683769   9.601570   36.548607  0.240434  3.389403       6.154017    890.437256  145.342102   9.338941  2.675650   87.098038
411  -1.816651  28.862310   56.267647  0.253853  2.185511       6.729593    965.962524   -3.282599   8.326163  3.761180  207.877274
412  28.729460  -5.981903   49.289074  0.257855  3.070750       5.274574   1219.508423 -105.975555   6.709012  3.566865  155.660217
413  -0.975237  19.877455   79.757339  0.263445  1.592497       6.316538   1128.789429   81.837509   6.910919  3.308755  114.819374
414  41.958996   5.760949   46.952820  0.322182  1.793204       7.069438   1019.352905  -83.583168  10.245771  1.265897   87.408333
415  24.801128  14.700808   67.829117  0.319161  3.964572       5.048539   1013.275757  -59.843414   7.403333  2.638214  240.213837
416  21.695427  20.991400   33.454845  0.216051  2.680622       5.668161   1579.976318  167.421051   9.012614  2.481615   91.219322
417 -23.471552  14.879088   98.686775  0.341865  2.999159       5.447479    865.156494  168.299850  10.986496  3.908871  246.280655
418  -9.309689  28.061337   63.481823  0.277899  1.909618       6.396432   1112.714600  125.619408   7.677771  3.628947  153.514587
419  23.313587  16.282927   35.589855  0.230460  2.413145       5.987790   1691.208130  157.367157  10.574275  3.289482   73.018753
420  -7.916070 -34.722679   66.413559  0.339119  2.069004       6.803102    942.765991  201.756165   6.864791  1.835415  167.996475
421  -5.535319  42.445534   66.149788  0.312719  2.090717       8.777357   1022.593201  191.795074   6.404857  2.683203   99.752151
422   5.074885  41.619843   59.171013  0.217740  3.198321       8.924694    868.283203   94.111092   6.418839  2.629693  158.188416
423   5.384566   7.341656   44.632999  0.303219  3.996677       5.287057    961.670776  -41.415295   6.134595  3.002729  212.871262
424   0.450823 -32.837574   66.322563  0.248574  1.628360       7.910072   1219.251587   71.869545   9.044450  3.589220  142.628525
425  -8.415525  32.325230   95.576439  0.304415  1.542153       7.268744    959.032227   92.862930   7.928282  3.712320  235.219986
426  31.818726   1.270809   39.402142  0.205948  3.667637       8.672855    814.021545  -77.634041   5.671272  3.185952   50.142757
427 -32.578709 -36.567051   62.628864  0.228244  2.238549      10.656419   1102.607300 -228.509506   7.660456  2.107362   82.776352
428  -4.880996  12.975915   31.384066  0.231070  2.104121       6.860579    934.128967  178.905563   7.476318  3.612695  123.737213
429   4.585643  15.966522   43.908947  0.227463  2.501882       6.643908    777.664856   39.969578   6.849693  2.214120  106.968681
430  -6.136912  27.546665   44.308693  0.309632  1.497836       5.057999   1256.806152  104.078056   7.437922  2.762752  225.566849
431  -3.266684  21.119011   54.278915  0.254715  2.987388       5.707879    999.403687   -5.477082   7.881423  2.774584   73.614685
432  15.826398 -10.591217   17.077587  0.343885  2.780637       5.610569   1462.915894 -105.642517   9.769878  3.416331   92.803680
433   1.633367 -16.620651   51.058422  0.249888  1.319527       6.518323   1131.601929  152.171371   7.284542  3.601681  107.030663
434  36.112720  20.198988   44.932976  0.256898  1.899617       6.438332   1420.132080  -63.692677   5.159919  2.135955  173.003235
435  -0.871748   1.543192   47.892174  0.336868  3.596084       5.086730   1035.956665 -168.111267   8.284868  2.766274  179.789993
436  -1.775184  23.998161   50.603813  0.237447  3.491708       6.159455    828.477661  217.451080   8.883834  3.747140  159.860107
437  20.261461  11.868813   24.070854  0.270612  2.431797       5.669569    869.737793  196.622864   5.282462  1.730857  210.833099
438  37.447903   9.996097   40.959808  0.289195  2.367017       7.156408   1009.916748 -245.233719   6.206201  3.041785  149.986542
439  -5.401849 -40.101524   65.643860  0.332141  2.743302       6.702066    799.685181  188.439178   6.974790  2.031653  290.413879
440  45.435287  -4.185422   34.620499  0.309176  2.333577       9.089177    702.877197 -145.695877   5.795545  1.107393  150.382019
441  11.194516  31.579283   29.017363  0.288635  3.527704       5.910718    794.006104  141.164429   6.289396  2.952994  283.553345
442  -0.968005   5.194657   68.848000  0.241878  2.428484       5.976086    722.499084   15.919082   9.087813  3.938205  172.059662
443  10.647730  28.715704   31.170961  0.226493  2.464689       8.188315    801.666992   99.812012   8.666340  2.613395  113.109825
444  23.527590   9.986992   46.981277  0.240018  1.620527       6.541775    910.810181    5.162618   5.271847  3.661081  247.114197
445  11.557102  -4.497456   43.005634  0.319095  3.180183       5.862713    742.787415   95.423775   6.205761  2.348505  148.139664
446   7.008622  39.888187   44.794926  0.328177  2.571207       6.514353   1014.503662  230.929688  10.608120  3.744981  253.616135
447 -11.283226  32.073032   71.630180  0.317296  1.914651       5.425698    986.707825  227.298401   6.677136  3.041506  221.640640
448  18.403753  10.556828   43.125011  0.314758  1.381762       5.103384   1095.820190   -5.972924  11.083615  1.774408  111.904259
449  14.391876  49.504795   40.238384  0.295700  2.633192       5.723202    787.347839  236.390137   7.851745  2.713531  548.860474
450   8.532333   2.446257   69.208618  0.236928  1.437922       6.551138    869.265991  -60.261471   6.248100  2.361985   93.758842
451  27.570816   2.647518   39.388645  0.273934  3.992808       5.482163    818.948975 -101.270569   8.114166  2.359392  304.513580
452 -39.050594 -18.661055   44.611000  0.320821  1.742829       5.809875   1349.214111 -210.984467  11.584348  3.028336  268.120697
453  -3.191255  23.909756   25.863995  0.205318  3.618526       6.146487    888.476990  198.667984   9.480918  3.138867  135.946136
454  24.769379  -4.647175   40.405769  0.281046  2.087661       5.921256    845.954346  -53.546280   6.221496  1.778270   85.820320
455  16.486517  24.095137   44.653023  0.245595  3.040634       6.876338   1128.030151  -48.765877   7.073131  3.370069  135.055328
456  15.070240  18.104240   85.292915  0.338921  1.711145       5.858425    810.768372 -124.629997  10.220061  2.671024  229.327682
457  -3.173367  40.407642   67.497986  0.252201  2.827456       8.156078   1225.675903   79.203659   5.705915  2.897554  156.048004
458  49.691399   9.410319   38.824413  0.335443  1.850080       5.650712   1031.083252 -154.697327   7.586837  3.388909  487.962158
459   1.878549  35.054646   61.921558  0.289409  2.029515       5.109256    904.336853  175.631012  12.386588  2.649727  255.778503
460  32.605133  16.040266   43.116173  0.290207  3.285974       6.535284    822.327209  -60.118732   6.098938  3.536072  319.443024
461  14.463185  29.168737   45.899803  0.208869  2.343619       8.425291    831.639038  -35.270107   9.031686  2.352981  154.057022
462  18.349449  26.768734   43.667847  0.279848  2.784952       5.512781   1226.804810   88.029396   6.036667  2.850689  273.303192
463   9.058557  18.013308   55.541061  0.282314  1.957757       6.249927    706.860229   52.820103   5.121208  2.782542  302.416199
464  17.176882   5.857186   12.502749  0.303915  3.429114       5.891189    820.706482   86.753601   8.357065  2.853244  228.302032
465  48.006832  17.070593   33.073254  0.270229  1.787284       7.103230   1361.078735 -143.070877  12.043381  1.655985  185.643997
466   9.676527 -10.001491   56.489006  0.257425  3.524382       5.465755   1042.854980 -120.263756   8.066770  3.633812  198.327209
467   8.860476  30.748043   45.839878  0.274949  2.130002       6.753886   1280.365967  148.128143   5.790334  2.584349   85.155983
468   9.305632  33.042362   56.783707  0.320817  1.801847       5.065613   1028.911255   84.375687   5.373800  2.079427  278.569916
469   7.194261  27.478270   62.514977  0.287197  2.599142       7.329413    928.833374  212.913071   5.807014  2.947608  158.440384
470  21.061132   7.591416   37.303055  0.230984  2.035928       6.583285   1401.411499   53.041523   5.612656  3.810054   80.770470
471  16.194916  11.286975   16.919209  0.259578  1.832604       5.715864   1562.256714  122.725937  11.468268  3.693999  149.256485
472  45.101772  18.788551   36.803135  0.257258  2.736438       6.962633   1323.168579  -86.638084   6.014937  1.390016   65.419731
473  -5.111927  29.431404   54.956490  0.266371  2.061933       7.250597    803.908875   96.152306   6.699804  3.257643  160.871994
474  15.955465  20.153925   27.444613  0.298315  1.242739       5.657031   1092.565430   48.435093   5.398507  2.123652  108.370239
475   8.125483  11.596833   60.294426  0.312323  3.104864       5.399477    975.102722  -58.847126   6.648983  2.898535  153.474075
476  21.162035  26.249048   58.742100  0.326956  2.984205       7.542304   1048.622681 -111.921890   6.283770  3.695515  232.487686
477  11.753833  34.296822   34.251320  0.297154  2.107430       5.831700   1585.836792  153.744598  11.549860  3.483620  218.784454
478 -17.242594  18.467157   83.691292  0.260311  3.131363       6.315778    958.464661  190.838974   7.310742  3.526150  143.678848
479   5.330031  37.514729   41.817123  0.266588  2.009432       8.970080    835.729614  128.766541  10.865116  3.277284   85.963318
480 -28.934992 -17.550728   38.010605  0.322045  1.239051       5.801453   1131.334595 -169.598358   7.728828  3.108032  260.581909
481   1.104040  18.641348   37.074268  0.264195  3.123445       6.121765   1154.213501   54.947632   6.818837  3.552627  116.713486
482  23.997219 -22.309822   43.982174  0.300919  1.897049       5.647839   1157.852783  -33.471062   5.381481  2.258307   87.488968
483   8.050131   8.958296   29.621328  0.220454  1.662757       5.467419    892.333801  149.008362   8.742752  2.915391  208.081665
484 -32.098896  39.602695   96.593773  0.335285  2.119141       5.164762   1827.867310  131.915588   7.354017  2.806799  242.537415
485  15.925267  23.755388   34.005096  0.265647  1.775145       5.848199    949.699280   55.449009   7.337148  3.280890  325.259705
486  -3.790247 -12.005312   87.340057  0.233176  3.063355       6.048103    933.001526 -245.627304   5.422404  3.796631  198.010132
487  -6.782989  27.240265   54.141293  0.337285  2.218217       6.677078    986.262634   81.466309  11.134992  3.910730  148.823517
488  19.705618  36.108284   63.715897  0.294937  2.879669       5.113136   1596.351929  -66.467422   7.470983  2.797719  210.983337
489   2.973737  48.678890   53.509365  0.226201  2.872887       8.085965   1794.812012  153.933853   5.711530  3.034280  101.523224
490   0.126180   9.759866   31.899466  0.219330  1.988760       5.568438   1322.326538   -1.722819   7.049241  3.714500   75.289627
491 -10.429866  32.194355   70.024292  0.291129  3.888060       5.246049   1552.575928  225.866882   8.503473  3.192551   79.538010
492  17.382040  24.081770   48.876606  0.248256  2.624844       5.560578   1669.158081  158.723770   9.709068  2.840755   92.858337
493  26.536604  44.497276   22.325266  0.336254  3.100129       8.132186    966.720459  150.253723   6.852907  3.404363  376.257843
494  18.767262  41.241562   47.652294  0.332215  2.254584       6.053706   1568.666138  198.785065   7.724977  2.987514  309.421234
495  27.720650  29.866335   53.566544  0.326547  1.953412       6.879376   1370.921021 -101.957138   8.707938  2.985280  252.786896
496 -11.328294  28.832920   57.997540  0.259593  2.864235       7.088491    763.280334  114.723236   9.015977  2.778582  112.713379
497  -2.751028 -21.234884   53.789295  0.340328  3.248655       6.504205    862.881104 -237.121262   6.327683  3.202482  222.711487
498  19.374283 -13.604951    4.110456  0.301137  1.923983       6.191391    729.457275  -67.176743   5.289585  1.476207  119.443306
499  15.083203  -1.489391   32.937458  0.234580  1.915570       5.679824    926.820984   34.258965   8.344811  3.553377  225.480240
500  41.381218   2.580976   42.410900  0.307743  3.530088       7.932970   1292.160889   14.164930   5.373600  3.837131  111.647858
501   8.337073  22.974443   53.360760  0.292948  1.939489       6.495483    789.109741   77.479774   5.869413  2.536226  204.984283
502  19.401436  35.509132   61.668613  0.293189  3.300724       7.768737    758.183289  -63.811848   6.264161  1.494246  139.653641
503  29.464697  38.144554   34.724449  0.256508  1.955412       9.186767   1802.358521  203.144470   8.293099  3.016850  148.876678
504   9.484385  32.354633   44.374855  0.286980  2.006692       7.253011   1441.529297  189.813934  11.123277  3.697313   79.256454
505  27.472015  -3.321362   23.793427  0.213737  2.596034       5.383681   1710.516113 -210.702332   9.046936  3.415195   88.874809
506 -11.988456  -3.012988   63.197624  0.309274  3.343029       5.704664    949.590332   97.731003   6.396400  3.034343  176.052643
507  10.384427  37.835728   48.310398  0.250059  3.186054       8.807201    792.195923  -48.148319   6.647267  3.469369  235.267166
508  15.776025  39.890411   37.883987  0.346383  2.175938       6.623371   1111.981323  120.011749   8.183129  3.646827  292.101898
509 -27.248085  24.524626   24.357519  0.303840  3.968972       5.041281   1030.045410  184.727234   7.067077  2.859554  113.663391
510 -13.285815  28.370840   82.695763  0.321997  1.784608       8.406074   1176.162598   59.870777   9.653199  3.556926   92.458817
511  33.250805  -7.150264   58.832935  0.293953  2.577041       6.130564   1265.901001  -92.480644   6.738453  3.334298   59.178001