           lon        lat         inc      D1AU     delta  launch radius  launch speed    t factor       B1AU     gamma         vsw
0   -10.264017  18.634024   69.216446  0.299265  2.711902       6.445846   1240.324951  159.513428   8.452187  3.571080   92.855919
1     1.632851  15.792255   47.505238  0.235230  3.592233       5.689949   1199.836304  167.096069   7.798330  2.489885   63.573380
2     0.849390  -5.768374   48.707912  0.334559  2.874751       6.581870    803.618958   26.980095   6.608969  3.913676  214.497101
3    -2.943340  16.187981   43.558620  0.307251  2.077487       5.467429   1247.499878  141.431000   9.636321  3.426744  119.324051
4    13.975156  37.082386   42.209023  0.305078  2.208104       7.066983   1613.273315  115.071999   6.477425  3.621012  153.982147
5    13.100748  37.063686   49.763344  0.324594  1.133264       7.198626   1515.125977  140.929459  17.518501  2.397654  148.450790
6   -19.741079  10.541101   76.397545  0.253987  3.062621       5.733569    704.507385  -46.251041   7.183241  3.231089  203.840225
7    13.918948  27.948597   69.512291  0.318978  3.904043       6.306078   1056.038940    9.699834   7.400021  2.336015  154.355057
8     2.953546  41.801548   59.862362  0.347829  1.205572       5.819830   1494.894775  139.160431  13.317512  2.804261  334.049377
9    19.115393  31.226540   32.992664  0.346406  2.295239       5.378205   1090.456299  184.841934  12.331199  2.264421  267.418243
10   -2.758227  37.830528   71.579628  0.338261  1.696646       8.233069   1857.424072  218.947113  12.461021  3.462341   84.023163
11   16.759016   7.532409   50.751286  0.277736  1.845393       5.939655   1438.217163  -99.589569  11.982244  3.279171   91.240730
12   41.294662  12.737400   35.593395  0.279718  2.806276       8.707546    826.304260    3.026441   8.404515  2.765417  255.984314
13   36.238121  30.593727    6.706206  0.340675  1.812547       8.867822    836.728699  220.720001   8.556869  1.141613  271.647034
14   -8.920552  17.115324   51.815250  0.347082  1.395001       5.596659   1317.823120   34.073627   8.589165  3.410605  116.780594
15   -9.681543  23.887144   58.926003  0.298385  1.855600       6.197678   1006.826111   21.179693  10.084572  3.899214  199.073792
16   -4.760880   3.867125   82.230759  0.286245  3.974444       5.126703   1368.546631   51.805870  10.369643  2.926361   87.866997
17   25.866665   7.789841   41.925205  0.243851  1.756171       6.465121    729.815674  -22.153408   8.882730  3.233588  296.202850
18   38.493092   5.290393   21.789944  0.261494  1.633614       9.419086    700.763550  -37.148609   5.255533  2.384316  182.986771
19   -0.374385   8.923756   46.202396  0.305339  2.899464       5.089188   1029.896851  -59.650341   6.921862  2.692204   96.392349
20  -13.330132  45.931892   77.066116  0.324204  2.085900       7.776888    871.795471  142.059616   5.351476  1.515275  288.469635
21   16.820421  16.641981   52.696918  0.217492  2.804672       7.430766    758.653748 -143.535156   8.597511  2.488828   65.427040
22   -5.721077   1.050374   57.389500  0.330535  1.647256       6.229588    720.513916  194.846298  12.021821  2.478928  175.509995
23   -3.976630  -3.054506   36.281521  0.333339  2.898401       5.774171    835.190613   33.982052   5.504802  2.178130  173.537750
24  -11.273428  36.857525   65.028397  0.331862  2.397668       7.096682   1160.465820  201.953125  14.473449  3.192963  129.124603
25   38.081730  -0.772604   24.894466  0.308694  1.946368       5.569499   1233.060059 -120.733185   7.699289  2.181415  169.935059
26    4.843440  30.595945   57.888939  0.339962  1.313911       5.854309   1040.370728   81.915344  13.313364  3.423888  210.150467
27   22.602869  24.889326   24.585678  0.311867  1.724403       5.630940   1318.222168   44.563324   6.849415  2.635434  184.862885
28    6.516775  -0.221970   55.230942  0.234836  3.341607       6.353902    982.712891   34.494976   7.048250  3.488867  121.356865
29   -7.815091  28.404888   58.583889  0.288887  2.126119       5.572769   1149.960449   56.071388   7.141433  2.759911  154.609650
30    5.697294  35.239033   37.710903  0.300843  2.823609       7.745087    825.817078  228.781128   9.235927  2.732360  111.434013
31   25.582798  12.878947   77.222519  0.246577  2.788878       7.999339    704.147888 -229.582504   8.617634  3.157497   87.998459
32   -9.709344 -32.184147   61.439613  0.316655  1.837301       6.219350   1178.152954  197.056122  11.391138  3.889823  277.018341
33    5.075912  15.693750   23.055281  0.219620  3.218738       6.063735    818.433899  117.128220   7.958774  1.850738   88.416840
34   27.928379  24.089981   50.654984  0.266771  3.091363       7.495246   1133.943359   18.336287   6.978012  3.563170  207.037628
35   36.715233  26.868473   11.830877  0.303774  1.462668       9.780916    702.791443  158.757782  11.178216  1.032515  210.266678
36  -19.156023   2.532784   43.892262  0.326707  3.820837       5.339900    709.728333   95.931099   7.098855  2.277928  267.249268
37   -1.860987  23.066730   61.740898  0.285143  2.876830       5.880210   1439.209839  219.928864   8.353507  3.132009   72.543427
38   17.041510  45.155441   44.654190  0.318848  2.111605       8.435925   1781.843018  237.666992  10.349984  2.195210   91.415764
39    3.426338 -33.664799   49.865055  0.240409  2.176916       6.634372    702.188232   66.200203   7.227014  2.163545  150.845520
40    7.459218  11.156993   37.186844  0.291483  3.717888       5.561127    865.220093   42.178158  10.588114  2.348183  196.543015
41   12.961213  30.973471   44.038116  0.266429  1.217784       7.008486   1861.850952  138.630844  13.092392  2.917392  104.516022
42    7.944199  36.009514   65.685394  0.340467  1.335841       6.773407    913.359131   91.231125   7.343065  2.000594  240.121704
43    1.678645  16.371519   49.518509  0.294864  2.234632       6.095157    754.563110  173.404373   9.889519  3.982094  228.430420
44   12.921813  16.889805   49.195663  0.235907  3.953275       5.767077    825.274841  199.183075   8.573643  1.521500   85.882423
45  -15.118340  49.311127   69.154800  0.343154  3.178002       5.745147   1347.805542  208.976013   5.285315  2.207063  157.509171
46   15.475183  18.249317   44.626511  0.202276  2.055270       6.459358    943.871399  153.395691   7.626376  2.785545  101.035080
47    3.871104  33.361076   55.894482  0.302315  2.236517       6.794154   1415.972656  171.997284   7.212941  3.600204  145.111084
48    5.546432   8.817504   64.268715  0.225398  2.008842       6.355704    788.118347  138.771530   9.310897  3.064016  135.932404
49  -10.799620  -6.356127   49.332317  0.202143  2.218219       5.470796   1308.755615  -67.546753   8.738139  3.922441  104.157043
50   20.039757  24.218922   49.707348  0.271303  1.168184       5.491765   1116.966553   31.830435   8.440141  1.786931   77.693962
51   -5.988652  24.956839   48.655933  0.338798  1.174223       6.571145   1345.735352   13.726093   9.506582  3.511940  209.389893
52   48.884117   9.173705   34.573582  0.341889  2.346123       7.095737   1891.816162 -222.823746   6.070875  1.877057   69.909958
53   -4.846599  33.157730   56.636986  0.289582  1.936686       6.366751    935.276306   21.133587   9.554124  2.565340  219.146423
54    7.980664  19.055294   53.688534  0.289599  1.423230       5.465873   1204.218628  175.635712  12.108386  3.513161  136.406952
55   15.966376  10.426559   16.991611  0.317237  2.801807       6.017079   1276.076782  -38.039097   5.552666  3.564422  150.139145
56    0.669109   9.900642   54.251400  0.274914  1.720595       7.496279    702.400391   -9.398636  10.607717  2.331377   89.385132
57   -8.879633  -0.227894   51.005226  0.302633  2.765979       5.808510   1196.717773   70.584351   8.780926  2.701939   60.842953
58    9.507289  32.132481   21.786257  0.246417  2.531050       5.776061    845.710815   64.921959   6.372702  2.668784  168.073517
59    2.280335  23.719795   48.254646  0.284868  1.357899       5.099683   1314.951050  -34.523037   6.469523  3.684067  165.675247
60    5.313051   4.860008   47.330929  0.237383  2.432393       5.312823    831.978271   36.838150   9.018264  3.300117  215.153961
61   -6.786495  30.002501   39.874954  0.222495  3.690369       6.276011    896.672485  156.639923   9.723465  2.450833   57.748802
62  -14.200483 -17.869488   53.544727  0.283566  3.729419       5.185032   1099.133057  219.615829   9.155163  3.739700  189.469940
63   12.847043  49.929596   49.149117  0.319557  2.221351       6.600512   1303.733032  220.480743  11.734295  3.428813  373.861694
64    9.247365  14.495434   68.152794  0.256404  3.397712       6.025690   1100.467041 -118.331657   8.584072  2.621353  114.383789
65   15.205758  11.988335   44.799446  0.308007  1.823536       5.540634    820.181580   10.716150   9.111899  2.401653  189.372803
66   13.233920  24.054064   54.772865  0.257080  3.459128       5.148769   1111.345581  -42.847446   5.711328  3.468989  210.353867
67   22.892303   8.835326   49.499363  0.327405  3.125665       5.982527    765.762573 -102.299026   7.505308  2.571268  231.216232
68   28.330263   7.243001   31.320709  0.300950  1.829292       5.716192   1219.064819   25.908022  10.116733  2.466562  181.022675
69   26.339361 -13.002370   35.603298  0.273433  3.254724       5.796216   1277.169434  -16.605808   7.473393  3.673601   91.909546
70    0.966282  44.649860   61.438316  0.311365  1.980184       9.332026   1124.482544  235.655930   9.633513  3.121598  107.915321
71  -16.445549  32.940643   76.294151  0.289052  1.899398       8.464428   1144.166992   76.528976   9.368754  3.807183  126.510277
72  -31.139076  38.096245   73.803665  0.294461  3.052689       5.841304    881.599426  181.985291   8.621021  2.706373  149.235535
73    8.434943  42.844994   57.056152  0.266783  1.547693       9.488858   1368.880371  127.204193  10.131862  2.373015   96.041710
74    2.128275 -22.191818   54.785683  0.216006  1.400153       6.094536   1576.304443  215.234360  15.301747  3.032614   57.684071
75   21.327122   6.354964   48.526299  0.237458  2.491932       5.884182   1185.125977  -55.211369   9.744250  3.108893  115.783485
76    4.899700  40.277668   55.768764  0.276017  2.095028       7.276347   1816.815552  198.030212  11.279872  3.241638  107.376274
77    8.411555  30.908411   35.039879  0.256783  3.091641       5.240491   1312.868530  218.260574   7.814015  2.680387  112.695847
78    2.337887  -5.280497   69.993576  0.262225  1.959557       7.210907    742.373596  -28.696985   9.766026  2.958797  101.868744
79    7.712420  41.863392   55.584908  0.285100  1.449550       7.547778   1545.698120  135.024475   8.432805  2.181849  134.833374
80    6.317853 -24.396254   73.337433  0.296206  2.816156       6.775064    725.883179  199.426315   9.642275  1.692526   89.552315
81   -4.491045  44.848717   69.064171  0.301037  1.855833       8.028008   1547.454590  121.711121   7.199411  3.828223  205.800064
82   -8.289011  35.462593   90.679024  0.241958  1.778471       8.037344   1200.506958  218.484619  13.121777  3.677819  132.634308
83    3.137200  37.183189   58.309631  0.328177  1.478907       6.049555    977.260437  212.534668  11.717431  2.473744  218.514664
84   20.847448  20.557508   44.034325  0.274886  1.925128       5.197921   1175.226807  164.080673   8.862611  2.479246  178.722916
85   22.271606  42.673740   41.853268  0.289501  1.845237       8.804292   1800.539185  143.106705   9.036450  3.338580  183.530746
86    5.984988  36.781654   40.495556  0.332452  2.502468       5.424251   1364.802856  196.497009   7.433737  3.491817  199.317337
87    1.218157  34.157707   75.895912  0.314874  1.498506       5.212873   1386.090942  115.616768   9.267956  2.535167  156.043198
88  -14.692163  29.198200   92.240242  0.315716  1.355348       8.931002   1261.683594  167.533035  13.223289  3.516692   99.212990
89   -2.614720  47.212860   72.987534  0.344092  1.502050       9.429781   1117.148193  146.401657  13.566955  2.692793  161.637939
90    8.759846  43.455860   52.088409  0.304363  2.122155       7.470619   1181.165771  109.106255   8.378489  2.796228  218.808380
91  -11.208038   2.490314   54.551670  0.237624  2.405491       5.558101   1061.351196  138.622208   9.726250  3.732394  118.685623
92   -4.378097   9.194942   54.095871  0.273007  3.326101       5.297912   1203.418579    8.733994   5.077471  2.739494   82.508804
93   22.359957  38.852928   45.781723  0.332679  1.262469       7.369272   1037.306030  149.946930   6.609462  3.791014  407.651154
94   40.488506   7.432440   26.011213  0.245752  1.639172       6.622594   1685.429932 -118.040413   7.269369  2.016374   62.046947
95    2.618134 -36.745235   83.815598  0.311166  1.090649       6.676823   1224.119019  183.898880  13.630951  2.895499  152.341034
96   23.600433  45.231499   36.777092  0.257741  2.589993       9.260894   1330.685059  248.894119   8.895029  2.086952   95.677856
97    3.451497  32.476952   53.210865  0.297794  2.686550       7.622090    702.333313  126.978920   6.375954  1.698071  129.177246
98    1.213785  47.523018   72.234383  0.297834  1.310855       7.864707   1708.536865  117.762344   9.390801  2.177275   92.014931
99   -8.886483  44.511551   80.618309  0.268487  1.372027       9.615420   1961.734375  138.841660  11.038548  3.085820   87.113312
100   8.729102  40.562160   52.847271  0.279895  1.404983       5.890636   1809.703247  187.315460  11.466595  1.801821   57.274330
101   9.236026  13.238424   47.719700  0.255560  3.896277       7.308846   1364.452515   96.533020  10.864799  3.854125   59.840164
102   3.941335  49.439281   54.418743  0.292984  2.581185       7.221560   1647.640015  191.798813   6.192605  2.600116  149.774109
103   2.626353  42.271961   59.086983  0.244360  2.629601       8.461567   1090.010986  154.478409   9.824005  3.261986  198.551193
104 -14.220252 -46.263309   41.942616  0.303305  2.107858       6.311939   1482.132446  238.961349   8.815231  2.674862  211.762299
105  -3.340645  -1.189129   41.026726  0.263463  3.247441       6.951627    773.914612 -225.743240   8.130780  2.596451   54.310921
106  -6.473221  33.013470   76.503960  0.344646  1.988321       6.661872    957.754211  128.264954   7.501100  2.165380  126.989273
107  -5.058782  36.939793   67.619202  0.278532  1.996579       6.437071   1388.967651  132.140823  11.209883  2.957811  155.964722
108  -3.718585  42.363537   55.591644  0.274588  3.452517       9.858243    738.734131   26.102415   5.155414  3.784887  121.835548
109 -13.938895  48.446510   85.558479  0.347986  1.886115       8.829896   1613.291260  210.982574   7.004954  2.304483  133.554810
110 -11.536799   9.545531   54.910847  0.275805  3.206502       5.604052   1229.130859   36.176842   8.093929  3.063985   83.454880
111  -5.319970  45.723782   61.659260  0.334702  1.548051       8.384415    942.515259  174.789459   7.396273  2.634312  260.918518
112  -2.587900  35.834949   74.296028  0.322619  2.570693       5.599008   1035.746948   83.462730   9.075438  2.751789  292.217224
113  22.176266  13.901371   24.917521  0.278748  1.073250       5.888216    963.188599  230.997879  13.518754  2.764433  206.905151
114  11.715295   2.729692   42.632423  0.262181  2.508904       5.324347    850.086365   58.141144   6.480967  3.182308  136.977829
115  17.548767  32.853775   57.920578  0.280653  3.217093       7.945351   1009.273071   -7.463535   8.075320  3.679234  317.545135
116  -5.675691  42.600643   86.414757  0.281617  3.280418       7.242916   1322.601807  192.902924   5.427596  2.888287  240.776108
117  -5.473733  30.461580   70.985756  0.341940  1.611046       5.095250    728.210327  110.143486  10.857362  1.626885  201.370117
118  -3.565588  24.777725   24.562868  0.335375  2.687086       5.645660    916.606018   72.970253   6.539728  3.232982  149.179382
119  10.029681  32.548203   45.815754  0.303576  1.269513       7.696304   1115.448730  -30.082724   6.966079  2.673157  148.970459
120   2.867800 -13.214157   51.075611  0.213123  2.188008       6.176572    869.232666  171.088821   7.261516  3.545087  202.506500
121 -13.111435  44.161087   72.640121  0.291523  2.357194       7.452728   1663.653076  189.090271   9.694115  3.658127  201.922852
122  28.169409  -9.607579   24.881197  0.348774  1.851117       6.620555    851.599182  -72.661278   7.840100  1.866766  124.717010
123   3.933804   7.224257   58.694515  0.234184  3.581538       6.053399   1216.514771   38.262115  10.246096  3.953949  153.892776
124  14.242287 -46.829716   70.578957  0.343172  2.181556       6.211414   1145.932861  206.065399   8.047354  2.262312  217.784958
125  10.545702  19.583456   53.690914  0.221175  3.395221       7.850570    729.062500   -1.301630   6.937781  2.454153  157.174881
126 -18.852974  41.858662   66.515709  0.349524  3.330743       6.114582   1181.596436  249.243057   6.215185  3.124147   74.590622
127   3.987536  13.611853   51.382446  0.249738  3.104684       5.090520    890.298401   -0.026982  11.858409  1.906925  116.828575
128   8.961375  29.537474   43.001476  0.313195  2.523401       6.200643   1928.544189  117.239014  10.293382  3.862943  124.424026
129  -0.255393  25.785961   49.128727  0.283343  3.447446       5.264519   1086.991211  100.146996   9.152314  3.203942  230.488098
130  25.696533  36.005196   36.247887  0.290681  1.145928       9.500864   1237.837280  238.360367   8.943057  2.250889   87.086853
131 -14.970936 -12.403318   54.628132  0.292717  2.527353       5.365002   1518.872437   97.227417   9.737442  2.860841   78.196999
132  16.517401  27.026104   60.187584  0.329984  3.278677       6.000691   1313.378174   72.571503   7.253643  3.124413  219.975723
133  22.209377   4.913359   36.115902  0.276839  2.945300       5.797693   1001.784607  -21.029314   6.097916  2.814623  129.929535
134  -2.168401 -31.946220   64.827682  0.310888  1.109595       6.774913   1005.961426   90.838020   5.851590  2.561985  164.302795
135  17.915974  16.414846   49.674831  0.256036  3.415587       6.674572   1467.099243  112.000679   6.900949  3.376706   65.598480
136   8.605677  23.643297   43.226559  0.268908  1.907654       5.913260   1045.882446  241.121323  12.617893  2.210487  159.033157
137  12.798158  17.992874   41.007217  0.266261  3.141440       6.822667   1097.710205   33.264103   8.649373  3.864881  108.860077
138  -1.022925  45.864319   53.822983  0.344759  2.182317      10.139321    947.494629  224.192429  13.269739  2.471659   79.492302
139  -0.015193  39.504776   70.372627  0.341394  1.442436       5.867963   1044.918335  136.218658   9.828112  2.046123  224.954559
140  32.706528  36.027187   31.484121  0.339521  1.181163       5.326596   1763.292725  187.220291  11.038227  2.469593  343.495422
141  -7.290178  25.595058   49.468838  0.264158  2.621367       5.776744   1285.193359   10.190811   7.606459  3.846625  141.349106
142   2.425485  36.673485   40.570393  0.342251  3.056939       5.060647    799.177185   64.661026   7.849065  3.252023  237.184677
143  38.943256  20.327303   22.090519  0.307252  2.508933       7.218613   1010.774109  205.628021   5.306963  1.444480  149.949814
144  27.986082  32.789192   58.592720  0.341246  3.777560       6.787460    967.101868   81.387741   7.092091  3.035452  262.018372
145 -16.403784  29.609282   78.872047  0.207812  2.837572       7.180019   1745.248413   97.532768   7.423238  3.837847   60.031605
146  -1.950678  39.030731   57.838722  0.314149  2.075533       5.343763   1476.812012  118.916084   9.018548  3.363156  215.813171
147  13.953517  22.148695   41.241009  0.278474  2.984050       8.361801    924.203796  196.916321   8.352078  3.506250  125.867470
148 -14.599243  35.417522   84.204056  0.291406  2.530122       8.442472    800.493042  139.584564   9.394181  3.038901  171.796753
149  12.570277   8.998043   16.424713  0.239640  2.398803       6.204971   1029.669678  132.638428   7.227851  2.812537  124.026047
150  17.060476   6.824169   25.880938  0.220243  3.223606       5.767485   1508.679199  135.975800   5.591887  3.433892   88.350540
151  15.741031  23.790329   28.826626  0.240881  2.379339       5.091359   1512.342163  220.716431  10.596253  2.375326   94.943352
152  28.123116  47.771339   28.530027  0.333958  1.865154      10.094330   1782.731323  235.378738  10.736262  2.853245  259.954468
153   1.049757  40.176796   56.105423  0.309355  1.762665       5.416258   1730.913696  196.549545  12.951913  1.920146   61.570171
154  -6.500319  34.992504   66.318581  0.260273  2.686178       7.528066   1075.632690  111.505936   5.109014  2.460183   81.765518
155  25.013634  42.048092   33.770607  0.344789  1.869757      11.505548    853.254578   56.012226   7.164182  2.065744  198.660080
156 -19.975149  22.224169   75.427567  0.297178  1.934936       5.609512   1508.431519   44.744724   8.532664  3.793088  167.130157
157 -17.509962  47.157635   85.388969  0.250349  2.712828       9.679912   1412.343140  220.110901   8.451286  2.777889   77.205711
158   3.765116  19.577799   59.660370  0.223714  3.274236       5.829748   1639.208984  192.696411   5.122948  3.989243   69.272812
159 -18.077301  31.783665   70.797569  0.245772  3.656422       6.278022   1469.108154  136.622238   9.200205  3.888739   63.887589
160  12.310096  44.863293   55.332893  0.276561  1.543695       7.730853   1975.198364  195.329773  13.927397  3.691361  200.083542
161   4.066154  33.674637   56.260956  0.346980  1.296087       5.337633   1857.542114   63.058525   8.666402  2.803419  115.253952
162   2.104907  11.339666   49.315834  0.318377  1.109056       6.341604   1176.895142  175.640594  15.011400  3.581211  134.707077
163  24.603741  29.578587   46.290562  0.217815  1.484079       5.924896   1506.660156  148.787933   8.197691  3.062410  267.859222
164   5.652993  46.409286   44.239311  0.307795  2.511086       6.182094   1619.472900  182.111923  10.910168  2.230761  123.064117
165  -8.909957  39.715145   58.158676  0.267161  2.370305       8.063961    966.008606  229.620758  11.384784  2.894944   66.395699
166  36.926090   0.486642   19.587339  0.296415  3.729580       6.594349   1263.343994 -114.416153   6.077047  2.371399  163.876038
167  20.361557  49.216610   49.279644  0.315747  1.452971      10.213698    772.801636  226.649582   8.582253  0.483765   67.297508
168   3.251672  34.358665   54.442589  0.285296  3.522983       5.562176   1454.610474  228.428116   7.522913  3.522405  193.722076
169  32.916615 -20.569757   23.358067  0.295169  2.565983       6.194796    853.582520 -152.630676   6.755660  3.439584  155.090637
170  43.835445   3.278049   43.042381  0.271334  2.628555       7.903847   1212.650635 -220.153748   8.025777  2.989873  136.321381
171  -1.080407   1.559668   64.777092  0.288235  2.568002       6.120818    908.526184  126.891449   8.670934  3.686647  159.775375
172  26.804325  34.370296   35.835243  0.298908  1.310012       9.565976   1133.711426  163.865417   7.251755  3.095043  184.489624
173  -2.532353  15.391540   45.049530  0.274597  2.782294       5.086972   1505.846558  -18.267157   7.295987  3.927597  110.851631
174  17.097807 -19.046329   36.582478  0.263346  2.846278       5.379094    707.685791  -42.737057   8.231328  2.651837  141.666641
175  38.783558  20.018835   30.515337  0.282489  1.114055       6.552507   1291.770264 -193.849792   5.817194  3.336805  271.337372
176   3.379684  34.879021   55.174614  0.318477  1.749154       5.686785   1113.265503  120.554520  12.093925  3.413166  234.889587
177 -17.614248  -4.241599   14.415541  0.305728  2.035079       6.066824    779.137756  217.609665   6.145973  2.453156  227.000473
178  -0.557982  15.333350   48.283897  0.236112  2.539035       5.615972    922.572876   72.418037   9.039492  2.057840   99.414627
179  19.098604  22.262703   47.186726  0.324520  2.522605       5.901924   1719.252563  112.255325   7.075784  3.525365  167.990067
180 -24.155436  43.459869   66.032150  0.333298  2.307912       7.238272    731.461731   57.827736   8.131191  2.484056  149.544403
181   9.817005  23.987547   54.824772  0.314056  3.036593       7.181083    702.259338  166.797379  11.434552  2.879229  220.556702
182   3.498254  35.677540   68.790810  0.333076  1.065271       8.313409   1560.196655  105.235901   9.625024  3.072516   85.300026
183 -16.728132  -8.826977   55.361774  0.200455  2.903032       6.256857    939.721008 -173.911591   5.757258  3.810284  118.846901
184 -11.665172  29.431479   74.857681  0.256952  3.433220       7.046326   1288.725098   79.085083   8.979359  3.997859   75.265961
185  29.002939  37.452328   25.756971  0.249327  2.124096       7.745818   1420.828735  127.007774   5.734803  3.367525  214.059189
186 -17.715210  30.635391   70.938538  0.264031  2.669749       7.321396    906.474121  133.875015   8.658835  3.022940  120.059326
187  27.842201  17.410480   30.507019  0.257788  2.285322       6.312158    773.230713    3.489825   6.260593  3.041890  251.451782
188  -6.739475  25.193050   41.718246  0.313836  1.958761       5.244801    787.557434   27.703918  10.119120  2.863188  321.593567
189   1.208953  37.161690   43.493561  0.328000  2.589582       5.459942   1140.121826  132.805527  11.218707  3.528314  250.689606
190  34.763199  30.000961   78.221802  0.322051  2.665578       6.279314    767.820496 -215.183273   8.909335  1.872004  226.006256
191   2.174543 -40.370338   66.827225  0.294051  2.042811       5.358580   1274.663940  243.394104   7.992389  3.084056  297.291931
192 -14.812769  21.204084   51.784679  0.230543  2.728160       5.610418   1250.024658   35.510796   7.981783  3.101037   85.474998
193   9.915980  35.196701   51.465149  0.294115  2.083884       5.267925   1147.158813  191.184998   8.736010  3.164955  270.237976
194   1.623555  36.346348   69.371536  0.315889  1.992553       6.914288   1228.930298  243.036514  11.420834  2.090434  112.033005
195   5.688921  37.854935   54.572723  0.334037  1.915715       6.190057   1996.336914  140.865326   8.403987  3.010761  150.925064
196   5.436525  49.125641   57.383511  0.303804  2.051247       7.048628   1610.633545  212.815414   9.211230  1.612131  101.251289
197  38.479084   9.704239   46.979839  0.204011  3.576294       7.927842    920.053345  -39.697350   8.233352  3.699998  130.440735
198 -13.264442  31.214653   63.600266  0.298483  2.862999       5.527385   1452.487793   99.674828  10.025024  2.953291   99.495819
199   8.388526   9.157731   49.277843  0.311419  1.987418       5.097750    866.522888  128.399704  10.167788  2.610061  172.453842
200  33.691338  -1.891431   35.328117  0.335784  3.915708       5.707757    725.261414  -24.995325   5.219294  1.350574  228.320679
201   5.670865  42.565876   46.063175  0.311444  1.966457       6.748061   1262.351196  154.613983  10.067555  3.531516  279.873260
202  -6.696228  18.927881   65.762962  0.249070  3.614721       5.853209    938.639099  176.699341  12.040056  2.178454   88.860596
203   1.774424  41.009792   53.365078  0.319877  1.878866       7.328705   1937.910767  219.054535  10.094870  3.664614  124.958847
204  21.018322  20.327480   37.612217  0.315695  3.526381       5.386381    863.558533   92.384468   7.428998  2.325471  392.521027
205  32.838818  27.380226   45.734543  0.343892  1.022530       6.972551   1814.530640 -141.633667   7.723497  3.232527  255.929764
206  21.986841  39.806355   26.704191  0.348254  1.412024       9.893694   1119.018066  130.533142   8.309839  1.835286   88.458443
207  -3.977147 -49.165020   63.694462  0.343684  1.254822       6.643862   1579.386475  126.450607  12.164239  1.982553  290.420502
208   2.817376  39.953163   72.516273  0.267871  1.223679       8.143618   1072.393066   44.113319   6.831088  3.334219  282.324799
209  -2.723324  42.777573   63.324219  0.330011  2.113396       7.302132    974.224976  191.806641   7.623381  1.823572  184.404694
210  27.407497  18.586594   16.991808  0.259412  2.063664       8.395976   1030.677124  100.862030   8.143210  2.772033   82.716446
211  20.959051  34.933842   26.890429  0.279480  1.592585       7.492923   1503.635132  241.684647  10.950028  2.994387  118.599838
212 -14.307365  37.031681   73.157249  0.266747  2.245513       6.884912    989.372131   60.234638   6.679403  3.509358  181.556992
213  29.615662  15.358172   34.665756  0.338401  2.458712       5.607932   1746.524170    2.746735   6.900319  3.910120  275.295654
214  22.520414  33.507782   32.312939  0.342388  1.696545       5.230657   1116.013916  104.580795  10.449210  1.037151  189.468750
215 -15.941645  25.309868   69.549698  0.316329  2.036778       5.362735    889.395813  166.694412   8.736628  2.544262  130.134583
216 -13.638045  34.635437   87.696228  0.278568  1.580785       5.808876    973.069580  177.804459  13.406676  1.869801  133.623611
217 -10.553976 -18.189980   56.029572  0.203141  3.567066       5.363328   1632.371460  134.840012   8.103903  3.798997  169.028763
218   9.382478  15.381939   37.971462  0.244151  3.290828       6.098695   1263.287598   63.459732   9.383793  3.519853  136.659073
219  29.946344  28.894670   41.933060  0.339170  3.294925       5.366434   1551.918701  -73.842522   5.117495  3.636111  273.160004
220 -22.897778  41.100418   86.614639  0.278908  2.167298       8.306417    899.218323  249.585770  10.927828  1.717383  108.677292
221  16.717884 -27.840515   87.165192  0.294846  1.688841       6.409321    897.902039  183.892151  10.443595  2.515858  133.815918
222  13.747389  49.734726   56.901585  0.348595  1.250723       5.980151   1566.738403  143.302017   7.534118  1.833135  364.618256
223  -4.025296  36.814632   59.283066  0.313111  2.951873       5.286391   1098.471680  198.425247   8.879983  3.695619  304.680511
224 -29.900946  40.507633   86.235260  0.343616  2.979875       8.397160    850.915466  127.276588   6.060968  3.429640  144.531418
225   0.246837  21.592928   49.333569  0.306531  2.154641       6.826087    953.034241   10.188419   8.818004  2.315393   53.061310
226  16.309765 -16.096319   44.132824  0.270291  2.964814       5.125733   1016.687073 -109.256561   5.842535  3.403567  146.162949
227  25.655010 -11.656565   35.539562  0.348407  3.839311       5.432132    797.427673  -24.110468   6.927227  2.130776  101.869835
228  15.742089  -2.834600   43.334660  0.243753  2.344855       6.103657   1138.584839  -69.830109  10.198279  2.998991   72.410324
229  -5.454581  25.362522   51.578796  0.244689  3.245322       6.366809   1040.969360  168.549133   9.351508  2.871366   85.746979
230 -10.726727  37.523319   73.968224  0.298655  2.456655       5.303411   1145.478760  144.967773   8.866563  1.690735   79.768127
231  23.315681  30.531479   36.061596  0.209633  2.769927       6.547513   1133.954346   46.880135   8.793119  3.189532  235.090988
232 -10.505105  23.908083   58.982780  0.264027  3.059934       6.853310   1256.443726  209.115601   9.626906  3.850400   64.458473
233  -0.086353 -38.237331   69.207443  0.283235  1.728523       7.732069   1587.970215  122.230919  10.750885  2.986887  146.672668
234   3.555986  16.309561   53.227386  0.262650  1.856819       5.769215   1101.007812   12.257839   7.485131  3.778247  220.505249
235  15.552902   9.431703   46.201778  0.339409  2.489526       7.609506    728.064941   75.131416   6.118588  3.588048  154.266769
236   4.642191  34.237938   58.803783  0.253438  1.297782       6.234138   1320.126221  140.395096  10.670482  2.717443  240.588150
237  -2.463743   6.725669   36.382038  0.225959  3.964007       7.965880    811.738281  102.449341   6.410700  3.919408   92.846687
238  -6.341665  23.381489   63.813324  0.322613  2.832015       5.379701   1115.897339  240.516418  10.881966  3.781665  206.968307
239  25.476652  15.779761   34.890656  0.205243  3.433812       8.799356    708.761414  -56.671291   7.283511  2.025290  107.253761
240   1.686003 -32.930603   63.511585  0.283371  2.085306       6.068542   1014.598572  128.538559   7.176404  2.333901  108.450974
241  37.215973  23.254684   36.450478  0.338384  2.591635       8.685643   1071.913696  188.612320   8.401138  1.567661   90.101532
242  -5.706943  48.422569   56.807320  0.335156  1.992893       5.718315   1890.081909   72.720390   5.592786  2.835915  217.064514
243 -18.935074  47.308880   97.154373  0.338519  1.300362      10.254583   1320.097046  174.570786  13.603110  1.318933   57.829014
244  21.395021  29.336916   20.139202  0.336845  2.416638       6.765052    973.173523   35.215366   8.478438  3.969222  304.089142
245 -13.871147  35.548950   71.436211  0.344553  1.662625       5.315630   1650.262817  113.939697   9.479935  2.690433  183.167999
246  10.706895  24.612522   46.149952  0.259653  3.706401       5.994731   1208.109497  104.131813   8.141141  3.566144  158.597351
247   6.808200  31.385626   48.554501  0.311378  1.891533       6.925782   1312.747192  123.905907   7.575196  2.497734   92.600784
248  -0.119079  37.498100   46.650566  0.341695  2.214997       5.837847   1165.009277  132.540573  10.600713  3.256488  157.698868
249 -12.467032  37.835339   69.185547  0.302253  1.930451       5.685728   1672.362305  174.358322  11.096440  3.801620  167.195450
250  29.962795  10.606969   20.381742  0.304770  1.532843       5.553304    762.872803  -77.786842   8.027672  1.037618  168.269806
251  -3.975975  15.990163   56.310448  0.297354  2.004538       5.175665   1413.175659   44.088787   8.264199  2.996834  112.299431
252  20.905476  16.290249   57.918339  0.230196  1.771219       8.607413    758.169128 -176.784973  10.173685  2.092156   60.074539
253   8.724950  43.506844   59.130154  0.241283  2.354822       5.517007   1269.066650  171.403458   7.159208  2.281511  227.695145
254  47.623741  11.022302   31.608341  0.236344  1.924121      11.615033   1113.435791 -237.772003  13.565291  2.997396  127.907898
255  14.958504   5.063028   34.308372  0.256129  1.986160       6.197654    922.819885   97.027702   6.697385  2.993926  178.728668
256 -31.106951  -5.210518   30.121231  0.255651  2.210270       5.431894   1422.610474 -173.186386   8.212968  3.511295  148.454819
257  15.036880   5.406923   42.895168  0.320874  2.071475       6.022345    772.311523  -55.134716   9.568008  3.199446  209.100494
258  18.460497  38.115082   71.570145  0.277323  1.851983       7.255733   1137.048828  155.272324   5.781698  1.489972  104.008362
259   9.528797  35.596851   37.815689  0.334518  2.278479       5.512564    856.545837  149.896378   9.136517  1.956983  280.316528
260   6.506946  -3.011679   46.741039  0.210324  3.944325       5.773018    994.818359   15.950047   5.600999  3.247886   89.917511
261 -19.545303  17.685175   64.988564  0.252781  3.339098       5.036516   1389.407715  183.599091   9.955825  3.162083   62.233013
262   4.292395  40.575848   67.249802  0.337249  1.121585       6.739951   1227.372803  144.210373   9.069160  1.307479  130.591583
263  -1.903418  38.470219   63.989136  0.322608  1.618183       6.943840   1300.279175  181.083237  10.433167  2.914055  134.610199
264  16.455301  35.174549   38.037327  0.247657  1.995945       5.075472   1868.820312  121.869469  10.584846  2.881971  230.969894
265   3.385320  11.718554   82.933945  0.274973  3.606507       5.442484   1104.271973   69.559158   7.101093  2.955470  107.241287
266  19.678406  37.007954   35.732082  0.302812  1.920877       6.677405   1237.697510   69.238686  12.120668  2.236608  219.953781
267 -16.026762 -30.787821   42.304115  0.298835  1.753887       8.015405    842.584900  228.483444   7.223718  1.909144  158.401688
268  35.248871   2.167176   24.783813  0.270098  1.262921       6.717056    773.767517  -44.530159   5.880045  0.971601   58.570961
269   2.162067  38.463848   78.156006  0.316006  1.304589       8.052094    861.087952  202.391647   9.564054  2.308542  225.936844
270   4.565546  43.326912   84.918983  0.315737  2.299169       6.055148   1764.115967  118.199646   5.181259  2.372297  201.212219
271  27.126232  35.731945   28.317965  0.298259  1.203101       6.072165   1446.985596  228.696838  13.135701  1.412273  124.334221
272  23.798489  39.163185   59.006355  0.294808  1.685179       7.388630   1475.849609  -23.955418   8.419920  2.840040  174.785782
273   6.967032   7.168848   37.704636  0.240464  3.129790       5.212732   1304.647217  126.331917   7.510911  3.866517  116.863075
274  13.312013  33.210514   47.068256  0.327314  2.502138       6.060465    837.685608  207.876038   9.664712  2.189211  312.855103
275  22.566835  28.173727   33.029484  0.237732  1.815282       7.146198   1192.636108  171.045258  10.154164  2.163050  131.712357
276  -1.511292 -33.762447   38.123863  0.293496  2.460596       5.391812   1030.587524   63.957085   7.551037  2.158866   86.075493
277   7.852298  34.204857   47.104973  0.317467  2.573902       6.011979    896.946899   60.462135   8.542905  1.823434  144.636826
278  28.623131  39.188148   28.222025  0.286563  2.538794       9.193531   1419.747192   71.748398   6.432711  2.699973  166.652466
279   4.275183  37.999592   56.102955  0.291748  2.639858       9.062080    810.532288  103.765327   7.063643  2.951478  111.210152
280  10.305222  42.033684   60.951038  0.232118  1.329164       8.707031    919.409973  235.042923   9.263927  1.871040  140.393677
281 -16.153334  21.161621   81.418953  0.278862  2.393238       5.111272    910.145569  101.725563   6.308364  3.814463  248.386337
282   5.213524  26.689531   36.802757  0.299169  2.642340       5.268442    761.803101  209.446213   9.324884  1.347958  218.702744
283  17.427847   3.764456   39.092381  0.279766  2.551074       6.619989    860.279968   -2.915101   6.581491  2.641389  112.671608
284  14.488978 -10.899559   19.069103  0.322576  2.403039       5.214834    775.532166  132.542633  12.119406  3.293792  316.736237
285   4.764260  48.369457   65.884857  0.319374  1.503833      10.199355   1590.661133  206.960159  13.364078  3.697105  188.161377
286  -9.735353  30.196186   59.318863  0.313564  2.782158       7.348498    702.401672  129.379578   8.577059  1.828827  118.077232
287   2.502428  -7.183980   64.978477  0.333270  1.202250       5.651042    945.482605   19.684269   8.055905  2.686483  182.222000
288  16.439528  37.105827   48.460449  0.319900  1.057326       7.529689   1739.226562  137.201736  11.014708  3.977400  274.046997
289   0.029025  21.269968   47.445240  0.244158  3.448312       5.248474    916.341370  157.149887   9.715782  2.444958   97.469757
290 -11.811284  31.558590   63.424034  0.323766  3.033609       5.859072    721.218018  113.142075   5.122059  2.965698  320.794342
291  -0.077638   2.000854   45.873383  0.242533  3.143065       6.611902    774.254272  111.361046   6.762571  3.071560  118.154945
292  -8.066793   5.746368   42.659721  0.268629  1.724425       5.157033    811.637085   26.912060   6.474855  3.759471  208.623184
293  10.937713  13.887633   33.947296  0.262344  3.144397       6.007316   1096.417358  171.666351   9.107905  3.199717  154.391464
294  12.195747   0.512950   33.389519  0.317255  1.091897       5.569358    797.482117  -47.971420   6.089108  2.376682  283.900757
295 -34.629189  18.108486   94.665482  0.284409  2.698651       5.184537    934.768188  233.129364  11.095265  3.227270  124.529259
296  -1.504134  45.664463   71.731750  0.344398  1.563918       7.778495   1682.596313  144.590225   7.439822  2.880766  251.137299
297  11.153749  32.134457   40.775154  0.327255  1.651079       5.045656   1184.999878   87.865395  10.930206  1.892029  176.901016
298   4.133839  35.643013   64.555161  0.276978  3.561208       5.227584    848.710022   92.420593   6.199049  1.577917  177.347092
299  11.506331  47.698326   51.738972  0.313469  1.708312       8.510723   1265.992920  227.007523  10.243829  2.929716  270.405182
300  -8.743839  38.550392   66.162590  0.266201  2.627825       6.729940   1062.051025  161.568100   9.746516  1.522199   57.626499
301  -1.162032   3.633977   50.598675  0.232466  1.611590       5.996199    715.487732  154.820572  10.082120  2.247934  152.442368
302  -9.573358  30.352438   88.529060  0.344119  2.909197       6.411515    819.960632  244.253113  12.087565  1.918092  127.995483
303  28.753010  29.317749   25.130869  0.243769  2.121814       6.768084   1126.138428   37.272980   6.864991  1.797803  121.867058
304  21.904726  33.224926   36.976170  0.291730  3.033056       7.750771   1132.211426   89.136230   5.484561  3.679433  215.227737
305  -0.889131 -46.007961   77.977730  0.286214  1.010286       7.849187   1844.811768  214.039459  10.503999  3.696966  267.874573
306   7.396674  37.253223   49.232243  0.326895  2.014454       7.861959    791.659302  174.188232  10.051414  2.657226  231.414322
307  11.136077  45.392349   60.781673  0.289388  1.031156       6.521122   1698.715332  242.312637  13.308161  2.252014  176.170380
308  17.523226  13.511400   43.500679  0.272219  2.826643       5.133600    936.875000  -70.514938  11.168361  2.030297  188.734528
309  17.341871 -12.373796   50.251194  0.301773  2.506803       5.729429    831.305176  -76.187195   7.026955  2.832801  172.004639
310   5.001510  39.531498   51.682491  0.295504  2.161749       5.816524    829.106934  192.044464  10.691511  0.716527   81.867172
311  15.891539  33.105133   41.571957  0.280994  2.858030       7.248231   1416.593140  215.575516  10.215952  3.325020  182.850388
312 -22.870031  29.038460   71.649010  0.276538  2.242909       7.326685   1002.351746   18.273746   5.153929  3.973799   96.664810
313  25.498363  13.848973   15.302491  0.295123  2.008501       5.482427    886.315125  164.215515   6.184038  2.470616  214.285965
314   4.771814  35.862003   60.013748  0.305587  1.322953       6.137986    908.659302   59.184341   7.330738  2.596427  259.715240
315  -1.280280  36.555279   47.435844  0.274563  3.053781       5.417106    751.897034  216.482300   7.180080  3.793370  261.622833
316 -11.759418 -45.889538   54.208294  0.325368  1.665761       8.151458    945.231934  199.052658  11.433003  0.925745   87.324852
317 -11.613935  23.746559   55.301670  0.300330  2.135445       5.557051   1100.051147  149.118851   8.739757  2.624427   75.649635
318   5.463608  21.199484   43.587307  0.304831  2.754132       5.929095    782.537781   88.675591   5.810917  3.169515  223.882309
319   5.667932  37.966621   45.491402  0.312979  1.652604       7.083563   1021.552002  211.828796  14.242845  2.753860  198.044159
320  12.086299  37.257629   33.448421  0.275713  2.259479       5.083182   1408.622803  245.794678  13.141090  2.802466  137.017914
321   4.824598  42.509060   54.379417  0.323474  1.232863       8.944687    771.242981   69.658646   8.300081  2.969029  325.010712
322  -6.303902  22.185457   76.981544  0.250139  3.028605       7.431406    764.395935   74.277512   8.384806  3.486401  166.741348
323   0.813385  43.699764   59.298397  0.280069  1.815476       8.100787   1221.590698  236.227982  12.442644  2.142685   78.015030
324 -21.428707  41.564529   92.574821  0.311584  2.049930       5.433439   1455.909790  214.461899  10.805992  1.552375  172.427902
325 -12.731963  17.285511   56.744934  0.274696  2.304249       5.158445   1237.629150   15.985435   9.658174  3.624785  144.678970
326  -9.119565 -24.176756   43.903740  0.271850  1.120533       5.666154   1341.277832  120.302208   7.971871  3.432830  159.451614
327  25.790562 -12.724245   38.680721  0.316179  2.401396       6.197021    840.870789   -4.937194   7.413745  2.530390  138.290619
328  -4.517240 -36.508003   72.128418  0.266133  1.010861       6.946206   1193.625122  160.902893   8.842656  3.122686  191.904968
329   9.171578  28.818651   53.444084  0.276765  3.868192       5.816262   1392.697510  165.340958   6.925288  2.184892   50.475319
330  14.449762  -2.720940   24.156429  0.298290  3.876460       5.851614    726.637329  -16.676701   5.450813  3.892835  277.888824
331  35.461227  11.676274   26.575268  0.312471  3.399511       6.028610    738.890381 -105.808731   5.495352  1.038706  178.244080
332  -6.245225  26.630899   56.272320  0.341908  2.425997       7.473948    731.579773   86.240189   5.665642  3.338330  173.033844
333 -29.136520  22.729086   80.229523  0.308421  2.420761       5.487875   1330.785645  225.052200   8.533020  3.866595  114.407890
334   1.147706  39.394989   62.475277  0.309275  1.698587       9.015411    904.563721  204.894730   7.325695  3.868131  166.294556
335  16.297016  32.401470   33.183910  0.255443  2.164716       6.939260   1050.410767  249.434952   7.987659  2.759301  127.140182
336  -0.811784  34.779587   43.013519  0.265485  1.979940       8.739074    713.580750  -29.065088   5.690953  2.638540  114.288048
337  -5.515837  36.439548   82.400200  0.302252  2.098282       5.829942   1312.540649  152.695053   8.535769  3.832030  260.327026
338  27.385918  33.403446   42.416256  0.245992  1.537923       7.258102    918.248962  201.803192   6.367217  1.500485  119.398308
339  25.434866  21.661543   52.479961  0.279026  2.585445       5.739612    941.704773  -89.421776   5.518207  1.537642  241.162506
340  -5.403520 -38.122208   93.358002  0.328815  1.950831       8.091547   1021.718079  220.257034   6.126993  3.852837  234.780029
341  17.430798  32.637657   32.540337  0.263460  2.045521       8.789093   1226.935669   71.974007   9.263831  3.069960   85.202583
342  -6.139218  39.332058   61.200256  0.307913  2.259651       6.574424   1436.488525  236.342331  10.276661  2.709277   63.082829
343  20.062614  39.517250   24.208731  0.259455  2.676666       8.561462   1927.587769   62.033577   6.960250  3.638414   72.611931
344  -0.674382  27.305161   39.821041  0.310579  2.522767       5.881759    728.541077  153.602600   9.914890  2.821068  177.523849
345   9.406167  39.118965   48.777767  0.278286  1.612474       6.490622   1683.487549  226.948868  13.993355  3.583961  224.806717
346   0.181007  39.369991   66.754745  0.323604  1.035241       9.209539    932.809021   73.024841  11.529313  2.021305  129.627014
347   4.631110  38.243526   55.102436  0.290306  3.246692       7.190372    947.822937  206.530289   7.219883  3.597032  274.876526
348  12.395971  39.802418   39.547188  0.341123  2.482606       5.609567    856.293762  174.308075   9.029222  0.542666   54.502510
349  16.349537  -8.443312   35.221218  0.306646  2.078058       5.841276   1111.569580  -26.317240   9.899284  3.033698   89.581688
350  17.153692  18.586309   50.725307  0.321730  2.486888       6.368558    737.413208   41.486862   7.771497  3.850037  247.259369
351 -25.772573  39.737850   68.945885  0.314956  3.297108       6.909122    824.986206   43.253757   8.473239  2.470767  108.244202
352  18.008797   5.097994   32.337727  0.238205  3.397188       5.301870   1142.259888   -1.889707   7.420198  3.375026  112.517189
353  18.544119  -3.814669   37.184662  0.200924  3.593918       5.220123   1418.616211  -93.161049   5.571819  3.416913   90.786201
354   9.981840  38.279686   38.670395  0.312019  1.932278       5.668528   1248.698608  144.986618  11.016281  2.661239  146.822510
355   1.735116  21.204874   63.500721  0.248937  2.262930       6.224164    938.737488  -54.326485   8.438300  3.906579  216.830383
356 -18.628483  33.881111   79.766861  0.328066  3.048401       5.500037    755.848511  179.339615   9.309022  0.651715  121.074867
357 -27.239086 -34.111164   36.845497  0.339040  1.031582       8.958786    973.821960  175.582138  14.999144  2.611422  210.066315
358 -17.574339  -1.457281   20.647675  0.256865  2.629191       5.658598   1074.060425  -78.763947   7.761600  2.664427  128.104141
359  14.441758  45.743675   60.151497  0.305541  1.147694       6.542747   1821.698486  220.113281  10.505759  2.700864  267.458221
360   4.556034  27.709024   47.927147  0.256034  3.788512       5.348938    822.903137  168.320312   6.824702  2.566841  187.863831
361 -14.212242  41.962692   72.695648  0.327244  2.349557       7.083578    936.498413  134.929901   8.193127  2.134837  212.957169
362  16.899485  17.890491   57.818943  0.234230  1.967515       5.180684    857.468323   45.145882   6.043922  3.636914  254.777588
363  12.716891  17.898685   45.834015  0.224800  1.415589       7.798597   1073.960938  132.492813   8.927146  3.065616   57.436676
364  20.482382  12.118694   46.530182  0.327644  2.480040       8.466895    760.130371 -191.107834  10.815468  2.624499   80.091713
365   8.909130 -41.213665   78.385742  0.320054  1.303165       8.481198   1252.554565  137.055099   8.359504  2.056839  120.855942
366 -13.334100  28.150969   79.758537  0.201527  3.101973       7.074311   1121.416260  189.395523  10.360490  3.364028   56.430077
367 -25.639458  26.288723   85.162346  0.276270  2.326931       5.835665   1046.463257  160.689758  12.183281  2.215087   52.559502
368   9.049822  41.243359   54.530338  0.326733  1.221606       9.606853   1069.938110   77.806488   9.025427  3.319602  221.458755
369  17.462444  44.016617   32.909561  0.267349  2.201052       6.183069   1892.977051  225.384094   8.755328  1.931146   69.629684
370 -13.155788  39.423992   85.872574  0.345771  1.388979       6.501935   1533.519653  156.687744  12.500673  1.628607   65.618141
371 -10.211701  41.852837   63.909439  0.264366  2.351462       5.976107   1255.352661  191.241669   9.513485  2.648888  144.192642
372   5.434220  40.306889   62.853230  0.291765  1.340650       7.825151   1373.027222  193.170059   8.285430  2.940020  163.428009
373  30.451271  -2.829909   41.952709  0.290028  3.516878       5.062041    911.558655  -38.964661   9.882523  1.996421  204.058655
374   0.135613   3.468624   33.075512  0.236512  1.842853       5.524862   1142.625366  151.400284  13.797234  3.180284  149.211990
375  -3.472808  49.601604   63.650242  0.277215  3.113011       5.730164   1309.561035  161.733734   5.389586  3.255472  339.085388
376  27.110325   3.996472   43.580151  0.298240  2.947532       5.042763   1092.657349   51.483685   6.135713  2.904471  253.823685
377  23.383707  15.716173   32.350262  0.265724  2.679514       7.141085    794.200256 -143.330704   8.027133  3.557815  182.096283
378 -16.285694  21.413153   89.661568  0.219092  3.668613       5.502535   1214.197144  112.824532   8.156278  3.650026  111.203621
379   9.120876   9.722658   35.395409  0.349279  3.394476       5.836090    902.478149  -31.320650   5.567493  3.389964  215.184967
380  -1.582473  -3.968116   55.571693  0.326869  3.905918       5.297772   1113.055908  152.411057   9.072810  3.026456  141.351868
381   2.072913  31.158251   54.815491  0.295559  1.814119       6.051394    794.367188  237.385956   8.216068  1.229305   55.927551
382 -11.422552  22.930805   57.371071  0.286006  2.920238       5.244797   1070.552002   22.098326   7.772377  3.010986  125.819618
383  25.738670  34.518822   32.346672  0.286762  1.756271       7.177685   1229.130859  175.557724   6.135931  2.579073  204.098633
384 -13.619592 -17.833496   32.598602  0.221776  1.146424       6.747643   1081.808960  126.265350   6.863538  3.403219  159.813431
385  31.998909  10.546715   49.502422  0.347829  2.077536       5.821685    786.163513 -228.287369  11.755015  1.679934  205.983734
386  14.169222  45.024315   54.361507  0.335371  1.062639       6.056853   1359.697876  118.089355   8.880910  1.831599  231.663895
387   8.682362  43.936092   56.293373  0.296783  1.478325       5.604324   1448.839844  189.903366  13.766762  2.203932  309.265686
388  -7.131009  18.865517   63.043251  0.242134  3.150941       5.003940   1267.497681  102.699173  11.029960  3.178945   63.672806
389  -2.215778  31.087164   70.308838  0.259792  1.739097       7.972213   1054.061035  222.224884  14.039305  3.212646   71.064262
390  17.572317  45.291195   55.829212  0.303279  1.219526       7.020554   1914.369385  138.836075   9.097803  3.134950  249.628586
391  23.404455 -33.418327   87.757912  0.301997  1.821769       7.344470    742.023438  118.477295   7.424299  1.716697  220.082489
392  19.623850  34.271168   30.569054  0.316755  1.292455       7.396657   1110.247437  209.736588  12.652666  1.954043   84.191833
393   0.554338   9.741868   67.108170  0.289358  2.347830       6.177590    933.195435   72.628288   7.901931  2.915785  123.402893
394  -0.848500  24.187317   72.491486  0.268604  2.545240       5.584414   1328.742554  187.294006   9.851572  3.411379  161.268570
395  19.077450  22.494133   21.336588  0.337675  3.323278       6.381299    754.211182  118.050102   7.342957  0.810775  113.364853
396 -18.445831 -36.897095   50.862820  0.252401  1.061698       6.411439   1680.097534  173.841537  10.621340  2.250118   94.904671
397   7.870854  39.070683   58.950546  0.335219  1.400038       8.586831    898.403015   62.848846   9.997461  1.309734  124.437843
398  11.896111  39.444958   34.341690  0.272527  2.703874       6.094174   1747.771606   38.921547   7.291472  2.906689  104.414810
399  25.206055  30.629866   28.347351  0.276803  1.841240       5.933462   1166.321899  189.712646   7.973161  2.174532  252.866776
400  29.303745  16.112329   35.820717  0.309735  2.108135       6.532146    888.947693  -95.116379   5.704662  3.705311  339.025513
401 -12.607958 -24.282982   37.190521  0.221516  2.435991       8.697430    796.021423  128.256531   6.571817  3.921257   87.407631
402  -4.996753 -42.349674   64.235565  0.264235  1.644866       7.169838   1235.960327  245.776016   6.925848  2.925477  275.505615
403  -0.424685   2.964870   43.765980  0.282298  3.016056       5.810544   1519.487671   14.339467   8.660034  3.834091   89.546959
404  -0.204335  45.713230   65.484398  0.282715  1.819995       9.057322   1416.951660  137.458374   8.678682  2.758632   98.215233
405  49.362862  16.381395   28.271431  0.335206  1.116810       8.664991   1426.305664 -223.603317  14.095160  1.579006  152.512405
406  45.420143  26.693747   42.519569  0.266541  2.654191      11.864224   1160.704468   47.072277   5.042777  2.122705   88.011841
407  -8.973381  15.341130   63.171310  0.269739  1.338525       5.088634    843.079651  -32.389664   6.215795  2.150956  114.483070
408   5.483266  13.514009   54.837811  0.336634  2.107178       5.134608   1147.980469  -81.884361   9.061228  3.789663  235.565414
409  -0.190297  36.444332   62.389561  0.272466  2.747730       7.608195    887.736023  147.037827   8.691205  2.017170   83.884338
410  21.107252  24.964037   16.927738  0.268669  3.716429       8.351038    867.501770   85.688614   7.393200  3.901945  139.398346
411  -2.923522  28.255386   70.835014  0.260712  3.724380       5.633672   1447.766846  -44.019531   5.656140  3.585572  217.849945
412  -9.064769  11.204090   68.530319  0.304206  3.173923       6.249988   1100.581421  226.503784   9.293574  3.890727   97.906982
413   4.619469 -41.688904   65.918213  0.270065  2.047025       5.983138   1977.267822  248.650391  15.902025  3.576544  160.212219
414  11.335368   8.470166   28.718889  0.335037  2.660255       5.625858   1065.356934   29.528557   5.235029  2.811807  120.173508
415   5.310259  41.429886   71.055222  0.310003  2.083440       8.056067    941.668335  142.625214   5.162055  3.021224  252.661087
416  17.832825  27.797009   43.042622  0.276336  2.594728       5.963939    847.385620  127.366783   7.219047  2.661558  239.667084
417   3.985239  44.591213   59.718582  0.253243  2.435572       7.759185   1843.063477  186.552643   7.210039  3.915850  153.780029
418 -11.665360  29.838171   64.231850  0.330998  1.969614       6.629031    911.411072  137.122803  11.780301  2.761632  178.678955
419  -6.899241  20.437756   52.190002  0.265609  2.765368       5.799289   1159.960205  191.231445  10.553191  3.533465   94.096642
420  23.107922  42.204399   42.701046  0.340698  1.127300       8.194913   1262.895264  215.083710  11.674451  2.748458  284.157013
421  -8.018154  44.093384   68.924057  0.318780  1.753763       5.114146   1743.946411   38.918159   6.651267  2.733307  202.261017
422 -11.447529  41.609680   72.965332  0.279860  2.311589       6.512724   1024.527466  140.653061   8.785268  1.833017  138.977280
423  15.310606  10.991864   42.639198  0.297839  2.312747       5.433933    708.713745   38.725151  11.677685  0.698721  177.493713
424   4.614491  31.382036   47.953396  0.288138  3.308373       5.706567   1212.001953   81.967262   6.278417  3.796256  223.015488
425  -6.889397  38.345062   83.357887  0.315088  1.519720       6.464968   1551.316895   32.463203   8.753891  3.972393  307.386230
426 -18.048502  23.338547   50.762951  0.321114  2.294153       6.328495    877.139404   36.981045   5.701312  3.204818  134.312332
427 -15.676745   8.013669   67.946480  0.332179  1.543392       5.477389    892.803528  -31.326889   9.859224  3.839567  264.437714
428  16.127125  14.055716   20.350971  0.277408  3.331832       5.778050   1058.504028  200.471634   8.737187  2.441274  161.160583
429  44.648060 -17.677809   24.988567  0.295539  2.510598       7.975931   1889.046631 -222.136139  11.697113  3.842194  113.583267
430  -6.911758  38.683460   74.067543  0.336686  1.641734       6.538803   1788.591919  116.748764   8.535727  2.681723  121.184509
431 -13.089139  46.993633   57.162334  0.337976  3.074040       6.450195   1170.382324  204.901123   8.346813  3.949857  208.125748
432  16.678152  34.558086   39.711681  0.260364  2.077299       8.708705   1193.821533  131.396225   6.647993  3.981893  173.782791
433  30.579596  27.769693   32.350189  0.238150  2.140331       6.753821   1697.707031  118.025490   9.682317  3.435327  269.397583
434 -36.228291  28.374321  112.020393  0.348623  1.826619       8.501184    742.348328  155.786255   7.782166  1.307848   98.591072
435  15.456242  -1.166937   41.577518  0.224965  3.216279       5.938982   1084.984741 -126.093880   7.455087  2.503151   57.027843
436  -2.268810  29.998085   52.866070  0.301079  1.712874       6.321037    869.698792   94.532677   9.349175  2.437247  238.749435
437   8.458653  22.212833   49.916134  0.292003  2.285400       6.017131    834.147644  197.982544   6.579621  1.967614  160.871536
438   5.884758  -7.680174   61.227474  0.323013  3.245280       5.993174    875.532593   54.886543   5.680794  3.433446  187.470886
439  12.753988 -16.126467   52.091434  0.312621  2.383459       6.895344    826.162231  -50.331314   7.728882  2.997245  138.674164
440  -4.166687  21.388802   28.262152  0.260697  2.651278       5.567647   1034.368774  -10.682011   7.215878  3.284750  103.960999
441  19.940491  35.845352   33.157417  0.299450  1.449599       5.581340   1221.008789  182.351791   7.654015  1.399384  175.193588
442  34.020798  37.898338   32.464394  0.296511  2.974972       9.023908   1388.109253  198.809662   5.669041  2.613044  288.077026
443   6.923190  -7.091923   55.757854  0.339148  2.708123       5.705612    748.367126  -81.602058   9.419032  1.840052  172.957413
444  -3.684901  35.897121   49.828346  0.315512  2.064471       7.468451    917.025818  104.212090  10.615119  2.654040   76.500710
445  -7.859687  41.550018   68.802261  0.340703  1.751434       7.505909   1640.138672  235.779434  13.194219  2.949383  167.074509
446  -3.065982  15.040932   20.719995  0.231095  2.353039       6.554225    747.093323  118.814621   5.465778  2.282171  129.054581
447  27.541424 -12.374756   50.037491  0.283016  3.623361       6.489495    704.451843   20.983526   7.202992  1.944163   52.064564
448 -12.497552  25.565859   75.690193  0.320946  2.995297       5.643732    969.670532   94.187141   8.722533  3.944898  223.070343
449  14.535028  37.753582   55.780579  0.346224  1.914205       7.048182   1746.565674  157.258682   8.523054  3.664700  246.609482
450  26.646696  23.238073   34.064949  0.218644  1.960572       7.584877   1676.741577  218.057510   9.708043  2.743923   51.210369
451  37.446716  41.269478   30.342978  0.335592  3.939576       9.130700   1280.032104   26.451021   7.165800  1.005785  166.538467
452  -5.705851  48.551838   53.807281  0.320221  3.094309       7.399429   1006.804016  152.656021   7.434497  2.108855  137.660065
453  -3.682022  13.482225   70.202415  0.271264  2.055989       6.569854   1018.010437  134.591339  10.603045  3.274765   69.468788
454  -0.429622  28.725405   55.240150  0.292509  2.359566       5.670588   1587.054199  147.579453   6.846622  2.764644   65.898079
455   5.350171  42.968288   57.486553  0.289691  1.829391       5.824014   1177.661865  185.309280  11.679447  1.518991  141.519867
456  26.880442  13.798311   43.808544  0.295312  1.100718       5.451526   1241.290161  -97.180176   9.548655  2.924284  226.891342
457   4.304034  13.497563   83.190094  0.216928  1.544019       7.173570    725.876038  -31.674356   7.129219  3.699891  118.547050
458  13.147284  25.742947   32.134365  0.232185  1.720735       6.960397    812.351562  168.303482   9.025985  2.554739  202.083252
459   5.235791  29.584520   54.270966  0.279959  2.439651       5.577264   1626.011353  239.644135  10.905026  3.161652  142.346329
460  -0.437515  31.486189   60.683434  0.309299  2.581411       6.070047   1018.669006  131.768097   7.683099  3.305973  199.270615
461  15.904291   4.658404   35.427120  0.339744  2.508608       7.139292    877.195801   48.604347   9.539532  2.543790   94.329445
462   2.673503  19.470825   44.317295  0.312082  3.469668       5.766592    903.674561   15.991297   8.667438  2.614167  169.803482
463  21.453611  38.217953   27.033918  0.336126  2.098060       5.277904   1745.747681   99.856888   9.149080  2.695153  212.743240
464 -19.219418  40.065102   72.767204  0.334265  2.487526       8.145550    850.949707  199.008316  10.364370  2.296450   85.573692
465  -2.658435  23.145319   74.741119  0.232499  1.887062       8.134440    806.092468  240.717789   9.102388  3.059121  120.832344
466  -4.322828  32.920456   68.699783  0.245301  1.862726       7.772575   1062.350708  223.675262  15.108198  3.723156  131.246368
467 -47.004879  35.938850  105.825890  0.277683  3.845303       7.951666   1768.924805  140.148148   5.310324  3.671600  104.996445
468   0.430377  28.590025   55.129704  0.268529  2.878043       5.693216    789.981201   81.800980   8.302175  3.967979  262.663574
469  -6.046009  21.168024   44.181236  0.295281  2.741396       5.957184   1075.480347   27.259354   7.938215  3.797646  174.914871
470 -11.326631  46.089615   78.974411  0.329691  2.032010       7.635768   1125.558105  114.912750   7.161438  3.130692  275.067139
471  31.730198  42.149246   40.520382  0.307862  1.707998       6.220295   1253.208008  236.436386   7.471630  0.727680  155.536301
472   8.552129  21.772324   28.058462  0.334940  1.652990       7.360264    711.898865  122.616302  12.590948  3.261183  247.421432
473  -9.657294  15.079756   74.804077  0.283068  1.362748       5.352155    808.401306  133.165878  13.893696  1.636374  100.471619
474  19.894283  20.126747   33.968903  0.307322  1.038873       6.748367    995.052002  100.647270   7.029979  3.888094  232.256943
475  24.494719  34.496132   29.148232  0.327983  2.084736       8.971266    810.529236  181.199509   7.578699  3.438941  304.119171
476   6.712865  40.930584   39.126053  0.335156  2.830871       5.958317   1439.660156  139.870285   7.993738  3.899151  200.992722
477  -5.978143  28.905262   66.232704  0.287829  3.072748       6.133354   1736.797363  174.517914  10.393207  3.760928  101.832703
478 -18.174887   0.220484   31.775740  0.244458  1.551731       5.451908   1332.934204  -36.359985   6.353755  3.503329  171.827820
479 -12.880698  41.117405   72.846252  0.337346  1.977012       5.068502   1768.218750  191.475464  10.877584  2.771215  144.938248
480   8.633155  48.520432   39.154018  0.330553  3.051506       6.958421   1566.294434  186.733170   5.797670  3.498930  205.473541
481  23.274267  31.638931   37.730850  0.263703  1.115520       6.644845   1569.598877  213.226074  15.142294  1.998895  111.102898
482   1.836226   4.561810   53.639088  0.243155  1.202694       6.925984   1254.361450   44.660835   8.649184  3.891684   56.394157
483   6.947446  24.141047   52.926971  0.244449  1.164755       5.206130   1551.894287  176.889496  16.488684  3.433831  126.000984
484  13.176708   4.095018   42.569862  0.246983  1.717120       6.427433    980.108398  114.423149   5.523181  3.385071  177.488846
485   7.451116  15.063042   51.141720  0.319759  3.350074       5.308279    778.313721  173.496094   6.786627  2.803439  263.015503
486  -3.906779  48.081505   65.115639  0.313273  2.315012       7.183184   1229.313843  185.249619  10.804262  1.207476  111.673920
487  31.741501  -0.196195   36.319134  0.262148  2.311349       5.899380    762.242981  -88.692162  10.018112  2.892390  287.361511
488 -16.099470  27.947229   75.633827  0.279602  3.314945       5.179782   1808.861084   62.091919   8.790993  3.988235  131.651535
489  17.721176  20.617928   26.238356  0.254924  1.643099       6.723634    794.737305  111.148354   5.785344  3.304526  234.919754
490  -8.925640  25.936638   68.961403  0.317382  1.465434       6.977695    962.513611   53.435005  12.414429  2.702575  101.537849
491  28.593157   0.475397   43.504078  0.278304  3.248336       7.336318    744.123169 -241.839752   5.680152  3.155594  105.208900
492  -3.184280  16.108526   48.608677  0.237675  2.200091       6.001132    751.002625  223.493942   6.135804  2.469637  157.831039
493   4.089589  26.754658   45.732628  0.283651  3.486579       5.755561   1267.135742  -67.303818   5.466630  2.994479  147.095795
494 -14.164774  37.472672   80.828537  0.323936  2.538953       5.096136   1493.830078   77.988869   6.088815  2.911802  142.769714
495 -11.100684  33.560555   66.081619  0.289142  2.151405       7.072276   1078.053467  137.126404   9.193319  2.456578   79.758759
496   1.221617  35.340717   50.140224  0.306618  1.898762       5.304368   1788.403320  180.483200  12.511907  3.814528  197.027313
497 -15.278874  41.668900   71.253975  0.278144  3.172954       5.947317   1330.588501  221.753342  10.350935  2.628355  114.056122
498  13.628132   3.813880   34.901482  0.308775  2.957910       5.152378    902.428467  -36.108894   7.594655  2.558685  257.503571
499   1.952683  30.728004   58.203087  0.239335  3.989806       5.791878   1533.153320   54.534294   6.472083  3.714939  178.423126
500  -0.218121 -28.566212   58.388008  0.298878  1.010302       7.632791    768.763428   49.331249   8.608330  2.332644  214.804230
501  24.623894  42.084274   45.290936  0.318038  1.365916       7.247904   1195.989746  205.736908  12.743355  1.364083  130.117767
502   8.431471  35.939480   35.710003  0.325866  2.653932       5.454053    739.956055  129.408844   9.277122  2.773873  405.396729
503  20.824396  24.802292   65.544807  0.266272  2.054694       5.603400   1042.719482  -30.917439   7.320357  1.636695  141.994797
504  -5.968871  43.885551   74.113731  0.295256  1.765954      11.922878    715.994202  165.098862  10.096821  1.865353   81.503181
505  14.924541  37.688488   50.269356  0.304679  1.185293      10.421023    731.525879  225.266953   8.152450  3.401161  184.516861
506  -1.863403  11.855558   45.244720  0.300580  2.111022       5.805451    802.661438   21.399784   6.240166  2.648288  235.564545
507 -13.263783  33.992756   68.043076  0.213390  3.241702       5.815961   1192.008667  209.542755   9.123549  3.715265  155.477493
508  10.588716 -30.885130   97.648514  0.273976  1.589515       5.617672   1278.414917  225.262619   8.619624  3.467450  209.246124
509   2.837629 -18.402655   85.445724  0.281928  1.547554       5.046732   1483.202759  187.924179   9.830370  3.102136  125.748459
510 -14.533715   9.566286   35.236446  0.260166  2.627141       5.760252    971.109131   67.406044   7.575326  3.340311  125.582932
511  -9.977788  21.747435   65.654884  0.310230  3.133309       5.287658    744.294678  120.988594  10.977941  3.536690  291.703888