           lon        lat         inc      D1AU     delta  launch radius  launch speed    t factor       B1AU     gamma         vsw
0     8.816477 -23.117990   84.197578  0.107758  3.635740      19.029879    962.859741 -149.023102  11.745497  1.799625  414.761169
1    16.667253 -37.689938  103.749306  0.151853  2.455688      12.937816    591.054810  203.094543  17.915092  0.800260  570.139771
2   -20.671911 -10.147207   80.707825  0.195813  4.219178      12.798806    868.627808  -51.782391  16.084600  1.937656  403.812805
3    -7.736448 -30.098772   94.779053  0.149686  3.927289      28.666599   1498.070923  166.448349  18.126522  1.659975  390.015503
4     8.270303 -25.259575   81.358658  0.181825  4.463690      25.729630    722.165466  -97.327271  19.073833  1.870574  401.251953
5     0.777397 -22.500376   90.874611  0.135050  1.015684      24.686039    848.540039  -11.007985  15.042779  1.466451  390.162109
6     1.664994 -22.316080   93.397621  0.086237  3.639691      12.511371   1255.046875  103.769501  13.693515  0.973529  375.772095
7     0.049523 -29.755253  113.549194  0.124605  3.354342      19.239529    697.662109  201.237320  18.317274  0.411310  361.222656
8     3.869797 -28.166443   77.565094  0.074628  4.393575      16.976927    910.063477 -102.960983  17.314287  0.607599  363.922058
9    -3.125284 -36.748043   94.812492  0.154420  2.058672      17.512938   1079.090210  172.507050  20.887571  1.331033  455.187134
10   14.139773 -31.255463   98.113190  0.160908  2.697290      23.750755    706.997559  131.711105  15.628469  1.617547  459.500183
11   -8.214445 -34.489555   81.238327  0.083495  4.960026      17.433167   1152.831665  116.317497  18.084713  1.811443  458.445557
12  -15.924380 -20.785355  104.464684  0.173840  3.889271      27.193750   1045.376831  164.164566  21.541464  1.033764  344.312866
13    2.704239 -27.137878   96.197792  0.071437  3.061207      20.458410    743.835693   29.337175  18.092993  1.026596  404.303223
14   -4.023009 -38.109047   88.173004  0.142958  1.229013      10.537105   1114.889771 -202.979324  13.914772  1.089607  471.199280
15  -18.359064 -22.054659  100.648575  0.241710  3.405343      24.951916    519.971252  169.137512  15.009218  0.463075  362.684021
16   -3.611695 -21.521177   89.881523  0.072695  4.435676      29.791956   1247.943604  211.436600  14.680412  1.142909  342.040497
17    8.125060 -31.364056  111.711052  0.077835  1.376449      23.697506    670.266296  134.726608  18.538471  1.044458  428.378296
18    0.847365 -26.665623   96.682114  0.160978  3.939017      23.360559    621.387939   73.867699  16.775806  0.738022  392.881561
19    4.667462 -32.612961  112.108215  0.218046  1.021635      29.511488   1100.804688  -19.137053  16.086079  0.773740  384.906708
20    7.519895 -24.770382  138.279663  0.184570  2.061492      10.937424    850.577637  247.596588  21.465469  0.731584  398.195221
21    7.822233 -23.061485   87.309250  0.150543  4.364813      16.775501    948.056946    1.228759  17.911039  0.807922  363.013336
22   -8.481686 -26.844673   86.140854  0.093457  3.780343      19.376820   1009.283020  199.781998  15.946516  1.590311  417.344849
23    3.680298 -37.374451   97.768280  0.096696  4.831257      14.186858    588.349426  113.827873  17.251570  1.678365  516.153809
24  -10.610926 -29.841656   77.086845  0.113626  4.846710      22.484161   1130.395020   56.489059  16.680468  1.759571  423.564301
25    9.046185 -37.531776  101.474472  0.129316  2.197510      15.992064   1000.030334   76.651253  16.057638  1.526541  474.430939
26   18.748669 -43.895641  114.121559  0.127715  4.386549      24.117245    874.460510  235.847305  17.253283  1.808421  538.948486
27   -1.562847 -27.713287   93.865845  0.122226  2.458394      13.424477    619.764832  -20.614656  17.915916  1.066887  441.531952
28    0.594939 -24.422937  106.349236  0.133151  4.742364      24.863043    519.683289  161.749527  13.731119  1.001938  413.768982
29   -7.128316 -22.276699   87.353500  0.186904  2.785461      13.210928   1061.369141 -160.332138  14.983759  1.864045  422.309204
30   -8.192671 -24.085646   90.012886  0.122033  2.478793      29.454987    880.522644   89.339172  17.552992  0.471626  314.203491
31   -4.719555 -32.305847   85.631439  0.138572  4.358944      16.864796    637.568054  -38.377605  13.229400  1.018249  445.562897
32   10.510424 -33.732174  101.138565  0.101209  2.032157      11.063783    654.215576  170.305573  16.545134  0.450683  454.651581
33   11.498173 -41.952850   95.105270  0.102147  3.944874      11.788888    673.420898  -65.773041  13.412590  0.523070  506.479797
34    0.492772 -30.716875   84.687057  0.090498  3.407942      19.730312    606.890564   31.542809  16.526064  1.220771  441.919037
35    8.076955 -30.560747  104.402664  0.170490  2.773231      20.904049    878.664856  152.354919  17.263258  1.760630  439.648743
36  -11.502003 -37.275223   81.279274  0.104724  3.821670      10.640800    891.084351 -174.233826  16.604876  1.401319  490.717987
37   13.501019 -35.544846   90.021698  0.172227  3.972719      17.369919    613.652283 -141.362015  16.405054  1.139488  475.046387
38    3.704073 -20.635710   98.424576  0.113452  3.918036      12.393983   1165.874268  113.418633  17.491316  1.685010  408.368683
39  -13.231564 -24.149040   96.768822  0.149407  3.857956      18.322449   1121.608154   96.701576  17.637018  1.809183  409.705658
40   12.403570 -40.735241  106.184929  0.156402  2.854692      12.183307   1246.291626  197.347244  14.533868  0.496513  405.187103
41    7.819719 -23.927296   98.211662  0.067944  3.945987      16.592129    925.449768 -100.814384  21.426661  1.348407  410.558990
42   -2.475033 -37.803345  110.323990  0.200490  3.190705      28.923117    962.138611  157.760010  19.456352  1.343729  422.324463
43    9.897993 -24.375280  109.138596  0.165690  4.552004      15.237010    652.281555  157.967865  10.905044  1.734498  444.525726
44   26.773342 -21.735453  134.693741  0.143431  3.434668      14.556911    715.029724  193.166885  16.677130  0.601561  436.005920
45    9.441298 -30.495893   96.926971  0.068975  4.640345      20.432043   1187.615112  210.637329  16.813267  1.201968  405.299103
46   -2.197587 -40.391453   89.372391  0.125208  4.967777      26.218147   1159.254395   56.147888  14.378434  1.756060  465.099121
47    3.024743 -24.676386  107.242813  0.144165  4.217875      22.047676    699.255554  114.637489  17.364912  1.244300  403.354828
48   -8.478748 -42.024284   77.912628  0.168163  4.074775      20.647274    920.473999  -96.841980  10.246071  1.783110  504.146667
49   11.023563 -41.602985  100.863739  0.054352  4.218913      14.978704    807.944885  171.255219  18.757809  1.265431  514.746094
50   25.227007 -34.911816  117.885010  0.112230  4.318517      18.165380    622.214905  161.745377  12.987005  0.205082  453.791260
51  -11.304074 -24.452456   83.998665  0.147043  3.760526      16.590509   1393.589844  219.543320  11.904607  1.678906  409.516602
52   -5.668558 -31.660332   85.885246  0.075123  2.868016      29.208887   1364.314819  148.799332  18.884920  1.386761  397.349548
53    4.186341 -43.034042   95.905281  0.073351  1.397623      17.171963   1170.729736  153.498215  17.362835  1.675206  503.938873
54  -10.812961 -30.241070   96.814552  0.121334  4.642607      17.904020   1334.986694   64.564552  12.476078  1.906873  427.288177
55   -8.407240 -37.834320   79.077400  0.121884  4.970666      24.552816   1267.172607 -200.699356  14.414298  1.154904  428.296844
56    8.571651 -38.071438  108.167854  0.052682  2.542474      11.267482    723.279785  119.943260  17.392748  0.577333  460.525696
57   -9.234805 -31.951086   81.384666  0.122659  2.934624      11.160833   1250.131836   52.931572  15.175324  1.159893  433.288971
58   -3.691565 -31.658077   96.793198  0.127018  3.601758      11.767974   1388.863770  129.937759  16.605488  1.186221  417.672089
59   15.462729 -20.066406  101.871796  0.149576  4.660062      20.409748   1228.329102  146.987183  16.852983  1.562379  388.572449
60  -11.312845 -28.882885   83.676231  0.153549  4.370848      16.400097   1309.298340    9.256063  14.844931  1.161193  398.960449
61   -0.084517 -37.780090   89.623550  0.107574  3.919993      19.196085   1118.509033   51.322594  16.410601  1.158260  438.966492
62    2.408042 -31.990969   96.084938  0.119159  3.411496      28.804153    752.202148  192.425507  17.714876  1.304388  411.403412
63    0.691530 -37.828400   85.671555  0.119680  3.769569      29.378355   1479.113403  -43.684586  19.201340  1.113721  399.402832
64   14.020684 -20.854733  117.966087  0.170752  2.562937      10.811159    654.488831  249.502945  19.504341  1.653195  452.010925
65   -4.056154 -36.414997   96.821182  0.132331  2.582720      14.861338   1004.320129  101.395470  17.858957  1.348712  469.418335
66   -6.179692 -38.928646   91.944344  0.103938  3.500823      16.068966    623.978760  -23.892168  17.961580  0.353900  462.466705
67  -16.057051 -15.721751   96.180679  0.175569  3.511173      18.567167   1255.382202  241.225327  16.594360  1.005289  354.123077
68   17.054703 -24.489153  118.687935  0.187648  1.669920      25.973976   1071.038452   81.380753  15.960417  1.383781  415.365509
69    9.911384 -27.008469  105.495750  0.082562  3.881955      26.036438   1032.687256  -52.543633  16.804611  1.421092  398.796967
70  -10.684991 -24.588896   91.256897  0.154315  2.614055      25.228548    841.027161   79.394218  18.025352  0.603466  357.323669
71  -21.418495 -26.278458  104.315575  0.229870  4.463745      10.844735   1294.340698  229.775772  13.394652  1.679016  391.159973
72    9.733480 -28.494392  120.104309  0.151315  3.214416      19.484447    863.618164  244.251114  16.374846  0.438703  339.668457
73   22.049953 -31.951372  126.118782  0.151819  3.087600      17.863211   1490.033081  184.476318  12.680866  1.830027  471.198151
74    1.413604 -23.958509   76.470215  0.149096  3.006348      26.380653    563.474487 -186.369476  18.267179  1.651305  414.701355
75   15.627241 -30.210703  112.094727  0.128741  2.422151      23.087914    869.165771  127.585426  13.912359  1.784665  452.889069
76  -21.290768 -42.242798   63.592525  0.209729  1.447203      25.766541    702.953796 -110.355995  15.602117  1.884977  560.566772
77   30.801569 -25.770815  127.401405  0.151624  4.992827      10.004216    587.218872  166.072449  13.863608  1.435908  529.742859
78   -2.186626 -41.467651   94.186737  0.091435  2.712491      27.135336    670.023071  154.215240  18.053463  1.529297  496.092773
79    6.917146 -40.606205   91.885994  0.188216  1.858329      16.216934    796.523010  -94.799675  13.392116  0.790553  479.883209
80   16.530216 -43.990734   93.384712  0.152967  3.832028      17.825994    935.081543  171.530136  14.957715  1.905887  552.450623
81   22.520849 -18.835384  131.999527  0.180942  2.977037      24.762297   1160.856812  217.801743  18.668045  1.314721  398.599365
82  -11.018298 -30.180758   75.380913  0.172272  4.296825      14.394170    860.018799 -171.518082  17.478008  1.744993  454.066528
83    2.878076 -32.034351   82.068039  0.156107  2.973241      28.682663   1126.295898   -5.419435  19.379747  1.434625  400.469177
84    0.635110 -24.524294  105.278816  0.073627  4.885847      27.027340   1074.045898  198.551880  18.090948  1.586190  384.429657
85   24.417082 -37.094437  124.457901  0.152932  2.860863      21.390818    972.384521  203.628616  17.823816  0.681556  457.677246
86    7.410009 -30.385941   92.775047  0.132655  1.888232      29.913565   1468.056763   49.454487  16.812263  1.147989  381.860809
87    4.098444 -35.668755  119.999283  0.199290  3.675777      15.455023    662.849304  240.788483  17.615641  1.855806  477.448242
88    5.548595 -41.791882  115.167061  0.173896  3.392149      18.012051   1377.765259  190.548996  13.585330  0.888245  436.261963
89  -10.466082 -12.168812   91.896286  0.206721  2.040151      27.515453   1044.517944  126.258392  13.617079  0.400899  253.975311
90   12.931338 -23.348806   83.249641  0.186284  2.741251      25.485178    880.563477  -53.266869  15.512528  0.670060  352.579651
91  -11.235041 -29.145035  100.237999  0.138680  3.993870      24.115072   1158.908569  248.285507  19.116915  1.300530  394.526306
92    5.006084 -21.973930  110.159630  0.104461  1.694771      12.292104   1319.334229  171.631409  16.585691  1.203455  388.957458
93    4.816568 -38.546715   91.447342  0.099588  3.020015      19.195368    910.424255  181.565781  18.425934  0.875704  440.358826
94    7.230197 -25.254259  100.407875  0.098897  4.966763      17.617926    863.749268  199.454254  17.553085  0.948181  389.093384
95    1.609287 -23.896759  110.557747  0.163017  3.531219      14.745826    812.694397  241.161652  18.480785  1.073211  403.705048
96  -12.385675 -26.881418   81.299667  0.142789  3.991189      12.132387   1296.576660   33.507763  13.069692  0.872120  381.930054
97  -11.998158 -31.843519   90.357513  0.143170  4.513153      14.100204    904.311340  110.006081  19.626320  0.673639  392.333679
98  -13.667636 -24.202023   67.958702  0.107676  4.352918      11.070441   1047.160522  -24.022287  17.412697  1.452312  432.037201
99  -23.467113 -16.979221   72.053429  0.297740  2.193961      21.103113   1300.202393    5.995175  13.923759  1.916208  434.842316
100   7.087856 -22.697407   71.685127  0.123186  4.082830      14.956431    627.131714 -116.932182  18.970137  1.380122  424.041626
101 -15.932504 -29.873207   71.774574  0.155169  3.776552      20.059755    538.897766 -180.075699  17.801474  1.963827  485.798065
102  -9.813926 -22.568007   89.107246  0.128274  2.647549      23.819519    595.920776   99.055786  14.908586  1.795915  440.869141
103  -2.573689 -43.352722   85.337387  0.089597  3.157342      21.936142   1159.291504   89.422234  15.728412  0.809002  443.670288
104 -13.811108 -19.633146   70.235123  0.111888  2.962455      18.219238   1321.960449  172.132858  18.666094  1.972383  422.708496
105  -1.551214 -34.146084   91.951714  0.154839  4.104711      17.852789    680.372192  -21.787766  16.526007  1.678080  464.806396
106 -16.835953 -32.695011   93.431244  0.179667  3.785051      11.285611    576.790466   60.618069  16.995726  1.541542  499.032318
107  14.655554 -26.968262  112.225197  0.120486  3.403833      24.147814   1198.913208  186.115906  16.911388  1.114670  390.130951
108  -8.416435 -36.152557   91.859428  0.207963  2.190361      27.625332   1347.627075   60.914371  14.783801  1.910403  447.963501
109 -11.854235 -25.810736  116.610443  0.193454  4.132462      17.893166    774.043335  248.603806  20.662077  1.115725  380.560547
110  -5.523263 -23.058750   85.304367  0.085481  2.046953      16.325041    972.941406  127.432762  18.802122  0.315728  276.871979
111  20.049852 -21.689344  103.463387  0.184231  4.089545      11.029779    500.328705  111.030060  17.305986  1.484649  486.883728
112   8.974187 -27.102745   88.391853  0.093513  4.396226      18.327948    618.428772  130.951447  15.906015  0.471299  384.391541
113   3.743723 -20.463310  103.520645  0.086021  3.610574      22.077078   1226.979614  -32.497318  14.535423  1.424286  376.238190
114 -15.190317 -23.590099   93.216103  0.175091  4.007473      24.752375   1288.931885  199.645630  18.930712  1.315328  362.836060
115 -11.919004 -31.052759   93.422562  0.148375  4.094144      13.810553   1413.290894  -16.838018  17.144684  1.151131  407.052032
116  17.357803 -31.768677   97.220474  0.136716  3.804909      16.847103   1050.971069  169.328339  17.776878  0.879219  424.086609
117 -38.982460 -11.998537   63.922207  0.264348  4.762115      27.437876    962.068787  -94.767189  13.908133  1.983555  379.207611
118  13.912933 -37.786835  107.235840  0.145706  1.849339      22.032862   1468.376465   85.200966  17.506847  1.263075  455.130890
119   5.431461 -28.817406   88.913467  0.091863  3.380439      22.158356   1028.787476   29.338274  16.781490  1.052974  391.970612
120  -6.762499 -25.558601   91.246826  0.115482  4.784465      13.329153    972.334656   66.405327  14.825105  0.325653  283.443970
121   4.712267 -33.455349   82.425758  0.139589  4.930815      22.909321    871.363892 -166.059845  16.640093  1.573487  431.005859
122  16.034330 -27.772825   99.188774  0.159985  4.327589      28.863487    962.612488  135.248703  13.869252  0.804195  356.005585
123  -7.919232 -19.381428   88.869926  0.156436  4.277385      25.130669    897.824097   -3.570461  17.126032  0.919910  345.841156
124  -4.580861 -28.273502   92.519821  0.155567  4.596004      25.340826    676.548767   74.160019  11.943547  1.867109  422.046814
125  14.777884 -43.725254  104.569298  0.152293  3.097355      22.825811    917.081543  132.695160  14.486733  1.721565  526.383545
126   8.522410 -36.434834  105.520142  0.112959  2.215766      20.722786    923.682922  207.037613  19.672251  1.446469  455.994507
127  20.829718 -29.711224  103.373817  0.139596  4.872705      11.629153    993.653137  161.157166  17.207365  1.215163  444.048279
128  -4.466694 -20.837801   90.325630  0.078036  2.658120      23.127453   1166.615967  -57.244217  14.745106  0.595020  308.823181
129   7.145680 -41.221390   95.450226  0.126549  1.636565      14.716500   1352.555664  135.264328  16.189520  1.639500  501.425079
130   3.165300 -34.497047   89.156410  0.093296  2.931842      29.945738    745.522888   50.412220  16.739454  0.380082  340.972290
131   0.681184 -35.132420   71.051361  0.196557  2.476007      23.055134    976.348694  -44.385139  17.318544  1.107473  423.064911
132   0.999160 -22.153250   95.905617  0.081120  1.946966      27.262440   1308.907227  215.651184  17.472942  0.870933  325.765411
133   8.511816 -38.949066   88.318657  0.117608  3.154462      19.267775    772.506897  -25.591862  13.793592  0.977948  481.123322
134   3.144056 -17.050465   98.378326  0.111103  4.311592      22.635189   1268.940308  147.124039  16.705626  0.783460  317.160492
135   9.381001 -31.472591  111.929428  0.165313  3.776803      21.344095    519.473938  146.356308  13.834940  0.956707  469.759247
136   3.005364 -33.812305  108.141151  0.152874  3.382461      24.755669    856.903137  242.971695  16.869612  1.063995  413.227722
137  -7.472052 -23.798405  107.911491  0.131957  3.710768      28.688879   1279.483276  241.843094  18.513023  0.703470  303.619751
138  -4.981735 -13.269155   95.851974  0.060279  4.022173      24.313576    848.827332  190.004349  15.659566  0.259730  217.705780
139   4.051223 -31.486553  107.224754  0.167463  2.462806      17.297346    556.575928  167.485229  16.342806  1.251634  471.754211
140  -0.076612 -27.984304   97.605988  0.103667  1.425871      19.647688   1025.479248   71.770546  16.871363  1.488441  417.702240
141  -5.420289 -26.983274   93.671730  0.119606  3.256161      15.628819    616.021423  -64.825363  15.605259  0.867431  425.031982
142  14.142650 -33.985188  111.295021  0.056929  4.669580      14.273041    680.177856   88.454132  16.997711  0.382596  421.894226
143 -12.213044 -30.373819   84.014114  0.138532  3.043998      18.585333    697.668457  135.462830  16.813726  1.057144  444.816803
144   3.510276 -33.463776   94.612305  0.098590  3.248777      22.505695    540.113831  147.735626  16.817822  1.747643  479.652405
145 -20.553831 -15.026046   67.173653  0.141403  4.181916      21.415676    896.231323  -52.729630  17.970638  0.497715  318.542114
146 -16.093443 -28.367834   76.584496  0.155088  3.725180      15.805664   1474.974365 -158.854874  15.564637  1.957466  441.375854
147  11.446141 -33.838863  115.603828  0.114254  1.880857      13.222361   1059.612061  231.826477  18.883236  0.821732  420.453217
148  -9.891439 -32.802498   78.028893  0.176008  4.375331      26.482698    500.599365  -31.945105  15.635459  0.708943  476.517883
149  24.123520 -28.843752  108.582031  0.130538  4.698905      29.302031    522.660706  143.493484  18.172216  0.900475  460.889587
150  -9.975783 -22.681360  100.423080  0.127576  3.768371      17.440613    630.962402  169.219879  16.373585  1.550672  428.283936
151  -1.715518  -7.651307   86.547577  0.079786  2.778220      17.553947   1297.851196   -0.538223  15.021358  1.070821  349.757568
152 -15.635673 -17.296089  119.551353  0.230170  2.804258      19.201385   1272.361572  228.884354  19.980057  1.664286  392.836853
153   2.857162 -32.198616  103.088608  0.151783  4.789916      23.997578    730.226318  226.330917  18.112076  0.799891  400.114349
154   2.328676 -39.090740   97.394455  0.167199  4.440788      15.414742    678.101318   90.893097  15.479586  0.760850  475.833221
155   4.689612 -25.868095   92.120918  0.065878  2.462342      29.839115    842.151001  189.768768  16.117800  0.725045  350.489929
156 -16.395037 -24.027752  117.013626  0.279342  2.674619      12.192861    807.008728   70.304977  13.845885  1.299469  421.865479
157 -18.440655 -26.676582   75.284119  0.221743  2.907684      13.024448    554.946655  -51.377728  17.779100  1.816631  488.167847
158  -2.752508 -36.225559   99.377800  0.096913  4.264105      19.088593    869.264465   52.928097  15.666049  0.445904  374.222931
159   2.088261 -33.884819  104.557556  0.183179  3.049864      11.452149    975.958862  203.265564  15.618909  1.351356  454.499756
160  -3.723702 -32.302227  103.229675  0.147688  4.619576      10.552844    738.265564  111.366249  17.321432  0.672852  414.443390
161 -10.901773 -10.750917  101.896530  0.154998  2.601548      23.152607   1020.904053  104.720840  16.872047  1.094909  364.140533
162  -0.400111 -25.791672   93.195953  0.118334  3.521991      17.060127   1487.060547  219.919678  16.405718  0.416454  261.971222
163   2.144404 -26.870962  105.216309  0.092246  3.714063      10.699543    711.754639  132.871979  18.985888  0.865538  423.829834
164  -0.039966 -28.531610   99.440437  0.148796  1.152856      18.136625   1150.508667   96.408157  19.996956  1.128478  409.712891
165  -4.256335 -30.252359   94.330330  0.162320  3.896735      15.834665    541.028137  -56.361179  14.396410  0.591944  451.547852
166   2.245885 -18.982346   87.141228  0.080873  3.640642      13.599013   1416.843994   30.659258  20.609613  1.021859  364.088867
167 -22.321280 -46.926880   74.900513  0.236783  2.299720      10.892307   1403.373169 -145.021744  13.537744  1.360753  605.209290
168  12.957020 -27.573418  110.377556  0.180991  3.708195      15.956144    520.694580  114.022041  19.734554  0.945130  471.225342
169   4.183318 -31.599049   89.214394  0.093793  3.951533      22.770990    626.326233  -60.899094  16.177460  0.807360  419.065796
170  22.988264 -45.612644  111.112854  0.117987  4.358897      25.375042    834.347290 -172.896805  13.026417  1.966717  578.744263
171   3.144013 -39.359749   77.663460  0.117170  4.296170      16.846767   1219.525757  -95.238464  17.539202  0.677872  406.047607
172  -1.901306 -33.464268   93.789597  0.135321  1.349962      14.577971    827.755310   35.173309  15.926818  1.563657  469.462524
173  -1.848027 -31.314083   95.089142  0.117366  3.056196      26.226496   1122.125366   51.202747  16.382465  1.351434  403.144470
174  -7.142791 -22.847851   83.666420  0.130478  4.120435      24.964621    573.523071  188.381149  12.458616  1.183416  405.958679
175 -12.072153 -21.949190   82.782707  0.131543  3.730485      15.318696    672.858765  175.403137  12.784879  1.898290  437.437927
176   8.705132 -30.295218   98.349388  0.078390  2.755825      19.668585   1082.848755  -46.190426  15.572640  0.485015  336.786469
177  -2.738743 -26.708323   76.597000  0.145067  3.285478      19.448030    582.740540 -169.076706  16.534349  0.751063  410.726715
178   5.873129 -25.116837  102.239899  0.135960  3.225893      20.058603    784.493286  249.414490  19.753475  1.360609  408.962311
179   9.253873 -35.036392  107.923355  0.133979  2.503237      17.603045    950.520264   96.772591  16.805691  1.219988  448.178040
180 -15.520248 -36.841885   70.641335  0.174610  1.516528      20.560820   1206.432495   68.375633  13.440338  0.633986  413.549927
181   1.469530 -16.082193   99.505135  0.096543  3.222129      23.442772   1356.559082   72.960922  21.570066  1.042993  337.295593
182  10.615608 -19.940195   84.796906  0.099617  4.878555      21.313770   1118.539307  188.958694  14.208400  0.671416  317.321777
183 -13.103236 -14.728078   99.980614  0.212124  2.191082      14.168287   1001.785767  157.378479  22.388622  1.233235  413.570160
184  18.527889 -37.822472  107.024918  0.174927  3.461848      26.000132    540.360901   44.045799  13.830301  0.820591  551.994568
185  10.143294 -26.858713  118.949547  0.144463  1.373282      21.482628    771.944885  212.002167  18.768381  1.523985  425.950378
186  -4.261561 -22.417660   96.397957  0.129695  1.936895      21.519724    709.285400  208.538345  18.909124  0.962422  395.036194
187  -7.483812 -40.414738   71.687737  0.132821  3.561312      12.639410    584.191650 -140.072220  12.318424  1.394699  544.640808
188  -8.336057 -25.431141   95.913765  0.100399  4.218911      10.286397    697.081360  212.939850  20.346470  1.156075  436.661896
189  -4.270615 -37.281620  104.401527  0.142011  4.516986      13.369610    740.206665  178.574326  16.972906  1.847058  484.779846
190   6.835193 -31.923641  102.140717  0.077115  1.685912      23.705212    758.478333  143.474487  18.718206  1.837811  443.588684
191   8.967610 -26.051435   88.123970  0.149795  4.331338      19.617037    628.005859   53.283989  12.059096  1.123920  412.690430
192 -11.692312 -10.728103  103.159744  0.226112  2.204863      11.776090    712.730408  169.827698  22.353876  0.996899  407.878296
193   8.126154 -32.555279   91.510887  0.153176  4.562912      17.456318   1203.972290  -32.752960  16.094402  0.954512  396.947968
194   4.027912 -36.329620  103.622299  0.057236  3.817143      22.597008   1268.234619  148.910934  19.985956  1.210377  423.902954
195 -11.155825 -31.254816   92.128174  0.124831  4.893503      22.768221   1201.433472   91.620178  13.709761  1.166620  389.872650
196 -13.600945 -42.575489   86.741737  0.168976  3.114152      20.950727    977.694824  -85.717285  15.877780  0.719930  464.121735
197   3.743150 -33.325054   99.079948  0.077175  2.016551      20.921478   1203.284180  159.986664  16.773201  0.733430  372.922516
198  15.301904 -37.868782  113.083672  0.092240  1.704562      11.460002    993.543762 -143.877228  16.800652  1.081611  492.229462
199  11.187641 -27.978182  105.028145  0.131731  3.602251      15.426317   1012.335876   97.441803  16.685839  0.664645  373.356079
200  15.494338 -40.425282  107.777298  0.150864  2.355099      23.502085    822.704834   66.010147  11.588140  1.397001  502.436462
201  -0.155204 -27.888140   94.151237  0.142544  3.851541      22.566492   1435.649536  224.971893  18.018490  1.223795  378.927979
202  -7.699933 -20.910721   85.443649  0.156408  4.337433      26.957148    529.463928   72.383720  14.301711  1.208583  399.761841
203   4.559441 -31.817663   95.303741  0.119698  3.444756      21.722942   1130.151978   96.737808  17.917397  1.370571  412.712463
204  11.503300 -38.715958  108.298248  0.122060  3.273563      23.723242    556.237305  -38.812088  17.525774  0.611701  495.878967
205  -1.543298 -42.005863   98.573196  0.095316  4.867124      19.752718    779.835449  122.064972  17.880480  0.731830  465.421082
206  -7.436717 -25.058950   96.939651  0.116902  3.300774      19.262005   1250.723267  196.762314  15.806946  1.512441  401.352875
207  -4.281009 -45.106171   92.300903  0.114897  3.497453      21.987469    759.827515  114.818916  16.175865  0.529557  478.569336
208 -13.567716 -16.739302   78.026321  0.116060  4.362608      21.504644    864.969116  169.367371  18.928867  1.145144  377.921631
209   8.115156 -29.894863   96.362274  0.105618  2.950970      17.987446   1017.204041  -36.808895  18.374884  1.823967  442.585144
210   8.834709 -35.078053   90.811829  0.157620  2.231908      24.147949    526.826233   43.083988  16.065874  1.413316  526.485168
211  -3.650233 -44.354698   85.966675  0.121964  3.069542      23.886892    900.947632    9.905493  14.742172  0.817638  471.448273
212  -2.998853 -35.969593   96.322304  0.141363  3.191395      21.845030    970.886902  167.819595  17.263401  1.570609  451.052307
213  -8.182910 -25.373020   82.790680  0.084571  4.410042      28.254324    729.385620 -211.434189  16.526520  0.328672  292.809204
214   0.916406 -36.294247   95.572449  0.164472  4.731523      19.836670    638.254456   83.155479  15.043489  0.603695  435.211700
215 -10.788273 -30.532591  100.684113  0.131064  4.309508      23.751076    988.567688   81.366226  18.416645  1.360842  404.332428
216  11.441905 -29.898289   99.553688  0.130986  3.905636      11.636045    558.791992  204.240265  13.577927  0.829229  472.245239
217 -17.727283 -20.904062  101.881409  0.330889  1.966222      15.925371    522.687134   60.339424  17.832733  0.387347  461.868011
218   8.946740 -36.656681  110.531998  0.147808  1.926410      20.793814    780.099854  180.927353  16.075672  1.091978  451.914795
219   7.040779 -34.005932  104.342667  0.174717  4.194415      21.254120    513.293640  -27.286747  16.767294  1.036271  516.652466
220  11.040173 -23.600210  103.433762  0.211694  1.178520      29.518986    603.762695  -18.998070  15.361756  1.169272  432.802643
221  -8.149000 -17.745064   85.567902  0.168906  4.641620      24.678097    574.562256 -122.917709  15.881604  1.385681  395.869263
222  -5.145226 -22.119612   82.701706  0.119185  2.822541      14.488355    881.317993  100.649643  12.032225  1.853166  425.104584
223  12.304827 -26.506628   99.882698  0.125791  3.967038      13.062212    963.347290   75.404419  17.421360  1.318159  426.877930
224 -36.767128 -18.334158   62.353081  0.323795  2.984093      13.495812    795.958313  -41.636600  16.954706  0.961256  473.690918
225   5.728074 -28.330484   98.502975  0.148913  4.025855      17.424967   1125.803101  195.929962  14.024464  0.901339  382.353912
226 -22.147392 -30.484694   82.775719  0.202120  3.828578      24.729870    517.246155   18.102201  15.263207  1.765311  471.102905
227   9.528730 -23.251230   94.911980  0.130373  3.419871      27.181196    988.911865   13.936852  17.114098  0.795171  342.930298
228  -5.879773 -14.990987   94.030548  0.095036  3.080869      17.932795    970.155151  133.698212  18.816830  1.326255  385.868195
229 -12.258120 -12.973855   96.392395  0.135754  3.476446      23.127697   1463.374023   45.739086  19.910635  0.511969  260.238739
230 -10.212149 -31.826212   84.268188  0.073759  4.687218      16.745329    530.991089  240.923584  16.556282  1.328227  493.804993
231   0.732429 -28.108280   95.561829  0.065191  3.033783      23.669277   1295.407593  180.167313  20.552433  1.241811  383.908142
232  -6.822769 -40.142746   86.740341  0.116960  3.697261      10.824409   1404.388062 -192.277237  14.924677  0.758090  430.691101
233   6.513212 -29.852451   97.714600  0.141557  3.034510      16.959232   1426.527466  -39.064751  15.566096  0.417707  283.772339
234 -12.823825 -36.683277   73.204437  0.077091  3.372698      24.743780   1113.742432  203.103745  14.540702  1.917552  465.995667
235  14.018435 -45.297428   96.697090  0.137292  3.239631      14.356646   1080.702026  126.417282  16.357845  0.361318  428.559357
236   9.602333 -23.199694  106.632439  0.146652  3.846989      16.597733    702.348511   31.410780  15.878860  0.472678  357.502502
237   7.114797 -38.894814   93.473450  0.118377  2.454157      11.857269    854.238708   40.640213  14.955087  1.591471  509.708405
238  -9.951800 -27.351921   71.906822  0.149609  3.207008      26.992685    567.094482 -179.013458  13.291517  1.300928  427.961578
239 -13.787176 -22.607382   99.425034  0.171698  3.354064      17.624117    535.983337   43.374077  18.224274  1.516125  443.132812
240  11.154392 -42.432598   99.528549  0.111299  2.643250      21.390743    762.402283  104.569077  19.244707  1.894697  529.050842
241 -10.890456 -34.953938   94.751564  0.221023  2.934792      26.004736    621.053162   18.665598  14.255695  1.771265  461.175079
242  21.934217 -31.172735  122.766037  0.165739  2.330906      20.485630   1262.653320   92.127892  17.483006  1.515779  461.651367
243  10.131508 -36.155033   99.571602  0.097821  2.650165      23.390888    639.161316  218.282486  21.180559  1.391606  482.757568
244   4.014995 -38.191624   95.199585  0.153535  4.195775      14.273316   1452.716431  145.845016  14.077620  1.117991  443.152771
245   7.730824 -32.698875   98.080444  0.056123  3.652102      26.121817    522.879028   77.826637  23.721426  1.370959  466.283051
246  14.288343 -36.640316  113.117523  0.052230  2.129202      20.411863    645.046143   93.288284  17.397879  0.939309  482.416565
247  -1.474534 -33.931396   79.983063  0.167274  4.978254      10.791080    649.445984   74.338760  20.178181  1.852097  493.615540
248  -9.058641 -14.319412   77.117508  0.078973  3.625633      11.536492    939.766663   19.221790  18.510460  1.655605  418.986115
249  -4.497663 -32.793903   80.757721  0.173493  3.401375      14.791647    628.637268  -98.162712  15.182331  1.432527  469.989044
250  -9.609785 -41.981644   91.296783  0.111348  4.027932      27.177816   1072.367065   50.841995  17.374798  1.361499  472.563019
251 -10.015923 -18.906298   83.917732  0.131865  3.694604      18.403597    606.451111 -176.234482  15.684065  1.168302  409.487061
252   9.736561 -42.823414   89.824120  0.157925  3.202102      26.618107    613.047119  -56.540714  18.562502  0.235235  449.723785
253 -15.876179 -35.666077   76.353363  0.112448  3.945679      19.463051    767.704956  228.013306  22.242496  1.092402  471.020660
254  -0.871441 -30.654959   95.763016  0.098571  4.081296      15.777166    611.641968  227.408096  17.241869  1.568539  459.854980
255  -4.783787 -25.580875   91.154121  0.151306  1.929376      14.533234    987.552795   -6.393449  18.723814  1.623650  428.721222
256  20.249010 -26.374659  114.028572  0.193912  2.975613      28.836815   1396.795654  136.181137  13.984364  1.320015  392.652435
257  -2.243373 -27.978426   84.197792  0.165093  4.872910      19.504036    770.918152   60.237595  13.469192  1.479856  423.295380
258  19.171940 -28.485229  111.390724  0.110849  3.955142      24.387360    815.919556  143.279572  19.254524  1.483621  439.223633
259   1.716757 -26.020931   92.904190  0.068291  1.504437      16.622097    799.347351  -62.345844  13.352289  1.710918  431.602234
260  -4.540436 -20.358318   85.095192  0.157983  2.090386      11.405808   1001.766479  -66.046936  16.443520  1.082394  394.847382
261  10.840876 -40.560642  102.575089  0.099258  4.905615      17.624382    564.551575  230.779160  18.821747  0.968870  564.801636
262  -2.097969 -38.697067   77.396835  0.151505  3.834332      17.953262    781.595642 -169.431793  17.274195  0.330807  377.455566
263  15.430090 -44.710793  105.279488  0.210909  1.325761      18.614252    633.761841  141.256790  15.939281  0.856410  607.216736
264  -6.888372 -35.793209   83.578697  0.061866  3.784426      20.399439    956.439575  151.167587  16.653900  0.684301  399.721649
265  10.176000 -37.485378  109.726326  0.069847  3.105124      20.874836   1402.892944  195.644302  15.473407  1.844529  464.537506
266  -2.130029 -25.422029   92.717186  0.086191  4.895329      18.852112   1104.857544  239.472717  17.817453  0.794789  357.425201
267  -3.754650 -28.523523  113.470161  0.168879  3.617966      16.767153   1190.499023  237.599014  17.844463  1.874152  417.393127
268 -14.832223 -23.587725  105.007416  0.164299  4.110069      24.414261    563.502014   98.418022  16.074720  1.288706  405.798340
269  16.635260 -32.764805  111.547722  0.136815  3.137711      16.387503    699.761658  222.444000  15.922216  1.442844  483.074463
270  14.367665 -26.354532   99.614220  0.096718  4.972648      12.156161    917.714722  -32.103123  13.174645  1.039424  414.486938
271 -11.017111 -18.865744   89.900536  0.113772  4.126459      20.388247   1168.444092  236.457077  19.000854  0.420043  260.834503
272  17.222481 -16.435545  110.235352  0.174137  3.356216      27.514503    684.349426   50.592613  18.113146  0.983144  374.791626
273 -13.374494 -31.764637   91.337067  0.170936  3.471827      24.691507    902.540527  133.160278  14.672402  1.573087  429.701996
274  18.554398 -43.238625  104.768478  0.146343  4.267459      13.093678    770.634155   78.744377  16.710531  1.670243  558.775330
275  16.870115 -27.561331  110.461876  0.143281  3.935872      26.442858   1451.165283   56.814598  18.161894  1.992343  416.839264
276  13.947261 -45.627937  104.650452  0.076893  4.440642      17.454203    708.187622  239.891235  17.790627  1.022762  556.067627
277  -6.702053 -37.960133   88.949089  0.127292  4.349068      11.228597    686.357239  -49.193703  15.202845  1.481526  505.588348
278  19.860094 -35.068359  101.749214  0.159158  3.850966      24.110437   1010.030518   44.808167  13.005870  1.823166  464.308624
279 -16.793816 -37.749657   65.733513  0.064952  3.781797      20.565762   1487.091064 -236.260101  16.657436  1.453438  469.853729
280   0.298609 -22.030725   99.724960  0.082555  2.916103      22.580536   1029.250854   90.136024  22.534128  1.573325  389.812042
281   7.035305 -17.446070  107.175484  0.081662  3.751325      20.658733    659.192139   43.847324  15.143766  0.631767  361.687531
282  -3.563953 -25.307308   98.316650  0.127384  3.191443      22.272781    705.850952  227.876816  17.583807  1.700658  417.214752
283  -2.956665 -36.970833   86.157951  0.058439  3.549732      27.042784   1153.628052  171.984299  22.073229  1.547593  435.825989
284   8.893918 -34.009621   95.015480  0.109083  4.895315      22.663702    644.707397   32.789082  16.420036  0.956372  441.476990
285  -7.248679 -43.855492   90.139053  0.159126  4.291388      12.690682    650.538818 -165.637634  15.407212  0.971523  538.088196
286  18.509619 -34.026047  109.056511  0.177882  2.030146      27.077515   1481.332764  186.077591  19.508471  0.627776  376.314941
287 -30.632763 -21.866484   71.108322  0.269682  3.769816      18.896168   1036.450562  -51.431061  12.561502  1.239743  401.601501
288   5.132980 -23.194593   74.917305  0.131008  3.553112      14.433002   1028.826294 -238.763535  16.514011  1.557516  411.584198
289  17.697882 -40.254551  109.123192  0.169486  2.940717      12.425659   1085.164062   86.635155  14.293335  0.966125  488.951080
290 -14.844266 -28.432697   91.259583  0.143236  4.236736      10.086836   1484.932861  226.642319  18.215403  1.096055  405.292877
291   0.578570 -32.858822  111.332420  0.169051  2.623356      23.303240    764.851562  174.411758  15.664738  1.819739  445.999878
292   5.375905 -33.420036  106.963371  0.146530  1.729756      19.119768    724.145630  226.372360  19.298883  1.030125  443.350708
293  -3.202678 -20.443209   89.624161  0.078547  1.572719      16.413538   1470.902954  172.323593  16.963774  1.573873  398.890839
294 -18.356365 -17.963316  104.236427  0.191641  3.991751      17.366650    842.356873  212.518265  16.186525  0.745438  342.736145
295   3.503091 -43.091873   92.445221  0.157937  3.715291      11.001335    505.060974   15.902300  19.590714  1.711751  626.725281
296   1.852106 -32.891403   79.858917  0.133526  4.021038      23.145685    778.337097 -127.167274  16.631577  1.632001  437.886200
297   3.833810 -23.892838  103.700981  0.158693  2.590617      20.938808    600.476196  151.962311  16.329336  1.931216  429.607666
298 -11.811613 -18.130983   74.007568  0.146332  3.110304      26.187082    843.183411 -166.450851  15.104939  0.786762  346.411072
299 -20.466219 -32.124176   73.177376  0.176107  4.937788      28.457298   1453.467529 -128.400757  15.404457  1.497553  410.296509
300  12.454084 -42.735191  100.979576  0.112234  4.947374      29.053404   1138.853271  207.851349  16.366310  1.363911  474.447449
301   2.661304 -32.228119   91.369629  0.171215  4.720647      13.511560    878.502502   58.199093  18.826353  1.082342  433.837402
302 -11.506072 -35.896778   81.716675  0.125079  4.321146      19.371540    850.153198   38.151470  17.472582  0.392288  370.022186
303   2.893042 -35.919624   86.821938  0.094910  3.822009      24.406145    518.729614  178.897369  19.846405  0.520256  491.659790
304   2.452691 -32.841415   98.648758  0.157691  3.052673      19.425413    577.967468   39.344624  15.906599  0.787568  450.865540
305  -9.965949 -24.469339   92.531570  0.120525  3.413782      26.866564   1221.687378  137.522430  16.953482  1.431236  382.796478
306  -1.196151 -17.571152  104.285492  0.099438  2.747938      24.826841    541.346985  111.810074  16.366684  1.499701  406.672363
307  -0.737637 -40.161423   89.171913  0.058456  1.687656      20.746950    967.719727  160.477646  19.422356  1.282832  466.277252
308   5.603162 -32.397888  104.298714  0.145832  3.744216      27.855345   1143.333496  172.261078  15.148857  1.241518  394.293793
309  15.807067 -10.949538  106.475166  0.166074  4.181658      29.305225    550.379395   95.314194  16.781010  1.810566  387.202850
310  17.599953 -24.339676  113.836983  0.119276  3.077685      20.439026    793.480164  -38.386658  18.233191  1.462925  438.006256
311  -3.796179 -24.249311   86.486305  0.116570  2.285019      17.830248    647.327026 -186.016586  17.171871  1.239516  419.118683
312   7.435981 -34.561161  101.950150  0.062555  3.352752      25.169428    511.408508  157.008835  17.187414  1.891388  490.172638
313  14.045530 -48.896141  104.665863  0.172182  1.385490      21.926054    678.011780   27.160501  15.983834  1.003844  615.830078
314  -0.819261 -28.913549   92.336304  0.131930  3.298722      17.429316    688.233398  -22.718542  20.799520  1.285565  435.318298
315 -19.214586  -7.973601  104.402985  0.203003  3.101451      25.103867   1290.360962  234.906723  23.129667  1.770018  385.906830
316 -11.809242 -36.058968   73.204758  0.164458  4.832778      19.391655   1107.113892 -192.078964  14.796678  1.896106  466.748352
317  29.794716 -32.694069   92.498215  0.274583  4.236519      17.143900    550.587158  -45.493359  14.097627  0.478602  413.491333
318  -1.193455 -37.948330   86.130920  0.144693  4.079224      24.628576   1487.693726 -180.589203  15.307386  0.865162  392.472168
319  13.423877 -26.017012  107.115997  0.114254  4.756907      10.378551    814.957764  101.011703  15.296774  0.621869  393.277130
320  22.053829 -42.219868  111.751534  0.150580  3.179183      16.954874   1317.044189    4.242428  16.390265  1.190932  519.031738
321 -23.253717 -27.222057   69.520111  0.170060  4.930560      27.220503   1037.298950 -107.269035  13.722932  1.219981  395.494232
322   2.190181 -35.068775   96.492752  0.102543  4.649851      13.582788    838.019043  184.833405  13.441548  1.215789  460.464661
323  11.471374 -31.789984  120.917000  0.142861  1.683894      19.211863   1199.441162  209.674606  17.263159  0.831574  392.453003
324  19.988379  -7.686370  103.341957  0.148578  4.699782      27.043812    669.376038  157.530640  12.787590  1.343546  370.146515
325  18.545534 -29.074221  121.140450  0.165666  4.161367      11.163632    548.997009  195.775314  16.517475  1.628705  519.128601
326  -4.342161 -34.430496   87.970795  0.158608  4.853366      23.470724    798.245789   -6.787766  15.016381  1.548590  442.925720
327  -4.524529 -27.355665   98.318420  0.188434  3.077708      10.335283    943.344238  246.040924  20.029867  1.639726  439.552765
328 -14.389173 -22.846123   90.685371  0.215331  2.273268      25.690380   1020.461975   48.186451  19.243130  0.328499  276.187683
329   1.968127  -9.895010  100.355865  0.118229  4.842928      29.076296    852.562988   17.954357  16.339325  0.879401  325.052094
330  -1.617732 -28.786306   97.123459  0.089116  2.190733      21.540184    705.367126  177.622940  20.567102  0.308512  328.949799
331  24.126690 -39.742344  105.059319  0.186591  3.201466      21.896215    779.778748  207.260284  18.395397  1.737269  553.426819
332  10.767130 -41.705658   98.493240  0.168947  3.407810      16.752893    997.668701  197.175583   8.317690  1.346726  498.267975
333  18.059523 -28.260046  106.816032  0.120891  3.791147      29.102467    854.419556  243.674225  18.092220  0.949094  396.449890
334 -37.695934 -12.603522   96.195496  0.303267  4.472264      25.743887    811.442322  218.543365  14.763345  1.084086  306.059814
335  -7.113154 -32.793037  100.497276  0.156166  3.451912      14.028685    645.864685  147.349136  17.627104  1.153630  461.414062
336   2.730826 -24.495869   79.248276  0.072326  3.312903      15.155808   1354.911255   49.886860  17.552382  1.608596  408.236633
337 -24.237383 -29.704517   80.849281  0.201194  4.570682      19.283117    814.533264   50.119232  15.465847  0.406889  337.511292
338  14.890010 -36.586010  104.730705  0.144037  4.793125      18.757717    664.634460   23.744181  16.997450  1.781485  497.834198
339  16.741869 -27.352766  112.205917  0.089385  4.709421      22.133820   1191.034546   95.007347  17.228064  1.829136  426.057678
340 -12.352995 -30.229437   80.790550  0.096239  3.862275      26.520788    965.441711  232.718872  19.226225  1.246748  409.885773
341  17.353354 -30.969185  105.741615  0.164310  3.026785      24.092945    552.534668   79.813766  17.062744  1.105156  472.907410
342   7.533231 -26.633505  122.708199  0.106089  2.387271      10.810358    678.696716  224.398178  18.556896  0.864481  433.267090
343   7.756734 -32.395329   98.320839  0.117570  3.828758      10.305650    921.517029    3.451902  18.170698  1.947117  471.998260
344  -4.300301 -21.869589  110.526360  0.079006  4.584085      13.772465   1175.664551  132.914703  16.725124  0.790910  354.308929
345  10.391018 -26.487774   96.377129  0.114984  4.820488      15.883751   1014.475037   32.613956  15.324240  0.639718  357.775696
346   5.246425 -38.371277   89.247383  0.124965  2.233063      24.852713    950.818909   45.730690  18.113451  1.492292  464.200684
347  13.071113 -36.316086   89.455437  0.184036  4.269382      17.223684   1275.491089  -34.382145  10.660087  0.600755  363.921265
348  14.096476 -22.313982  120.445244  0.144457  1.921455      27.544508    792.953552  118.357391  18.331154  1.370539  401.078125
349 -16.290703 -26.050632   77.403625  0.160718  3.656357      25.263414   1283.354248  -95.222359  16.472834  1.542321  399.227295
350   6.511530 -28.137199  112.830078  0.116263  3.253465      22.006504    681.920166  192.348618  14.715783  0.598600  383.750183
351 -17.331686 -29.732534   67.599609  0.183536  3.661033      17.227005    877.154419 -168.100754  15.453529  1.163364  439.684357
352  -7.465014 -21.865643   85.647148  0.177024  2.407412      10.392786    794.196472  102.597412  15.620965  1.503811  429.591675
353  -3.062746 -29.348082   93.123924  0.122275  3.353043      18.692305   1165.664429  122.577080  18.534611  1.363070  409.773010
354  10.117398 -31.200804   97.282639  0.140714  2.291794      19.472073    837.508606  -58.475655  16.771156  0.884316  421.505493
355  -4.367062 -18.963020   86.919250  0.148354  1.244076      24.365952   1295.361694   38.545883  16.631918  1.766437  388.998352
356  -9.492608 -27.106201   86.210258  0.105340  4.854210      21.443815    706.332092   87.348953  16.851885  0.419939  344.167511
357  -3.819263 -34.313442   81.168686  0.086571  3.279936      15.676138   1114.948975 -140.594864  18.017601  1.186435  430.977539
358   1.675115 -17.711485  102.253113  0.160170  2.001787      25.605047   1353.371582  114.053787  13.689966  1.613633  366.965332
359  18.866875 -27.249802  107.743111  0.234499  2.392895      14.295873    545.310425    5.791875  14.455902  0.486612  478.549835
360  -2.905185 -34.530083   88.902679  0.144050  2.211884      20.866489    635.746277    4.086874  14.673797  0.510904  420.794342
361   1.148297 -38.654850   92.401993  0.124032  3.231725      21.763245   1344.025269    7.011177  20.265516  1.098682  426.497986
362   9.539083 -37.082088   96.391899  0.076943  3.256915      25.549660    885.787109   23.392174  19.681330  0.999434  439.143250
363  -6.227991 -25.080225   83.643997  0.165368  4.350663      10.098755    520.313538 -152.001083  13.722795  0.397333  454.445129
364  -2.361544 -41.775986   86.541443  0.150233  4.002502      19.734442    764.254761  -20.830017  18.467163  0.994074  484.169067
365  -7.221117 -19.688137   93.832245  0.167505  2.806211      17.974239   1352.251465  226.570541  22.249199  1.694700  394.304291
366 -11.579918 -29.178463  100.391418  0.141268  4.113499      26.698801   1462.690918   62.491341  17.171650  0.715991  322.891388
367  10.157761 -28.470385  104.857826  0.066570  3.617799      29.453732    763.562988   -4.464000  16.580006  1.265306  405.190033
368  15.313709 -26.987934  110.205612  0.165487  2.628747      26.002827    933.436768   11.779096  11.829700  1.470074  417.251434
369 -11.398586 -19.851574   92.017715  0.186164  3.389759      20.675711   1139.530273   -0.188519  19.464476  0.987579  352.196655
370  -3.869339 -34.011177   79.847481  0.110082  2.730839      10.403147    579.268494   78.376114  18.132183  0.222403  427.640442
371   0.475810 -24.010715   99.281502  0.090076  4.442409      15.373944    766.664368  134.503448  16.326708  1.108315  404.246796
372  -5.748361 -44.999825   77.750092  0.100348  3.337817      21.206530   1150.471191   85.041603  14.858891  0.858927  470.811493
373 -12.613945 -25.643396  103.453201  0.173854  3.537593      24.927214    990.777832  188.149490  17.374180  1.404490  388.644073
374   1.555806 -40.648849   87.227776  0.143801  1.254415      23.176388    627.706421  110.075523  16.196497  1.989368  517.403259
375  -7.231418 -23.865366  101.063187  0.165632  3.617633      29.382620    987.898132  210.079605  19.250965  1.592334  377.072205
376   0.163672 -23.151022  106.177582  0.051715  4.072518      21.221670   1130.094360  119.411713  17.382708  0.379921  256.901428
377  16.091368 -37.126518  109.389732  0.109015  2.760294      18.829556    787.141174  233.766037  17.392653  0.857680  471.492828
378 -10.586103 -39.248112   87.918983  0.176183  3.912116      18.448549    744.844238 -117.566154  19.177458  0.764761  456.595795
379   0.362988 -21.210093   98.304359  0.143509  1.779291      19.182987    971.434570  175.200363  18.709526  0.481131  305.249542
380  -2.411659 -39.559200   99.290222  0.171000  3.289650      21.335562   1107.134766  213.428177  13.371943  1.495232  460.689667
381 -12.518224 -29.169535   78.324730  0.103002  3.962045      22.906055    512.274597  165.633011  14.536153  1.669159  471.176392
382  -5.760728 -28.292088   74.885437  0.103518  1.943257      11.239476    500.992981 -197.283173  19.354858  1.762305  527.010559
383   0.174528 -29.992340   80.900558  0.076777  3.313953      28.823536    809.622742  218.312973  15.649244  1.225431  396.678345
384 -36.725834  -8.389032   96.127052  0.346230  3.649791      11.383211   1081.262939   91.779961  11.857750  0.635369  301.407318
385 -10.579125 -34.662544   89.965736  0.181040  4.791266      14.297178    676.877991   36.222279  16.982670  1.200575  461.274780
386   4.861710 -44.359837   98.307297  0.081357  2.256730      24.843708   1214.069458   63.847260  15.229203  1.112082  474.467896
387  -2.334102 -19.300673   89.490456  0.080496  3.542095      16.125858    921.556091   48.534695  15.393098  0.899651  367.760620
388   9.896496 -50.919437  101.160294  0.097801  1.574294      11.678028   1249.664673  179.057358  14.578188  1.951437  615.402893
389  -3.185048 -30.358906   87.664970  0.076896  3.083639      29.545237   1347.195190  145.686996  15.617053  1.293369  381.703400
390   3.329955 -32.964268   86.827553  0.114969  4.661055      11.848671    656.079895 -127.954163  15.459095  1.061159  465.109100
391  16.209148 -31.255297  105.174248  0.154630  4.891132      21.161041   1270.784912  110.691757  17.231047  1.524303  427.558075
392  -8.126603 -32.794594   81.930618  0.069773  4.136054      10.286186   1430.618286   34.336903  15.447415  0.686449  379.758453
393  -1.142666 -20.817757   88.930275  0.135353  4.593515      15.158803    697.989868   88.178383  16.815817  1.483400  416.232361
394  -7.291929 -30.586275   91.401550  0.146120  4.664090      14.422915    988.507568  -15.981244  14.423368  0.970808  406.696106
395  -0.047865 -33.184799   98.411842  0.153071  2.738802      26.475512   1426.040283    0.487818  17.010345  1.023571  375.037689
396 -22.380085 -20.285116   97.942543  0.221220  4.230777      12.990051   1031.968750  231.636581  16.976824  0.815156  344.816101
397 -11.038515 -25.560057   86.820778  0.133775  3.660214      12.721197   1144.250000  118.705811  17.493263  1.844273  432.240021
398  -8.118284 -29.791004   75.056961  0.053592  4.697379      10.518890    708.013062 -236.433914  21.851885  1.768919  473.887115
399  -5.343929 -18.342274  102.363167  0.148066  4.973961      20.473839    837.382446  163.163498  13.501939  1.809604  397.393280
400  -3.636099 -36.926250   83.861282  0.081515  3.970809      12.352620    758.616089   65.532715  17.024782  1.395167  486.851013
401   6.707271 -19.313330  108.250694  0.101045  3.760221      24.067930   1370.513794  194.738922  15.252339  0.782561  318.208557
402   2.390292 -21.365625  101.596863  0.107676  1.078048      27.860867    731.474792  117.503876  17.299110  0.769861  351.186218
403   9.252666 -33.489643   95.868767  0.168684  4.353211      12.947833   1376.045776   -8.694721  15.531111  1.236907  431.810242
404   8.572818 -27.792044  112.809616  0.094951  1.994906      29.074179   1008.029114  210.488388  18.689789  1.267531  386.488892
405  -2.774599 -32.990574   91.712021  0.126047  3.447178      20.193821    959.465942  161.136551  14.774800  1.942037  447.995758
406  -8.513392 -33.686985   97.824730  0.112162  4.285537      22.741928   1193.731934   51.927246  16.351471  0.674502  362.472504
407  12.987543 -36.438549  105.232407  0.093500  2.731844      14.194855   1418.014648  141.997513  13.324940  1.151729  456.436981
408 -23.688419  -8.540979   95.030670  0.248508  3.172617      13.190442    638.231140  218.212097  20.891096  0.387361  352.189240
409  -3.652853 -25.372501   71.134163  0.141957  2.055726      28.125328    725.801514  -51.712318  15.349731  1.211897  388.917114
410 -14.615865 -28.405798   89.080414  0.125307  4.128301      19.077646   1473.789062  173.526047  18.783524  0.453942  292.205902
411  20.752378 -27.502295  138.181473  0.148410  2.449120      24.259079    567.725342  242.672745  18.549778  1.029701  459.300110
412   6.788518 -39.620838   99.556427  0.154287  3.928342      19.558931    517.450867   62.659908  17.880720  0.980375  588.033569
413   9.889363 -27.543341  107.844124  0.113489  3.527345      12.731977    627.890808  237.922943  17.884668  1.059491  445.813446
414   0.730041 -39.474697   91.936722  0.054231  4.217031      26.741322    595.372742   88.760101  17.000149  0.397435  436.581085
415  -0.419524 -23.201054   85.837982  0.132086  4.767644      16.322647    876.175110  -66.748924  14.948289  0.643327  357.008179
416  -0.771926 -29.245070   96.404518  0.105366  2.714436      25.361578   1048.010742  104.570007  18.230352  0.781934  358.264130
417   5.511948 -30.237558  102.335052  0.106897  1.199797      29.280136   1243.630981  136.470688  16.193527  1.479830  392.503693
418   5.819237 -39.939419  104.581551  0.164033  4.847362      16.276398   1028.772217  113.055519  14.713608  1.939881  498.855652
419  -2.038595 -31.519520   92.112106  0.079885  3.360779      24.148012    840.362000  232.410950  19.382843  1.003501  405.585297
420 -12.679515 -26.714783   86.528893  0.130578  3.200956      17.975672   1126.007446  149.585815  16.222311  1.765514  439.516327
421  15.896828 -48.853985  114.353035  0.166414  1.229811      12.583354   1073.355957   67.189995  14.228280  0.773106  552.440674
422   1.842232 -35.986240   88.727577  0.122861  3.007869      21.172432    589.236755  -35.911282  19.994505  0.320127  417.217468
423  20.223907 -25.798273   97.905518  0.169082  3.692278      17.849964    672.600281  120.929428  19.563297  1.731615  451.874207
424  12.238614 -30.261372  100.730499  0.165949  3.753882      25.504707    517.692383   27.708817  19.091543  1.923274  462.730927
425 -16.268696 -21.301479  106.409149  0.228044  2.806902      16.845991   1091.582275  116.054482  15.944113  0.714310  360.801514
426 -11.725180 -29.796738   79.590141  0.104456  4.461007      25.780867   1042.184204 -131.232147  17.572830  0.851722  373.679718
427 -11.654192 -33.634571  100.875359  0.165263  3.687413      28.787718   1266.309692  205.858322  18.356634  0.635299  334.880402
428 -21.098251 -32.402626   60.349968  0.133528  3.230137      27.790504    982.229065 -246.172043  15.785286  0.708498  399.151062
429 -20.332918 -29.031176   63.320374  0.124198  4.602283      27.669035    825.464233   -6.167188  11.941720  1.586692  433.641724
430   5.779803 -30.779945  108.299194  0.176605  2.909734      13.440039    531.807068   66.907982  16.137817  1.768317  492.804504
431  -7.878391 -14.458467  104.029320  0.150786  2.603398      19.869753    703.014465  191.182632  17.584372  1.322487  395.946136
432  -8.061397 -27.587160  109.020546  0.213523  2.267205      14.507231    741.458435  127.598816  19.747528  0.549792  409.117554
433  -3.167329 -36.334106   88.804306  0.157965  4.491477      11.114131    708.937012  214.696793  12.666786  1.575854  495.180939
434  -7.250999 -31.632259   98.698975  0.151675  3.846785      21.266289    773.866577   64.003349  15.234289  1.964661  440.993958
435  -9.415943 -28.710228   92.447380  0.131557  3.884109      23.383158   1286.777588  234.585144  15.321089  1.202334  384.027008
436  11.055333 -30.106741  106.002014  0.159660  3.549334      23.258385    964.838135   18.382008  13.176098  1.014209  398.296692
437   3.504406 -32.169388   88.586250  0.122005  3.240981      24.822374   1034.517212  -57.074436  18.227385  1.434939  414.738525
438   0.805121 -32.834133  106.856735  0.146157  2.053160      11.446600    668.856079   70.478996  15.534271  0.492924  433.124969
439   1.631484 -31.520821   95.221504  0.089765  2.836094      26.004190   1339.250854   32.612827  23.004725  1.388634  394.920288
440   6.982764 -26.004747  108.486244  0.069454  4.296226      13.692841   1069.667358  199.527435  13.601954  1.181835  408.978912
441  -0.999229 -30.926119   94.247604  0.096905  3.951933      25.028772   1082.632935   71.467148  14.937126  1.421136  404.501038
442  -5.807405 -19.455063   78.565346  0.079963  2.682187      23.412245    995.794556   83.229225  18.335848  0.443836  281.482117
443  11.357780 -26.144354   88.584496  0.158491  2.621995      23.679712    970.092468  -22.435724  17.759464  1.545582  423.096680
444  19.432394 -47.214848  103.770607  0.133330  3.481263      20.749527    809.623901   21.362625  15.178316  1.536575  594.266479
445  11.919705 -44.307999   96.604897  0.118616  3.287938      25.095903    699.293823  189.479996  14.184752  1.505865  535.004456
446  -2.275155 -28.128172   90.341393  0.099624  4.320443      15.128294    731.395264  -29.469254  19.127928  1.007462  422.975739
447  -1.448116 -32.261951   84.350365  0.136791  2.339261      16.023291    567.556274 -164.411774  16.541386  1.858420  479.524567
448 -29.713684 -27.811529   73.655281  0.239884  4.400633      20.480732    969.741638  -55.621132  13.734809  0.958948  396.788025
449   3.046395 -20.663158  107.811714  0.156175  1.878378      20.760853    916.915039  179.111542  16.991440  0.591381  325.828430
450   4.860591 -32.550201   98.947487  0.072726  2.343282      17.828360    542.977234  151.161713  17.500694  0.680875  469.057312
451   5.258838 -33.042809   91.761353  0.161264  1.713848      12.925464   1040.649170  -55.308025  15.192225  0.713567  405.372803
452 -11.668741 -26.634310   89.200851  0.097305  4.378562      21.237453   1196.661011  183.785553  17.540157  1.522604  405.901276
453  -3.717458 -33.299507   98.385437  0.139137  4.025553      15.718198   1131.919556  137.243973  14.039803  0.853408  395.653595
454  20.874220 -47.164463  122.192268  0.134064  2.612944      13.453913   1261.939209  155.632355  14.346919  0.949985  548.193726
455  -2.725693 -21.473850  110.628136  0.215230  1.243853      25.414627   1186.343628  155.291183  23.403074  0.860042  367.406830
456   0.523142 -42.760151   96.891052  0.108851  2.928147      24.673010    831.638245  181.783966  11.464140  0.573698  434.937897
457  -2.241204 -33.576595  101.729546  0.161543  3.010674      15.341574    875.404907   32.143066  16.904837  0.923477  427.912018
458 -13.623350 -42.370140   94.723145  0.147167  4.439214      28.931503   1195.983765  112.231812  16.529823  1.266851  460.365906
459  16.030159 -43.836327  108.311913  0.167537  3.243443      24.971451    925.421326  205.878098  14.628262  0.772754  480.156403
460   4.909113 -33.747025   91.204269  0.073320  4.314619      23.675512   1340.783691 -169.112854  15.861149  0.728357  358.827576
461 -28.100292 -24.702229  104.821678  0.263957  4.437056      16.467762   1168.795288  222.317078  15.850471  1.604894  356.362518
462   7.253362 -33.064747   96.934723  0.137177  1.919665      23.492617    603.271362   34.453308  16.584749  1.845207  469.844818
463  -3.543674 -25.717630   91.195946  0.078556  3.230870      29.887363    990.186096   94.308571  17.630898  0.709692  330.201691
464 -15.837663 -28.328474   79.872467  0.111632  4.627714      20.088623    506.786682   50.175049  12.748881  1.219731  485.350677
465   5.642664 -25.091396   94.278908  0.122361  2.801572      24.810255   1202.415039   68.630539  15.674370  1.862134  396.846832
466   6.090949 -31.290236   92.261833  0.064323  4.590584      13.748972   1290.640747  -99.599800  17.405399  1.176662  417.288788
467  10.607355 -26.759604   98.253464  0.154406  3.546330      18.709784    508.437042  -28.568962  15.961907  1.137785  461.195374
468   3.547344 -37.241749   97.741920  0.136820  3.734963      14.435695   1078.057739   91.411629  15.305447  1.460361  466.430939
469  -4.401520 -34.919106   83.034187  0.092719  2.649364      18.413404    882.249451  150.901443  17.554010  1.779571  463.582458
470   1.252311 -20.941168  100.281326  0.142112  3.005034      13.217936    741.411011  205.064056  20.096828  0.842218  390.260590
471   5.595952 -23.952486   96.824966  0.103560  4.452762      14.839456   1495.141113  247.738083  17.401375  1.794900  411.380096
472  -4.680442 -25.235050   63.403896  0.163327  4.971328      20.402779    754.528748  -78.763321  14.305873  1.333385  408.066406
473   2.894288 -31.128178  109.050926  0.087194  4.608045      21.567728    844.219116  200.003128  17.850893  0.837720  390.600128
474  -0.902198 -21.857994  111.978844  0.167820  2.167048      16.698799    883.862854  197.040024  22.354088  1.753994  417.901367
475   0.228894 -26.676023  102.216599  0.102965  2.558650      29.170835    744.487183  184.300644  13.719765  0.539090  336.716827
476   6.976330 -30.330706   84.477669  0.126619  3.652035      19.691467    944.545227 -134.951385  14.083355  0.318488  285.795166
477   0.194809 -31.165966  120.294014  0.274807  1.741968      13.777437    553.889832  107.624130  17.332647  0.808949  485.085266
478  12.065883 -33.058083  107.384109  0.084995  2.034410      28.501213    861.139587  178.052124  16.409557  1.937787  450.371094
479   3.138848 -30.336452   95.012894  0.108472  2.206264      25.317747    532.320312  193.596527  16.630953  0.242330  380.030487
480  -6.213267 -32.007816   78.104294  0.070562  2.290992      21.187614    599.584106 -125.274361  16.072416  1.065077  449.347473
481  17.662836 -30.850109  103.976654  0.151093  3.595531      12.934829   1344.700073  197.420502  12.090579  0.900945  408.946320
482  -2.156275 -27.260927  107.713326  0.193018  2.380938      12.078428    954.537170   84.692848  20.430285  0.885569  400.310333
483   1.923100 -24.443922  122.088448  0.129397  2.572917      17.888741   1179.457642  228.418823  21.776058  0.962152  372.763367
484   0.184891 -27.424484   80.667191  0.093532  4.590755      13.703159   1041.899414   30.245384  14.584621  0.692569  369.087372
485   5.952869 -33.737598  105.431923  0.099064  3.537160      18.528286   1153.392090  232.252640  14.713282  1.759102  446.435333
486 -20.497236 -30.605436   89.907341  0.235767  3.722794      12.283628   1436.564941  126.584351  17.337702  1.235118  410.028595
487  -3.631124 -24.511536  104.532051  0.133494  4.936437      22.419283    883.891602  242.881744  14.796341  1.842303  404.837677
488  19.987827 -38.256378  106.984833  0.117886  3.647617      27.334908    672.791565  221.034378  19.278791  1.389800  510.713654
489  -9.284643 -35.096516   96.899536  0.148208  3.238451      17.270794   1219.902588  166.215805  17.817259  1.673498  461.325256
490   0.494528 -23.008682  122.126633  0.180569  1.932189      12.487074    734.350708  178.236786  16.507973  0.945161  416.934570
491   0.052935 -34.268013  120.887306  0.154974  3.466216      15.100821   1110.134888  247.089142  17.940960  1.607253  445.856079
492   8.553308 -45.933716   95.483643  0.113580  2.551392      10.619518   1437.770508  189.775513  15.517752  0.853624  498.718201
493  -4.672316 -46.922581   83.453972  0.116159  2.541767      12.249070   1234.406128  148.277908  19.464661  0.573376  465.311890
494   9.964424 -26.368929  110.058228  0.071751  2.881715      25.490324   1356.383301  199.894333  16.600870  0.400795  252.892822
495  -5.504886 -22.081606   91.645386  0.120940  1.975799      14.500916   1057.099854  147.664932  17.426767  1.027939  397.867798
496  21.278763 -34.888405  117.970490  0.137303  3.173334      20.983183   1157.968384  176.775696  15.052569  1.472131  470.121796
497  -4.354594 -34.523064   76.855682  0.068103  4.169770      18.612520   1088.005859  -88.776772  19.351727  0.389963  318.997833
498  11.188726 -17.267714   92.075722  0.183828  3.504864      13.736283    695.042114  -14.717740  17.787207  1.742802  419.802948
499   5.542290 -24.814470  103.981819  0.127971  3.684862      22.258789    758.569214  122.394203  16.281433  0.758882  369.288330
500   5.315095 -34.371372   89.110435  0.078538  3.663514      15.406492    618.587769 -157.111557  14.566450  1.845759  490.176575
501 -16.452251 -37.067139  101.714172  0.227438  3.588045      20.112494    695.489441   22.824196  15.034665  0.980314  443.490387
502  11.580671 -25.542982   93.829796  0.172152  4.090072      15.871431   1227.606567   78.912270  14.279902  1.040190  378.579285
503  -0.154841 -34.821144   91.156532  0.124103  2.234668      22.262720    755.973267  116.145775  17.435640  0.810079  421.610016
504 -24.766975 -28.488480   74.707947  0.210035  4.986259      23.615593    988.157227  -62.920567  11.267929  1.989029  426.162567
505   0.752573 -34.056557   77.760857  0.120515  3.930161      19.795315    587.741211   53.247860  18.359617  1.529117  468.523285
506  13.643158 -37.304493  106.552567  0.091147  4.384736      16.821520    996.120605   85.802490  16.092016  1.564202  483.496460
507  10.627862 -28.919149  106.398026  0.137384  4.588213      26.808428    519.659546  194.908432  15.783598  0.750118  428.591278
508 -11.414913 -22.975475   77.936493  0.116514  3.158211      17.276085    865.212952 -158.442047  15.216733  1.956380  430.011780
509   2.076720 -26.873259   80.361732  0.152998  2.803961      10.880617   1036.843872 -101.013214  13.425779  1.506531  427.657776
510  10.019586 -29.080685  101.812119  0.075699  4.683992      18.517275    508.728516    9.897070  16.226864  0.921303  474.172333
511  -2.083920 -37.100849  107.021156  0.160430  3.740611      19.048050    973.699341  202.515762  19.090565  1.421719  451.475433