           lon        lat        inc      D1AU     delta  launch radius  launch speed    t factor       B1AU     gamma         vsw
0     7.888279  34.366970  17.763346  0.202793  3.421568       5.054085   1210.796997  112.544739   7.377014  2.982346  248.842789
1    -9.165684  22.862495  16.801996  0.187921  4.964963       6.389000   1007.752686  244.254013   7.507327  3.190422   60.803379
2   -11.461742  36.342842  46.064312  0.237269  3.369323       6.782923    928.455261  144.205063   8.602387  2.214613   67.171524
3     7.630201  37.562462  23.832293  0.242738  3.248192       6.034692    906.493164  141.485794   9.493719  2.822150  217.114853
4    11.823572  30.671070   6.073723  0.208634  3.515324       6.369558    910.125183  114.399612   5.073245  2.896343  173.290176
5   -15.199327  33.190243  44.103737  0.235717  2.940664       6.827898   1027.560547  138.750366   8.037160  2.967723   96.484863
6    12.531338  35.011787  23.585749  0.224336  2.736259       7.850349   1167.460815  135.712067   7.836114  1.695590   51.589535
7     7.279231  46.789650  24.490791  0.273357  3.128344       5.254107   1947.341919  135.894730   7.451009  2.800445   86.445732
8    18.085974  43.886292   2.267788  0.256519  2.823187       5.599360   1395.967407  136.178574   6.714067  3.074974  151.250153
9    -6.683132  47.200191  44.212173  0.263201  2.443779       5.913885   1693.334106  100.526070   5.834974  2.887382  101.213783
10  -10.952899  39.557835  34.333096  0.225309  4.349005       5.628700    827.467529  112.605064   6.024769  3.295398   94.638603
11    5.861272  22.685122  13.094327  0.220768  3.617195       6.687060    974.014771  138.840073   8.180557  3.539194  240.247177
12   -9.264521  43.683834  39.046535  0.286304  3.562809       6.306721    955.243591  163.625504   6.378416  3.224797  156.140182
13   -9.255396  37.282326  35.769955  0.230470  2.608760       6.138671   1494.857788   67.115082   5.840092  3.267676   99.614777
14    3.394383  23.626070  12.145619  0.163220  3.227384       5.586891   1416.320068  231.047165  11.782626  2.565684  112.013565
15   -7.329199  31.828773  17.864025  0.193329  3.164801       7.050225    857.987976  212.795761   9.203700  2.317079  114.048668
16   16.311960  29.348759  25.876575  0.284822  1.185602       7.281338    820.612610   60.769844   6.969352  1.620804  267.664032
17  -12.992314  26.037657  49.033398  0.200527  3.608919       6.301386   1088.210815  174.715393   9.212751  3.607839   95.000420
18    2.827190   8.381168   0.294513  0.252816  3.358587       5.430825   1758.995239  141.206558   9.981427  3.622074  162.408707
19   -5.284089  28.337261  23.522537  0.225906  4.932791       5.767910   1292.645630  115.294395   7.248378  3.377663  113.933846
20    2.946301  33.779636  17.755508  0.284967  3.770182       6.367806   1113.158081  227.993454  10.833158  3.262800   93.920158
21    2.413339  34.079197  11.267350  0.217855  4.515085       5.569731   1595.890991  235.229431   9.479974  3.742180  102.537148
22   17.010269  48.750423  11.639807  0.280943  3.540960       6.056029   1586.648804  175.894699   6.926795  2.316405   69.596786
23   14.243023  17.287497   5.256023  0.273042  4.481418       7.057909    759.289001  127.322479   6.944573  0.783320  151.458420
24   -0.269272  37.042385  21.089897  0.203006  4.190650       6.543042   1222.204346  236.344025   7.510915  3.234983   63.586105
25    5.749288  22.042683  13.603885  0.254748  4.239579       7.211966   1250.284912  185.297699   7.854195  2.574282   80.527534
26   -7.301199  11.285523  31.123148  0.146119  4.876766       7.165394   1162.959717   27.106905   8.837702  3.849863  108.514198
27  -13.489305  45.956020  34.682858  0.200521  3.402902       6.137374    750.504333   94.023148   6.743761  3.276364  122.007339
28    6.504322  27.141296  18.711443  0.258295  3.517010       5.074112   1367.922485  160.032700   9.789459  3.057204  164.234726
29   -3.507779  28.787458  21.387819  0.191666  3.266646       7.609309    849.857544  196.317200   9.516923  3.435852  103.726212
30   -1.062163  26.842695  36.102650  0.248007  3.499150       7.610244    859.250793  182.799820   7.939295  2.163497  211.730896
31    9.369984  34.908539  32.917049  0.191580  3.457215       8.992034   1078.887207  189.469376   7.880515  3.902003  103.061897
32   -7.445982  42.278400  46.686890  0.246456  3.352912       5.351173    966.994263  189.349182  10.097417  2.691975  239.400558
33  -14.865911  30.684725  23.513840  0.233393  4.525819       5.796058    865.312439  213.477448   5.590831  3.151555  155.082886
34    0.222903  44.740871  39.510513  0.229453  2.892543       7.387868   1409.300049  144.829681   9.226076  2.465481  100.921715
35    1.731931  43.878433  23.255762  0.278897  3.950286       5.402115    784.342957  217.791794   5.088784  3.253508  266.593719
36    1.093330  15.407267  40.560341  0.164181  2.285492       7.135942    722.421936  156.072083  10.247658  3.961882  261.513245
37   -6.412240  10.342339  13.923033  0.285904  2.054386       7.265552   1220.631104   63.955357   6.043789  3.056565  179.146881
38   -3.042938  26.508631  20.698219  0.173504  4.343821       6.574957   1054.129883  105.746819   9.772427  2.676621   85.639572
39   -1.598270   8.932791  11.555798  0.276059  4.578662       5.332706   1443.929810  225.567383  11.362979  2.941201  219.275711
40    9.624078  23.722857  36.240833  0.206584  3.603367       7.192166   1868.075806  208.358566   7.720999  3.883209   77.789032
41  -14.651851  21.780069  49.390633  0.186524  3.961401       7.964249    890.887268  178.484207   7.463489  3.579887   61.021290
42  -19.706757  34.269276  44.370018  0.249930  4.295607       5.862415    938.121399  249.605972   5.210052  3.446626   52.014370
43   -5.143737  31.050016  28.365154  0.270572  3.107546       5.967679    833.212097  108.971161   6.477411  1.683040  126.111481
44   -6.024511  41.517761  25.553629  0.202171  3.953112       5.572537    833.814697  204.786133   7.894252  2.392676  109.462494
45    1.500558  21.745667   7.617061  0.229236  3.483342       6.905069   1036.012695  214.257874   9.054317  3.303598  232.054337
46   15.983190  45.566372  25.445431  0.207549  2.725991       8.670692   1364.327515  214.142395   7.436936  3.681165  145.848434
47    4.715734  27.055311  20.601139  0.161938  4.257031       7.522133   1356.676392  152.638580   8.599250  3.777268   61.550045
48    2.353992  20.153355  32.085461  0.192341  3.852704       6.634884   1318.784790  151.626236   9.325665  3.610605  142.274017
49   11.900133  37.185276  32.684990  0.244426  2.726327       8.707478    936.053894  170.387589   7.768792  3.606022  232.524399
50    6.141536  37.500347  19.905905  0.239810  4.028947       6.352644   1320.196777  179.443237   7.727249  3.439497  114.013245
51   -7.424012  33.860920  43.792038  0.205564  3.077127       6.937172   1175.795654  157.843124   8.823106  2.894593   78.014374
52    3.278347  25.674646  13.843554  0.246779  4.128090       6.471358   1160.182739  202.361160   8.347407  3.420333  190.625244
53  -14.211452  45.753777  44.938019  0.257872  3.642977       6.494178    739.524109  193.376221   7.315609  3.600900  190.054977
54   -0.731178  40.061165  44.942535  0.180623  2.266266       8.465865    941.485535  151.331131   9.768725  3.555849  137.865952
55    5.225079  30.416004  22.902021  0.184718  3.338022       6.769436    990.421509  222.024963   9.810097  3.589330  166.192612
56   14.388021  21.026236   1.353109  0.197578  4.059515       6.182703   1376.152588  236.566437   9.466334  3.881952  122.813980
57    5.268467  22.816681   6.050735  0.296979  2.628785       5.513078   1282.297852  143.692535   8.814758  3.758710  334.741333
58    0.679948  36.267628  18.410917  0.154895  3.758867       6.594655    859.674744  194.684402   8.579122  2.951608   74.200836
59   16.838345  42.680969  31.850315  0.254605  2.623363      10.275241   1063.490723  197.200653   8.967736  3.064673  214.302414
60   -1.420041  32.544868  28.512976  0.205217  3.421658       7.708466    846.825012  212.142120  12.061677  3.481246  121.662788
61   -4.449657  40.491074  31.308378  0.266853  3.701599       5.795368    864.491089   86.446556   7.003239  2.370797  122.108040
62   -2.288010  35.690540  35.046070  0.276271  3.950461       5.911964   1384.993164  162.744980   9.303920  2.706755  104.816643
63  -11.225806  40.416710  49.785847  0.206438  3.272738       5.026589   1466.123901  194.791916   9.648674  3.319551  116.626030
64    2.769926  15.456243  37.389435  0.142247  3.105951       7.770019   1096.259644  166.387100   6.341072  3.430244  107.477371
65    9.623720  23.523827  34.533566  0.253035  4.652056       7.990519    753.858459  175.839218   8.300150  1.777884  104.390320
66    5.345045  24.796778  28.282576  0.272164  2.678455       6.235860   1017.023682   90.871834   7.138601  3.282729  236.435257
67    9.701240  23.729689   6.414433  0.255076  2.990083       8.190264    818.640137  196.931946   8.819706  2.459759   95.951698
68  -20.331882  32.480766  42.611717  0.185828  4.147420       6.202982    708.290710  232.405884   6.466568  2.566404  117.765358
69    3.405866  14.756801  21.385841  0.236066  4.513358       5.208688   1002.100464  191.204285   7.356680  1.081200   81.589005
70   -8.059471  32.443623  38.139633  0.213393  3.557744       5.168614   1259.305908  150.090286   8.004034  1.694772   51.990166
71  -13.557806  20.316727  42.630215  0.161936  2.798275       7.247214    873.585449  109.284317   7.741913  2.546863   77.464699
72    8.094797  27.133764  17.387333  0.243969  3.222702       7.143373   1285.956787  202.178223   8.647179  3.753937  138.593567
73    1.707322  22.277088  14.590570  0.270760  3.380711       7.153916    934.843567  192.931091   6.732205  3.952471  261.405762
74   14.301217  36.862530  25.494499  0.264576  3.400208      10.000247    771.320618  179.763565   6.145918  3.758372  182.058899
75   12.231474  32.146656   4.793205  0.272535  4.576371       5.049688   1215.539917  103.261871   5.409592  3.750960  274.972473
76    8.756825  45.362568  18.211678  0.280625  4.475550       6.363040    899.897278  202.600082   5.192390  1.973685  171.841980
77  -11.729160  33.562263  41.919701  0.221816  3.567650       5.741532    702.031006  122.499161   7.983591  3.064811  211.965393
78   -0.800417  33.780869  28.880905  0.251709  3.792017       6.996447    846.189270  239.692703   8.348862  2.311759   87.083290
79   -2.496509  25.743708  12.139168  0.206193  4.973366       5.521791    883.168335  179.800491   6.919055  1.983842  104.168411
80   17.202120  25.048229   6.936117  0.231630  3.639859       6.220116    890.214783  191.680420   7.910512  1.277917   60.260941
81    0.469795  27.837902  43.238976  0.224478  4.065785       8.934606    963.834900  146.477509  10.320843  2.622319   53.293980
82    6.585898  38.123833  34.681065  0.254948  2.084129       9.201889    888.397644  128.296661   9.219193  2.401692   68.074806
83   10.999577  23.286032  35.159294  0.184478  2.680708       7.524852   1123.061646  151.082581   8.945592  2.325598   71.506958
84   -3.843743  31.185335  17.562159  0.250503  2.477417       5.626199    726.711304   90.392204   9.609778  2.826471  329.396881
85   -1.621906  19.890778  22.843678  0.219908  1.975340       8.777283    715.341797   77.016403   6.657311  3.720369  109.233063
86   18.459589  14.127106   9.555387  0.227134  1.520444       7.919991   1780.468628  217.448990  12.469814  3.561793   95.995087
87    1.748666  34.945145  37.471581  0.209150  4.044887       7.781687   1286.415039  158.833618   6.920952  3.495177  157.718613
88   -9.790064  31.058529  31.483725  0.277759  3.823015       5.321146    865.245911  235.813812  11.006053  3.687747  237.810074
89   -2.094931  18.652166  35.841850  0.205308  2.097336       5.629627   1187.651855   67.722939   5.730251  3.584700  219.035278
90   -2.931365  22.667627   6.570712  0.267000  3.532219       5.650504   1002.872070  196.047897   8.456238  3.840387  300.069305
91   -6.143491  45.091213  33.289608  0.261182  4.245115       5.377001   1116.280518  135.870621   6.140112  3.225882  140.186859
92   13.763493  35.092590  34.522411  0.202414  1.613047       9.895101    816.676697   98.717468   8.108969  2.462484  134.933182
93   16.963392  20.649456  27.559601  0.275387  2.731978       7.352561    969.074219  151.881531   7.533740  2.107568  206.399902
94    3.098028  28.122961  43.753853  0.195400  3.516534       6.329242   1848.063599  201.099869   9.904136  3.579194   88.683083
95    1.938582  43.003780  29.139795  0.285895  4.162749       6.772572    912.030029  195.015808   7.616365  3.208180  118.803665
96  -14.947985  21.185181  37.884674  0.153174  4.124393       6.154086   1330.208008  130.416962   7.932363  3.768102  132.655975
97    1.105253  49.540760  24.064344  0.221656  3.995406       5.654558   1744.343506  212.122162   7.141795  3.642211   62.030067
98   -1.097413  42.630672  37.426376  0.231929  3.323758       7.509526    724.141113  196.744949  10.653908  1.718346   76.128029
99    1.179489  15.790624  16.510443  0.279637  4.403195       5.146708   1328.603516  161.099030   6.286831  3.827058  257.578278
100  -0.788905  36.281021  38.918369  0.268550  3.066913       7.887310    960.082886  161.246201   5.786404  3.999000  131.893997
101  -7.294144  22.460270  26.523027  0.248323  3.819031       5.492452    778.166321  192.996658  11.211988  1.850315  172.470657
102  -8.152814  18.311604  12.603641  0.191013  4.170260       5.256448   1187.404663  171.140793   9.257095  3.575859  210.635925
103   5.086765  43.766052  27.381109  0.250591  2.495913       7.158773   1066.572144  207.972504   7.580138  2.357690   91.881050
104   4.079170  41.798923  18.554594  0.237032  3.515617       5.619224   1444.796753  149.366272  10.023014  3.842908  125.647102
105  -4.570024  41.403797  34.373909  0.179441  3.111616       6.115684   1045.422119  193.038010   6.254059  2.258893   62.068455
106   5.463376  36.056812  31.895697  0.198647  2.419020       7.313844   1054.123535  128.831284   8.795358  3.787254  170.813370
107   6.633074  19.207918  31.400385  0.255033  3.431723       5.252010   1007.556335   86.786621   6.770521  2.861789  275.010803
108  11.739951  39.431267  20.437950  0.210738  4.278018       7.222005   1396.514160  228.039886   7.028026  3.819511  149.722733
109  12.783458  40.951443  15.319694  0.223122  3.581091       6.208110   1133.836914  214.829391   8.946390  2.101708   88.647133
110   5.665270  34.997501  28.094803  0.285511  2.756058       5.135457   1279.401733  130.510895   7.521966  3.717997  274.082306
111  -6.096084  45.739307  42.549198  0.238783  2.823196       6.009648   1391.506226  116.976212   7.334884  3.624224  147.665253
112   2.537635  46.907574  38.969009  0.230431  2.497005       6.732355    989.468262  100.324387   7.563359  1.823601  166.790466
113  -2.245203  38.513573  34.032585  0.232958  4.337516       7.745401    740.808472  186.341782   6.870786  2.594522  188.777267
114  -6.304333  41.796989  25.054056  0.212775  3.314975       5.839745    811.877563   95.865761   7.312343  2.451502   77.637527
115  -3.716524  26.444189  22.062086  0.256658  3.288711       6.607118   1184.095093  181.770325  10.479666  3.975291  131.436844
116  -8.098212  32.302841  30.028458  0.290935  4.290184       6.163590   1180.489990  120.616623   5.900355  3.995156  174.656448
117   9.252599  28.037127  17.404381  0.163474  3.910746       6.744126    863.946167  186.356689   9.490299  2.262659   70.534088
118  -5.802269  42.353477  24.370916  0.213105  4.593256       7.009457    819.971741  188.522598   7.485763  3.556463   90.145111
119 -18.451494  24.692139  40.857418  0.192900  3.679344       5.211347   1073.505127  193.266953  10.348388  3.487006  144.298309
120   2.512178  42.413300  23.683714  0.255037  2.651361       5.737778   1365.005615   91.606903   8.433887  3.706454  194.723816
121   6.870759   3.682323  18.053661  0.179538  3.744191       7.665370    756.755249  153.295792   9.191226  3.816201  225.286392
122   3.061689  19.201612  42.695145  0.227809  1.424723       6.330983   1440.995483   49.484966   8.903172  3.074950  136.703140
123  -0.657716  36.387623  27.236790  0.268381  3.600143       5.303778    994.737671  185.908264   7.980527  2.020106   81.579231
124   4.619305  38.741798   8.108310  0.275649  3.246076       5.441720   1277.750854  142.694550   9.591254  3.099539   72.310135
125  -0.132030  18.008179  12.703299  0.298143  4.314332       5.104222   1304.309204  160.710129   7.361731  3.961001  438.733429
126 -12.139268  38.637337  28.954897  0.233715  3.528320       5.980347    745.038025  149.905304   6.893996  2.188383  105.415703
127 -12.134082  43.755894  44.050438  0.225836  3.150777       7.181118    818.338623  238.687073   8.385624  3.803241  183.068039
128  18.777670  29.846407   9.933746  0.290276  2.675924       7.797220    938.600647  126.690163   8.639259  3.692476  174.952942
129  13.510045  36.664127  13.993925  0.196875  3.851823       6.473548   1173.302612  248.402603   6.567359  3.159047  150.994797
130  -4.454261  42.937901  38.897148  0.270212  2.121315       8.733219    729.865662   95.595856   6.921348  3.392367  257.582550
131  -3.140057  15.812654  10.960367  0.257498  4.056563       6.071489    995.934082  199.682129   9.314512  1.760679  206.495041
132  16.669859  26.934586  10.209867  0.248126  2.898787       8.370131    821.513367  142.342560   8.398599  2.422839  198.921860
133 -11.936927  39.275501  40.980061  0.293142  3.805380       6.364832    834.627563  126.666046   5.931162  3.266380  177.583847
134  -5.854734  23.420277  29.477570  0.168283  4.382028       7.738958    932.128845  173.007187   5.994555  3.116917   86.392632
135   2.837508  35.455719  20.211081  0.234150  3.417697       5.881836   1421.484009  190.488434   7.644021  2.847306  112.351822
136  -0.503692  25.565220  18.471548  0.233285  4.558856       6.026437   1056.552246  207.098663   9.883009  3.571976  223.969589
137   2.725907  37.130959  45.658279  0.297557  2.225863       7.999689   1291.506348  101.317551   7.893126  3.309164  187.707245
138   9.453738  26.808332  21.762455  0.188362  4.215963       5.141644   1685.973755  155.276627   6.682244  3.250549  175.907028
139   7.629484  -7.648728   4.818642  0.208827  2.875879       6.603050   1481.416138  203.109695   8.703925  3.907928  120.502998
140  18.448595  32.768154  27.194611  0.296311  1.127413       6.943069   1056.898438   98.398102  10.197290  3.413748  367.532532
141  -4.752528  33.863979  43.038963  0.222980  2.027481       8.693282    700.685608  158.768265   8.064526  2.582014  118.147476
142   6.954371  22.936222  24.000767  0.176418  4.431760       6.995204    809.454651  156.567719   9.278659  2.715774  191.265945
143  -3.969770  24.904392  24.475967  0.202217  3.246280       5.522069    939.739502  129.661331   7.023324  3.787673  214.756271
144  15.676698  24.341797  18.840185  0.179310  2.381547       8.146088   1094.059082  234.109985  10.948427  3.451149  137.192993
145  -7.909190  38.660637  38.108860  0.259942  3.943568       6.521162    889.701965   98.268364   6.018266  2.197617   99.211929
146   0.100842  29.020247  29.230881  0.185275  2.821538       6.759821    888.770752  104.961029   6.405992  3.490707  185.541916
147  13.458516  30.241310  18.840647  0.203522  3.377447       6.660975   1165.185547  130.571777   9.892573  3.060996  240.674149
148   5.711740  28.511667  28.836006  0.259400  3.588196       6.950500   1288.565918   71.749336   7.629244  3.650278  241.147552
149   0.371362  35.619766  28.507114  0.260224  4.437494       5.086317   1802.824219  230.035660   9.423867  3.718433  106.360138
150  15.494843  14.131351  23.834167  0.293074  3.411743       5.761507   1491.526489  197.611237   7.131967  1.851139  107.947922
151  -3.751127  32.721088  44.788151  0.158203  3.498478       6.620290   1567.333984  216.863663   6.855548  3.970184   80.399963
152  12.945634  24.020477  15.473302  0.257877  3.741383       7.597626   1028.427856  221.449280   9.809586  3.172390  112.660141
153  16.751036  39.294506   6.344532  0.284841  4.436915       6.040710   1044.641357  197.257309   6.784904  3.237955  128.065765
154  14.804015  31.747198  27.748936  0.169486  1.903938       8.775038   1444.176758  149.784210   8.082270  3.838389  104.849899
155   7.849076  34.348579  26.415936  0.298286  4.082761       7.641676   1012.553711  110.758148   5.092318  3.969084  239.802826
156   9.021147  23.781733  21.263138  0.181307  4.336843       6.579210   1199.179810  241.665146   8.136419  2.261837   73.165520
157  17.168106  31.699505  15.587994  0.235414  2.747985       7.259368    858.135620  153.355270  10.259995  3.623884  225.063538
158   5.806792  25.669020  24.953180  0.260981  2.795475       6.419520   1130.842773  191.927582  12.123211  3.121825  156.597443
159  -4.136114   3.008051   3.226026  0.214671  1.842685       5.107384    937.952881  167.419052  11.390070  2.550882  356.356110
160   2.689747  35.317047  29.239794  0.263559  2.523948       9.387596    975.145630  144.541733   6.700709  3.320279   66.769867
161   6.467477  32.597641  10.666462  0.229942  4.136364       5.321845   1310.221924  165.087585   9.121788  2.762973   78.302513
162  14.536178  32.358246   8.492937  0.289431  3.856692       5.592696   1041.277344  196.914230   8.240754  3.668913  304.088593
163   8.354986  43.721214  31.923386  0.200684  3.848966       8.642894   1256.885864  213.590378   9.407010  3.196404   89.603539
164  -7.053009  37.365143  32.247700  0.224094  4.518680       5.238709    955.045776  163.514282   7.667469  3.006867  137.642395
165  10.060308  32.415848  24.175526  0.265361  1.831091       5.247177   1782.943481  126.003304   8.825453  3.457421  210.439651
166   2.731182  27.675327  34.022995  0.292717  3.715791       6.654898   1520.449463  205.083984   6.133926  3.633530  182.700653
167  -2.552383  16.613749  42.465820  0.242780  2.887690       6.084799   1159.220703  106.332664   9.172741  3.469783  163.895767
168  18.378345  14.518750  14.878473  0.238733  2.087491       8.018158   1451.324951  197.678284   8.657034  3.484762  124.223190
169  -3.178458  23.194279  21.771942  0.170354  3.223747       7.233285    745.877014  219.507355   8.334575  3.003263  130.336884
170  14.778843  37.049450   2.328392  0.206829  2.865816       5.532024   1352.365601  103.648460   7.199830  2.536196  145.061050
171   3.133790  42.061790  23.121691  0.207378  3.261399       5.037570   1248.556274   55.681374   5.548393  2.127662  100.729820
172  -4.162802  17.914452  37.526508  0.267489  1.786285       7.902905   1228.893188   43.451813   8.076664  3.063930  114.559868
173 -10.113647  35.412094  35.701828  0.226722  3.723285       6.814357    860.505798  161.179306   9.485571  3.017895  102.799278
174  12.343904  32.726147  10.501028  0.295377  4.351089       5.860412   1364.202148  241.582504   8.007461  3.860936  185.894073
175  -0.491472  14.890195   8.688719  0.177673  3.877930       6.312275   1696.610474  145.060623  10.196959  3.175085   79.200226
176   5.459817  35.434200  20.658119  0.199772  4.272429       6.828566    888.800415  215.343094   7.745193  3.267081  179.489380
177   3.674206  36.814426   7.076556  0.182227  3.792809       7.405824    819.227844  227.336029   6.603382  2.675486   62.390862
178   6.198518  37.561390  32.131161  0.243682  1.946789       5.936006   1676.977173  124.115776   7.272335  2.889250  235.887314
179  -3.476914  26.967104   9.376493  0.236167  3.782863       5.999187    936.367676  241.289795   8.760233  2.050332  117.075638
180   8.238268  29.913639  15.412480  0.266337  2.506100       6.099267    924.516724  151.836288  10.926737  1.527663  132.058334
181   0.748543  21.003178  26.208014  0.239437  3.634081       5.220684   1516.083496  247.468933  11.413590  3.257140  155.072922
182   3.622634  39.286453  32.941547  0.295057  3.541433       7.236050   1153.726074  196.396667   8.872951  3.910441  202.249908
183   5.044291  40.525166  39.906311  0.266450  2.560516       6.253615   1579.957886  175.905365   7.689069  3.086385  170.860779
184  -9.313382  41.521687  44.117302  0.225756  3.710205       5.782266    740.804565  150.368362   9.325784  3.072585  283.577728
185  14.303158  29.650558   6.639531  0.183852  3.690199       5.817801   1346.359131  169.931503   8.678793  2.695968  118.668716
186  -1.065999  44.243874  22.352259  0.206546  4.951375       5.250374    918.305786  198.791412   8.737893  3.973882  167.585587
187 -15.089916  12.307528  20.407667  0.287635  2.905736       5.031315   1085.924805  110.991005  10.448002  2.381470  214.835114
188  -2.595193   1.008266  15.376743  0.129307  2.870353       6.355125   1470.329102  167.926117   7.366621  3.164509   69.590736
189   0.200743  24.072277  31.273737  0.134430  3.492957       6.092803   1461.201050  171.170807  10.657589  3.354444  103.925995
190 -11.483500  23.644810  24.936260  0.251954  4.405714       6.493899    917.636169  212.624695   8.687306  3.635912  191.111542
191  -4.961212  42.704395  23.375463  0.263716  3.023510       5.619751    787.135986   99.830627   6.274168  2.014689   85.196129
192   8.941826  26.661144  22.647762  0.236404  2.682490       6.815839   1009.169067   93.105354   8.117177  2.432832  246.087982
193   7.212761  33.355141  28.372303  0.203333  4.424786       5.252037   1522.566650  242.852417   8.392540  3.372954  202.909851
194  -1.926624  31.943731  33.267673  0.243510  3.561617       5.206397   1449.853149  209.301331   9.358387  3.948445  206.965454
195  -1.361818  -5.386630  27.169592  0.263322  3.803656       6.068091   1002.544373  238.096725   9.455370  3.425759  217.796509
196  12.356717  12.183810   7.524996  0.260104  3.008713       7.406029   1137.688232  187.162430   8.420182  2.454904  137.675552
197   5.509629   6.906533   3.052798  0.263719  1.130370       7.207260   1026.652954   52.899105   7.798756  3.281903  356.516327
198   2.061878  18.557293  35.492195  0.254109  3.627697       6.133385   1176.948120  153.093384   9.473285  3.034664  132.131516
199  -8.842875  -1.589571   5.690276  0.229053  1.538843       7.346783   1206.275391  113.500145   7.914307  3.378165  124.262215
200   1.282727  17.287338  23.563066  0.248892  1.642898       8.008667   1082.064697   68.631012  10.354351  2.056705   51.247669
201  11.794590  11.588664  13.108171  0.220271  3.002838       5.755879   1138.805908   89.496674   8.593973  2.963518  223.195053
202  -0.674299  31.821981  48.397888  0.203597  3.410589       7.798931    704.686951  210.775818   8.481377  2.002673  194.369980
203   0.754191  42.579262  20.608831  0.205175  4.307219       5.376435    989.965088  190.690460   8.987978  2.257827  129.307404
204  -5.726611  39.823013  39.571182  0.263804  2.543499       6.308260    962.633484  185.713379  11.640247  2.977719  145.054672
205  -5.617254  20.993723  43.354069  0.194316  3.079274       8.681974    778.214355  160.220932  10.118928  2.580437   90.823578
206  -9.687613  45.850262  29.487919  0.201657  3.599107       5.680988    740.753357  154.379425   8.590446  1.981705   98.516808
207 -10.636091  42.066807  29.438414  0.264648  4.022302       5.365780    814.482605  174.003693   6.449901  1.715744   99.460274
208   0.438473   1.353224  35.133224  0.273760  1.512483       6.178340    948.536621   78.609589   7.115577  2.668193  296.452087
209  -8.703751  36.568920  25.622404  0.192169  4.281425       5.380378   1112.326172  228.049896  10.922445  3.939841  208.798523
210 -12.121337  30.503525  39.921436  0.160118  3.449762       6.224041   1449.017700  166.127029   9.050423  3.966469  100.984253
211  -6.106703  13.767022  34.345634  0.229035  2.864699       8.027174    961.382507   67.149017   7.263125  3.040789   67.359276
212  -5.422744  30.083509  29.015339  0.206741  2.258993       5.035058    838.607239  150.815079  11.617249  1.605696  154.958786
213   6.248495  37.807354  33.425846  0.231946  4.848760       8.634269    730.153137  224.270950   7.587891  2.542800  159.632996
214  16.627632  42.823296   4.482664  0.221267  3.076129       5.987978   1371.072632  145.542953   5.894591  3.802129  204.036133
215  -2.606391  46.462791  37.139606  0.286285  2.382904       7.189028   1355.944092  129.022720   7.303843  3.019653  112.896713
216  19.994642  29.348562  18.449495  0.203445  3.089227       9.745382   1154.428711  216.156723   7.258262  3.589390  152.785385
217  -2.756387  35.834644  26.012901  0.175287  3.688711       6.172918    947.981750  207.829605   7.536042  2.750444  143.164764
218  12.384583  23.713453   0.363943  0.197692  2.870084       5.402593   1627.407715  201.918610   9.016282  3.263310  208.653336
219  -3.499230  24.549358  24.879524  0.138977  4.381796       7.313705    894.352051  173.082657   7.117804  3.039188   91.178192
220  -2.274836  30.736469  35.371620  0.264596  2.996603       6.480241   1252.648804  131.142044   7.752915  2.811764  178.486008
221  -6.722373  24.828293  21.264765  0.242307  3.741556       5.918116    734.297913  143.489395   8.680723  3.621375  235.117111
222 -19.916712  29.744242  45.878441  0.196307  3.642687       7.976441    700.442566  194.787460   9.739697  3.131253   66.731285
223  11.096152  14.611567  11.230827  0.223622  2.366756       7.308404   1476.602783  166.921356   9.413256  3.937702  108.704216
224   5.012542  37.297523  32.107765  0.213255  3.488613       5.665610   1275.027588  177.072372   7.587344  1.462870   61.493767
225   4.063346  30.074810  27.912737  0.231793  4.645436       8.551432    937.290344  224.623260   6.427899  3.094646   75.060043
226   4.308342   5.383264  28.775175  0.230638  3.693056       5.374113   1349.602173  179.391922   8.747314  3.112978  115.736664
227  -1.777519  26.440277  23.480808  0.231458  2.822157       5.857306    957.980408  166.062180   8.241983  2.453302  209.943848
228 -10.373532  30.305799  34.795490  0.240363  2.898398       5.085366   1004.154846  165.192810   8.751998  2.676393  156.231964
229   6.197592  24.563572  21.599159  0.224175  3.365364       7.118243   1447.288574   92.987221   6.665705  3.211513  112.510597
230   4.649880  32.243710  10.591404  0.254574  4.851571       6.964487    719.032471  190.534195   6.245924  3.434476  159.928619
231   6.193571  26.318348  35.597889  0.142487  3.047381       7.500143    864.064514  129.333069  10.352007  3.558803  150.497650
232   3.285328  38.751724  35.791798  0.267134  3.445470       7.174881    884.934021  141.738739   6.780943  3.110880  155.801727
233  10.828743  39.724117  23.359787  0.223665  2.677009       8.220475    960.082153  193.228973   6.979583  3.715515  158.250122
234   8.049060  46.612572  23.918598  0.242609  3.120680       6.476519    995.278687  227.325531   7.597007  3.138945  172.862244
235   5.921125  24.170359  34.797379  0.160012  3.832570       7.429775    940.867126  218.113235   9.984413  3.879482  167.349915
236 -14.761225  35.365707  41.371704  0.190539  3.909817       5.255337    969.352356   83.744102   7.291700  2.049191  124.478981
237   7.738668  29.058210  27.427141  0.232404  2.459121       5.313897   1348.146851  165.892700  11.000787  2.109521  110.113655
238  -7.332401  38.910423  35.030537  0.173734  3.525071       5.121641   1147.995239  143.855667   7.372535  2.667370  103.624718
239  15.431545  28.472942  16.812428  0.239903  2.933891       6.864579   1440.854004  134.802963   6.256989  2.814530  129.686066
240   4.831628  31.229080  40.047562  0.198968  3.715754       7.243732   1190.952759  230.652573   9.857122  2.779665   60.960152
241   6.146008  34.934341  25.357752  0.245544  4.073571       7.942404    921.816772  233.389450   8.051416  3.793742  146.785706
242  -0.221254  47.449657  29.085838  0.237443  4.115540       5.211434   1656.861694  239.600006  10.899638  3.676494  122.120934
243   2.602496  44.840511  23.220753  0.287040  4.413921       6.712207   1168.377930  170.349045   7.293938  3.771078   92.861694
244 -20.264305  39.024025  45.374268  0.248725  4.564549       5.440753    798.077820  197.650238   6.954813  3.398977  114.139862
245   4.164172  31.891224  27.285769  0.233472  3.255442       7.738351   1223.425415  134.774506   6.982784  3.797216   86.347740
246   3.058725  46.666096  19.025816  0.266492  4.906605       6.715787    929.120850  204.183624   8.522036  3.805254   90.738396
247 -24.448515  32.631878  45.357056  0.229018  4.691054       5.363601   1049.876343  159.101898   6.143454  3.761236   97.352142
248   7.947364  19.290670  15.455121  0.298680  2.911412       5.069643   1396.671021  130.622635  11.589969  3.465807  199.007202
249  15.484071  24.240196  16.570049  0.224119  3.016057       8.554101   1090.836304  122.425217   6.585707  3.701046  151.021851
250   9.040277  24.992384  26.832441  0.251459  2.229550       7.341328   1342.421509  167.927124  10.984535  3.008730  139.121277
251   5.159682  32.227657  37.956898  0.174121  3.076633       7.632252    895.424500  222.114929   8.445523  2.818339  141.564850
252 -14.133250  38.742519  43.722542  0.200425  3.234978       6.053691   1180.018799  134.159973   8.254911  2.991568   85.472267
253   3.473673  41.619602  23.025972  0.283921  3.296415       5.574704    869.794922  174.526199   7.376986  2.032814  101.124153
254 -11.705231  37.675308  46.318703  0.243411  4.252618       6.560672    880.941650  218.093903   8.691792  3.706144  143.617584
255   9.837695  26.446323  12.639280  0.174186  4.164031       7.352452    745.075500  117.089821   6.787861  2.442147  128.320312
256  -5.284024  46.707561  33.846062  0.285258  3.739369       6.610302    945.276855  134.676529   7.813007  2.835623  117.282646
257   0.499329  20.511337   9.971159  0.244245  4.575829       5.779128   1187.457275  192.037918   9.318243  3.952522  182.834915
258   3.611964  27.767891  23.643435  0.297064  3.364931       5.745151   1033.246094  115.018539   7.114268  3.118053  197.262039
259 -13.141852  24.721722  42.660088  0.215461  4.642163       7.747949    980.559021  158.837601   9.135635  3.701630   54.186279
260   7.008292  16.848068  21.600554  0.195653  4.505068       6.931012    952.176819  216.003235   8.756195  3.587244  172.091110
261  -0.983740  40.235298  19.695728  0.194368  3.118180       6.275319   1057.211182  167.976227   7.553349  2.651629   82.736801
262  -6.523412  40.856014  30.245207  0.198854  3.714472       7.418063    791.930298  221.256805   8.919986  3.171947   75.189453
263  -2.905645  46.659569  38.531918  0.245654  3.746933       5.960401   1454.023438  206.535263   9.089796  3.162131  106.138405
264   6.617521  21.957592   4.439079  0.211808  4.716485       7.166264    791.228760  236.453369   9.379180  3.273400  229.456757
265  17.141762  30.634584   8.337591  0.203209  3.289278       7.118609   1646.828247  167.312210   9.139729  3.982188   89.844833
266   6.150502  16.409828  30.408691  0.191867  3.603945       6.691531   1249.059204   56.255497   5.505047  3.131525   84.630798
267  11.744474  24.987448  17.503441  0.260897  4.478963       6.685657   1071.415527  117.707634   7.965581  2.728673  254.972687
268   4.331402  29.484970  33.966892  0.279820  2.532298       7.602314    907.723328  144.863159   8.761504  3.018821  186.870972
269  13.838993  42.231667  10.351715  0.284380  3.410459       8.147727    786.316162  177.076889  10.266871  2.581500   66.808220
270  -3.853988  23.549919  22.081867  0.174458  4.520808       6.908874    930.119202  157.360306   7.487226  2.376954  101.763969
271  -2.251010  21.741945  44.762089  0.211679  4.757944       6.851710   1025.204956   93.265045   5.591518  2.972003  138.135941
272  15.416368  27.958420  25.330751  0.171486  1.665522       8.276326    769.323486   47.515152   5.576083  1.350808   51.217419
273 -10.802057  31.126457  27.267399  0.292210  4.181446       5.497906    773.704224  218.579971   9.743744  2.019430  155.441269
274  19.175350  10.533959   5.193779  0.250650  3.031438       5.166496   1641.485840   78.390060   6.625770  2.791863  148.890060
275 -10.570291  42.508408  42.393555  0.215046  4.072564       5.912344    799.886841  231.012375   7.295890  1.919889   97.802925
276  18.958227  11.633415   2.160002  0.158306  3.389869       7.360296    929.442688  196.314560   7.397458  2.966521  120.318855
277   9.367415  32.749775  23.356316  0.247597  2.474735       6.407658   1122.477051  117.328156   7.139682  3.521480  202.205902
278  11.664840  40.662483  19.297146  0.264121  3.887654       6.703905   1289.604492  186.049683   6.030612  3.569384  181.759308
279   1.771936  46.527245  31.731384  0.193441  4.284003       7.692688    970.543579  212.045837   7.438245  3.763942  121.652756
280   2.400718  29.803598  37.118320  0.233343  4.200705       8.090487   1184.345825  213.700699   7.602956  3.711473   74.033676
281  -4.288822  17.949778  16.683693  0.168947  3.619843       6.124427   1422.387817   82.163536   7.113168  3.254361  146.642807
282   4.695192  42.038174  33.994797  0.196353  4.173964       6.225013   1112.100830   82.725166   7.709767  3.355553  240.582108
283  10.357902  26.679485  28.283453  0.209401  3.595120       5.685247   1526.718994  237.220551  11.385895  1.883853   90.095360
284 -15.320158  29.968283  46.710487  0.142587  4.700397       7.476855    740.266724  145.047974   7.010480  3.629456  116.750252
285  -2.520008  41.315258  35.781357  0.230236  3.909520       6.781669    816.637329  146.061615   7.992642  3.786427  229.180145
286  -6.671054  33.397438  24.725618  0.240554  2.919850       5.795005   1314.406982   82.120705   6.942684  3.799731  116.407379
287  -5.086447  25.251787  17.071404  0.264023  3.814489       5.753137    820.578430  223.111481   8.453629  3.783216  244.267319
288   0.858895  33.651169  15.869062  0.253863  4.349800       5.170557   1582.699585  217.664001   8.485286  3.176787   62.387489
289  -6.002896  40.135525  41.790440  0.237626  3.666262       7.584625   1232.963623  218.237183   8.809018  3.717690  100.117882
290   2.699162  27.726788  17.050161  0.200184  4.809442       5.980471   1237.910645  186.912384   7.031962  3.220358  171.801849
291  -5.409521   3.788441  12.041470  0.219088  2.025927       8.028145   1053.207275  165.261612   5.472189  3.383969  116.888191
292   6.949914  20.113293  24.032822  0.235161  3.610471       6.806558    713.008972  163.584335  10.527802  1.569195  133.755508
293   8.115358  25.254101  24.354568  0.181383  2.511649       5.597904   1202.669800  154.160202   8.790487  2.902844  155.314926
294  -7.427076  20.153997  43.155293  0.244412  1.481495       5.074844   1112.640259   25.819687   7.256597  2.405675  270.182098
295   7.204200  27.842855  24.273863  0.206502  4.954075       6.700115   1646.965820  249.693665   8.439204  2.865614   67.582680
296   4.998402  28.688526  26.029596  0.125869  4.464815       7.659931    900.479553  225.142776   9.562961  3.260743   90.815170
297 -13.900659  32.800568  40.800461  0.218359  2.785375       5.936234   1108.932739  163.771271  11.356866  3.764192  111.992805
298   4.921650  19.489624  22.565994  0.250900  1.933570       7.402233    802.508362  123.311600   8.915056  2.743143  234.145462
299   6.401083  43.223774  10.238116  0.262727  3.437337       5.771092   1003.629517  162.266602   6.113705  3.009900  153.464661
300  -2.280617  38.164040  16.021328  0.215269  4.939996       5.495208    942.144897  197.569321   7.917774  2.575773   88.716141
301  12.778770  10.836374   0.931364  0.265038  3.011431       6.178605   1346.177124  102.647980   6.629992  3.423024  176.999557
302 -12.668123  33.347511  31.078377  0.200264  3.452630       6.229830   1073.048828  175.601761   9.148993  3.496532   62.171730
303   6.529352  -0.806260  37.133457  0.199412  3.980777       5.144578   1339.425537   65.782402   6.560188  2.916024  100.771164
304   2.549504  35.367550  15.045586  0.217216  4.196835       6.788907    840.975281  238.697388   8.828238  3.019437  112.235489
305  13.056019  47.774021   6.950974  0.225014  3.712298       7.048763    978.663696  206.369934   5.522390  3.844693   78.881264
306  15.289511  29.226740   6.775451  0.273612  3.146203       5.977818   1599.797607  183.455719   6.707346  2.615868  103.902122
307  14.331677  35.468285  15.544419  0.166704  4.207435       6.932116   1227.849487  241.714844   8.054612  3.108637   52.172161
308   3.854599  31.618362  39.507847  0.277637  2.592899       8.194711   1395.497681   80.541069   7.577702  3.480368  158.989822
309   9.494019  36.402592   8.398615  0.243828  3.808711       5.019232    960.999023  221.849579   9.014525  1.985002  119.558029
310   3.581599  18.234272   2.617434  0.231504  3.714706       7.228310   1393.960327  202.511841   5.338570  3.716145  141.483566
311   3.608305  18.855492  18.862022  0.282960  4.554948       6.190918    991.978027  166.723526   9.788481  3.557558  201.515808
312  -4.915273  35.643326  37.639320  0.258847  3.556737       8.724910    806.873718  243.797485  11.096290  3.819108   73.228088
313   2.187806   8.367701   5.789326  0.255907  4.209247       5.383266   1351.114746  159.423065   8.260678  2.870342  220.047363
314   7.881095  26.004234  27.413918  0.232346  3.941788       6.361091   1219.338013  174.596649   6.313348  2.751400  133.628586
315   5.971481  34.531170  17.472504  0.227255  3.517909       6.668998   1124.856323  167.727158   9.070032  3.090441  151.976181
316  -9.630080  45.538784  32.369305  0.187131  2.829310       5.856633    768.651611  141.408981   7.360516  2.435233   89.549622
317  11.855958  24.244774  41.485901  0.226633  3.192150       6.033969   1987.090088  206.199554  10.271082  3.881859  120.292549
318  13.956181  25.580896  23.777613  0.178021  2.209300       8.869102    705.739929  209.867416   9.497377  3.009681  220.027542
319 -21.225395  38.123852  46.019379  0.230343  4.968544       6.288484    875.330017  201.951721   6.206112  3.956080   77.531090
320   4.399796  18.433914  32.915195  0.224419  3.734035       9.296143    739.086914  200.603439   8.609626  3.000567  104.833939
321   1.931895  -3.999029  17.164907  0.250716  3.328245       5.106622   1117.758545  111.982529   5.058948  3.676269  263.186951
322   1.605671  26.061838  15.860407  0.255313  3.488512       6.320487   1218.027954  183.366821   7.973176  3.422526  155.774750
323  17.285723   6.042318  10.545717  0.209349  2.463362       5.884726   1562.312988  141.374100   8.663188  3.465149  200.988922
324   7.397025  26.345940   9.611938  0.261050  4.373620       5.699357   1651.594971  157.619080  10.151388  3.217067  123.286636
325  -0.728377  33.996891  18.827486  0.255893  4.298029       5.253047   1150.141846  180.836395   5.870805  2.515238  119.699989
326  10.467427  21.979654  22.798624  0.273752  2.162714       6.423627   1519.217651  151.630768   7.482136  2.857156  182.688522
327   4.524354  30.718374  46.890862  0.151620  2.114855       8.819575    959.498535  159.406281   8.489459  3.776379  112.732300
328   2.954027  27.047096  17.648390  0.228143  2.784789       7.337841   1020.247375  242.678207  11.015309  3.755185   84.135323
329  -8.608637  21.208536  48.609352  0.138218  3.151742       8.227441    709.399780  105.325233   7.783489  3.840730   91.641426
330  13.479325  26.349905  23.332605  0.237233  3.813643       7.673970    978.733948  178.609558   7.410868  3.419729  230.619247
331  17.099548  30.899673   8.497597  0.287013  2.970698       6.276528   1303.875732  151.929260   7.125220  2.849569  195.905106
332  -2.071477  28.632608  39.142555  0.172727  2.569523       8.253613   1079.281006  204.009140   5.868376  3.373365   69.379044
333   1.475925  29.160017   7.219427  0.216106  4.638649       5.171465    894.963501  182.123520   7.269966  1.296159  180.667297
334   0.359241  19.355421  32.364079  0.161446  4.467852       5.460766   1594.626831  164.891663  11.002399  3.111538  160.354141
335   1.765508  33.034367   5.249615  0.273955  4.140940       5.502841    767.991089  208.556168   8.573305  2.972704  160.436264
336  14.573385  25.792938  20.438353  0.219319  2.809923       8.224133   1285.247314  187.964432   8.379297  3.207953   57.170929
337  10.591180  24.677078  24.803698  0.222076  1.463474       7.145689   1931.955200   67.469505  11.083405  3.249449   68.513870
338   8.826857  38.829945  27.566362  0.175271  3.496752       9.462347    964.551392  243.276672   8.483622  3.977003  144.645462
339  -4.838481  22.661657  36.582638  0.164017  4.490706       7.296817    992.252258  117.825409   6.702457  3.645757  170.634430
340  -3.996470  42.622223  38.681942  0.240530  3.013145       7.333492    928.833008  195.990906   5.930847  2.607712  212.883987
341  16.166883   6.752810  20.775230  0.271753  4.984926       5.646616   1875.513306   60.131966   7.415491  2.521711  124.266090
342 -18.467031  45.004364  43.316650  0.271358  3.929688       6.042010   1073.452637  235.825638   7.241559  3.762351   82.629501
343   8.368242  30.168875  31.933672  0.145947  3.475097       8.137985   1272.108276  216.140671   8.973103  2.934102   55.340656
344  -1.929729  40.405785  27.215549  0.270657  3.988233       5.017135    949.006897  190.267639   9.226920  3.647315  223.812500
345  -2.053612  33.015259  27.591179  0.189482  3.735007       6.576839    957.479187  174.494720   8.080433  3.096211  201.610001
346  12.007699   8.787835  22.364811  0.274485  4.427920       5.527671   1396.550293  183.558533   7.833704  2.712532  163.466370
347  -7.376847  28.838188  31.778780  0.241507  4.966165       5.912123    943.169556  105.433052   8.282094  3.577545  136.355560
348   4.954570  11.317935  32.144871  0.142174  3.733825       7.184377   1461.793457  208.378906   9.525378  3.963409   72.270584
349  -4.181687  41.787594  29.324394  0.247993  4.262480       6.233880   1005.484497  181.050110   7.992521  3.315637  115.677780
350  -6.887788  37.036301  34.693703  0.292649  3.417227       6.405447   1296.686401   87.013329   6.155671  3.259314   53.168617
351   8.209381  26.793602  25.221945  0.278639  2.805563       5.009541    978.284424  166.124496   9.208466  1.981548  188.538300
352   1.034608  43.097198  28.688490  0.236671  3.052304       6.519015    803.251770  109.132004   7.511199  2.891040  179.603821
353   2.797180  19.231031  25.807476  0.155435  3.033252       5.137246   1101.917480  184.425201   9.066666  2.847597  184.181564
354   0.544235  33.020344   7.255473  0.267692  3.976459       6.149578    787.289001  207.290985   7.962007  2.621058  278.610413
355   7.538526  20.558958  25.457060  0.229572  2.484595       5.866062   1778.275391   79.866608   8.394425  3.045305  116.363373
356   2.979760  35.347126  30.415174  0.209339  4.147140       6.582896   1381.991577  186.951065   9.286534  3.461345  122.016830
357  -0.831341  24.993414  27.957560  0.243667  3.508714       6.955693   1150.414429  202.852814   6.776711  3.165962  181.711990
358   1.566102  39.879257  14.683783  0.254349  3.958083       5.078578   1263.133789  114.874954   5.222092  2.978525  128.561569
359 -12.594331  21.890051  31.107630  0.201193  4.061576       6.556712   1053.862427  103.998589   6.487775  3.688159  237.627899
360   6.466164  26.864065   6.908724  0.203458  4.340682       5.355384   1455.171387  225.837006   8.794240  2.675838  107.092270
361  14.097034  11.078632  14.787285  0.225886  4.215714       5.925869   1340.670044  224.706436   6.710260  2.261672  110.703049
362   6.961878  15.922338  25.300020  0.245695  3.275996       6.821187   1202.451904  200.243179   7.985966  2.756259   69.367325
363 -14.248859  36.297729  25.823181  0.226340  4.067931       6.465424    807.108887  235.347244   6.799290  3.936563   62.833210
364  18.478279  20.289978   8.746787  0.280904  4.453756       7.739359   1126.412354  206.421494   7.824682  2.339836  112.537346
365  12.328343  36.001720  18.707472  0.237250  3.875398       9.333755    742.908691  234.432968   8.059422  2.093556   79.374344
366 -13.635464  41.647350  45.805290  0.276409  3.515959       6.054970    805.845947  160.754272   7.514428  3.440821  155.591660
367 -10.617899  33.542137  38.298527  0.248393  4.028661       6.092967    811.093445  112.135422   6.006512  2.660530  104.789650
368   7.498692  28.868383  27.719463  0.272127  4.545124       5.742602   1189.554688  169.250427   6.935749  2.918602  274.396637
369   1.511816  15.106637   1.254014  0.263147  2.159675       7.355169    946.772278  113.648216  10.988990  2.870701  212.701981
370  19.076530  32.045227  25.389725  0.288577  1.576430       5.884015   1734.646484  136.923782   8.210878  2.628385  195.447845
371   7.432631  41.353626  33.149212  0.254673  2.008285       7.156680   1843.351196  101.448097   6.212327  3.293820  136.736771
372   3.860756  34.360886   9.994109  0.212769  3.343807       6.080778    829.456116  181.899170   8.641727  3.512704  213.616287
373   1.203473  40.329300  36.092724  0.222309  2.333358       6.408345   1025.417725  112.560715   8.723698  2.241102  125.334625
374   9.764601   5.281114   8.215824  0.232438  2.808648       6.076975    895.742249  153.453415   6.758337  3.993418  246.148132
375  17.702175  31.102230   6.314607  0.287266  3.202078       8.705523    780.184631  155.140152   5.119613  3.969134  198.612366
376   5.029793  31.772007  34.109261  0.283777  2.728164       9.079483    857.902161   79.028580   6.454024  2.462183   90.949173
377  -3.733939  37.720490  38.237774  0.270792  3.818546       6.283973   1238.765869  247.439575   9.939772  2.925044  105.587105
378   9.285986  37.612251  31.027531  0.239593  2.181897       7.873090   1487.153687  131.779526  11.853664  3.901524  158.039169
379  10.580053  33.372322  24.199625  0.163196  2.471799       6.836550   1506.071533  133.920395   7.842122  2.824598   77.921684
380 -18.859703  23.226011   8.330863  0.189939  4.267937       5.560752   1662.791016  124.204758   6.623515  3.863003   91.901260
381 -15.623535  13.922197  30.055927  0.198487  4.525373       5.003502   1582.469727  161.456497   6.837089  2.953450  116.801079
382  18.314428  31.821449  15.805371  0.245123  4.777911       6.601913   1290.861816  243.783066   6.342579  2.735874  183.678207
383  10.647299  37.289288   9.221112  0.289006  3.267024       5.097278    913.393921  171.377945   5.115605  1.880354  104.056679
384   7.392575  48.747002  28.644072  0.298178  3.217439       9.049499   1174.166748  180.846573   6.103884  3.380595  105.528503
385   4.227659   4.592194   4.693943  0.282022  2.391114       6.595366   1379.609253   98.918259   6.163902  3.417826  170.393784
386  11.771318  45.838287  30.598558  0.283103  4.058884       9.537032   1114.617432  232.378738   8.853588  3.134377  127.502983
387  -0.942823  45.957882  27.608801  0.234517  4.843062       5.296690   1303.696777  184.516556   6.426003  3.003153   92.663536
388  17.249706  46.282673  18.262915  0.210533  2.576813       8.840369    877.911682  137.695099   8.684779  2.028007   98.120964
389   2.376081  28.233053  26.836962  0.282276  4.578154       5.159496    953.456299  166.839828   8.043577  3.201853  274.036316
390  -8.194372  39.488338  45.427223  0.190141  2.787384       7.947804    776.204285  169.758636   8.852914  2.888949   82.518547
391  19.751369  36.544502  15.569698  0.286609  3.717774       5.887968   1674.801514  207.159027   8.356371  2.924432  163.125641
392 -14.460519  48.858704  47.583347  0.265933  3.462350       5.868248   1458.768433  109.036652   7.983484  2.826212   76.150894
393 -10.766150  42.356068  42.012421  0.231091  4.852218       5.611718   1150.647827  227.261841   6.674342  3.292577   61.059425
394  12.495564  37.421684  23.131338  0.270214  3.223640       6.194193   1111.151489  171.488831   8.608118  3.359393  287.300201
395   6.435492  41.731789  29.308708  0.161982  3.982903       8.782137    720.515015  205.655151   9.102096  2.248706   54.443096
396   1.955587  47.511776  21.334742  0.265105  4.071494       5.963263    864.874329  231.573257   9.839013  3.870231  141.115448
397  10.768625  31.689291  31.987415  0.275450  1.577693       6.429298   1591.828857   91.215118   7.590614  3.240472  287.144165
398  13.963748  28.948092   6.231610  0.250906  1.952499       8.483728    924.645752   68.811653   6.546869  3.538893  248.853180
399   7.652269   2.992500   2.187103  0.240101  3.725322       7.365975   1010.134033  149.180923   7.229430  2.524614  123.783554
400   0.726487  30.596605   9.727484  0.185281  4.733351       6.250265    785.796143  169.057632   9.254541  2.782425  135.680298
401  -0.816006  22.186510  30.164406  0.227833  3.071754       7.552175    849.658997  181.078384   9.147963  3.448464  192.537292
402   6.922500  28.663244  31.092983  0.211594  1.978468       5.966922   1480.277832   65.469604   6.730496  3.538577  208.113724
403  -2.428952  32.895828  40.066963  0.218197  3.389427       7.134913    814.929871  153.266312   7.106982  1.307008   87.246735
404   9.231607  31.480749  14.952369  0.197472  3.114848       6.444836    969.102722  168.317871   7.185431  2.253377  150.016342
405  -6.501231  37.990139  32.859726  0.170268  3.570910       5.414536   1125.740601  136.139664   9.796886  3.575383  133.405197
406  12.343416  15.300529  12.681097  0.286957  4.624406       7.242288   1351.750488  124.201721   8.763925  3.336503  183.383118
407   4.414035  46.156212  33.956383  0.269410  3.062056       5.298673   1148.845581  177.583954   6.808049  1.734592  160.150055
408  -3.183575  49.910255  36.074337  0.201207  3.319777       5.210968   1841.451782  194.310913   8.596627  3.401279  110.190437
409   1.226002  36.545315  14.821918  0.249652  4.135495       6.347690   1264.817871  244.711212   8.636363  3.525079   51.857147
410  -5.867116  38.218410  25.010273  0.225170  3.220137       5.633538   1219.398071  209.344971   8.148829  3.469006   89.872818
411  -1.597455  34.015373  40.808632  0.208856  4.629353       5.053149   1084.009399  204.410294  10.017705  2.575220  228.908615
412   1.754477   5.708251  20.827368  0.103995  3.172413       6.686752   1440.492188  118.451607   8.208116  3.753515   59.733093
413  10.054185  11.854095  33.091763  0.169888  3.968705       5.389954   1608.056030  168.423828   7.927214  3.002057  197.459961
414  13.961240  20.315172   6.711537  0.171668  4.004038       8.790854    925.207275  202.751495   7.985901  3.022317   65.722321
415  -0.801178  27.782934  26.695896  0.207764  4.398773       6.875320   1020.690125  197.549820   8.676788  3.364712  106.177124
416   7.316376   6.251824  43.672363  0.228094  3.819810       6.457875   1157.741943   67.334396   5.803418  2.629731   82.659691
417   9.172393  39.029472  25.880440  0.183629  4.248605       5.160660   1619.341187  247.894424   7.926539  2.265624   53.208115
418   0.277691  47.253128  30.155409  0.176426  4.670332       5.618901   1514.587158  212.350693   5.807427  3.204280   93.433418
419   8.810140  38.537354  38.677231  0.194734  1.963012       7.013349   1103.291626  110.511963   8.951673  2.126844  153.248947
420   9.582415  20.063078  10.850420  0.265125  3.075520       8.039511   1126.539917  216.368393   8.659043  3.684962  159.993042
421   9.454004  12.101791   6.353951  0.257957  2.619341       6.682054    924.675842  156.882355   7.635948  3.015158  259.058258
422   6.714073  24.413525  21.451738  0.291757  3.026288       5.710505   1109.501831  113.038795   8.308212  3.368531  229.542725
423   7.064833  17.615894  21.412407  0.143589  1.910160       6.339255   1554.419922   73.631134   6.172694  2.860920   94.489906
424   9.864199  39.581169  10.128209  0.252879  4.201173       7.361914    902.992004  211.424271   6.198615  3.958849  100.398689
425  -5.968596  21.958601  14.567966  0.259100  3.136248       6.539412    782.422852  149.520447   7.911622  3.754053  262.537567
426  14.360648  15.438120  13.012556  0.225963  2.081589       6.706223   1159.749023  136.657837   9.399850  2.755381  246.172119
427  -0.623309  31.337736  20.109903  0.214806  4.164099       6.287916   1000.127930  178.500443   7.662486  2.132455  140.678131
428  -6.668469   8.032968  22.344288  0.199223  3.587742       6.317459   1216.549194  166.150558   7.877418  2.351974  136.610565
429  13.632915  32.060177  19.847530  0.275550  2.403852       7.818067    821.510254  155.935471   7.601890  2.468345  168.504868
430  -3.681029  32.568752  27.260138  0.278457  3.493986       7.424488    835.156921  139.100952   8.993162  2.622310   60.894882
431  -1.639561  36.711132  36.362659  0.238621  3.822255       7.470148   1223.689453  206.897156   8.467979  3.940933  151.631790
432  14.620781  32.830490  26.390774  0.284796  1.637631       9.326531    764.534973   62.469490   9.286067  3.935749  259.971375
433   1.611449  35.674976  19.981377  0.216922  2.905935       5.765064   1198.423340  112.114960  10.975360  3.923152  183.974060
434   6.326517  20.719387   8.088965  0.196836  2.424015       7.137522    929.429565  130.990540   8.922723  2.559932  136.386917
435   9.518363  14.952986  14.860506  0.241442  2.160779       5.134208   1804.421265  200.879959   9.006707  3.021862  214.223297
436 -23.046837  40.429825  39.496418  0.168017  4.364862       5.342230   1107.240356  207.341965   5.936389  3.499812   50.805443
437  -3.503725  21.748289  27.560635  0.201293  2.511370       6.026472   1105.032593  212.517120  10.644854  2.325698  161.547195
438   6.123650  17.491282  16.373590  0.230800  3.513903       6.662003   1110.093750  168.041016   9.309877  3.511270  164.728241
439  16.355240  33.586658  22.374964  0.239865  3.078375       8.206680    753.337646  134.624817   7.778580  1.571484  128.330002
440  -3.246851  45.632244  39.561287  0.214568  3.426029       7.270097   1265.783936  167.078171   8.009789  3.498810  106.323914
441   4.589467  33.916546  21.798353  0.216784  2.909144       6.330265   1131.213135  229.621902   7.836124  3.806306  151.883255
442   7.552746  27.802074  29.357845  0.252756  3.236355       5.843612   1914.997437  189.569519  10.099192  3.937434  176.091965
443  -8.978157  26.121965  38.729206  0.238538  2.951969       5.935475   1168.800659   87.987617   8.609575  3.434410  233.446335
444  -2.642146  30.406139  20.532125  0.262680  4.099864       5.669747   1007.950195  193.689774   8.592766  2.698377  104.115448
445 -16.339878  26.068068  38.118553  0.228448  3.198789       5.414644    939.937256  167.039795  10.476074  2.987305  264.097290
446 -10.811124  34.379398  27.471903  0.194406  3.656713       6.322098    701.874084  168.874710   9.815572  3.868372  123.041245
447  11.330081  19.855900  25.250303  0.270092  1.536392       6.680968    760.079346  103.705711   8.994401  2.367426  255.762024
448  17.575794  -6.051970   2.424417  0.220717  2.752302       6.026527   1850.165649   83.262253   5.864950  2.803939   59.220795
449   8.748219  29.937597  21.852110  0.213736  4.236811       7.782783    803.753601  165.158905   6.330508  3.459474  165.659729
450   3.672175  35.226467  31.270363  0.211929  4.352013       6.873429   1074.514771  209.259247   9.259957  3.736965  195.378433
451  17.086027   1.079874  29.954800  0.209987  4.353275       6.067230   1603.282959  146.317230   6.464329  3.589028  145.639069
452 -21.850677  38.498074  49.407398  0.199748  4.270154       5.441773    768.499329   92.144806   8.353707  2.531662  188.420029
453 -15.707747  35.043144  35.170692  0.251261  3.761864       6.656965    771.153442  182.395676   7.211832  3.922804  237.143234
454   7.944824  30.697754  31.471123  0.285436  2.974231       6.323992   1152.276367  170.962036   9.514630  1.663284   61.621891
455  12.803779  32.262501  11.273902  0.254162  2.515001       7.198401   1274.561279  120.612427   7.654517  2.769609  103.591881
456  10.133451  46.198112  23.628202  0.266602  3.801767       8.795138   1058.694214  180.226349   9.238608  3.091974   56.582851
457 -10.333586  39.325283  37.663864  0.207589  4.021382       5.310590   1084.453979  186.219376   8.699459  3.736634  154.192413
458 -10.160222  41.576946  49.550293  0.204386  4.308403       5.304904   1381.133057  143.499710   8.104531  3.047473  153.318954
459  -6.897860  29.300880  18.798449  0.213925  3.824774       5.952220    758.466370  248.836166   9.856191  2.593138  211.411926
460  -1.885941  37.417366  44.364330  0.287880  2.959228       5.051926   1940.524048  146.899918   6.998785  2.273407   69.125443
461  12.087654  28.247248   8.347340  0.202178  3.010746       9.419456    730.724854  185.759720   8.486578  3.673257  156.027313
462  -9.139777  45.824471  35.113529  0.250116  3.672097       6.417212    821.743713  176.063049   8.095639  3.267965  117.010742
463  -7.800753   0.667525  19.801493  0.184468  1.329712       6.192328   1497.193604   91.072762   8.526604  3.828025  154.851440
464   0.574960  40.253853  31.721474  0.189265  2.948378       5.700562   1386.124146  199.652100   8.054837  3.225943  100.646454
465   2.308357  23.245710  13.928778  0.259811  4.772949       7.814003    980.593689  141.093018   5.865142  3.034905  133.615234
466  11.536287   8.043142  36.253113  0.215565  4.811903       6.443014    849.577393  111.660179   6.497504  1.511434  138.117310
467  -1.240629  39.900974  27.077499  0.167885  3.080740       7.045875    863.169983  166.973999   8.794078  2.385551   58.913754
468   9.267910  36.191864  25.802643  0.211265  2.352813       7.522258   1549.658936   55.756817   7.493560  3.447525  139.432144
469   6.137990  17.629034  17.865099  0.179954  2.558408       5.836323   1387.444702  233.379852  12.796707  3.700587  216.588638
470   4.834046  44.458420  36.600929  0.214056  2.563085       7.083399   1961.069580  187.014267   7.023869  3.573604  103.166328
471   2.466944  39.849648  20.160383  0.248680  2.610356       5.183348   1261.003662  100.485397   8.273309  1.892251   96.231506
472  11.912682  20.355221  10.687196  0.215420  4.353273       7.554464    734.797180  150.467789   8.401218  2.746892  330.141449
473 -15.500864  40.377312  48.099712  0.193759  3.523360       7.648531    775.249268  198.613953   7.155071  3.307010   50.074589
474  11.626101  28.228788  16.387947  0.295653  3.675386       5.741936   1480.421631  249.865738   7.536649  2.104538   72.401306
475  12.836543  37.070339  22.517460  0.162309  3.063228       7.924139   1039.278442  162.767487   8.393655  2.075269   54.426689
476   6.534709  33.377018  25.219975  0.212217  3.406591       6.433474    841.808411  163.187912   7.414238  2.340416  140.702301
477   3.751743  31.647804  14.229622  0.180528  3.459542       6.747766   1206.157227  156.070068   7.914439  3.293203  155.330185
478   4.707430  37.636955  39.508530  0.246434  2.481718       8.487184   1726.648926  199.809189  10.939812  3.216108   72.037804
479 -27.895044  40.172253  45.274555  0.163351  3.789854       6.267208    798.721863   95.996735   5.114390  3.910210   81.508018
480   0.584115  16.417253  20.129984  0.196429  3.015302       6.799353    825.964661  126.777527   6.485551  2.217153   92.002220
481  12.233300  23.245045   1.293391  0.244716  4.737473       5.896454   1134.009644  242.309753   8.722726  2.534708   62.494343
482 -21.884232  33.112534  39.259521  0.255904  4.043802       5.320519    950.379700  134.344162   6.264120  3.765471   90.081070
483  11.100202  39.907158  13.085032  0.261375  2.299983       5.858465   1227.404907  114.070320   7.574502  2.643995  185.061737
484  10.744761  23.973492  21.955511  0.272935  4.698054       8.030901   1023.651367  236.152512   6.942768  3.062564  145.198700
485  -5.895697   8.118245  35.723763  0.269411  3.043697       6.426819    718.413757   56.547943   5.663456  2.491613  254.984787
486  16.529268  20.833622   8.667198  0.225429  2.659205       7.816133   1607.687500  225.553543  13.569760  3.465558   59.220661
487   0.998305  20.792746  37.673336  0.222171  3.841690       7.805478   1153.831055   36.363518  10.245370  2.570553   76.010429
488  -5.000712  35.001038  34.064079  0.266770  3.422110       5.619255    894.533630  186.190079   7.823675  1.933191  130.453598
489  -2.899577  31.180635  41.409294  0.178171  2.803207       5.898983    987.263611  214.936539   9.038258  1.766347   57.013515
490  -8.378510  37.091896  43.579243  0.160557  2.709134       5.009030   1809.586914   88.359627   5.325669  3.432305  103.119881
491  12.002417  39.904839  16.072409  0.210458  4.111616       7.700429   1145.451294  233.390015   9.179022  2.568913   51.295776
492  11.970296  28.073107  16.595316  0.264861  2.850302       6.854514   1134.410156  102.770554   7.522546  2.715084  192.303619
493 -11.638688  40.975803  39.346222  0.263471  2.858900       6.041417   1009.408447   91.987053   7.914928  2.633728  134.520370
494   3.277570  32.407200  20.581629  0.199208  2.532416       5.549398   1670.031128  111.104416   8.798737  3.355114  187.437714
495  17.047018  10.898270  35.119896  0.253971  4.465244       7.182112   1014.971802   71.165115   7.054973  2.583186  121.267876
496  -3.385983  39.412350  34.183697  0.267229  3.649233       5.791393   1445.226562  144.153915   6.958510  3.447081  118.386940
497  12.366858  27.161072  38.499172  0.228482  2.465431       8.486117   1389.395264  183.168243   9.721715  3.126241   94.254250
498  14.562033  32.503136   7.416217  0.285976  2.693409       5.954611   1531.710815  126.229698   7.305411  3.512789  114.426903
499  -5.549329  39.229889  34.615849  0.273661  4.059998       7.247510    782.094116  223.623108   7.338572  3.700028  213.130127
500   4.659382  34.964119  27.246925  0.197498  4.662837       7.570262    904.007385  179.582657   7.611047  3.573312  165.622971
501  12.534682   4.882630   1.194776  0.244612  1.149730       5.663463    960.557251  105.232597  10.145372  2.830151  319.591400
502 -11.120140  31.616438  46.883286  0.281018  4.277183       5.641983   1099.703369  165.781998   6.189588  3.865380  144.052353
503   6.687842  19.222204  37.989601  0.203879  3.198083       7.111903    877.000305  179.419525   7.089003  3.309454  214.311890
504  14.927729  14.337320   0.516683  0.222894  2.834533       6.712309   1070.009033  244.546478  15.006866  3.296223  213.737244
505   2.886877   2.327232  11.496228  0.166281  3.355660       5.075300   1322.237305  172.597702   6.338641  3.979712  222.137146
506 -16.494061  44.457359  42.584267  0.290953  3.369300       6.322853    848.071777   89.488167   6.850554  3.474160  138.200134
507  -9.337079  29.237022   0.126643  0.253726  4.432378       5.713602    722.900574  140.990585   5.846475  2.713138  266.778229
508  -6.795276  33.587807  35.471699  0.296244  4.144403       5.498181   1118.361450  209.616714   8.295719  3.287381  284.237396
509  13.638137  28.531227  32.640640  0.281109  4.099556       9.346287    897.524231  236.633148   9.157877  3.451344  172.005951
510   5.333434  33.351112  23.320852  0.267704  4.287461       5.292238   1114.827026  169.820267   7.101884  2.509105  236.516632
511   8.560800  37.053997  25.884956  0.248937  3.658751       6.054065   1393.009521  212.312912   6.992681  2.413670   90.371979