           lon        lat        inc      D1AU     delta  launch radius  launch speed    t factor       B1AU     gamma         vsw
0    20.244905  29.163717   9.904027  0.710235  3.844641       6.153912   1102.599243  166.087387   6.674937  2.464871  138.724838
1   -20.309366  44.788525  41.601521  0.776100  4.455341       5.294138    700.585083  208.912369   6.561619  3.133068   75.234184
2    13.158936  34.190495  10.367888  0.669893  4.070496       6.131460   1288.304565  216.044571   6.028202  2.895922   63.721062
3    16.274092  48.737301  15.776287  0.734727  4.365100       7.753232   1096.808105  233.348602   7.675253  3.560731  102.910210
4    18.946543  14.730186  21.705166  0.706277  3.427934       5.038335   1302.157349   47.167328   5.703211  2.155963  160.906250
5     7.148757  35.744987  33.955772  0.753382  2.638657       9.587660    729.583984  152.974213   5.913837  3.506746  167.001022
6     4.500090  36.879879  31.524702  0.705908  3.800707       7.149793   1081.662231  237.888184   5.995788  3.257601  125.450966
7    -2.851254  19.922083  19.006493  0.702125  2.756178       5.793442   1293.443604   87.586395   6.875242  3.548537  168.802124
8    -1.586549  26.162367  32.150909  0.768840  1.822252       8.342931    805.281616   52.402420   6.052131  2.374910  126.947853
9   -12.525502  23.465063  26.874949  0.728001  3.114588       6.005679   1128.093750  177.649399   5.924391  3.252817  156.016373
10    1.140901  30.755646  36.559349  0.798028  4.257028       5.131291   1203.890015   97.733246   5.714920  3.189320  233.052490
11   17.292772  19.122271  20.432838  0.652380  3.730716       7.000418   1609.344727  130.139359   6.473084  3.686253  140.694870
12   16.807013  34.108521  14.129704  0.701961  4.261939       5.992750   1187.503052  101.791512   5.669907  2.689044  116.599800
13  -19.676636  22.969538  48.100498  0.750341  4.335037       6.379983    716.275696  152.891266   5.803116  2.892925  192.838364
14  -27.741680   7.531559  44.619102  0.734843  4.944613       5.278576    871.293884   69.075325   5.104212  1.613063  105.903214
15    1.810756  26.939726  24.500980  0.675991  2.627410       5.329444   1610.850464  142.295761   6.455140  3.641536  119.452446
16    6.119718  40.406395  24.854691  0.737470  4.301976       7.009144    897.495972  133.029358   6.683522  3.726602  147.181488
17  -13.542671  37.049263  49.898766  0.670463  3.700376       6.590781   1110.893921  155.887222   5.963775  3.852009   83.299400
18    0.030364  10.291518  25.741531  0.682725  3.623255       5.810724   1046.564331   80.378769   6.032410  1.798048   99.903542
19    7.784320  25.564316  44.290649  0.753503  3.931960       5.876122   1287.350708  126.237671   5.535121  3.159865  229.792618
20    3.354044  42.502865  28.573162  0.753263  4.188518       5.250605   1341.151123  134.634155   5.160022  2.877127  115.867889
21   12.791621  33.383793  12.308944  0.697334  4.617013       7.720410    731.086609  135.835236   5.337562  3.533450  143.288696
22   18.646706  43.948486  10.636226  0.772319  3.961874       5.948200   1141.295044  228.499527   5.646041  2.458829  108.276215
23   21.280201  24.889959   1.389377  0.695627  4.600626       6.846705    965.605713  198.659698   6.501831  3.310888  161.819214
24   26.629625  37.366776  11.640170  0.782600  2.665880       6.383850   1384.518188  142.181168   5.797478  2.295416  163.502319
25   -4.208004  32.255802  29.900942  0.711590  4.811575       5.085759   1352.494629  243.605728   6.046349  3.227132  124.235596
26    2.368771  28.134714   4.278228  0.726898  3.239980       6.224132    871.494690  220.617401   6.693158  3.327843  163.573593
27    4.024150  38.344875  33.178181  0.755778  2.522950       7.646053   1317.927246  102.951698   5.485272  3.581878  118.753616
28   16.530622  37.074146   7.322540  0.783110  3.889521       5.979871    945.170227   55.494923   5.040904  3.110648  179.680649
29    2.207075  29.390860  21.119759  0.722859  3.855764       5.195868   1490.117432  162.571579   8.275861  3.406328  140.695435
30   12.536963 -20.231884  33.520805  0.708241  3.891624       6.461073    851.890991    2.528513   5.662172  2.725791  160.410797
31   23.706213  27.893391   6.544785  0.666512  3.747321       5.887352   1170.701172  131.522980   6.870171  1.875484   59.915791
32   -8.000330  34.339451  28.751135  0.686338  3.822534       5.401551   1143.477539   72.356293   5.248062  3.541539   90.225136
33   -4.021657  34.931469  24.977861  0.788500  3.874455       5.352194    981.062866   93.167160   5.196561  2.994705  169.418076
34    0.748496  20.165297  23.979006  0.683011  2.275841       7.465500    742.810974  148.865921   5.940137  2.122802  100.571167
35   15.974427  27.820478  20.597464  0.686305  4.790647       5.639534   1406.526733  184.939529   7.913752  3.649563  186.545166
36   -5.971819  13.724676  43.854126  0.685966  1.002194      10.536808    703.061462   22.495634   5.494491  3.831984  104.365074
37   23.622322  42.274277  10.816567  0.758248  4.757531       6.070093   1557.061157  180.699982   6.827613  3.568617  191.887634
38    5.355607  28.403807   0.737356  0.761642  2.716395       5.751184    877.560059  222.577286   8.060287  3.474015  200.279816
39   25.903442  40.454685  11.496386  0.797958  3.314712       9.589301    757.737183  189.609711   6.328468  1.505647  120.062248
40   22.292715  25.588558   6.588493  0.731833  1.829593       6.503432   1782.678467  121.435547   7.479614  2.509363   69.976196
41   23.862404  27.795061  11.299098  0.788800  1.502898       8.633018   1199.358887  238.779068   8.774017  1.724437   52.859066
42  -15.677780  33.299812  46.697227  0.726074  4.319070       5.437204   1004.311218  137.044632   5.936680  2.801984   99.535728
43   -2.042367  41.344910  35.495548  0.680463  4.794854       6.052107    942.701782  214.050964   5.867647  2.751714   83.427422
44   23.406954  20.528868   1.403656  0.753764  2.625897       7.479970    894.137756  201.348709   7.343316  1.795964  125.817627
45   10.523910  33.774338  20.884607  0.792167  1.764711      10.606495    944.044861  144.672256   7.903617  3.820638  109.763474
46  -16.034365  41.796852  39.912872  0.794964  3.815409       6.133928    730.778625  184.998764   6.074347  3.787598  128.365723
47    4.473362  21.060673  36.769310  0.703987  3.666319       5.725465   1052.175659  176.755829   6.013884  2.466228  161.913574
48    5.285348  42.193180  33.193775  0.720556  2.996598       9.426462    746.598511  168.150742   6.441051  2.351137   61.175076
49   -1.629823  32.306442   2.419539  0.719022  2.586541       6.700349   1028.507324  123.861946   5.985314  3.634735  105.830421
50    5.824021  24.146364  43.530109  0.627687  1.352293       9.021938   1027.144653  146.936340   6.831028  3.331218   76.612556
51  -10.076718  22.677298  43.349148  0.688739  4.360854       6.855974    890.806396  144.702347   5.913406  3.499960  154.478928
52   -2.964170  27.996700  17.819269  0.650909  2.899295       5.618452   1277.379028  147.559937   5.612987  3.328776   77.472679
53   11.063900  36.162922  19.516361  0.645410  4.648195       7.021376   1044.833130  243.043793   5.616930  2.722540   61.186951
54   -5.253130  37.505959  42.151348  0.779752  3.323181       5.715014   1055.982666  169.132874   5.311836  2.655770  147.904755
55    2.944306  22.066317  35.805256  0.653683  4.493181       5.008013   1756.262573  151.476227   6.753695  3.172988  119.202957
56   16.226448  29.525064  12.100274  0.731959  2.415375       8.906332    722.759705  216.494095   8.098390  2.309261  107.899910
57   -1.803304  30.685499  37.573074  0.778556  3.974979       5.303830   1027.467285   47.753311   6.775531  3.381331  226.596741
58  -12.147541  24.434797  49.517597  0.792562  2.960191       5.619106    911.036926    2.811354   5.139978  2.517605  211.493622
59   -6.155551  30.403379   9.131241  0.665807  3.825602       6.274836    823.145264  245.874725   7.203377  3.428427  104.918068
60    5.147337  20.562876  26.999704  0.638246  3.624419       7.454445    851.854126  107.900566   5.328594  2.469828   93.282387
61    9.455050  42.284935  26.138710  0.703730  4.713013       7.232333    965.789307  237.674286   5.402616  3.291001  135.673950
62   20.900375  42.242550  21.326090  0.784478  4.277229       5.624724   1691.508301  192.408081   5.769947  3.746553  269.385101
63   15.604198  37.742733  28.727064  0.728169  3.809367       7.894486   1051.908203  218.605652   6.632258  3.278513  204.228165
64  -11.393764  -0.303009  19.590508  0.537037  2.629207       8.271122    830.719055    2.054877   5.416144  2.850466   50.545654
65  -10.244800  28.185314  36.589325  0.700300  4.675685       5.367624   1132.594604  243.148926   5.216537  3.187442  132.926666
66  -12.319123  19.491688  41.092754  0.684936  2.470337       5.582248   1232.520630  184.613297   5.753826  3.761110  147.071045
67    7.953346  26.660694  26.604589  0.796179  2.187971       8.396993    781.687622  167.506531   6.330575  3.734576  242.786713
68   -9.976597   6.685960  14.055497  0.607412  3.808373       6.024909   1371.828857  237.160812   7.636127  3.114003  100.442696
69    6.198123  15.570053  37.101521  0.720917  3.041601       6.754475   1029.371460   58.596729   6.063299  3.606863  217.896545
70   17.318598  25.165356  33.108540  0.687348  3.996871       8.461855    891.422180  206.939285   6.181923  3.158810  186.891129
71   -3.540438  20.222427  24.171015  0.745321  2.621107       5.033032   1290.294067   67.958252   5.289971  3.336746  208.639435
72  -14.684962  17.057987  41.919258  0.641133  4.581066       6.146261    964.517456  207.755981   6.697308  3.706628  139.463242
73    2.915605  -3.654917   4.058361  0.624708  2.820085       5.681227   1446.509033   35.431580   6.595334  2.782965  100.926300
74    1.272976  46.110073  31.335073  0.730402  4.216282       6.493925   1161.575806  169.384872   5.925380  2.669688   61.987381
75    9.499461  12.477008   1.602906  0.774383  2.625480       5.149107   1108.383667   44.577152   6.764399  2.065206  206.583908
76   -4.681391  22.963436  48.578140  0.635306  4.455554       6.661601    859.811646  169.423615   6.161033  3.005663  130.953125
77   19.243248  40.805328   1.494835  0.790512  3.885633       6.643235    807.799194  208.989044   6.472924  3.670275  163.580582
78   15.509018  32.262508  26.237169  0.720198  4.145898       6.902943    924.908020  243.193787   5.041114  2.762846  192.192078
79    6.535907  34.940197  38.221992  0.712740  4.817082       6.411229   1351.419189  161.419800   6.075116  2.920195  152.049683
80   -9.723252  18.501076  49.046593  0.753342  3.201638       6.929452    768.062500  113.475021   6.423496  3.851724  245.667908
81  -15.746660  30.375807  42.250557  0.780818  4.213398       5.744178    830.691956   79.482513   6.227463  2.356062  151.469055
82   -9.612076  33.883709  40.161285  0.790313  2.412432       7.208679    846.186096   62.128101   6.390553  2.370232   95.602898
83   11.514361  19.212210  21.493225  0.654932  4.833507       6.449505   1105.882935   48.720764   8.181050  2.804223  125.176369
84   -7.415788  41.505554  40.739063  0.691627  3.997491       6.628131   1283.241089  123.929703   6.176572  3.239729   52.957783
85   25.035330  19.761597  16.057142  0.698797  4.355838       6.470170   1564.508911   68.589447   6.303960  2.922891  175.410355
86    3.428043  16.213366  24.709736  0.623055  4.346915       5.132591   1574.054688   46.458469   6.367853  3.477386  124.459320
87    1.883930  34.720932  15.683746  0.756278  3.126990       5.258041   1090.680908  141.333664   5.065643  2.681773  108.201866
88    8.639287  44.474617  24.175627  0.695069  3.962962       6.177309   1738.812744  189.545929   7.686958  3.508345   70.565231
89  -13.735865  43.959332  46.887806  0.748473  4.577895       7.214377    774.955688  178.699020   5.151933  3.915911  119.599014
90    9.203059  29.573584  20.381098  0.697150  2.345741       8.586763    965.771973   92.251244   6.900330  3.784563  113.335152
91   15.781816  17.590446  10.984021  0.681209  2.213852       9.049618    738.089722   36.293045   5.341334  3.771684  172.489166
92    4.478602  19.362484   6.226192  0.741634  4.929491       6.085616    811.214478  184.398682   5.848872  2.547358  216.206497
93    3.788628  20.320805  26.234474  0.656448  4.111437       5.745975   1127.972778   70.277451   7.310631  2.245789   83.916527
94   -6.005072  32.321594  49.605949  0.787613  4.984442       5.215995    985.937622   59.875187   5.668274  2.887037  234.308578
95   23.033648  37.382545  18.890503  0.736525  2.935524       7.454130   1157.849731  207.482803   5.328704  2.010811  120.025429
96   13.609612  35.671528   8.210690  0.777687  2.933942       6.186503   1216.666016   56.503742   5.843048  3.544301  140.903198
97   -8.447559  33.175362  26.122009  0.737924  2.846567       6.568082    808.728394  240.284302   7.011117  3.862263  142.835739
98   16.921926  17.976824   5.674673  0.736451  1.417359       6.958564   1242.611572  199.955521   6.158882  3.120070  162.230316
99   13.614671  32.977272  15.322639  0.783634  2.172426       9.411402    716.882019  157.476212   7.233540  3.243219  153.985214
100  13.466009  21.250614  14.575576  0.748322  1.274760       6.468413   1275.869141   87.913277   7.327001  2.280019  106.413506
101  16.836790   5.116494  38.455082  0.605523  3.237445       5.164718   1876.171265   74.165901   6.146889  3.372772  114.104988
102  -4.907784  17.560034  49.552105  0.769104  1.200720       6.818296   1378.200562   61.556400   5.387591  3.469284  196.945328
103  -3.994634   7.392267  28.091576  0.587369  3.469780       7.316975    985.684509   21.565851   5.526176  3.204696   93.191986
104 -12.671962  32.774872  43.914387  0.764974  3.159193       6.757594    831.480286  205.160706   9.787052  2.795699  123.433739
105  -5.027362  11.950480  25.878387  0.550226  4.297948       5.998174   1429.413330   21.921509   6.982540  3.637439   75.745903
106   1.995855  30.933849  33.324806  0.733581  2.525959       7.593563    956.054199  230.122986   6.104525  3.410057  152.014252
107  -2.486869  40.732822  32.894234  0.790159  2.581958       8.129279    832.902161  181.417084   5.474264  3.734906  120.861305
108  -2.168502  33.618664  19.130024  0.777668  3.889978       5.638844    917.387756  244.989868   6.402077  3.287280  181.008759
109  -9.710243  24.603512  32.199757  0.695163  4.657696       5.181878    918.541931  167.470840   8.945236  3.382543  179.208786
110   7.503013  35.234333  18.596367  0.759047  4.610477       6.025128    839.136719  163.613388   5.054253  1.500168   74.348877
111  20.167501  23.507620  31.596712  0.587530  3.463111       7.179684   1350.244141  124.922737   5.174485  2.381783   70.191498
112  -1.970754  19.184656  32.750198  0.732453  2.071017       5.812203   1125.495117  107.202225   7.761956  3.410087  208.172531
113  29.748604  36.524044  12.724703  0.744651  3.408140       5.209803   1494.593872  122.773651   5.634119  1.638439  131.006744
114  16.376835  35.322620   7.322353  0.752917  4.390788       5.800046   1300.989258  168.878555   7.066380  3.619700  164.274887
115   8.798123  16.926020  28.030045  0.638102  4.293598       5.668184   1219.355347  116.140076   7.343629  3.179808  146.092117
116   1.057176  21.173481   1.713948  0.644654  4.258193       6.848589    892.189819  208.900085   5.890094  3.746233  134.148727
117  -2.565473  17.951286  42.660122  0.756564  2.771355       5.154605   1128.703979  151.147308   5.054873  3.615620  258.569061
118  18.290419   8.790753  11.195334  0.660610  3.938454       7.135249    935.882874  143.984146   6.708822  1.817371   89.582993
119  28.306938  25.860975  10.759651  0.745344  2.253435       5.993600   1762.801758   79.917503   5.636171  1.921469  103.460754
120   7.735559  14.760789   1.699551  0.606003  2.799676       6.508522   1535.068848   96.626770   6.509777  3.469154   82.106087
121   1.117589  34.351994  22.643053  0.722868  3.652416       5.802680   1399.099731  129.129288   8.778056  3.852798  126.984909
122  -2.880372  26.514418  40.239780  0.729340  4.595752       6.300728   1082.974976   56.293262   5.534479  3.640192  194.500961
123  10.873261  35.857567  18.446171  0.775068  4.546305       5.630944    942.732117  123.840927   5.615591  1.295199   53.900055
124 -28.177111  19.953438  49.657059  0.733770  3.354338       6.840663    711.342957  209.686447   5.367659  3.994258  158.562546
125   2.005383  13.566247   9.202731  0.652898  4.221709       5.450123   1677.448486  123.523506   8.371676  3.703209  151.442535
126  26.322645  28.536760   0.252321  0.609190  4.884098       7.137432   1884.466919  154.562256   5.240448  3.717907   73.412201
127  -2.137903  28.441830  28.129827  0.628177  3.926319       6.380142   1214.068970   89.755035   5.160445  2.936572   55.314610
128  12.274344  24.465094  19.458130  0.733351  2.343529       7.147721    768.994812   74.157761   5.124004  1.608234  115.053513
129  13.273673  28.441505  39.859180  0.666880  2.320192       7.467763   1797.044800   80.261040   5.190614  3.584321  139.155746
130   1.522873  33.559628  19.690723  0.656265  3.780921       6.232713   1168.240601  131.932190   7.961235  3.984113   90.351242
131   3.491461  16.109396  24.155949  0.637043  1.739843       8.167689    995.407166   47.168880   5.770009  3.506531  106.228889
132  20.447956  31.402033   0.034848  0.691162  3.616855       6.640254   1149.443604  182.962051   6.864557  3.979092  127.669426
133  25.036871   1.904470   2.478506  0.635700  4.289154       5.918027   1734.605347  173.738998   6.505645  3.189723  145.918747
134   9.545115  37.563866  25.297787  0.787767  2.942234       6.317138   1181.969849   20.121353   6.951369  3.769233  209.592133
135   6.593798  13.635880  41.024773  0.740726  3.576911       5.913806    970.448486  135.394058   6.038864  3.739026  272.723663
136  14.008093  25.794590   8.921024  0.799860  1.810629       5.933454   1253.414185  122.126480   8.222603  1.928324  109.747589
137  -1.319102  44.174541  31.648886  0.755605  3.244069       5.051418   1530.361938  185.282272   6.863019  2.816558   52.500786
138 -15.872005   2.658624  22.660585  0.545128  1.960606       8.086405   1127.253174   94.351196   5.303845  3.866001   73.278725
139  22.300013  29.967936  17.474791  0.741403  2.605205       6.483964   1280.931763  123.372200   6.299334  2.378588  167.236786
140   8.384320  32.443069  23.011290  0.735352  3.615135       5.160260   1509.698975  221.873947   5.725666  3.141444  150.483719
141  36.748215  37.518738   3.363376  0.742122  3.678984       8.510241   1943.588379  201.806808   5.534984  3.664503  201.495514
142  13.943810  34.592037  12.864547  0.775209  3.233929       5.567347   1288.400513  191.766586   5.160758  2.728800  139.955658
143  12.352230  36.626328  17.014124  0.787079  3.661493       5.646257   1214.041626  151.389420   6.684072  2.458170  139.341812
144  15.476645  21.644772  25.745474  0.732301  1.979059       5.900578   1111.758179   99.736267   6.274596  1.639163  107.485207
145  18.328558  26.144154  24.998352  0.757585  1.349248       7.250461   1374.106323  152.806503   5.359159  3.718104  205.884140
146  21.225025  32.239494   6.860775  0.793459  3.764481       6.274506    873.849548   91.040718   5.521201  3.383207  254.621094
147  13.145917  41.203060   8.572947  0.764060  4.008110       6.081985   1031.550415  152.591812   7.727645  2.321738   61.233986
148  -7.144207  41.240452  33.959709  0.788683  4.346234       5.334635    908.448059  215.931793   5.491995  3.057950  146.848770
149  -8.315471  36.290657  19.643639  0.742360  3.014731       5.782942   1117.854248  161.653381   8.544523  3.572996  102.488754
150  -1.558153  27.690195  33.569290  0.664962  2.555647       7.503945   1112.933960   75.346008   5.707061  3.088277   68.288063
151  -5.793724  44.271069  43.393650  0.710990  4.329352       7.068596   1272.355957  243.991974   9.728342  3.747908  103.486374
152   3.230611  30.545961  13.463941  0.762891  3.931117       5.262661    981.659119   95.360733   7.037310  1.683631   91.834015
153 -25.972704  12.159418  19.804581  0.679900  3.631441       8.360450    848.916138  202.709000   7.375606  3.763675  161.878677
154  -3.920538  45.335316  23.807207  0.764058  4.571631       6.113982    705.278564  141.666397   5.645719  2.574693   65.084663
155  -2.991958  41.857983  33.287041  0.768374  4.666230       5.357905   1136.177002  234.857422   8.052368  3.905573  160.317535
156  26.916294  37.307873  11.579442  0.738705  2.912732       6.391497   1563.314697  207.716827   6.059593  1.891524   75.267845
157  11.405765  15.370879  25.762615  0.654232  3.751265       7.174101    841.569641   95.100060   7.243095  2.043065  107.418648
158 -13.802260  19.916441  45.017494  0.626016  3.778293       5.196574   1494.489014  245.153214   6.277014  3.675463   99.251656
159   4.674277  24.506426  18.823650  0.624351  4.069450       5.412563   1423.979126  226.222656   5.319888  3.120475   87.453766
160  13.158650  38.345016  16.131306  0.655761  4.043929       6.092893   1456.323975  241.861938   5.413580  3.105972   62.803188
161  -6.915141  35.574726  31.976755  0.769531  3.029611       6.243972   1067.775269   88.345459   6.084039  3.021886  112.328247
162   5.070163  -1.515757   7.014482  0.589035  4.114731       5.348642   1473.987671  141.709595   6.293623  3.363651  115.594009
163   8.136082  26.059824  18.670868  0.725500  3.491907       5.947008   1307.820801   41.041649   6.376000  3.113342  160.218796
164   0.338073  21.519608  43.301331  0.691643  2.493260       6.707867   1075.329590   89.726082   7.496445  2.711980  128.870956
165  -1.275416  38.609459  28.989489  0.690318  3.688437       6.144146   1514.366699  105.668175   6.122323  3.911636   75.104797
166  29.885784  16.119028  37.578743  0.643312  3.729458       9.207165    765.916016   13.475240   5.180338  1.837068  122.792572
167  -3.226967   5.850482  33.832939  0.616956  4.256443       6.334991   1003.207275   94.571129   5.763747  2.955478  130.507248
168  -4.196036  25.812567  38.122429  0.736174  2.622525       6.511240    848.015076   19.146040   6.391582  2.285254  142.205658
169  14.317812  21.386881  38.305344  0.647880  4.443806       8.868724    776.474060  152.708374   5.519380  3.536235  172.410690
170   5.252025  19.962412   6.874542  0.628225  3.859008       6.333797   1321.334351  199.855927   6.973462  3.039578   75.745003
171   1.872522  31.761419  23.906544  0.698354  4.150523       5.735107   1155.754150  165.820511   6.024752  3.032369  113.462936
172   0.824364  35.617020  16.572889  0.741984  3.365299       5.551033    866.963074  179.622986   8.362155  2.035513   76.961891
173   1.549702  18.599972  26.030405  0.684684  2.804892       7.428582    724.379272   69.101715   5.651233  1.964927  117.774536
174   9.159259  29.334435  29.199299  0.670585  2.375732       7.041593   1462.150635   99.486023   7.602139  2.518389   50.318314
175  10.804107  39.885662  24.051760  0.797146  3.473924       5.936577    943.491699   36.138538   5.234601  2.735305  203.065948
176   9.237020  33.333931  36.587421  0.613206  3.703447       9.786307    840.009705  239.296555   7.826088  3.709887  102.789772
177  15.872725  21.413664   3.236634  0.797968  2.912544       6.183388    927.895508  146.351501   5.449179  2.727037  228.371094
178   7.717309  16.034914  17.500471  0.775779  1.319705       8.039808    714.827271  187.147461   7.948922  2.337346  204.439911
179   3.476542  12.900726  34.916145  0.663933  4.794212       7.452034    826.588928   49.841877   6.088942  3.670130  184.262817
180  26.130165  21.201658   8.701801  0.694131  1.760185       6.359291   1579.726929  128.645111   5.893437  2.603465  123.154739
181  -1.744379  23.791439  48.767906  0.694510  4.783288       5.814145   1560.874390  136.795547   5.422508  3.613226  170.171890
182  -6.315436  22.056648  17.214985  0.753382  2.326176       6.574358   1013.713013  124.665726   7.252987  3.305014  199.310455
183   5.903755  32.211380  35.995026  0.781235  1.432997      10.522663    787.074951  145.596893   9.923553  2.230607   70.513206
184  13.390054  10.017925  14.247589  0.643577  3.433611       5.365725   1215.972900  186.379211   6.097772  2.076863   83.129974
185 -11.803448  10.025251  46.136200  0.589838  4.618704       5.715467   1436.552979  130.653885   5.501649  2.856344   57.797794
186  -9.696077   1.792747  44.758057  0.656846  3.621680       7.354214    708.553833   83.407043   5.697984  2.821302  166.328918
187  -4.056563  41.544163  19.400906  0.718943  4.853343       5.777980    770.302979  214.554138   6.688210  3.556536  100.017868
188  -4.741984  26.414000  16.438950  0.631729  4.589188       5.918458   1168.510498  216.518005   5.470884  2.918060   65.693939
189  14.695070  36.072765  13.451233  0.769973  4.461002       5.154487   1141.469360   89.237701   5.245508  3.178414  193.549057
190  -2.568897  15.699718   6.890965  0.601472  2.976091       6.222954   1455.486694  158.625000   7.980135  3.264743   76.129280
191   2.176171  34.540756  18.867155  0.747718  3.542229       5.267939   1083.854980  149.530853   8.247866  3.531631  157.487778
192  16.372259  40.928036  10.584214  0.773098  3.823050       7.509917    752.464478  203.812927   5.460073  3.518207  166.477859
193  30.540989  20.587587   4.524410  0.682040  2.128412       9.320547   1005.192749  200.963852   5.431287  3.067660  155.840729
194  -3.923966  13.615825  30.178989  0.769708  3.038460       5.810476    886.017944   73.151253   5.055836  3.785621  317.980682
195   5.885432  33.556843  26.555874  0.694344  2.551212       5.980169   1620.180786  115.070900   5.746414  3.220421   88.316284
196   2.590524  26.564997   4.318838  0.784654  2.244927       7.406438    804.177979  119.320221   9.979734  3.529953  213.066345
197  -4.737177  25.501215   4.624594  0.712567  4.452369       5.250537   1005.383484  131.289185   5.408707  3.372514  184.663742
198 -24.591549   1.381243  11.629917  0.533740  2.689172       9.889812    793.317261  209.323135   6.609484  3.670824   79.510658
199  -3.888637  14.343777  24.448776  0.783137  4.003951       5.238424    783.316895   58.579941   5.184037  0.713743  113.248360
200  15.123496  34.897320  13.252048  0.734062  2.351241       7.067488   1993.342041  249.118500   8.461123  3.826725   87.699120
201  -0.814668  38.317986  37.457874  0.705103  3.207638       5.693935   1630.241821  149.486267   6.144296  3.422855   96.303940
202   5.274139  28.672935  42.033405  0.686477  1.588526       9.193503   1064.034790   13.357188   8.244595  3.669403  107.210648
203   8.928846  29.287699  19.747553  0.755192  2.823592       5.039138   1137.584229   69.616676   6.199163  1.921366  108.693657
204   2.449965   2.673624  31.973534  0.754212  1.325268       5.016906   1142.140625  179.996780   6.647814  2.184665  235.869720
205  -7.739648  26.013664  48.001595  0.622314  2.978731       6.616408   1257.671875  222.746323   6.043681  3.771692   90.555641
206   2.758173  31.387011  12.877329  0.719801  4.382967       5.595514    948.455017  138.204987   5.842940  3.716443  173.740097
207  15.346292  14.252961  46.328617  0.663264  4.962804       6.615707   1656.175049  123.947617   7.632658  3.852230  162.230896
208  -6.613740  43.278244  38.259937  0.726110  3.719929       5.789480   1386.939209  186.354218   7.985938  3.155424   56.563679
209   5.795114  10.360125  13.066045  0.766681  3.118093       5.005076    922.982849   30.499311   6.893509  3.928601  331.793915
210   9.630454  31.328438  13.159440  0.699166  4.413765       5.562122   1072.944214  161.106506   7.930449  3.580821  151.701233
211  11.852494  34.527729  29.559006  0.768785  1.910481       6.922188   1482.869507  205.136414   6.393237  3.286721  157.139984
212  20.585886  39.789265   8.762384  0.766793  3.119901       6.532941   1810.866455  154.409256   8.262074  3.653981  123.109512
213  -2.866976  35.970074  28.716692  0.763043  3.232496       6.004333    988.214233  127.304810   7.051457  2.911940  124.010010
214  -1.444085  17.585056  36.937504  0.568744  3.885603       5.722672   1497.917969   64.044022   6.654228  3.567282   82.430695
215  25.567747  30.041260   0.352197  0.771687  3.303735       6.948610   1262.185669  183.548981   6.244135  2.927374  155.274460
216  -1.191006  10.611765  28.830555  0.588201  4.297748       7.533395   1225.207031  198.406616   8.029510  3.999867  103.239532
217  14.970418  42.588486  23.503498  0.736611  3.469371       9.416803    767.793457  229.415222   6.131817  3.292383  154.391464
218  13.249140  21.564203  32.617023  0.728539  1.894622       7.049560    743.406372   91.501617   5.410665  1.213742  108.853661
219  13.733121  24.139017  27.499718  0.768786  3.708117       5.074667    952.275574   52.692238   6.062056  1.918755  221.975082
220  -8.625047   6.357221  15.900288  0.689122  4.502052       5.579662   1367.813354   94.635979   5.297136  3.560564  196.114899
221   8.847564  42.231148  24.694744  0.723376  3.989741       7.895108    900.243713  150.906052   6.341199  2.374214   74.521011
222   7.105021  11.908431  33.829296  0.749965  3.766720       5.610366    968.572571   91.278244   5.349486  2.459616  227.170486
223  17.432741  45.047501  12.564823  0.794054  3.829928       6.186795   1271.059326  206.360352   6.693738  3.059168  138.422791
224  20.127554  43.331596  16.496704  0.767908  3.437493       9.434867   1015.196777  175.739120   6.151459  3.984517  168.392548
225  21.824989  29.891375  18.259241  0.719619  2.850422       8.057340   1322.154419  110.571449   7.900164  3.626507  187.551361
226  12.699505  43.594913  15.243883  0.772724  3.372684       5.985104   1291.206055  182.914337   6.819572  3.113425  100.948341
227   3.078271  38.450996  27.992128  0.741263  4.393937       7.578451    830.102966  158.348572   5.779699  3.844550  159.378647
228  10.458180  41.145695   7.093046  0.770693  4.909962       5.601612    713.351624  213.561508   6.529091  1.523502   55.586300
229   7.309332  17.292107  49.157120  0.669613  2.342368       6.717827    806.346130   89.646095   6.166914  2.047655  137.553970
230  -9.165408  15.057775  13.337403  0.710001  2.964381       5.385015   1169.782104  150.367188   5.365498  3.185605  194.132889
231 -17.827072  16.437094  30.737774  0.599174  4.276668       5.903610   1397.698730  209.809677   5.502475  3.085013   51.552116
232 -11.626003 -27.179424  48.887383  0.598469  3.473821       6.609016   1274.455933    3.763636   5.986725  2.036845   55.355499
233   2.226127  35.409164  28.939846  0.763609  4.434777       5.426053   1029.676880  171.737991   5.945011  1.528509   60.708477
234  16.208559  33.556000  12.749322  0.697419  2.314487       6.775002   1680.134888  155.451691   7.925820  3.127905   57.765381
235  -7.434225  44.951130  43.985588  0.726438  3.801438       7.741108    858.114685  236.204651   7.586758  2.723550   67.764702
236  13.194074  15.610801  32.549999  0.654352  3.167834       7.458217    813.483459  137.229279   7.259387  3.021796  172.053757
237   2.484416  46.660507  27.452278  0.793784  4.939878       5.955448    926.822021  136.280777   6.040372  2.466201  115.454735
238   8.133810  34.060139  10.029662  0.779848  3.035764       5.687186   1105.820068   64.724373   5.244137  3.280393  153.206650
239  23.045275  36.667934  13.796429  0.706912  2.993254       7.758169   1482.133545  119.703445   5.285552  2.528449   74.049194
240   8.414089  24.692520  25.837013  0.668026  2.015131       8.235751    879.013306  157.752792   6.685103  3.243013  112.207291
241   1.904535  30.418741  22.550770  0.691208  3.233868       5.497337   1294.732300  168.161072   6.665339  3.785376  138.817719
242  10.275144  35.496792  17.415548  0.745804  2.874129       6.090670   1371.281006  183.104584   6.679988  2.901016  105.259071
243  25.745735  16.114449   5.241443  0.648223  1.540063       8.491748   1469.573853  194.045914   8.450337  3.362779   98.830864
244 -16.270248  40.229538  35.565105  0.776530  3.974521       5.618406    716.416992  133.483017   5.092790  1.986902   50.520340
245  15.658896   2.207844   8.199363  0.698931  3.591656       7.351867    859.651428   38.386990   6.163679  3.504605  221.178162
246   7.463900  38.107510  11.768274  0.746810  3.741984       6.712336    912.739441  190.957016   5.387482  3.896653  137.090927
247  27.043295  23.255093  24.643295  0.586710  4.300061       8.431708   1212.849121  216.981476   6.233664  2.946073  115.269890
248  23.062401  21.632286   9.364214  0.711297  3.724783       7.387132   1321.624878  103.669189   6.024215  3.308193  173.476913
249   9.614639  36.935551  31.458935  0.711497  2.734636       6.575494   1982.611938  159.823425   6.936741  3.083938   93.069916
250  -1.315437  35.167431  37.657257  0.687203  4.352133       6.310466    813.135437  187.357422   7.129955  2.051010   86.672394
251  15.000239  43.182671  18.048124  0.728854  3.804188       9.094236    831.033325  150.735214   7.138814  3.081974   98.180046
252  14.556035   4.797950   6.039062  0.606143  3.034636       7.714496    731.519287   60.070667   6.384208  2.812480  128.703812
253   2.880991  27.701670   0.387264  0.728480  4.517258       5.919561    907.734436  150.433105   6.334508  2.746469  159.516708
254  -1.727186  23.700686  41.262840  0.712853  3.573093       5.809099   1084.312256  163.225098   6.143572  3.903820  213.268234
255   6.683051  30.593775  33.088417  0.756434  2.501277       6.535232    917.454102  164.580017   5.323236  1.756431  117.310020
256  16.406509  29.616207   8.982287  0.648735  3.179480       7.836756   1211.149536  125.534065   6.272945  3.509279   73.695717
257   1.117927  40.554256  26.854601  0.780705  2.848295       6.700756   1094.116211  245.632126  10.188971  3.115943   94.700043
258  12.724342  21.748333  10.278415  0.598007  2.829337       8.004141   1030.850464  238.851517   6.884382  3.766029   86.287636
259   8.370619   5.362789  21.061499  0.683271  2.108625       6.121963   1037.719727  219.489502   6.968289  1.787513  100.766678
260  24.036516  35.270718  11.381410  0.680311  3.412606       8.427179   1358.135498  244.396393   9.985431  3.013047   86.519218
261 -17.987373  29.691082   4.172635  0.724638  3.260219       6.267248   1068.885620  204.378998   7.077568  3.494722  132.910248
262   4.759238  28.575693  15.271708  0.726292  3.248812       5.558822   1119.730835  184.825623   8.094765  2.708765  131.917923
263  18.485434   1.550069  28.086790  0.535295  3.844073       8.681319    907.436951   59.209023   5.059762  3.720637   74.443153
264   7.397372  40.686260  13.414641  0.740003  4.380407       5.658824    822.562744  239.794449   7.173166  2.302058   77.781891
265  -1.447485  32.536125  28.771280  0.734475  3.467683       6.433659    930.288940   88.058281   5.254958  3.196622  143.581039
266  11.319043  26.604336   3.344540  0.636582  2.944610       5.931286   1949.968506  231.099945   5.315504  3.719077   65.860222
267  11.498805  16.428513  31.434736  0.722791  3.026036       6.807963    955.606323   97.989899   6.982147  3.094128  209.137787
268  -1.727702  35.569279  37.363140  0.693469  3.159505       7.424443   1342.446533  232.040222   6.316741  3.878640   98.257187
269  10.405104  30.586683  27.476782  0.599330  4.336006       8.308642    728.077148  143.032578   6.397073  2.241121   57.482639
270  -6.835277  40.194111  38.384754  0.736946  3.121647       5.058137   1520.196411  115.742058   7.305649  2.875896   57.406242
271  11.663631  26.877590  21.221256  0.774666  1.406720       7.697412   1681.745483  190.520767  11.174754  3.418397  123.212418
272 -11.186617  41.853249  41.764297  0.726965  4.977726       5.385157   1237.698242  126.500069   5.561057  3.982181  118.260147
273   7.991877  15.534699   1.646448  0.685471  1.674957       7.366351    767.714966  174.188629   6.047511  2.642445  146.635651
274  13.041789  42.387157  26.236431  0.788597  2.462608       7.876747   1761.011719  124.588348   6.859251  2.963058   94.720467
275   2.486148  37.042938  16.787779  0.708225  3.976207       6.753901    846.281799  114.594238   6.846425  3.028785   83.599625
276  -5.194918  23.022959  27.766310  0.641960  4.439293       5.143450   1283.657349  205.789169   6.701283  3.867864  142.974319
277  11.528297  33.235825  35.807476  0.740194  4.833539       6.766287   1078.167114   51.501053   6.666890  2.259297  177.240967
278   6.290617  30.879677  22.639072  0.715402  2.933697       5.318986   1416.652710  171.813034  10.572635  2.372375   74.708672
279   0.864127  27.534927  20.427843  0.762831  3.818921       5.837435    801.112427  104.201866   5.771857  1.551858  114.482384
280   1.976802  34.384991  31.669334  0.718498  2.741686       7.343496    814.857727  240.949432   7.722459  2.786202  116.360527
281  14.715300  18.719475  16.735016  0.694556  1.742348       6.441910   1124.274902   21.510294   5.696549  2.134676   98.962196
282  18.734913  27.343769   3.850616  0.787496  2.526153       7.606485    807.060364  179.491516   5.073246  2.611491  173.801163
283  20.207628  22.042028  15.031295  0.657506  2.668924       6.086856   1590.830688  150.331680   5.212487  3.530873  149.705841
284  -2.548701  27.244972  29.052567  0.609414  4.409643       5.104818   1447.817505  222.375885   7.364823  3.611837   91.387894
285   8.095228  46.859673  29.618162  0.742738  3.764271       9.034921    875.142639  209.555237  10.001078  2.413459   75.408409
286  -1.410706  29.037703  13.646184  0.764555  2.738823       7.216856    733.449646   84.024788   5.409182  2.253720  143.218781
287   2.097397  30.976620   3.468911  0.737232  2.551614       5.785476   1064.149414  102.962593   7.964616  2.218626   67.852272
288  -6.925633  33.760696  31.505291  0.763436  4.745965       6.039889    746.196228   91.886993   5.873203  3.155380  183.331528
289   3.409060  24.753162  45.490829  0.778380  1.518850       6.199285   1175.114380  132.366211   5.737621  2.074438  147.438293
290  26.807886  23.647722   6.293969  0.710022  4.515808       8.468819    895.287170  229.409729   5.633049  2.969981  189.017990
291  13.418183  28.946394  20.728819  0.751639  2.611888       6.141562   1244.862793  171.428391   5.919037  3.884369  210.297882
292  -5.863232  38.415524  44.160030  0.753316  3.020147       6.287339   1255.667236  125.200867   7.061636  2.728778   99.580673
293  -6.041476  36.081387  32.020863  0.796939  2.700366       6.766781    710.805237  147.441177   5.442457  2.224274  124.744743
294   2.431651  23.384396   9.910900  0.703741  3.028737       5.166522   1541.537231  125.553566   7.161460  3.462309  151.753616
295  11.037492  34.437489   9.028440  0.720175  3.168145       6.344352    950.826477  241.392075   6.100402  2.238844   60.739395
296 -14.476982  20.520908  46.169849  0.785701  4.080274       5.749805    770.920593   40.631279   5.235350  1.320111  165.417694
297  19.866316  19.265219  17.322090  0.671281  1.827514       7.834136   1211.686035   69.447540   5.930265  2.856990  115.619598
298  -0.104937  23.933073  10.792084  0.667447  2.964291       7.175894    787.535767  185.145950   5.365748  3.187521  127.502647
299   8.782468  39.469715  24.708866  0.795910  4.170739       6.650420    947.157166  148.003601   6.147724  1.917004  121.433228
300   7.118526  34.429585  15.997458  0.758256  3.051090       7.220341    994.587463   83.339012   5.480154  3.264168  124.296562
301  16.053406  26.590620  20.082088  0.718623  4.386780       7.519608    786.443909  115.388916   7.114679  2.720675  189.999588
302  10.570677  28.629288   9.586432  0.789728  3.070022       5.750488    773.184265   45.979462   5.646798  2.079781  192.751328
303  30.009672  22.361090   1.185138  0.707788  2.642489       5.080117   1919.001587   64.634247   6.071618  2.745484  153.856674
304  19.040457  30.893167  34.461658  0.720087  2.823989       6.684308   1409.108643  119.705826   6.171917  3.375355  243.124039
305  11.407696  42.464336  11.115126  0.798823  3.510478       5.546808   1108.385132  146.548874   5.274332  2.399337   76.906364
306  -0.519574  32.815769  27.653603  0.773859  3.397516       6.075203   1133.245972  225.156158   9.028698  3.567366  173.589508
307 -12.249218  18.311354   1.591940  0.749124  1.255806       8.374217   1231.432007  185.202850   8.507178  2.661489   87.156517
308  28.610203  25.921967   6.469578  0.733901  2.370946       6.083258   1455.555054  193.249283   7.243412  2.357607  144.568405
309   0.384759  34.929874  25.734348  0.723688  3.484406       5.584606   1166.653198  118.008102   5.179317  2.452690   77.417465
310  13.453979  36.639984  14.625856  0.733027  2.739223       5.107878   1705.892334  198.730774   6.206408  2.445703   52.434792
311  10.638537  36.045677  12.207953  0.794781  2.740571       7.529636    885.660583  109.821327   7.466325  2.422438  105.821815
312  -5.137735  24.329973  17.257942  0.623846  4.110476       5.491524   1219.327637  241.954681   7.806672  3.609963  106.332405
313   7.407127  12.590387  13.267097  0.673703  2.000981       5.637834   1269.236572  180.172516   7.772707  2.353359  104.290627
314  27.800303  19.149757   8.768778  0.626260  1.896566       8.993625    914.745667  194.253448   5.881385  1.965602   59.646313
315  12.780226  34.458328   6.457459  0.661722  4.388140       5.499150   1389.613647   56.066525   6.021168  3.647451   88.183159
316  14.783082  27.771156  16.778320  0.715865  2.363561       5.280082   1856.555054   52.612206   6.154115  2.850841  111.743988
317  10.779428  25.200453   1.647287  0.660704  2.778676       7.063835    840.349304  187.465332   8.310840  2.693418   82.072762
318 -10.419657  24.499334  31.305004  0.775143  3.954948       5.354244    763.470032   48.213314   5.927573  3.017306  253.837372
319   5.321553  23.596813  43.394035  0.785590  2.227997       5.727711    805.857422    2.873926   5.091880  2.088747  260.334656
320 -14.402290  41.027271  49.001225  0.797986  3.582706       6.000098   1227.681763  136.004303   6.458844  3.076953  108.446663
321  -6.915411   3.173762  38.096382  0.614562  4.969583       7.855648    824.953674   42.017754   6.083689  2.719083   99.129257
322   4.448033  46.281094  19.044807  0.734167  4.566326       5.185121   1312.874756  221.750351   7.367640  3.258773   67.877296
323   1.591722  39.560951  39.486122  0.710074  3.565445       7.261246   1066.379639  113.887978   7.176061  3.749558  146.789627
324   9.144660  42.444309  39.691109  0.744322  3.263826       9.004973   1060.866821  198.967316   5.620051  3.540706  205.244736
325  -7.230838  17.549828  21.915071  0.758671  4.252903       6.489923    707.285767   89.720261   6.326532  3.306025  293.580658
326   3.733489  26.476820  26.042166  0.753456  3.883240       5.321614   1173.377930  191.064178   5.094809  2.503179  162.447418
327   4.035438  30.945211   9.680490  0.799576  4.238879       5.117420    936.755432  221.988129   5.509104  2.595254  203.040939
328  22.501410  22.998672  20.123167  0.596570  2.155308       8.765923   1534.906616  226.597763   8.614891  3.810569   99.619316
329   8.674282  43.451599  43.847256  0.655899  2.617427      10.376322   1133.896118  184.656525   6.110703  3.436085  108.177864
330  26.208603  21.616812  16.669880  0.686794  3.712828       6.482232   1553.169189   67.247307   5.493838  3.684382  222.353348
331  19.578579   0.849119   2.907527  0.753706  4.899594       5.576897   1336.423828   86.661598   8.085765  2.230735  175.431061
332 -13.119266  25.616594  31.277582  0.713949  2.879920       5.518262   1093.562012  107.147034   6.317719  2.418084   95.720276
333   2.330642  29.775988  25.070536  0.671562  3.629714       5.477798   1676.578369   91.381577   5.781836  3.210632   86.449539
334  -7.087458  23.563931  48.277378  0.711346  2.951913       7.981855    784.318542   57.246689   8.161602  2.860735  137.889236
335   3.357509  17.584038  38.356159  0.646644  2.530322       6.475526   1485.652710  129.096329   5.624809  3.784317  138.110016
336   6.506684  21.809740   8.177766  0.679942  4.369628       6.333580   1174.342896   68.113197   5.028365  3.149057  125.397102
337  -3.942579  16.690046  31.529953  0.590882  3.713896       6.096854   1066.705200  159.408112   5.229392  2.459919   54.862221
338   5.179180  37.753021  25.023504  0.789617  3.827823       5.939500    802.054504  126.508286   6.268343  2.237237  167.248489
339  15.992406  40.367229   6.055063  0.730657  4.024076       6.202304   1012.866394  249.216949   6.040951  3.172439  100.889587
340  -3.629886   5.574820  26.836500  0.643613  2.919450       7.759477    766.742126  202.341873   5.057806  2.378379  117.068588
341  14.649437  22.998241  17.831566  0.681123  4.957869       6.677174    859.991821  134.096802   5.136269  2.683606  165.464706
342  11.932631  49.524063  22.279943  0.763095  3.875981       9.019949    901.040100  195.466125   7.062536  3.443318  105.065742
343  16.427229  33.771980  15.504721  0.658880  3.254577       6.972702   1307.237061  135.848373   6.036829  2.561598   52.574085
344  12.852216  27.306124  15.429332  0.780890  2.219956       5.207953   1927.817871  139.690277   5.820774  3.061975  163.769287
345   5.831601  36.752239  30.082783  0.725004  3.213920       5.754272   1441.128662  219.278351   8.140494  2.651814  102.415169
346   1.180895  20.461132  34.501244  0.615318  2.571363       5.154413   1427.397095  148.100861   7.984596  2.542987   58.594875
347 -10.473467  24.732611  49.859539  0.754280  2.294150       5.490435   1071.110596   81.278427   7.248109  2.922568  170.455673
348  -0.420947  30.395769  20.275621  0.734829  3.928125       6.666422    787.800171   76.109581   5.667857  3.973696  193.267166
349 -13.452167  19.051544  17.691248  0.738511  2.535362       7.111054    706.396790   83.942696   8.528244  1.881577  143.158615
350  -3.906557  26.345791  45.829166  0.658834  4.268720       5.166701   1728.382324  229.429916   6.348860  3.007140   99.352150
351  17.943819  29.934404  15.082439  0.610354  4.204418       7.323575   1492.657593  246.266754   7.521336  2.975310   53.944538
352  -1.528649  38.050468  17.812162  0.768461  3.351267       5.667751    841.055664   74.502670   5.467179  3.030315  132.406982
353  18.104368   0.651250   2.305248  0.786091  4.150249       5.325484   1093.810669   34.108143   6.681418  3.604866  306.537628
354  -6.396165  22.625734  34.438465  0.724638  1.939802       6.446948    823.326050  105.591301   5.393816  1.573165   72.697456
355  16.395845  41.245049  22.520506  0.764712  4.118340       6.470111   1117.998657   86.139725   5.996159  1.711523   99.545227
356   9.265298  43.886646  22.538025  0.797219  2.647063       5.833183   1581.146362  147.020981   7.670946  2.463613   54.135090
357  -2.954186  20.052391  36.287834  0.703244  4.450985       6.253247    780.743347   30.255375   6.159797  2.733196  185.433578
358 -22.384089  35.691399  31.738424  0.757246  3.726770       5.743155    762.327698  184.661865   5.553795  3.005247   96.152618
359   8.073929  45.507133  43.853016  0.719671  4.003922       6.986515   1835.384277  190.783585   5.411907  2.568863  143.009064
360   3.296969  42.533680  27.125038  0.799913  3.226866       5.938785   1347.459595  194.894058   6.455986  3.947589  160.714920
361  11.882986  36.641598   9.077391  0.690957  4.409627       5.350868   1310.257080  154.059265   8.205717  3.283336   95.559288
362  20.495052   6.206206   7.657639  0.618038  4.429182       5.909359   1207.033447  155.613434   6.327465  2.258398   90.469383
363  13.453733  32.335171   4.587931  0.765605  2.365084       8.816439    822.685547  231.770126   5.203059  3.843649  130.580261
364 -11.179539   3.677141  14.238438  0.623286  4.117305       5.476516   1510.023682  227.795410   6.309608  3.153329  117.666550
365  -3.201468  21.680273  18.969429  0.721713  2.165779       5.861448   1065.343140  182.262970   6.819640  3.537821  181.317825
366  17.063417  26.993473  42.850689  0.712907  2.304401       8.465817   1136.672852  242.067703   6.426449  3.991674  233.619614
367   6.694632  38.909889  27.752008  0.767854  2.265590       8.356353   1430.438110  134.293808   7.790922  3.970678  103.577858
368  -3.277553  27.825603  22.277594  0.698546  3.681355       5.973608    817.969116  172.183807   6.615631  2.115379   92.426308
369  25.388475  25.891985  19.787796  0.643124  4.747802       9.707553    844.538818  194.827866   6.049472  3.629384  182.811081
370  10.149655  19.273367  23.349121  0.781341  2.762361       7.567674    852.216858   75.451431   5.414932  3.345606  249.224884
371  -4.631954  36.563030  45.912243  0.758757  3.297468       6.380758    941.618408   96.273804   7.838068  1.764619   90.392021
372   4.684489  24.658600  17.926149  0.726020  4.595175       5.845938    961.833923  135.860962   6.632157  3.276445  198.274918
373  14.807013   2.431106  35.035709  0.692340  4.876657       7.053389   1105.374390   38.057503   5.026893  3.915443  206.803558
374  -3.177572  24.177395  25.436396  0.792331  2.933967       5.160807    996.116699   14.727123   5.789413  2.793317  246.694366
375  24.910055  45.047401  11.292265  0.775358  4.811694       5.758474   1624.124146  238.545456   9.137721  3.139824  193.724304
376  14.988242  32.680710  25.488365  0.697784  3.735638       7.356661   1109.080688  124.527184   5.956055  2.165823  101.028725
377  21.200321  -7.893450   4.345500  0.658931  3.837386       5.884234   1279.664917   89.243607   5.389002  2.880847  153.396240
378  18.330870  21.606024   5.494038  0.673477  2.935927       8.888080    711.940857  110.186562   6.605191  3.398763  147.120453
379  -0.004173  41.900097  47.943699  0.732006  4.475752       5.446927   1996.476196  214.671494   7.715081  3.880302  199.195374
380  14.599678  31.952995  19.194729  0.693302  2.421911       8.606181   1023.372192  100.498856   6.112259  3.889645  125.912354
381   4.157630  28.326797   8.884758  0.712377  4.524771       5.849860    751.807495  126.141487   6.434048  2.913167  165.215698
382  25.293262  39.457294   3.126096  0.755467  3.915048       6.420332   1159.809204  202.062027   6.941708  3.166809  147.494049
383  -0.053834  39.535660  31.447414  0.725992  4.821232       6.797663    801.545898  130.967056   7.904637  2.459697   98.439873
384 -13.412683   9.301970  30.315613  0.706347  2.099568       5.554187    982.193481  165.972580   5.221712  1.750824  107.081421
385 -15.709839  43.131218  43.496239  0.785426  4.157867       6.162437    923.668518  132.602600   7.397076  2.938960   78.042122
386   1.538398  28.961502  39.680584  0.731261  3.917443       6.655687    712.082703  112.401253   6.945746  1.707938  138.429810
387   1.742845  17.156778  42.050102  0.650457  3.506179       5.145097   1565.705444  125.084702   6.138737  3.942518  171.848282
388  24.664188   3.667498  11.356861  0.741311  4.607614       7.325300    862.633118   59.071114   5.272403  1.820129  176.744965
389 -18.355064  21.845116  38.355888  0.679443  2.528797       6.108762   1320.624512    0.324984   5.117592  3.386146   75.780243
390  13.803215  20.310097  13.971822  0.668668  1.761170       7.429153   1043.343384  142.639618   5.762430  2.897398  106.261559
391  17.903503   5.944715   5.175844  0.649234  2.471942       6.483050   1382.225098  245.832443   5.189450  2.754186  111.450027
392   6.625723  30.519499  21.833942  0.766934  1.828996       6.103852   1764.642944  159.256424   9.025902  3.662302  130.637894
393  12.977036  22.084366  34.176464  0.639102  1.605297       6.717699   1079.862183  204.104843   6.275999  2.020776   66.398102
394  -1.652344  20.677687  39.861942  0.717738  2.622514       6.028527    837.149780  144.934372   7.792206  2.699167  195.213760
395  21.100630  21.346062  21.915768  0.700591  3.053615       6.829743   1443.963379   34.415680   5.762360  3.979558  220.618851
396  -8.288614  29.159697  37.063469  0.799363  2.926210       5.857751    760.464783   86.700630   7.693857  3.906454  254.535095
397  15.100545  31.117943  26.772070  0.742067  2.881917       7.319796   1018.699646  204.063446   5.142903  3.344114  210.450272
398  -6.958548  14.308764  28.343204  0.602039  2.981631       7.185706    700.557678   71.937126   5.316374  2.084105   66.655807
399   1.801966  37.164371  23.759340  0.754753  3.506112       5.134684   1301.120239  118.164986   5.492370  2.743557  103.347687
400  -8.644356  25.161631  24.600964  0.660562  4.432145       5.270812   1315.274048   54.604851   6.479973  2.627882   64.738876
401  14.686862  20.040003   6.719406  0.786161  1.474510       7.121014    900.115417  194.853226   6.019918  1.959674  154.261353
402  -8.931460  38.174160  39.254757  0.737623  3.641874       6.285713   1207.502563  207.576279   7.258740  3.824582  114.184097
403  11.225372  35.618523   0.078263  0.784173  3.390567       5.767727   1137.463745  210.978897   5.615912  3.122619  121.993553
404   5.743989  31.728323  38.482025  0.711256  2.412462       9.446164    710.856934  149.981522   5.403637  2.673388  130.773651
405  12.246245  29.775169  31.628660  0.701122  3.447616       5.019049   1662.324097   86.643036   5.748692  3.481739  193.220825
406  -2.267933  42.081463  26.196882  0.742120  4.875349       5.766538    978.647949  205.683441   6.350254  3.276206  108.716881
407  -1.200894  32.243031  27.440207  0.768379  4.536223       5.046649    976.749695  108.281563   5.043528  1.688760   90.428764
408  26.384724  -3.239682  12.488558  0.708687  4.307894       6.065156   1234.876221   69.058495   5.020832  1.728726   99.184067
409   9.536698  29.223923  18.861675  0.739700  1.979895       7.331046   1078.192139  109.006905   5.256352  3.485214  144.672836
410  -0.168926  30.516359  30.829477  0.768599  3.155642       5.185439   1168.146851  114.784294   5.558108  2.534121  159.110992
411   4.950825  33.403748  22.840748  0.784014  3.516212       5.369960   1012.264404  219.907211   6.431617  3.095643  203.524826
412   9.489122  16.540310  41.910545  0.672270  2.809393       5.216292   1817.176270   99.962906   6.132011  2.966615  133.357544
413  11.960927  37.189404  12.992599  0.737485  4.850586       5.106966   1473.303467  129.169113   6.547023  3.604172  148.711975
414   7.839016  30.841246  30.129875  0.633560  3.073977       8.084738   1205.715698  236.781342   8.483734  3.095140   63.052158
415  13.365644  29.941294  18.985006  0.733558  2.091332       9.308320    917.663269  206.930099   5.363849  3.406911  129.148895
416  12.456792  40.352730   6.241457  0.762182  3.348074       6.030424   1138.949219  222.150055   5.679756  3.889984  113.988396
417  16.482801  35.911758  17.108101  0.696002  3.418611       8.062875   1049.216797  238.696182   6.778681  3.513972  127.687202
418   1.757534  46.019245  40.804325  0.794769  4.592150       6.588091   1411.074097  139.101868   7.534624  3.640132  213.210159
419  15.711076  15.017922  12.038658  0.771924  3.599557       5.358109   1511.325439  102.826080   5.031864  3.530158  250.845886
420   5.063340  36.246674  33.587681  0.786829  3.246539       6.735998   1081.185059  175.442474   6.623016  3.966949  229.462997
421   4.602092  19.479500  17.808361  0.582486  4.493525       7.833768    984.451965  215.116165   5.965805  3.408277   72.791336
422  14.981351  33.041843  16.873526  0.688723  4.298848       8.684356    798.298279  132.933380   5.774474  3.897273  150.101990
423  13.478543  32.733089   3.079473  0.795144  4.345540       6.118647    846.945251  108.121010   7.265363  3.766225  213.386902
424   2.930239  19.375731  18.449192  0.717204  3.086537       6.068273    818.393982  240.948135   9.464487  3.355476  223.520355
425   9.519331  25.179089   0.813296  0.754306  4.419106       6.982291    709.244873  232.099762   6.802845  3.144641  202.448013
426 -13.938703  28.795414  48.878574  0.636406  3.762856       6.133759   1139.011963  151.996689   6.412137  3.829207   91.524338
427 -15.804642  43.689888  36.188934  0.733674  3.963088       6.763762    742.851685  222.309021   9.525310  3.972289   60.618782
428  -5.704031  31.027042  48.950768  0.725547  3.471822       5.561080   1302.182861  106.286285   8.076100  2.652250  124.319801
429  12.201250  24.153240  23.909081  0.707163  2.050148       6.309492   1512.535645  201.823685   5.240763  3.111737  137.575241
430  17.693502   5.316076  30.925255  0.705402  3.919251       6.279164   1175.558838   46.015179   5.314298  3.979308  222.439972
431  12.293225  41.359608  27.069212  0.744412  4.854138       6.610817   1462.938843  185.909180   7.661841  3.541288  178.466171
432  -5.374502  15.821344  48.542633  0.663597  3.798887       6.508320    818.862366  238.785263   6.074937  2.485061  138.600098
433  39.298164  30.059715   2.657219  0.605304  3.078830      10.982879   1522.070068  231.861908   5.827746  3.102032   81.775345
434   9.818811  32.702610  13.969970  0.715114  3.729647       5.224697   1342.438721  202.935516   5.290634  2.906611  110.248619
435   4.874871  14.665600  21.048849  0.713678  3.426259       6.150279    904.531677  242.107315   6.187829  1.682382  123.588165
436  -3.395859   1.977913  48.945976  0.675874  3.708862       7.017919    706.250122   69.248787   5.337595  2.176568  174.789398
437  12.588465  29.026764  12.161533  0.672893  4.382995       7.087004    736.185974  162.704269   6.703848  2.510815  111.113693
438  18.014503  40.288857  10.034794  0.758244  3.734019       7.206588   1042.658325  157.107971   8.644360  3.704110  147.721222
439   8.375527  38.887707  15.845178  0.745470  2.703966       7.246822   1409.856689  105.019730   5.419158  3.227076   50.321068
440   7.921633  22.192942  12.322885  0.763694  3.866589       6.828194    785.705994  131.830231   6.782821  3.405365  242.246399
441  -4.299690  49.246483  34.836582  0.795056  3.942547       6.881026    755.518311  180.512802   8.153316  2.817593  101.494293
442  10.910950  15.717369  38.778767  0.724011  2.488459       6.182123    831.223999   14.719979   5.258164  1.168646   99.843056
443  38.483299  25.865246  11.394052  0.677225  2.537754       9.565456   1056.797852  135.430191   6.268524  1.668023  148.841400
444   3.879891  12.970635  10.654476  0.650563  4.396097       5.078726   1615.205566   76.982903   5.396025  2.967386  121.708305
445 -16.271111  32.012634  23.560453  0.758382  4.075174       5.419882    799.225769   89.164207   5.343539  2.085706  109.402283
446  -4.670916  19.726366  37.492012  0.699346  3.370443       7.348717    700.520630  173.585052   7.799455  3.071154  178.015289
447  17.173964   4.235293  10.412969  0.667948  3.185569       6.598748   1112.956177  156.061371   5.140894  2.398674  129.170624
448  13.300829  25.700165  13.660474  0.720368  2.378844       6.295295   1353.084229  143.402283   5.277273  3.710180  171.062866
449   9.322236  29.735542   2.257747  0.686699  4.432678       6.587124    752.092041  229.833786   7.025212  3.499827  143.926315
450  -8.326229  40.446716  30.827749  0.780970  4.081984       5.545054    762.143311   90.281090   5.265887  3.840952  169.929886
451   2.020879   8.409931  26.560509  0.658807  4.174694       6.190573   1005.893188  210.734711   6.107833  1.733692   73.782684
452  -5.333838   9.582248   4.441081  0.658547  3.007989       7.125184    797.526611  152.472763   5.605127  3.115142  168.076569
453   5.365837  26.945904  16.696028  0.655322  4.317968       5.042307   1075.848267  218.960342   7.874791  2.066947   66.047249
454  29.055695  29.473196  23.589249  0.714120  1.360289       9.231256   1352.041870  184.856720   5.585237  2.316658  138.016098
455 -11.961435  41.034824  41.337570  0.780104  4.308594       6.526878    740.322632  185.030807   6.292692  2.818320  112.968155
456  -2.839294  39.593544  39.422729  0.749348  3.290747       5.739328   1208.040039  240.913284   5.484180  3.291469  136.973404
457  20.779589  29.905710  19.368984  0.593051  2.309097      11.202561    829.629944  181.037308   5.450977  3.796942   64.355080
458  -4.466845  43.786777  46.575195  0.671799  3.583210       8.414470   1000.845398  139.689163   5.498725  3.275228   65.934738
459   7.324770  29.145979  27.540401  0.742448  2.133723       7.895803    800.876465  115.158516   8.662596  3.436715  180.219543
460   7.417354  27.875238  18.125402  0.761901  4.049692       5.047832   1315.644043  190.030090   6.611656  3.271624  196.088959
461  14.867643  28.288454  43.073311  0.576091  4.832103       7.896786   1407.898926   63.419807   5.023593  3.277610  100.964050
462   4.879191  41.032261  13.820675  0.762858  3.890913       6.445921    808.297180  109.583496   7.058207  3.899692  133.865601
463   7.208106  32.407722   1.216117  0.763136  3.593587       6.366326    816.918945  235.022675   7.620103  3.650766  181.003235
464  -5.846088  24.596043  15.612424  0.709102  3.672314       5.591090   1244.838135  185.386917   7.514139  3.678052  164.619781
465  -3.062214  18.833439  49.061455  0.635572  3.538910       6.706977   1123.089478  175.650345   5.981905  3.754976  144.788788
466  10.035895  37.914204  17.635984  0.744676  3.104323       5.329458   1405.897461  159.934052   6.119123  2.843204   95.679726
467  -7.936495  10.957415  25.104916  0.741518  1.885451       5.978693   1064.082153  133.178482   5.762365  2.521427  198.000336
468   3.183360  46.574654  44.340981  0.706310  3.247689       7.980577   1394.068848  240.844864   5.914299  2.874955  104.288727
469  16.271740  41.036678  15.997975  0.741618  4.463686       5.827584   1001.665527  110.666008   5.550509  1.743863   76.211197
470  -6.767216  16.137138  32.991673  0.723481  3.360057       6.075057    794.559631  140.848480   5.444501  1.914671  171.278336
471 -11.732701  21.840815  45.728439  0.752345  4.274549       5.391299   1047.111816  153.697311   5.017145  3.757179  225.732559
472  -9.528371  34.753262  20.862778  0.790587  2.549359       6.593706    991.639709  242.488205   8.185120  2.741964  109.045006
473   4.265912  41.928539  20.619589  0.642053  4.951738       7.327812    745.819214  213.530289   5.751725  3.551620   63.235985
474  -9.185843  36.529366  33.018112  0.707720  3.767974       5.183419   1009.708862  165.129532   6.264497  2.844729   83.537033
475  -8.997975  18.045801  20.701454  0.734983  2.046957       7.123924    726.967285  203.705200   5.729528  2.107281  160.449280
476  -9.897632  25.899002  31.849594  0.699864  3.992322       5.380016   1200.951904  215.361588   7.904629  2.846688  119.057922
477  23.651184  23.878696  21.620689  0.739024  2.407383       7.085904   1185.178833   81.603653   6.762997  1.759562  134.287918
478  11.240575  23.029169   4.841182  0.745545  3.641983       6.786913    865.210938   97.716606   7.628089  2.504641  168.519821
479  16.326906  34.852196   2.096070  0.744078  4.836813       6.627496    789.202698  173.533539   7.406848  3.709137  169.037888
480 -20.684467  40.335903  45.149193  0.729383  4.284100       6.585683    706.880432  148.696655   6.149808  3.699159   72.496986
481  -3.428484  33.330086  23.919899  0.708595  4.212197       6.455411   1012.263916  207.622635   5.347137  3.945838  129.655838
482  -9.913737   4.125650  22.934782  0.620746  4.209909       5.274519   1484.789795  121.324669   6.456897  3.449760  134.176910
483 -10.268877  29.870296  41.572636  0.621427  3.921659       6.459490   1106.799438  192.604416   7.655318  3.917889   84.429604
484  12.503819  24.868422  17.155563  0.739855  4.120675       6.819861    974.469055   99.709381   5.326895  3.119156  194.119446
485  -1.946437  38.781929  41.950184  0.763400  3.410635       5.037619   1424.608032   88.451706   7.367713  3.295608  177.723526
486  11.192976  19.951319  31.954428  0.684079  3.701617       5.565879   1472.241821  173.322556   6.960518  2.502974  123.484070
487 -12.908675  39.141479  34.151836  0.754802  4.428780       5.319905    825.272278  235.208435   5.162933  3.720603  135.970535
488  -1.236027   7.089252  22.170269  0.652718  4.407916       6.235926   1000.465393   34.470322   7.211206  3.346541  169.620987
489   5.717115  33.289818  19.417406  0.728329  2.913767       7.749496    917.204529  143.710770   6.505590  3.519579  120.918243
490  13.393929  23.736214  15.181246  0.696616  3.190089       7.373734   1055.808228  155.296005   8.193576  3.109050  145.940811
491  13.784147  26.700296  18.768993  0.644831  4.117191       6.732790   1633.115479  228.261185   6.589465  3.901779  121.575203
492 -15.177849  31.091820  47.992764  0.733457  3.769120       6.806994    850.464905  138.741714   5.213543  3.384138  134.560135
493   3.068381   8.275461  43.861481  0.732928  4.771991       6.513608    975.926819   72.628822   5.288601  2.883980  224.735611
494 -17.114296   0.039167  24.473169  0.537172  2.558350       8.760165    769.963562  119.431816   6.220458  3.666471   83.394669
495  28.305464   5.964911  10.920006  0.636861  1.948032       5.828752   1730.251709   30.502560   5.756650  2.056584   68.305374
496  22.207644  28.826769   7.751605  0.763898  1.686080       8.950182   1396.671021  244.608215   7.869817  2.799416   73.153397
497  -0.958918  27.181545  14.257643  0.610996  3.797053       6.064841   1327.862549  155.447769   6.296147  3.323642   50.599712
498   2.630593  24.920387  43.621101  0.750088  3.536511       6.769011   1025.107178  248.321335   5.869963  3.937269  238.739594
499   6.383835  35.842201  18.455353  0.715245  4.115642       7.610168    769.784851  157.758438   6.352560  2.507540   82.973534
500  18.395988  20.971222  20.902594  0.737776  2.476374       7.505768    878.920959   83.256927   6.088537  2.125056  169.540741
501   4.272746  37.703186  26.293373  0.751727  4.015027       5.779787   1486.101685  216.891754   6.599087  3.958567  157.683044
502   0.620491  26.289810  37.655266  0.622294  3.131124       6.933220    890.379456   30.780348   6.981921  2.475033   73.357155
503 -16.343973  18.627388  36.560268  0.646280  4.574535       5.371186   1289.699951  204.488983   5.328284  3.702824  123.741196
504   6.490332  31.189861   6.753197  0.738711  4.377438       5.922445    703.857605  189.874588   6.650751  2.432478  153.254684
505   6.825080  14.798781   3.911959  0.723712  3.022890       7.244687    712.403198   96.072472   6.116690  2.464509  205.613876
506  -3.904757  21.242741  14.977367  0.704606  2.615677       5.322103   1444.385132  208.866684   6.203881  3.621752  162.796341
507  15.272055  25.624449  35.924400  0.641217  3.686162       7.515153    998.683044  149.320358   6.209212  2.655817  139.281769
508  23.554398  32.449383   4.241869  0.795783  3.844343       5.698883   1303.859131  120.485649   6.349068  3.452783  224.990265
509  21.231222  25.061697   6.323950  0.756397  4.602352       5.194144   1038.516724  124.158028   7.364018  2.075860  187.272568
510  -3.049479  34.927258  31.409500  0.796408  4.196423       5.654584    839.575439  168.060394   6.197949  3.637969  217.966675
511  14.377692  32.842686  37.771412  0.668805  2.977006       9.029160    879.266296  125.354805   5.171731  3.130377  169.512909