           lon        lat        inc      D1AU     delta  launch radius  launch speed    t factor       B1AU     gamma         vsw
0    11.796768  38.520897  36.624676  0.706093  4.796928       7.657898   1469.842896   29.692465   5.103969  3.867407  197.723160
1    -0.110190  25.409649  25.994045  0.746530  4.404157       5.431379   1204.753052  227.645966   9.064157  3.802300  208.620010
2     5.308369  40.049492  23.659542  0.760577  3.534698       7.084054    843.221741  223.898193   6.135025  3.262326  133.379654
3    -2.290667  23.428385  16.510145  0.732404  3.302749       6.994939    785.600586  169.313080   7.262677  3.370426  195.459641
4   -19.099901  31.395731  46.920605  0.762181  3.964047       5.117449    928.133911  135.106369   5.404586  3.114889  145.735001
5    13.077144  48.869232   8.400577  0.762686  4.956481       5.041720   1418.206177  227.569519   6.810101  3.569462   72.118179
6    -3.137904  46.298115  38.269257  0.739343  4.576838       5.883472   1578.024780  218.173279   8.058673  3.961729  118.629654
7    11.032420  24.951021  14.112145  0.630573  4.854846       5.717714   1178.947632  204.386993   5.662938  2.634147   83.712166
8   -10.565941  35.638035  39.086555  0.680012  3.999914       5.223890   1254.429810  116.643005   7.227845  3.502242   81.585869
9    13.409489  39.088860  21.891247  0.797079  3.778600       5.941358   1278.115479  172.956726   6.520950  3.213575  201.953964
10    4.259214  28.176071   5.333986  0.725761  2.983369       5.523027   1272.362305   91.258080   6.413674  3.429793  142.757462
11   -9.088246  37.297230  45.825768  0.665266  3.952362       8.697222    717.501282  225.219116   6.091332  3.922230   83.962212
12    6.445704  37.979019  22.134552  0.766802  3.636330       5.109489   1481.984497  203.313187   5.392416  3.351017  150.382874
13   19.094570  35.324314   3.448038  0.717072  4.594078       5.859822   1091.093018  125.368057   5.596534  3.445730  141.049301
14   -4.925550  31.864893  10.193499  0.691798  4.073565       5.784925    793.996948   79.871490   6.341288  2.070616   63.966011
15   -7.731216  41.939377  36.588661  0.785105  2.919518       7.788174    810.993835  209.552826   8.845559  3.903705  103.232918
16   14.974203  20.972588  34.891144  0.762024  4.388478       7.072729   1032.027710   44.067917   5.248069  3.213890  258.159760
17   -7.794496  41.139595  13.020709  0.775308  3.149465       5.338233   1165.225586   62.104706   7.289475  3.097868   71.378456
18  -14.420580  36.597988  42.830814  0.702435  4.847592       5.131675   1048.571167  176.886032   6.147758  2.749667   66.173218
19   -2.096079  19.491375  31.361803  0.608108  2.545730       7.254210   1230.215454  230.859329   8.580790  3.578910   78.253548
20    3.410982  21.333643  17.217670  0.624854  3.910408       7.591866    808.555725   95.048477   5.249940  2.796390   87.536186
21    3.400570  31.607603  17.353119  0.759436  2.647953       6.170987   1222.063110  160.758957   6.766888  3.707290  159.134491
22  -12.751014  34.986717  28.656233  0.744639  3.048836       6.926118    768.059448   83.719849   6.938368  2.294601   54.806480
23   11.760616  43.053097  20.227039  0.789964  2.985988       5.886617   1704.135864  158.927979   8.275245  3.276294  124.208321
24   -1.132153  36.904659  14.988080  0.674716  4.378570       5.856850    866.667175  222.688812   9.087358  2.828915   56.756699
25   13.094131  20.551100  31.328802  0.688892  3.347506       6.029243   1283.047363  173.671082   5.998299  2.308643  131.494049
26   -0.580289  44.572163  38.072159  0.791463  3.151516       6.148963   1690.358032  148.423950   7.015153  3.310431  121.460938
27  -13.059009  11.360220  33.219345  0.651054  2.767407       5.813438   1328.906738  215.428726   6.738534  3.416089  128.701477
28   -1.946427  25.345720  18.694815  0.696573  3.266503       6.817633   1097.966309  121.710121   6.638278  3.958193  145.404282
29    6.665639  41.002728  32.652016  0.635066  4.042179       8.696911   1170.354370  185.758057   5.722656  3.826228   73.495789
30  -16.120333  20.335182   0.255228  0.653794  2.074089       7.262470   1322.093384  115.780128   5.814604  3.593503   91.226044
31   17.302319  36.501114  10.932894  0.727045  4.219213       5.555938   1472.522827  212.302063   6.422802  3.245739  133.990784
32   -4.787338  45.758499  39.116497  0.748799  4.048262       5.901934   1332.216187  229.348190   6.184663  3.743212  115.234657
33   11.713191  25.932495   4.319153  0.637301  4.589909       8.357544    710.724731  230.290726   5.551667  3.713025  112.673843
34    9.779593  21.562864   2.695156  0.714115  2.412041       5.833380   1208.584839   92.230782   7.601910  3.334953  164.325134
35    7.238523  29.698687   9.783096  0.743954  3.163218       6.558568    982.555481  109.806190   8.959556  2.709763  125.342979
36   17.672237  25.654325  19.368271  0.718547  2.969001       5.160688   1713.656982  191.612869   6.380443  3.497052  196.864609
37   -3.053995  36.618374  30.985586  0.767723  3.475890       5.317953   1351.178955  131.571838   8.041090  3.415692  142.349365
38   19.204397  36.720085  18.379745  0.755208  3.460644       5.815002   1812.663696  132.959656   7.286484  2.992235  164.645172
39    1.402756  39.527992  34.914310  0.716594  4.277047       6.419063   1102.887573  228.328278   8.570949  3.706933  154.938812
40   -1.449322  18.821434  13.433448  0.709147  2.600311       6.162716    826.520630   59.809216   6.714592  1.791731  125.294525
41    0.964896  41.858921  20.823124  0.694572  4.625585       6.833132    942.279175  222.203552   8.975438  3.958808   79.915428
42    6.421870  30.067648  14.630203  0.792642  3.285079       5.348553   1041.781860  232.446304   6.428289  3.895182  232.857315
43    2.248730  33.379223  16.126610  0.710680  3.951254       7.228073    733.148804  185.723450   6.110221  2.822354  108.125626
44   -7.537448  12.784050   1.599769  0.643174  4.904094       5.582352   1126.528687  155.141708   5.224187  2.948794  134.826859
45   12.588120  33.397327  15.706317  0.710390  3.326508       7.962363    962.098022  163.702271   8.193777  3.050744  103.352142
46  -11.952719  34.296982  30.014883  0.731030  4.974563       5.536232    848.628784  216.794266   7.620744  3.997335  161.380951
47   -3.928169  29.675533  45.097733  0.667053  3.496983       6.037476   1492.400391  130.521835   5.976542  3.080293   90.476151
48    4.599366  35.503616  34.141972  0.729021  3.379536       5.750578   1523.185181  105.200233   6.048541  3.515670  159.001572
49    1.683765  43.447605  22.488811  0.720868  3.771594       6.601006    949.631287  244.473618  10.311238  3.552743   73.573730
50   23.102551  28.419455  10.030441  0.784651  1.986547       6.617636   1551.161987   85.211639   5.011848  2.677798  149.706055
51   11.155183  38.563519  15.598081  0.750480  4.552476       5.664614   1132.269653  180.495880   5.541774  2.642624  112.027924
52   20.070269  15.659212   0.691277  0.696891  3.214454       7.501180    821.320435  148.330780   7.238116  2.474339  153.869171
53    6.033918  34.603710  23.361427  0.732514  2.782251       5.369476   1144.611572  221.950470   7.244812  1.905737   53.427864
54   10.588433  13.470518  45.578190  0.644084  2.258654       5.299583   1617.201904   52.067490   7.633742  3.748594  175.289261
55   -8.140291  27.520550  42.926605  0.764342  1.633355       8.249043   1036.791382   66.255440   5.077871  2.947204   89.878769
56   -4.400321  45.578495  29.266470  0.766187  4.472973       5.525206    854.513855  211.478333   7.165514  2.247872   58.066383
57   -7.398922  38.159275  45.081104  0.717854  4.684960       6.930871    787.147888  203.951950   7.365494  3.224545  142.965607
58    6.593138  27.651848  29.695477  0.720633  4.061773       5.547056   1765.684082  161.570877   6.372966  3.988580  181.786682
59  -20.009163  22.785015  39.631252  0.731107  3.679364       5.555328    773.576782   91.467880   5.974615  2.042997  124.340462
60   -3.621694  -2.404982  19.361794  0.733015  3.052316       6.031253   1095.745483  107.869392   6.465024  3.472493  265.499420
61   -1.211104  29.928295  14.956325  0.777192  3.859243       5.102381    915.905701  221.855286   5.084945  3.350162  218.221207
62    1.839782  42.858795  38.105537  0.752090  2.957990       7.954753    988.876526  155.742508   9.143650  2.553578   90.439445
63   -9.957554  41.928017  40.531990  0.716854  4.402273       6.530015    793.384094  150.044327   7.270272  2.904080   77.893967
64    4.022956  10.696687   4.165194  0.794370  1.567237       5.824498   1028.493042   53.942627   5.751337  3.913749  331.036041
65   12.740833  28.404306  20.479313  0.695512  3.168742       6.516879   1087.477051  141.193192   7.017211  1.977788   71.094330
66   19.198135  30.863461   5.998029  0.724644  3.576262       6.735734   1166.943726  189.319046   6.064332  3.143900  131.750473
67    4.744215  35.387699  32.848034  0.748131  2.948571       6.606371   1401.748169  180.169098   5.638624  3.701572  166.325775
68   18.325792  18.620079  14.842785  0.705708  2.285067       6.298592   1325.216797  173.615555   6.732236  3.252667  177.582260
69  -10.983756  15.010215  18.512678  0.673782  3.202242       5.867299   1066.257446  125.910255   5.281227  2.502809  122.708473
70   18.172560  28.127758   7.299530  0.731867  2.602686       8.300077    850.071045  202.285065   6.618618  1.830215   64.590347
71   -2.058983  45.216900  21.328964  0.797767  3.451539       5.911012    812.585449  115.563042   6.758466  2.771461   77.706917
72   16.382547  20.524958  19.268320  0.633412  4.214624       8.128154   1034.036377  116.484764   6.834134  3.379502  128.390015
73   13.870513  41.958668  22.823914  0.758147  4.660053       7.270352   1002.646240  203.670258   5.725118  2.949534  169.232834
74   -6.037653  18.558638  38.166508  0.707974  4.282010       6.717032    811.472107   90.458336   6.040640  3.801210  209.075348
75   17.772745  47.243221   5.890856  0.787501  3.511399       6.037220   1491.122681  173.675705   6.514532  3.455377   62.030033
76   -1.146019  14.559378  27.160156  0.676489  3.822290       5.352988   1139.805786   91.862709   5.131861  3.710258  199.431030
77   -5.831009  36.253487  33.319221  0.738090  3.322810       6.266912    961.822693   66.770172   5.991581  3.036361  103.006523
78   32.018478  18.617588  13.236860  0.647917  2.245218       7.568311   1740.939087  185.039413   5.194520  2.686235  126.318100
79    8.043197  14.601161  32.284550  0.676480  3.281110       5.509112   1204.046265  123.743393   7.092620  2.363824  136.431229
80    0.281174  35.125954  21.782312  0.733753  3.872231       5.622656    840.032410   69.253845   5.714636  2.234214  100.953880
81   -0.798374  29.428463  37.737324  0.706616  4.805497       6.396680    731.260376   85.574791   5.342858  2.300117  154.663254
82    3.988324  24.018082  49.610661  0.730762  4.517301       5.773765   1107.435181   49.734989   5.942158  3.333905  239.853516
83    3.696815  26.648182   1.865330  0.715331  3.156882       5.631917    858.728516  122.745911   7.824069  3.556778  192.481339
84   10.558946  22.502815   4.653061  0.637565  2.929547       5.757934   1449.626343  221.161987   7.092662  3.169442   86.169502
85   -0.539125  42.570675  28.925098  0.725104  4.847929       7.811839    704.914124  178.587799   5.336183  3.383786  104.072426
86  -10.686746  17.313400  49.245594  0.669021  2.962458       5.906805    911.903748  231.272858   9.067449  2.598881  124.017105
87    3.705267  37.550781  29.488890  0.748067  3.557025       7.640938    749.676819  125.499435   6.026510  3.082562  151.901123
88   17.950346  14.731517   5.648003  0.602625  2.044007       6.241000   1615.726807   93.246277   7.024444  2.712580   55.969227
89   14.258706  38.039631   4.887076  0.775249  3.526150       6.147900    924.571899  217.589249   7.468779  2.500175  105.873177
90    6.680364  20.780470  28.007502  0.698898  4.092596       6.700964    845.195740  248.350861   6.195576  3.246525  196.172318
91   -6.817389  28.358820  47.933601  0.683235  3.350182       5.830335   1610.751587   53.993382   7.275744  3.701340  126.172829
92   -6.562194  25.400829  37.885750  0.654655  3.375474       7.911177    783.668518   67.373604   6.251452  3.261484  101.849571
93   21.202736  33.032177   9.421586  0.678787  3.504599       7.567910    897.629700  193.524445   8.228767  2.681327  110.050888
94    5.618859  17.583735   4.310694  0.666810  3.840155       5.320185   1164.888550   91.773323   5.452167  3.460119  163.314621
95   12.296245  32.718479  19.539732  0.705983  3.905499       6.557196   1218.990601  227.025726   9.195331  3.332736  136.958725
96  -20.903271  37.571552  38.281708  0.736383  3.884601       5.194812   1034.615234  115.996964   5.194818  3.402229   75.411858
97   -9.784519  43.834625  43.357925  0.795483  4.462007       6.234673    772.908691  100.312737   5.281850  2.243004  122.334770
98    2.955839  32.363525  19.694620  0.727935  3.102874       7.379262    875.509216  177.390488   7.218940  3.983472  148.643631
99    4.054840  24.110039  12.813917  0.746867  3.753029       6.189947    703.659180  184.014313   7.266308  3.651714  253.330490
100 -22.575718  20.766403  44.769783  0.676041  3.940710       6.091094    832.033875   51.870274   5.902184  3.746838  135.759140
101  28.744415  34.622860   7.294700  0.774495  2.944790       6.098665   1399.213867  176.958740   5.710471  1.830283  114.125389
102  11.304317  18.111242   5.220282  0.718568  4.246470       6.125995    969.052490  175.229126   6.712598  1.830239  115.741425
103   5.226812  38.900928  17.683794  0.720021  4.683314       6.870224    892.227844  205.050659   6.411440  3.962637  126.323547
104  -7.932151  22.305248  29.793356  0.683646  3.716925       6.984230    812.287659  240.083481   6.397036  3.912593  169.370361
105  22.062010  33.437023  22.744860  0.733309  2.365566       8.016172   1072.024536  209.101028   5.597784  3.036586  198.246902
106  17.985449  22.462219   3.075622  0.774412  1.323070       9.925030    829.691223   56.679558   8.158098  3.780334  147.192062
107   1.534794  28.961317  11.011454  0.767402  3.347114       5.596446    938.274536   51.179264   8.154491  1.672071   91.628242
108 -17.974096  28.847567  38.984093  0.748498  2.903143       5.164778   1512.558472   56.778240   7.738243  3.776057  131.143753
109 -10.546466  49.544426  46.145737  0.768479  3.768579       7.110609   1040.429565  214.525909   7.091496  3.263137   79.456131
110  -5.782381  23.882025  35.681099  0.587997  4.116382       6.843308   1130.813599  202.014252   5.953035  3.825779   76.532257
111   8.016486  18.509735  12.617439  0.695264  1.867031       7.673119    796.065369  133.151657   7.845326  2.266028  113.611130
112 -10.184215  41.095039  40.713871  0.731286  3.696056       7.399360    714.847473  102.346306   6.857444  3.758087  101.970932
113  18.438549  20.412388   9.036832  0.751316  3.178065       5.153550   1280.677490  179.053543   6.115717  1.643817  106.762779
114   3.202808  32.524967  20.609709  0.743596  2.945848       6.048573   1004.918823  108.273132   5.315833  3.833313  171.064423
115   3.621330  37.528030  19.990698  0.783535  3.100200       5.880760    927.782288  133.830338   5.700428  3.579267  173.510345
116  11.241843  30.090717   0.221585  0.767413  4.166700       5.220895    978.164856  127.668594   5.162475  1.897397  103.003876
117  -8.840768  39.363594  44.712387  0.707524  2.846665       9.901714    786.200073   94.810257   5.298130  3.905617   52.016144
118  15.890131  28.295082   2.332098  0.769901  3.318502       5.583840    947.098511  133.315247   5.027349  2.761101  186.383713
119  17.250519  31.520790   3.836393  0.774188  2.994994       5.104946   1575.564453  219.896973   5.992547  3.602499  169.675858
120   2.350427  27.798605  43.316639  0.739757  3.683270       5.096016   1020.710938  123.624977   6.138381  1.549963  118.746902
121   2.715571  45.349224  25.258471  0.741502  4.215499       6.428879   1048.895386  180.408432   5.116210  2.552561   51.950432
122  -8.124140  36.161770  40.865089  0.796406  4.341388       6.407046    798.644653  118.238724   8.483880  3.559974  196.682953
123   3.362994  46.132931  15.586259  0.799361  3.540089       6.696624    791.344055  115.256989   6.413883  3.793715  101.237907
124   2.305818  31.988192  29.027256  0.769171  3.119131       5.578687   1363.879272   42.305679   6.383129  2.802793  148.494858
125   8.412683  18.178082  20.624203  0.777591  3.001641       7.320261    770.460815   78.733376   6.498647  2.486815  232.057968
126  12.486853  36.827469  18.582832  0.640350  4.277204       5.355962   1797.568970  114.674393   5.105389  3.604447   91.033119
127  -3.309268  27.817799  38.334236  0.705485  2.932099       6.980860   1105.445679   55.681416   5.570532  3.067811  119.941200
128  15.188809  23.061777  24.663309  0.772435  1.883818       5.615249   1310.810791    2.652361   5.507515  1.996612  163.674255
129 -20.551765  21.875784  46.533646  0.750118  4.474564       5.121802    968.932312  100.671982   5.081492  3.033679  190.813522
130  -5.298541  25.915571  23.402084  0.596322  4.350133       7.013603   1139.639404  192.814102   5.256055  3.882070   65.612236
131  -8.071965  39.751926  32.815235  0.729815  3.883149       5.584853    952.540710  159.770355   6.601860  3.680117  117.050171
132   9.386302  31.140211  20.253218  0.715635  2.836969       6.268149   1191.323608  221.231918   7.499173  2.852042  120.795036
133   5.992342  29.827293  12.150305  0.664774  3.989574       7.673721    757.156128  203.446365   6.880967  3.286719  104.572456
134  -2.708750  26.522518  43.504589  0.618803  3.933503       8.543328    734.715027  183.322372   6.217121  3.408404   99.112762
135   5.103711  33.957150  27.378721  0.768882  3.452988       5.264339   1302.584106  208.786545   7.986257  3.742314  199.424515
136   6.039915  31.118956  26.154392  0.657374  3.010269       6.692583   1210.972534  230.265610   9.282650  3.528080  106.559380
137  12.628999  35.442261  13.424775  0.786428  3.175749       7.128722    956.299194  217.844177   7.118375  2.873400  143.321304
138  14.329328  36.607136   4.728603  0.705234  4.630945       6.108622   1178.869141  133.103882   7.357108  3.681964  109.401741
139 -10.681577  30.715452  32.495636  0.744129  4.373274       5.522339    885.023499  195.941727   5.981606  3.187906  163.083008
140  14.367354  40.376938   9.833641  0.741625  4.345671       7.793371    801.568542  178.612350   6.560137  3.331800  111.697792
141  -3.270943  28.432789  38.779339  0.670046  3.727381       5.820643   1233.353516  173.767319   5.143962  3.800062  139.623169
142 -14.879892  30.162418   2.924056  0.662431  4.930244       7.243543    804.560547  247.571548   5.074519  3.131744   86.437721
143   0.254233  27.934256  27.039902  0.785367  2.455585       6.084260   1050.129395  240.241196   7.539492  3.267202  204.767990
144  12.302248  39.100544  26.059288  0.735493  3.394766       5.653141   1551.218140  129.370209   5.275103  3.243703  159.310547
145   4.004003  37.572716  22.588518  0.792680  3.363017       6.010674   1059.779785  237.152405   6.245957  3.361444  167.174057
146   1.526248  32.962509  22.624912  0.729846  3.478692       5.177916   1325.441895  131.799316   5.824466  3.702471  146.325958
147   0.214112  45.371033  26.826529  0.753730  3.734416       7.068810    948.066895  176.568710   5.671222  3.142679   64.783768
148  18.880014  19.577530  15.456142  0.774478  3.908274       6.066000   1084.196167   29.659702   6.149297  3.359955  275.451355
149   1.930796  47.556015  25.320305  0.785106  4.309815       5.699452   1173.848267  207.336517   8.208549  3.657260  116.168549
150  -5.474814  42.924500  32.597610  0.769449  3.126697       5.384002   1909.388916   78.688126   7.126289  3.725788   68.534477
151   9.916184  41.850227  17.066778  0.740151  4.344246       7.764796    714.970703  127.836655   5.576003  2.824274  108.855644
152   4.611740  31.753466  23.543358  0.677608  3.629693       6.035732   1527.481689  238.348816   5.849470  3.390220   90.775513
153  -8.435224  39.395176  28.920326  0.731943  4.305377       5.711358    755.077637  178.788483   5.562590  3.226933  112.586929
154   6.070130  38.376301  21.820490  0.738332  4.765231       5.777114    771.505005  106.982231   6.761941  1.628537   75.241974
155  -3.259069  18.739872   2.826738  0.727323  2.146902       6.326803    858.602356  227.186234   6.884762  3.298082  214.492279
156  -5.113832  27.016453  46.677250  0.677211  3.453650       5.537984   1664.040283  116.093452   6.068426  3.489480  122.736107
157  -0.420631  27.067780  30.229288  0.710366  2.217266       7.053063   1088.276123  218.995270   6.343969  3.469855  124.310562
158   4.051180  31.746380  27.983395  0.789291  3.301189       5.556552   1050.249512  106.929306   5.862886  3.106156  215.398254
159   5.566669  47.098465  12.433001  0.759728  4.207316       5.320480   1456.854370  189.331772   7.845002  3.692296   50.422802
160  23.057789  22.523621  41.899273  0.600277  2.911772       7.402330   1561.584229  220.996933   6.086302  3.592485  145.427612
161  20.627874  29.237421  12.980327  0.693281  2.270366       7.786104   1135.844482  116.743057   5.556939  2.626130   88.624878
162   9.739655  36.011044  25.713057  0.685870  3.219864       7.186197   1050.459839  159.040207   6.924328  2.444919   76.566612
163   4.949890  30.132896  11.909561  0.683376  3.015414       5.754182   1405.325073  145.616623   5.396209  3.515015   94.627792
164  15.924707  46.874935  21.701443  0.739034  4.704201       8.701927    887.897583  190.103134   6.881760  2.820251  136.243774
165   6.616019  11.896983  13.572952  0.496564  4.725862       7.684030   1184.791626  127.063438   5.699644  3.959383   52.630905
166 -18.601631  33.702679  48.970551  0.721381  4.071971       5.250744   1157.574951  173.626862   6.411794  3.518876  108.742653
167  -6.953007  31.071486  26.194225  0.726505  3.440545       6.596563    806.314453  173.401215   6.807110  2.794029  124.754601
168  -7.836866  30.703287  31.420641  0.683740  4.469712       5.549649   1296.809814   89.238289   6.718371  3.698539  114.961517
169  26.110355  40.589336  14.187601  0.796567  2.520271       7.035058   1473.588867  180.231430   5.646777  2.390802  152.778793
170   1.600949  16.687214   9.069676  0.672621  2.127551       6.412906    967.191589  105.653992   6.983079  1.975569   80.408203
171  -6.995895  35.777298  27.116749  0.733014  4.823382       5.368884    755.762634  240.870056   8.221366  2.439728  116.799072
172  -4.608084  28.787540  42.282345  0.771690  3.092482       7.040990    971.312073  162.000519   5.562822  3.456292  191.342346
173  14.368498  18.256134  10.132710  0.642976  4.051054       7.911366   1090.411377  121.694466   5.297144  3.982386  133.331116
174   1.013404  28.157887  29.809927  0.739793  2.975788       5.047169   1437.805542  246.145340  10.507971  3.057104  153.755112
175  -6.763159  11.231771  40.824890  0.750932  1.442278       5.539406    849.923035  104.120224   5.252916  1.866877  213.183197
176  13.170156  36.951603   8.100506  0.779398  4.140758       5.935483   1127.506226  239.064636   7.040080  3.490746  162.206741
177   5.659019  22.046665  33.832340  0.652425  3.963426       6.921609   1249.937744  139.843353   6.309625  3.669198  145.714081
178   0.293911  36.125259  16.290190  0.742228  3.445323       5.301828    980.652222  136.576935   5.159707  2.289794   79.059189
179  15.580454  35.784775  18.272160  0.738177  3.579989       5.663658   1486.649414  169.420227   5.389777  3.660341  182.239929
180  11.420383  44.560909  20.756834  0.714006  4.689611       7.006620   1051.244263  149.398529   5.798597  3.668636  125.197166
181  27.116541  31.675592  10.952471  0.729703  4.963795       6.981153   1057.187256  156.809631   5.480402  1.784275  144.612289
182  20.435658  26.305521   6.312412  0.621141  3.085250       6.853683   1491.242920  237.000168   5.013504  2.908330   54.993217
183  15.839580  30.428862  21.002535  0.758491  3.284938       6.155251   1292.426758  147.471436   5.887095  2.606533  167.692429
184   8.819319  26.355759  27.991465  0.699325  4.301588       7.746919    885.215820  234.493088   8.331503  2.929549  159.158829
185  11.125124  13.910366  40.659790  0.574360  3.672082       7.579887   1266.770508  214.898621   5.861682  2.996185   66.515640
186  25.322233  29.006540   3.168101  0.671818  3.508155       7.189632   1169.273193   89.518364   5.118276  2.858707  104.577202
187 -17.481916  24.418589  47.863983  0.655014  3.722487       7.408362    868.378235  156.249557   6.753435  3.537923   81.453545
188  17.381889  19.668440   0.742035  0.739317  3.492658       8.048567    758.211548  203.874390   8.177407  2.654368  173.056412
189 -11.456547  26.105532   8.407318  0.614101  3.890744       7.580136    747.357361  180.060684   8.540249  3.987845   92.966972
190   0.474342  39.237904  32.995373  0.742931  3.211581       7.669389    728.307678  193.485565   7.387123  2.644950  112.638367
191  14.813119  42.262249  15.228596  0.741406  3.964895       5.888605   1423.925659  194.402527   7.399818  2.364018   57.455357
192   7.524600  37.174232  11.872823  0.737181  4.507010       6.013824    949.186768  230.699020   7.580518  3.613491  139.268494
193 -13.211341  20.736506  42.077618  0.681516  2.513670       5.661050   1339.430298  105.871735   6.141935  3.763806  128.355179
194  -4.782570  26.293736  38.037041  0.652347  4.761268       5.641403   1529.368896  133.317719   6.037458  3.359529   96.417572
195  -2.293249  34.071400  13.067727  0.669487  3.345196       6.880886    796.786499  149.574005   6.629204  2.877331   54.050125
196   0.455480  23.285555  45.300892  0.685210  3.034484       5.373825   1211.194702   75.713783   8.105394  2.465183  133.301727
197  14.255375   2.276943  24.633991  0.762141  3.862470       5.631343   1135.944458   46.287910   5.422289  3.327241  263.473602
198  18.168825  41.599045  14.832258  0.794525  2.974888       6.370608   1964.209961  173.716095   5.528813  3.905793  162.885132
199 -15.355866  34.984291  43.093273  0.696555  4.960201       5.061624   1086.235718   98.259445   6.466115  3.606543  109.881454
200  12.453148  26.657583  20.767387  0.749786  1.699803       7.756249   1024.022339   50.368462   5.854829  3.389349  172.324463
201  -1.675989  39.885593  33.815491  0.735460  4.292262       5.082477   1218.578857  122.283569   7.117424  3.187070  128.306030
202   3.277884  35.234966  39.683376  0.674185  3.208715       5.979634   1646.799683   90.232552   5.180274  3.415904  119.503967
203  -2.376219  19.841944  15.891076  0.729494  3.399551       5.999434    924.195801  126.178131   6.237680  2.779921  200.055618
204  10.623572  -1.774016  20.225985  0.614398  4.850907       5.551294   1449.297241  183.439240   5.609127  2.988341  103.051674
205  14.339092  22.986002   1.523979  0.722298  2.205635       7.475084    742.624084   70.851463   7.872088  2.999397  164.178833
206   2.462006  40.677444  28.378136  0.768538  4.376721       6.926377    716.711182  120.388817   5.520464  2.806221  155.753967
207  -5.877305  33.469772  40.029198  0.640308  4.529048       7.087502    994.393921  174.393112   7.422019  3.676419   85.512383
208   5.696029   9.021606  11.677371  0.700221  4.721349       5.584466   1232.481934  193.556351   5.852569  2.689136  176.152557
209  12.304793  35.885979   7.922536  0.773020  2.705819       7.040122   1221.274780  128.358688   7.655504  3.457788  106.936386
210   6.543173  37.445305  24.683809  0.700245  3.512742       7.025623   1143.435425  219.205017   7.400141  2.964927   78.677696
211   4.541951  34.560188  41.341404  0.738688  2.441933       8.834175    895.281433   76.610222   6.330307  2.493742  129.012222
212   2.543611  32.696350  16.613762  0.734208  3.980927       6.805134    871.538391  172.016159   7.059943  3.547768  151.860977
213  -3.535258  16.139839   2.676373  0.736394  2.088068       5.309755    955.316833   65.009659   6.474523  2.724006  230.944260
214   6.921896  21.676765  40.693722  0.674179  1.059066       9.873947    767.817139  142.519592   6.063294  3.397349  113.468971
215  11.110967  33.056076  10.889934  0.729141  3.868624       7.320020    822.457947  207.655029   6.840420  2.607151  110.563194
216  15.006819  43.250488  14.890559  0.746995  3.733622       6.001429   1391.512573  210.644302   8.736998  2.708301   78.498871
217  12.402811  33.497513   5.612731  0.769164  2.689481       7.918507    788.472839  148.202316   6.473872  2.518749  102.409554
218   2.064072  24.621204  31.680099  0.687961  4.750685       6.593455   1140.529541  188.260773   6.168567  3.994745  168.790604
219   5.716941  34.351082  27.267815  0.727888  3.368865       6.720842    892.589600   81.401505   5.707116  3.524446  176.022522
220   3.967902  45.445042  36.187500  0.717245  3.797991       6.756243   1314.164429  243.392166   7.255107  2.165001   50.534569
221  14.502230  46.271561  23.911352  0.758983  4.634927       6.777462   1407.557617  200.970398   6.001307  3.744083  192.363937
222  -9.235449  35.357109  40.001312  0.780437  3.475235       6.739656    728.378906  238.167221   6.740780  2.929358  156.368256
223  12.824472  32.133156  10.103139  0.790177  3.937205       6.020146    912.621582  169.923950   5.902506  2.988887  204.449417
224   6.106233  20.371649  24.109514  0.671318  4.794390       5.601998   1620.633545  183.129379   9.673956  3.256961  132.595123
225   0.244347  24.798342  39.724770  0.667848  4.825792       5.542284   1245.006226  181.509430   5.977324  2.643142  111.309685
226   0.376465  25.056171  35.825867  0.706669  4.355688       6.331356    912.324158  248.237564   6.939557  3.983590  206.860718
227   0.087220  33.521053  12.147923  0.731364  4.299897       6.021493    721.570251  167.180389   7.381481  2.539344  126.577744
228  11.396726  46.867565  16.323200  0.777865  4.898232       5.913343    779.121033  197.605621   7.502712  2.566996  131.781036
229  -6.939547  29.166899  32.729008  0.639489  4.103716       5.098921   1591.825317  185.256104   8.084171  3.701932   88.422295
230   5.930311  37.418507  19.929771  0.705954  3.652829       7.444213    804.471130  216.975723   7.407760  3.679839  115.548752
231  18.242401  46.266403  17.230246  0.794860  2.820756       8.382777   1389.042969  184.664169   5.231199  3.211437   98.892937
232  19.943415  31.577883  25.473803  0.668356  2.934831       9.064163    895.716125  205.510391   5.672527  2.703804  130.960831
233   8.321186  40.521004  33.109219  0.717533  3.277324       8.312636    837.293091  194.769684   6.527586  2.784362  134.275604
234   0.702246  32.571323  25.243753  0.718376  3.507828       5.813055   1081.634888  193.363358   6.093738  3.650675  146.246201
235   1.714260  13.643747  42.616032  0.581941  2.573863       5.197647   1960.403198   11.512582   6.558580  2.960729   54.214287
236  -4.637626  47.478783  39.711727  0.727424  4.276912       7.501593   1157.904419  241.231216   6.910484  3.276977   64.887474
237  13.988694  12.756225   9.899411  0.660434  3.898661       6.069776   1320.325195  186.248489   7.080143  2.329649   92.057007
238   3.072329  38.424530  23.040073  0.704405  3.690298       6.990219    972.704407   90.556717   7.502181  3.226937   80.316887
239   3.403049  27.982430   9.774788  0.758067  4.286690       5.637109    794.306458  102.352119   5.684374  3.442166  233.299789
240  23.637724  35.668713  14.227223  0.684475  2.771938      10.098626    749.472595  194.347351   5.849691  2.430301   85.661118
241   9.165802  33.225163  15.407000  0.759590  4.304181       5.587166    959.600464  129.405884   6.563195  3.631454  206.448959
242  11.670529  28.294184   7.630954  0.650442  2.970686       7.486464    911.580444  167.422958   7.218751  3.234647   85.888550
243  -1.688318  29.877081  17.244200  0.724563  2.696608       7.113034    787.818359  223.330536   6.946298  2.422481   93.446625
244   5.603574  33.101048  32.663052  0.730201  3.752932       5.250038   1588.535278   54.831188   5.060662  3.622608  186.731918
245   0.305752  27.105005  44.017506  0.661758  3.420578       7.124542   1015.575073   84.930573   6.620502  3.338803  140.745880
246  -3.190344  34.070114  45.933144  0.651568  4.648863       6.019455   1265.504150  186.227203   6.770039  3.606987  124.225853
247  14.520908  34.316513  29.661917  0.638107  4.832528       7.576134   1131.357300  167.376602   7.230064  2.543034   93.309990
248  14.310740  43.689602   7.250727  0.786613  4.758733       6.943136    769.018494  214.142151   5.699056  3.519993  135.702438
249   6.935408  34.012512  11.433701  0.797868  2.478033       6.452969    998.805481   86.674324   6.299016  3.092715  150.113846
250  10.971618  27.711618  11.595978  0.691365  2.439510       5.305105   1699.517090  119.841667   7.442388  3.321910  109.321220
251   8.211861  47.536007  16.573284  0.785946  4.674877       5.802843    762.451660  199.032135   5.366895  2.660406  119.425301
252  11.357434  42.123447  18.694317  0.768928  4.731367       7.633301    830.326660  178.136688   7.966217  3.497537  160.115753
253   6.768243  29.523252  33.536381  0.682981  2.897583       6.398062   1218.444458  181.130966   6.791980  2.141803   71.771263
254  22.161160  25.900673   6.426538  0.778967  1.757614       7.369863   1113.972046  234.467346   9.243310  2.647027  153.619507
255   2.889615  20.158365   6.011370  0.635484  4.787852       5.365760   1305.554565  205.228027   6.312786  2.579067   75.009735
256  -4.394066  45.084812  37.405159  0.761808  4.748826       5.007661   1215.594727  184.199814   6.174310  3.244594  130.248657
257  -5.519642  26.891352  38.061031  0.719455  2.441448       7.562428    710.485168   68.983658   6.021473  1.651594   62.447918
258   1.374245  35.861183  18.388853  0.773687  2.763984       5.323597   1381.828003  190.326935   8.137710  3.539100  126.772720
259  27.131563  19.191502  15.328625  0.636578  3.965954       6.327371   1622.165405   68.885513   5.674272  3.360894  166.846985
260   3.104493  33.008774  28.410543  0.728689  4.420577       7.425463    717.988403  182.509903   5.915148  3.460601  177.912598
261  -1.418199  35.621334  28.953106  0.746159  4.997799       5.097949   1314.125244  209.399857   7.758602  3.780348  163.851517
262 -12.638597  35.922195  45.707916  0.660877  4.780566       7.473825    760.771912  149.235535   6.390949  3.016624   59.682983
263   4.154495  38.966686  30.470976  0.725535  2.981082       7.416308   1326.149902   62.020760   5.781577  2.883538   64.985687
264  -8.356025  42.664242  46.983101  0.732334  3.462374       7.866095   1107.141113  213.817642   7.964447  3.990827  105.752525
265   3.466231  11.634891  39.230198  0.757214  3.505062       5.477168   1185.750977   70.663383   6.236225  3.574834  277.858795
266  15.580801  22.395802  20.416985  0.769842  1.142596       6.713548   1756.527100   89.951576   5.754853  3.364909  161.416489
267   4.058976  38.245369  27.561377  0.761622  3.662040       5.354609    953.684937  237.187820   6.844903  1.855051   94.088577
268  11.908035  26.958189  30.132835  0.608964  2.879132       8.406317    969.414856  147.424530   8.050369  2.975342   84.093422
269  14.482049  42.013054  19.612396  0.710210  2.868397      10.744903    706.522156  237.681030   7.295790  3.268227   62.916153
270   8.052928  30.375431  20.217472  0.675993  3.710164       7.783691    737.349548  176.818039   5.761965  3.867322  154.497375
271  19.155529  28.810871  18.437164  0.744146  2.992695       6.776268    883.068848   94.009872   5.356533  1.669286  146.814713
272   1.418141  38.383293  20.959921  0.700474  4.361930       6.592382    787.590698  132.519379   7.043820  2.798994   81.587608
273   7.857532  33.986881  23.309223  0.776840  3.662320       5.703690    980.581482  159.868134   5.418566  3.028942  199.856949
274  13.734984  10.247693  20.139317  0.707303  3.527869       5.144674   1230.296265  136.740784   5.775723  3.739387  244.262039
275  -0.873329  45.238255  26.180674  0.797029  3.645257       6.000968    828.601013  146.210526   6.393320  2.466273   83.957649
276 -11.640996  21.261990  48.092834  0.694041  2.767029       6.608354    793.625427  209.719803   5.218440  2.857053  142.858566
277  -9.687967  19.057714  12.580733  0.696476  4.557455       5.919517    819.229553  174.325302   7.352271  3.565881  207.403824
278 -21.405231  17.477413  39.813061  0.600551  4.315111       6.240421   1162.218018  163.254166   5.223268  3.354166   57.436665
279   1.941380  47.784512  39.099747  0.726324  3.415746       7.062483   1431.233154  121.786407   5.267344  3.076358   95.045135
280   0.268598  30.953609  21.772646  0.765500  4.653898       6.069960    710.088745  149.078476   5.216666  2.749297  198.590027
281  12.809588  27.508886  19.672901  0.750554  2.958341       7.619853    883.004578   77.738914   5.900625  2.133343  142.121597
282   0.303884  25.472252  40.866989  0.750491  2.961013       6.849555    856.391541   14.309950   7.632991  2.640918  189.858261
283   9.015084  30.257566  17.712545  0.781229  2.909896       5.395101   1316.584839  234.718521   7.118144  3.794089  215.157990
284  18.312063  39.269146  21.154470  0.689442  3.471252       8.560978   1225.365601  175.942017   7.165423  3.751188  131.639038
285  24.363670   7.150322  10.462473  0.673412  3.088856       7.322668    911.005066   62.055611   5.864536  1.710859  111.505432
286  -1.065676  36.764366  36.321011  0.764988  3.650264       5.624428   1240.492310  133.584564   6.565899  3.226742  161.982056
287  -4.630220  40.133888  15.756525  0.776015  4.161438       5.377198    835.888977  189.074387   6.730475  2.935287  124.043900
288   5.857546  24.038477  33.315815  0.618386  2.524745       6.042406   1525.444336  155.571304   6.669324  2.996069   76.283737
289  -5.226625  25.027796  47.586388  0.700831  1.864149       7.274574   1227.310547  208.679230   9.352512  3.914275  131.832581
290   5.273150  29.873363  29.799858  0.722581  3.125276       5.749841   1482.884399   89.051315   5.444642  3.901541  177.829697
291   0.005248  42.966217  33.878799  0.749663  3.573979       5.318953   1488.673828  171.115982   9.905829  2.590036   73.250412
292  -0.775371  38.810532  34.265022  0.696008  4.082646       6.630714   1054.581909  113.620964   6.250781  3.584046  117.475632
293   8.209525  32.223709  10.931471  0.684350  4.604301       5.776179    930.501831  162.347015   6.685043  3.032303  122.921776
294  -4.925248  14.156584  49.441441  0.649656  2.017610       5.959232   1303.664307   50.271111   5.036185  3.480353  138.244003
295   7.742514  38.444286  12.836521  0.772328  3.865530       6.205711    922.395264  146.161606   7.928354  3.032191  131.265228
296   6.857520  44.396172  44.387634  0.742935  2.981656      10.748708    815.198730  161.281586   6.723448  3.382095  195.053085
297  27.448717  19.320787  12.887885  0.655290  2.018574       9.726870    721.971313  174.860291   5.430870  2.535120  145.900360
298  -7.676941  30.246422  41.745670  0.752611  3.163638       5.901154   1056.295410   55.492607   5.971312  3.648803  184.024017
299   2.271491  16.279409  34.603447  0.767245  4.662485       6.589612    809.373047  107.694008   5.597623  2.789438  248.797379
300 -18.935360  14.021046  25.079372  0.546201  3.689757       8.423163    850.777893   95.828323   5.052516  3.767714   50.907833
301  -9.448214  37.043560  43.100998  0.737396  3.812433       6.891609    725.312622  107.562462   7.818114  1.747578   57.920357
302   4.584147  17.987011  14.557130  0.638791  1.780709       7.404558   1426.845215   73.297783   6.048309  3.601383   78.722229
303   1.378109  31.569334  17.291342  0.646419  4.402098       6.473031    949.089661  242.856766   5.814073  3.512533   96.600990
304   7.523746  31.133553  14.822219  0.686105  4.761108       5.754206    904.530151  177.490311   6.263844  2.113195   80.553802
305  -0.871660  36.390408  12.184859  0.748548  2.948818       5.297415   1238.934204  142.067749   8.508895  3.478198  111.108566
306  13.629358  41.668941  29.064686  0.747277  4.049556       7.043281   1045.423340  198.168701   5.319013  3.278714  208.753967
307  -9.670964  22.718046  35.538628  0.625081  3.785452       5.391651   1961.916748  233.199997   7.493385  3.986611   85.037178
308   8.705498  18.055031  39.781719  0.590442  1.515745       7.529067   1268.210205   54.342823   5.698806  2.818444   56.133652
309  -2.243367  39.472549  41.130531  0.726897  4.371072       5.792663   1835.992310  235.413696   6.037928  3.900179  141.516754
310  12.455277  34.370762  13.942479  0.720074  3.903416       6.827208    857.921631  150.272751   7.771742  2.249900   91.992531
311  14.240561  27.735783   6.727350  0.706966  2.382039       5.509714   1293.673340  175.949066   6.891907  2.344173   74.135689
312   3.838409  18.580297  34.432961  0.689583  4.490429       5.456377   1358.631226   18.437691   6.262645  3.044332  165.785370
313   7.165495  26.870298   8.128040  0.676461  3.353010       5.225937   1510.533691  179.615387   6.390875  3.109063   97.315430
314  15.626680  23.078875  23.047771  0.640730  1.457321       8.797124   1161.566772   40.454472   6.795478  3.666182   96.028526
315  15.925696  38.301693  20.047804  0.785872  2.874668       6.903948    894.554199  207.661179   5.636938  1.454320   92.997696
316  15.820242  41.035210  14.301353  0.663059  4.944846       6.171733   1343.944214  221.643951   7.666712  3.607174  103.883263
317  26.490458  43.944435   9.476647  0.780376  3.432318       9.932087    870.946533  236.254990   5.151691  3.730671  183.210693
318  -3.116658  37.313046  27.287762  0.715583  4.926426       5.048852   1017.602417  164.144333   6.509221  3.801040  144.424896
319  19.222889   2.851891  19.914194  0.784914  3.098160       6.407912   1199.831299   61.048027   5.050996  3.483503  269.536316
320   3.474673  44.406372  27.972002  0.776571  4.081238       7.176739    903.462219  194.724655   8.318862  2.485667   96.035568
321  16.095898  19.361818   2.560492  0.676258  2.850871       7.568429    962.665283  137.857346   6.105083  3.099200  127.126373
322  -9.755374  21.714573  44.674423  0.686716  3.384465       5.338582   1203.107788   59.147392   5.699455  2.669601  119.456932
323  13.990679  45.014755  10.969647  0.775128  4.503594       5.509538   1136.526611  229.025436   5.913161  3.955502  152.527420
324  -3.508229  38.332611  34.662258  0.709512  3.377818       6.595056   1051.674683  142.287079   7.909154  2.815269   62.463413
325  -6.837000  35.874012  31.532782  0.635497  4.484387       5.674252   1112.005249  194.147629   6.056078  3.827280   79.639061
326   2.238730   1.918510  49.246571  0.693070  3.241230       5.491924   1219.620117   29.467846   6.706122  3.131484  201.101883
327  10.541162  25.850119  16.949493  0.663320  2.518743       5.147732   1498.601929  202.750381   7.804785  2.442221   61.332878
328  -7.963284  -5.518299  48.148895  0.676940  3.810755       6.749883    873.086609  113.328316   5.701083  3.169581  192.927933
329  -3.972676  33.480076  36.955853  0.713469  4.400406       6.177580    735.308960  171.307678   7.305891  2.502275  136.491028
330  -0.023993  41.705189  30.640200  0.681295  4.898779       6.868831    709.646484  219.345703   5.722188  2.468168   69.851547
331  25.096157  39.246731   1.679353  0.734348  4.353146       6.260871   1336.493286  246.721909   5.829731  2.915506  103.741341
332 -11.424505  48.198414  42.820934  0.738630  4.508641       6.597733    818.283508  176.740128   5.630221  3.350024   83.426453
333  12.520714  28.380365  11.879322  0.676103  3.624589       7.589937    982.137146  172.055191   5.343531  3.433845  118.927490
334  18.149778  40.872940   6.336372  0.758669  4.047688       5.872305    891.140198  208.864990   5.483509  1.756811   59.193951
335   9.587769  31.371393   4.902462  0.723540  4.334071       5.193380   1324.516357  116.711395   6.651811  3.114907  124.492180
336 -12.657399  26.405277  49.919594  0.696702  2.976895       5.766503   1191.122681   17.583422   5.557891  3.006215  110.827263
337  -5.002707  35.928265  47.753872  0.746400  4.153190       6.439176    860.999023  163.606155   6.327291  2.546225  157.742737
338  -6.614002  25.266380  41.146008  0.737812  2.175684       6.624882   1068.963501   43.507286   7.408554  3.993279  175.886581
339   1.137799  36.136456  15.852368  0.761151  4.749426       6.389341    798.940002  144.293839   9.675171  3.895510  174.797653
340  20.960739  34.398300  31.553776  0.708828  1.947963       7.852701   1415.230225  234.474106   6.927424  2.217808  120.507126
341  -4.792551  22.806231  12.751945  0.711192  4.198864       5.457769    985.765747  122.394348   7.197426  3.082374  180.795471
342  22.840574  21.402435   7.969284  0.751249  4.477662       5.167089   1260.870605  199.955841   6.605958  3.340717  254.329224
343   7.674869  35.601276  26.997053  0.756287  2.718624       5.340062   1227.141235  137.186386   7.869275  2.208518  104.410896
344   8.353521  20.049969  21.226023  0.724514  3.533020       6.393193    943.057007  133.342331   6.920529  2.281756  155.573929
345  -6.000017  25.852882  29.792988  0.768021  1.531286       5.480788   1650.601562  116.835846   7.424433  2.491257   77.288063
346   0.608368  47.846870  31.961096  0.718768  4.178017       7.465750    822.302734  192.014465   8.563269  2.691577   54.793636
347  10.285796  27.907671  16.232815  0.677607  3.853530       5.553146   1630.159424  143.721695   5.543541  3.089146   98.049210
348  14.774325  32.201027  47.059162  0.689290  3.553426       5.269252   1487.713379   73.236908   5.658525  2.077723  156.624008
349   6.595018  19.261585  33.888725  0.720301  3.401074       6.906777   1064.829468  144.694870   5.336342  3.131936  185.829910
350 -16.668976  27.801531  24.105446  0.701652  3.501596       5.174445   1389.994995  186.431122   6.731465  3.495743  108.241676
351  11.915297  32.972206   9.894355  0.770125  3.487100       5.829113    995.049805  182.729706   5.970487  2.940305  166.867599
352  14.776471  33.612438   5.915124  0.713047  4.326957       5.629033   1427.755371  197.879684   6.667955  3.368111  110.735191
353  -9.314627  42.359646  49.460922  0.793185  3.261674       8.570626    785.238403  209.730438   6.406290  3.623126  160.222351
354  18.074478  23.679802   6.022411  0.782753  1.822966       5.913465   1341.614990  120.500488   6.713945  2.855062  178.481674
355   0.602905  24.689672  18.824364  0.722570  3.820631       5.823551   1007.837524  200.806793   7.341505  2.676421  152.675888
356   1.263391  46.249210  29.882364  0.688060  4.948184       5.297390   1500.683594  245.348831   5.507690  3.694130   81.653770
357  11.394283  22.150103  19.445265  0.682677  2.570192       7.899713    864.301758  200.071640   6.720863  3.734775  167.338776
358 -11.684374  42.974728  34.842468  0.726357  4.498199       6.206035    760.487061  125.238007   6.164023  3.413982   79.091438
359 -21.578585  15.349512  38.025551  0.717087  3.682259       6.466000    721.005005  129.707123   5.746308  2.523423  161.871109
360   1.973058  44.597599  28.003874  0.668125  4.061384       7.413022    958.903076  195.473495   6.228808  3.581166   56.081734
361  14.085549  28.776255   8.805415  0.750154  2.384852       5.382854   1598.331665   94.312523   8.622188  2.953584  123.097809
362  -1.499303  43.916992  29.268290  0.760797  3.758742       7.529659    715.101440  113.056946   6.945867  3.309701  104.222633
363   4.846835  27.275612  33.283699  0.615167  3.279485       8.661835   1002.937622  206.518097   8.079534  3.677405   86.086197
364   1.269847  30.703178  32.598869  0.707348  4.886175       5.812624    893.204346   96.324379   5.368759  3.109484  178.120850
365  17.471155  22.494953  11.184736  0.620573  3.565838       6.168729   1721.371704  170.563034   7.089396  3.049356   81.752892
366  -7.395112  34.818752  45.284817  0.732674  3.198225       6.578242    874.579224  109.489830   6.692591  2.328466   96.924835
367   4.962389  46.512188  25.860327  0.788007  3.474393       7.339000    723.476074  217.741837   8.023861  1.907992   70.874603
368  -3.391862  30.555967  27.575678  0.677708  4.513449       5.447098   1219.094604  113.105049   7.433291  3.983522  135.308426
369  -1.477472  35.747574  13.839223  0.722729  3.805887       5.918408   1057.966797  230.690918   6.976420  3.193247   93.518120
370   1.043808  35.338718  43.599560  0.767468  4.851995       5.920396   1269.926880   97.940910   5.256755  3.273101  207.798172
371  10.097146  14.930747  28.001574  0.637961  3.144048       5.891665   1811.616821  195.068512   5.920887  3.724800  135.181824
372  -0.370096  44.844097  31.537424  0.770556  3.815630       7.399284    822.465698  183.987854   5.851921  3.787402  135.239761
373  -4.126360  41.869740  43.070686  0.781363  3.284276       6.572968   1382.521851  197.860153   6.434282  3.598633  145.668488
374   2.261476  19.730665  21.477724  0.739798  2.305003       7.230361    782.859680   77.133476   5.988873  2.477184  174.258179
375  -1.953790  26.531881  49.581810  0.701969  4.471588       5.983392    998.776062  123.942192   6.190673  2.095293  123.484215
376  19.858831  12.308492   0.004184  0.764554  3.220210       5.708704   1023.329468  185.409683   5.408898  2.300140  216.910980
377  13.711669  12.942549   1.649781  0.588422  4.129406       7.542868    989.281250  150.770035   6.902153  2.753551   67.576447
378   3.027252  29.157452  11.901544  0.670288  4.913616       6.814188    701.402100  181.363663   5.585694  2.792966  115.288437
379   7.813887  41.375340  27.922081  0.790083  3.854375       8.221514    728.682495  111.580383   6.543926  3.706105  210.860718
380  13.107594  32.771633  31.571918  0.732331  3.407465       5.234180   1738.076294  173.821457   5.026978  2.267267  122.369560
381   6.151592  42.210396  36.282219  0.776698  3.020289       7.326439   1083.020020  200.568527   5.160897  1.773079   88.777885
382  20.525732  41.330467  13.721880  0.779647  2.994831       9.008647    703.325989  139.216064   6.879328  2.246679  135.207184
383   9.586191  22.671906   5.984720  0.718156  3.605377       6.810486    747.031677   88.155441   5.659117  1.824233  114.413666
384  12.585833  20.816586   3.912057  0.692860  2.844162       6.782837   1110.641968  232.962250   6.431562  3.552574  153.919846
385  -8.251481  40.367893  28.666121  0.713634  3.676152       5.902012   1117.079590  185.007675   8.756714  3.738095   66.375832
386   8.858585  24.754477  29.640104  0.733447  4.133392       7.204552    993.546387  166.198959   5.562428  3.632831  209.716202
387 -14.344391  44.488155  38.954002  0.749106  4.451970       5.242438    985.497375  208.414612   6.659000  2.892270   52.010242
388  19.150845  37.609737   2.761250  0.773589  2.657543       7.115045   1282.359619  243.181610   5.792728  3.737857  106.571220
389  19.219982  16.523546   4.967721  0.759228  3.810310       6.301597    953.536072  174.910950   5.453166  2.348387  202.199936
390   4.566350  21.927752  21.543324  0.638886  4.057518       5.913843   1456.329956  156.797134   9.226681  3.623686  122.053391
391  14.732901  24.760763  17.463142  0.788859  2.524313       5.025816    925.336365  122.067192   7.023239  1.256085  137.025528
392  18.650860  34.172123   7.797310  0.785917  2.625046       8.364449   1062.083618  132.530792   6.027448  3.949429  162.990829
393   3.784694  33.099751  41.594067  0.754934  3.803460       5.841820   1105.874878  173.711288   5.818853  2.956016  205.561127
394  18.813755  39.919598  19.460791  0.799792  2.882790       5.756292   1327.032227  100.096161   6.864085  2.570669  194.395920
395  -4.057895  34.976479  26.368181  0.756114  4.490179       6.250424    721.250916  247.045792   7.464021  3.522551  183.810455
396 -13.906266  21.833071  44.812660  0.638295  2.475761       8.060271   1013.829163  230.377792   7.383756  3.498697   56.506290
397  12.944277  46.129372  19.309557  0.785779  3.527128       5.248302   1795.209473  171.128281   6.761274  3.567802  141.548035
398  14.771410  43.629181   7.893636  0.782212  4.287907       5.599211   1131.018921  163.737991   7.398260  2.878720  102.790169
399   2.338158  26.139654  21.017803  0.782075  2.992750       6.101331    959.097595  114.398460   6.360282  3.519274  235.475616
400   4.080481  21.201963  26.425316  0.756286  2.454770       7.183350    912.302734   58.328625   5.801539  3.563264  226.675659
401 -17.659721  47.710632  42.497868  0.791409  4.699945       5.193866    719.358826  213.537354   5.683823  2.820089   82.693481
402   4.381151  20.724186  21.112637  0.739524  2.630866       5.400580   1223.692017  174.906128   5.793324  3.051539  195.794159
403 -10.101329  32.831348  27.273470  0.764936  2.735026       6.880895    819.264648  236.341156   9.542037  2.436499  101.306610
404  -2.017743  47.122429  29.202261  0.778947  4.959990       5.558838    896.969116  185.249023   8.279706  3.766341  143.691406
405  -2.718898  33.723671  30.627031  0.773330  2.589879       5.304281   1714.621948  110.368294   6.385371  3.601027  137.653091
406  -3.247891  31.698244  44.179737  0.721184  3.943769       6.508210   1214.713135  118.023018   5.336059  3.363735  150.751358
407  -0.174080  47.383278  20.232843  0.787347  4.197353       5.220807   1007.817932  173.130386   6.353304  3.222400   85.152092
408   1.036035  37.751759  15.270021  0.699588  3.846184       5.283546   1336.447144  213.081543   7.098422  3.725368   85.183128
409  16.141273  29.004017  15.093330  0.783104  3.698925       7.674959    769.347351   91.786217   5.284296  2.707715  221.951355
410  -4.698812  34.869686  35.155769  0.742422  4.921435       5.615571    962.866760  146.033722   7.181387  2.776118  138.592346
411  -1.503103  34.440464  49.553146  0.790052  3.174677       5.813829    967.113098   60.057404   5.245122  1.945682  181.035889
412  13.258115  17.822216  23.226101  0.678428  3.507790       6.746772    833.997559  150.811798   6.566115  1.513952   82.629120
413  19.774229  34.541714  10.498819  0.749253  4.317162       6.823559   1244.694336  223.424072   5.580081  3.858166  195.220200
414 -18.260201  16.719755  26.219236  0.716323  2.264692       5.340884   1399.789795  177.907181   6.261800  3.006653  126.328308
415  -7.159345  46.914352  43.646267  0.798790  4.317282       7.078477    816.266235  118.442703   7.174685  2.724730  138.410599
416  23.021072  37.522335  19.625853  0.713553  4.799180       7.837632    852.306458  113.699989   5.125352  1.073654   54.400269
417  14.205164  22.642630  38.093079  0.692848  2.262810       6.987916   1280.271729   63.515800   5.423384  2.813696  157.809708
418   2.831330  34.738247   7.351332  0.751547  4.020442       5.330752   1227.590576  125.465508   8.047954  3.857098  150.207153
419   2.609943  30.294832  15.729415  0.704867  4.236602       6.412159    828.223328  190.959030   6.155196  3.402062  154.116486
420   1.094681  20.702242  11.833742  0.667589  2.219089       7.364799   1016.438965  196.031219   6.966922  3.417968  114.205139
421  -7.132724 -12.769963  38.070702  0.590554  3.048296       7.139106    918.140747   98.076996   5.068890  2.566823   87.847404
422  13.800522  32.014149   6.084718  0.757679  3.208952       7.855868    846.036621  134.501938   6.564764  3.953762  160.970062
423  13.185775  30.025202  13.617083  0.699553  3.514206       5.708588   1330.292480  144.365677   7.876374  3.577734  151.323608
424   4.382287  41.334003  14.192916  0.744341  4.001974       5.671142   1290.743652  137.705032   6.825971  3.746840   96.160042
425   8.916152  24.342199   9.353798  0.656072  3.764973       6.089429    922.053650  205.904205   6.598902  2.605159  105.414696
426   3.623040  36.143021   7.492735  0.760063  4.712734       5.253514   1011.948181   80.427666   5.128531  3.151966  144.903885
427 -15.476225  22.234179  45.234516  0.710355  4.487025       5.966001    818.589905  209.694290   5.736321  2.436872  138.735077
428  -7.012368  34.984570  30.716358  0.754789  3.056823       5.591590   1131.207764  106.186668   6.183951  3.881787  141.599991
429   4.333532  10.966996   2.397808  0.709617  2.777347       5.483964    960.434265  246.191528   8.507791  2.058564  170.974045
430  27.694012  26.495422   2.472558  0.739649  2.530922       5.787620   1779.172485  230.741470   6.687827  3.769219  203.328796
431  16.132711  35.688850   1.401160  0.792680  3.161791       7.029511    800.628418  206.583664   6.084909  3.869071  175.634537
432  15.046906  27.379942  11.434922  0.685374  2.068241       6.651655   1742.653687  209.814529   7.246818  3.224506   69.221100
433  -4.819758  47.150047  43.517059  0.705400  3.757539       8.264426   1022.083191  172.016418   5.465125  3.445478   68.884148
434 -20.840593  24.814180  46.346825  0.672916  4.078626       6.109375   1166.557251  113.939934   7.087882  3.782034   94.511848
435  15.753049  24.517036   9.647440  0.730182  3.624883       8.420228    722.906738  177.118179   5.743828  3.352346  192.108429
436   4.558323  12.567509   0.262022  0.712919  1.250519       6.580676    937.118835   87.859688   7.897808  2.852369  174.806915
437  -1.266275  33.192104  29.520559  0.764514  2.476052       5.581685   1339.844482   75.194977   7.179234  3.461035  146.993530
438  -2.370241  32.656330  22.722576  0.731608  3.046751       5.289999    963.519226  117.775650   6.287507  2.140743   80.087128
439  -2.132698  20.404966  37.967957  0.747981  2.660480       5.582183   1281.609375  196.516830   6.424434  2.696289  168.729828
440  22.051823   9.530682   4.833935  0.662591  2.941533       5.823987   1900.420166  167.962845   6.394460  3.012195  128.725555
441   2.016964  26.535006  30.578232  0.706615  2.130155       5.762752   1587.712158  103.524956   5.361966  3.807955  141.527115
442  -0.208683  42.638977  23.584806  0.776943  3.521934       6.707694   1071.040161  224.655594   6.766794  3.544384   91.769119
443  -8.845155  39.536594  47.498787  0.668760  3.575727       6.174668   1423.451538  221.805420   8.413751  3.516937   70.296577
444  19.744017  25.398100  21.070223  0.766585  4.219021       5.925435   1243.471558  167.462509   5.329328  2.775618  229.776672
445  10.914468  18.169498  16.136053  0.695247  2.863195       6.951054    877.669128  170.434906   6.709921  3.783881  208.068207
446   0.663657  43.530235  20.407179  0.770003  3.994766       5.442226   1167.045776  172.002243   5.174244  3.527672  104.361649
447  11.133924  36.170155  20.699835  0.740757  4.151001       5.533641   1395.304810  246.991302   8.829871  2.944571  135.150284
448   9.731030  30.127455  15.461174  0.704619  2.943468       5.633971   1610.086426  185.677719   6.506388  2.851220   86.064888
449  -6.190964  39.378235  40.427486  0.748106  4.900444       5.426419    901.689941  162.804092   5.876164  1.827672   81.574783
450  -0.863551  35.204678  29.556805  0.719171  4.714166       5.222631   1485.027100  221.568619   8.015790  3.571539  130.228714
451   2.152604  25.306902  41.877941  0.657016  3.450177       6.683468   1091.449219   90.606956   6.111547  3.547499  153.009506
452  -9.664769  33.318150  41.638309  0.722562  4.746296       5.000829    952.482971  127.729599   5.246561  2.361828  114.709526
453  -9.108702   7.233932   6.561285  0.572684  1.399173       7.011656   1025.914062  132.399384   5.503666  2.856278   66.067421
454  -4.178473  35.623924  26.077188  0.688544  3.368235       5.894632   1073.430664  221.744720   6.120020  2.857232   52.797329
455  15.068575  12.646012  38.396446  0.640260  1.519968       5.020958   1731.908447  104.155121   5.083223  2.816616  119.690430
456   5.904545  23.828136  26.076601  0.760525  1.915530       6.321995    839.491028   64.846420   5.639363  2.226552  175.513840
457  21.074755  13.634478  11.676709  0.622681  4.872987       6.099625   1480.496338  118.070885   7.331503  3.526185  143.606750
458   2.631248  22.468504  23.758829  0.685123  3.341744       6.137125    865.331604  194.050232   7.258512  2.492246  137.278778
459  19.842613  35.524769  18.141220  0.759583  3.305403       8.162601   1119.270752  163.158249   5.351811  3.361286  190.060654
460   6.983686  45.821533  12.151994  0.748446  4.748158       5.359716   1142.185669  125.624252   6.098293  3.629073   81.270622
461  24.218216  29.498674   8.348913  0.688995  2.866869       8.858109   1105.077515  122.857918   5.779913  2.897021  101.416443
462  -7.236321  42.479744  36.656212  0.700448  4.850542       6.101011    829.416016  121.532944   5.816075  2.700072   67.556656
463   3.102150  25.186911  44.160137  0.705842  4.224324       5.536700   1741.533691  177.646255   8.033498  3.380830  161.147430
464  24.106653  34.905418  18.148716  0.699423  3.156516       5.546578   1698.365845  153.433151   5.187348  2.252692  122.979195
465  12.526822  23.059496   9.400943  0.758522  3.817190       5.045794   1542.398438  100.597000   6.204028  3.145143  189.786011
466  16.194790  46.277409  13.991052  0.742485  3.520758       8.493005   1032.277222  181.085648   8.140774  3.017371   51.271648
467  -2.548884  37.562061  28.952782  0.706497  4.825569       6.416646    763.985046  186.199936   5.027647  2.750638  107.212746
468  26.550610   3.382263  20.937778  0.670968  4.173765       7.950728    821.598083    8.996376   5.747356  3.188478  203.962555
469  20.375650  20.957724  34.475121  0.727584  2.585121       7.927064   1171.814819   91.475876   5.363047  3.681253  235.184662
470  41.601097  27.638626  10.801404  0.777493  1.117713      12.496887    936.113037  156.233963   5.263973  1.121236   95.802582
471  13.803846  38.351952  14.696335  0.790093  3.416528       6.338561    849.899597  107.354553   5.603648  3.043905  191.124161
472   0.796557  22.863071  34.440140  0.654573  2.889624       5.706800   1028.561646  136.799896   5.692177  2.181488   79.616806
473   4.124016  13.911513  14.739293  0.702624  3.021080       5.069888   1284.250977   61.356438   5.648288  3.690923  217.799591
474   7.089309  44.077354  11.911946  0.767572  4.568141       5.561129    762.795715  215.460876   5.900039  3.017230  113.501846
475  17.767668  31.559990  19.668324  0.754430  3.177865       5.889211   1530.610352   57.999477   6.783088  3.448908  201.881348
476  21.338190  20.068960  29.582537  0.654373  3.809434       7.921174    901.098694  132.891907   6.410477  1.661302   86.959885
477   0.036145  21.844860  27.032284  0.655567  4.754340       5.368510   1042.687622  102.577919   5.428418  1.845402   58.606384
478   4.821232  42.378288  29.008904  0.728398  4.671104       5.758164    976.745972  213.405869   7.269140  2.244114   93.134354
479   9.742853  38.557957  15.467949  0.707516  3.583442       5.364294   1290.092041  179.125473   5.001195  2.849823   72.190796
480  11.747156  15.235705  18.276804  0.782602  3.612709       6.560337    890.379333   86.765320   5.572491  1.927962  213.950348
481  14.436916  46.891994  21.216621  0.771115  3.148377       8.399967   1241.489502  195.259109   5.524953  2.969960   83.552193
482   3.667809  39.471844  29.437538  0.763259  4.126112       5.455616   1088.304565  110.673325   6.255204  3.191637  176.650650
483   3.018169  38.143482  33.545532  0.724881  4.209174       6.009293   1180.777588  222.454514   6.419470  3.685539  163.908737
484  11.539332  32.179386   5.781668  0.671642  2.862107       7.313281    934.543457  118.237946   5.977708  2.977451   58.081718
485  -2.080153  26.252893  36.716843  0.584205  3.906523       6.558475   1744.494385  243.840073   6.399861  3.832494   54.834015
486  -8.167772  27.843655  44.751606  0.789895  3.442981       5.478026    917.944275   65.987953   5.767747  1.887124  161.459076
487   7.466684  47.713154  21.713470  0.795369  4.460925       6.485710   1133.754517  245.650574   5.526824  3.909971  151.319031
488  13.148416  40.023045  19.271673  0.740651  3.828792       6.368732   1190.967163  198.106400   5.316327  3.445040  156.438400
489   2.174201  24.900600  28.227234  0.631281  4.649705       7.220706   1029.985962  199.172897   8.464964  3.437392  100.587097
490   2.805053  40.423676  25.772337  0.723211  4.194613       5.857480   1372.483643  219.749146   8.255877  3.820475  113.823242
491   7.683512  18.700020  13.937873  0.664660  4.158820       6.076025   1096.149902  183.623688   5.868434  3.306105  156.119064
492  20.354223  27.248301   8.441007  0.652125  2.937863       6.140572   1574.736328  196.981079   7.617427  2.980832   89.024506
493 -15.323405  23.149542  27.893417  0.783701  2.910776       5.354628    822.475342  202.027222   6.751330  2.222210  213.013535
494  10.066500  16.332588  25.127588  0.627173  3.521142       7.725786   1109.133667  172.923737   5.502237  3.444873  118.301155
495   1.460074   8.765110  23.415522  0.739502  4.510040       5.204176    972.603760   92.286522   5.305970  2.806352  259.540070
496  17.300974  23.179073  16.186132  0.709581  2.834253       6.836205   1300.291626  173.270599   5.324635  3.555045  184.529236
497  19.690262  23.743410   0.431903  0.749127  2.345304       5.585471   1061.477539   81.189751   5.839759  1.862074  106.466904
498  11.974617  30.510851   9.497565  0.766972  4.417994       7.285096    742.292725  119.784210   5.001831  3.536269  211.968185
499  11.453343   5.200023  31.134800  0.620638  1.362129       8.100417    796.069214   21.386164   6.590314  2.925784  122.545959
500   2.624594  21.451738  19.749004  0.789425  3.706133       5.725411    783.441528  106.998795   8.196373  1.334862  162.691940
501  23.109056  31.814289   4.874919  0.672052  2.705133       9.679422    709.522217  168.277191   6.961674  2.554087   59.008430
502   3.089130  38.514877  16.402025  0.773676  4.814769       5.036789    834.871155  167.433121   7.760779  1.725512   76.882965
503  12.326570  14.587485   9.980025  0.652631  4.992383       5.308468   1571.663452  179.439041   5.877586  2.404014   84.497658
504  24.474836  38.422752  11.145541  0.775412  3.500699       6.270750   1486.729370  177.685501   6.439213  3.024811  184.265305
505  10.960432  36.330582  12.970979  0.750486  2.501060       7.113008   1463.609863  221.916626   8.063978  3.382318   72.216774
506  17.386360  29.385107  25.561707  0.687436  3.633384       5.473759   1933.651855  160.733566   6.886009  3.164212  156.470291
507   4.654143  35.160023  16.822945  0.750962  4.621127       5.713099    792.237000  247.379059   6.376120  3.687255  195.618744
508  20.832584  20.879599   0.839314  0.749159  2.097758       7.506290   1173.888794  218.321274   6.560585  2.674994  130.976303
509  10.991086  28.703640  16.857281  0.748484  2.586725       5.635223   1282.720459   58.634296   8.278221  3.515717  187.964447
510 -28.273746  20.278969  41.911713  0.696999  3.230043       5.520443   1050.914429  227.476929   5.993609  2.751670   70.031281
511  15.729707  35.065498  14.594474  0.779083  2.950608       8.048329    918.069519  164.463577   5.338532  2.724613  142.283356