            lon        lat         inc      D1AU     delta  launch radius  launch speed    t factor  expansion rate  B decay rate      B1AU     gamma         vsw
0    128.204391   7.283190    9.335370  0.305688  3.564980      15.776704    955.320740  171.138184            1.14          1.64  5.991820  1.645872  597.549744
1    117.727608  -8.307914   17.632143  0.282002  2.882355      14.417058   1663.657104  161.031006            1.14          1.64  6.671005  0.846503  578.958191
2    126.215523   3.300545   13.235317  0.291359  2.716564      14.753118   1795.383667  152.665909            1.14          1.64  7.565820  0.716742  463.550690
3    120.958916  -8.478811   19.412336  0.305403  2.826859      14.706736    978.736450  214.122559            1.14          1.64  6.708147  1.537939  675.462646
4    116.519188   1.954031    5.384851  0.299804  3.507909      15.303399   1839.940063  160.702835            1.14          1.64  5.288744  2.441401  699.545593
5    138.585632   6.684539    5.228690  0.309872  1.901859      14.896716   1441.041260  117.685928            1.14          1.64  7.730582  0.757047  466.689911
6    115.173950   0.041933    6.231594  0.299060  1.779048      14.661440   1299.035767  125.685226            1.14          1.64  6.064053  0.399549  535.562622
7    118.835854  -1.558533    7.876937  0.282569  2.317556      15.623277   1642.822754  185.201904            1.14          1.64  6.665613  1.129365  595.592102
8    122.279747   1.848426    6.213850  0.291952  3.276887      15.499771   1398.173828  212.904266            1.14          1.64  6.177552  1.007573  575.195007
9    124.926514   1.620372   24.147667  0.322300  3.795496      15.045451    855.652466  199.837708            1.14          1.64  6.548829  1.646277  625.521179
10   123.737091  -1.946964   19.121168  0.309341  2.417360      15.898118   1469.790771  152.663635            1.14          1.64  6.144243  1.932802  612.893372
11   120.512131  -5.472886   13.790108  0.287652  2.929064      14.643126   1914.052612  180.656784            1.14          1.64  7.540914  2.619905  665.095276
12   121.425179   2.812802  355.708252  0.281076  2.832921      14.115731   1429.762207  166.902740            1.14          1.64  5.807750  0.876407  576.849915
13   121.833176  -4.808134   14.930228  0.307226  2.192579      15.060339   1040.883057  179.363663            1.14          1.64  7.211987  1.653174  657.665161
14   129.386429  12.797593    7.884566  0.347951  2.683614      15.157851   1723.970825  137.779938            1.14          1.64  7.351082  2.256068  590.541016
15   118.804367   7.311206    6.926461  0.310253  3.439706      14.117763   1925.484863   91.992592            1.14          1.64  5.626069  2.903952  678.144897
16   122.467148   7.299869   13.131021  0.306490  3.887627      15.443957   1825.168091  181.240829            1.14          1.64  6.591869  1.549555  573.552063
17   120.544212   3.025584   20.678318  0.340633  3.520351      14.204618    814.061523   93.778534            1.14          1.64  6.141171  2.081659  685.146057
18   120.393204   4.746150   19.638718  0.308426  3.931879      14.626514   1581.816895  179.729965            1.14          1.64  5.719820  0.899485  526.220093
19   124.089828   2.560032   10.233321  0.322264  2.235401      14.400976   1261.581055  114.235466            1.14          1.64  7.425063  2.501401  659.420898
20   117.640976 -14.898674   22.879841  0.287694  2.015992      15.377404   1025.010132  120.523552            1.14          1.64  6.754564  0.891183  669.785645
21   126.059761   3.948508  358.690674  0.295522  2.653807      14.794025   1363.371582  216.414566            1.14          1.64  5.572461  1.803012  622.627869
22   115.747581 -11.186559   11.661874  0.281784  3.959503      14.679626   1178.500122  232.390030            1.14          1.64  6.435840  0.703069  643.910339
23   119.158844  -7.366635    0.032050  0.285159  2.997856      14.213629   1016.967102  152.876495            1.14          1.64  6.354398  0.993899  651.619751
24   122.784340   4.757657    9.852172  0.292236  3.815645      15.953941   1215.177490  202.339096            1.14          1.64  6.796199  0.982796  561.054993
25   121.908249  -4.797610   14.882283  0.310445  2.080929      14.620221   1070.044556   70.615143            1.14          1.64  7.192965  1.711438  665.905640
26   126.348297   3.859328   16.297899  0.280608  3.373782      14.452966   1377.640015  186.706421            1.14          1.64  6.926596  0.606396  449.680084
27   118.361259  -2.740082   10.766957  0.301869  2.945223      14.939978   1102.417480  142.719666            1.14          1.64  7.068203  2.339418  697.591064
28   129.157700   5.791211   19.497561  0.314586  2.498242      14.612382   1979.073364  110.775116            1.14          1.64  7.675098  0.965621  479.056671
29   117.322083  -0.340378   12.918092  0.281202  3.865705      15.461705   1357.543457  193.416672            1.14          1.64  6.454170  0.745802  561.150574
30   124.940613 -19.086639   20.338135  0.291302  2.652980      15.510648   1617.751587  137.002396            1.14          1.64  6.044430  2.588560  664.707397
31   114.920273  -0.635814    7.787655  0.279851  3.363246      14.598272   1672.162720  216.052292            1.14          1.64  7.256909  1.225468  647.469177
32   125.773003  -3.996783    6.595186  0.296401  2.112582      15.128633   1209.038330   77.883751            1.14          1.64  7.402070  1.992734  639.736938
33   115.080505   4.399271   17.053782  0.338694  3.513242      14.989775   1246.996582  134.903717            1.14          1.64  6.334919  2.245932  697.008606
34   113.735016 -13.772389   21.170919  0.282797  3.018357      15.223584   1730.674438  135.786789            1.14          1.64  6.151721  1.156987  663.623596
35   125.463043   0.778836   16.038990  0.295489  3.134950      14.969342   1790.281738  168.027084            1.14          1.64  6.388746  2.973482  622.045349
36   119.456284  -4.347462   21.311693  0.285296  3.419700      15.900313   1956.609985  220.604599            1.14          1.64  7.274183  1.689327  600.970581
37   127.325455   1.424288    7.105045  0.303789  3.653256      14.988503    906.139282  220.491165            1.14          1.64  6.811346  1.464943  633.920898
38   117.253197  -2.961470    7.257783  0.285407  3.385637      14.141994   1225.797241  223.060730            1.14          1.64  5.542859  1.229967  664.017883
39   130.647583  -0.828823   17.178486  0.302074  1.954558      14.814374   1373.441528   87.186089            1.14          1.64  7.699397  1.535623  574.889099
40   131.127045   8.042235   17.391468  0.308097  3.621305      15.342956   1004.459412  165.973724            1.14          1.64  6.203249  1.408883  552.787537
41   132.772476   9.066117    9.479177  0.317384  3.281413      14.853398    924.675476  223.979492            1.14          1.64  7.535792  2.797726  610.303955
42   128.462524   7.946318   11.182291  0.335556  2.687600      14.652427   1680.745117   74.566597            1.14          1.64  6.012062  2.990916  623.393738
43   124.957420   1.121240   19.306396  0.294447  3.665602      14.943759   1157.839355  211.750366            1.14          1.64  7.364194  0.850794  538.624695
44   117.501465   1.924346    9.153176  0.281609  3.532793      15.791896   1457.647217  129.451080            1.14          1.64  5.960206  0.797608  562.281067
45   124.059021   5.870944   13.811072  0.299752  3.952551      14.863562   1477.783325  198.838181            1.14          1.64  6.269801  1.156362  550.543274
46   122.159157 -13.266605   14.082378  0.280804  2.292839      14.276503   1768.685547  137.282486            1.14          1.64  6.852267  2.589894  664.238647
47   121.088036  -2.288087   14.487295  0.282248  3.358253      15.042785   1385.200806  215.429565            1.14          1.64  7.036242  0.681754  524.583130
48   115.265427  -2.698657   19.487309  0.298183  3.203081      15.971235   1124.286255  209.295776            1.14          1.64  6.591472  0.431092  537.317139
49   122.249275  -8.212090   21.940475  0.284686  3.027567      14.030417   1367.301880  119.292885            1.14          1.64  6.531550  1.107775  588.543030
50   116.562614 -10.485326   18.999725  0.297648  3.383422      15.629971   1567.965942  177.417419            1.14          1.64  6.666339  2.192019  698.153198
51   113.576714   0.994479    9.395585  0.296498  3.218720      15.954944   1916.835449  213.987259            1.14          1.64  6.885358  1.760698  674.566528
52   113.268333   0.259654    0.593001  0.254310  3.597695      15.470101   1468.909302  173.163361            1.14          1.64  7.116394  0.324189  468.237915
53   127.294472   0.495935   13.491250  0.304614  2.570701      15.076428   1965.997070  142.660812            1.14          1.64  7.189610  2.295190  606.764648
54   120.449127  -4.519066   19.837280  0.297210  3.295722      14.691639   1178.840088  163.198410            1.14          1.64  6.759738  1.349576  623.403198
55   109.852745 -13.750383    8.000171  0.267716  2.603419      14.942073   1231.909912  157.040009            1.14          1.64  6.148472  0.359191  616.779114
56   132.467712  -0.549970   19.751053  0.274626  2.983322      14.465508   1746.407471  140.539001            1.14          1.64  5.907038  0.875418  463.228851
57   128.664291   8.976588    5.598969  0.297247  3.643374      15.233478   1645.313477  207.205719            1.14          1.64  6.315724  1.853868  569.666260
58   120.109398 -13.407524   21.938965  0.302789  1.380637      14.569647    966.278076   91.556190            1.14          1.64  6.052313  0.823708  657.148010
59   124.861176 -14.111423    7.160465  0.269182  2.759773      15.225162   1395.989136  201.216461            1.14          1.64  6.719576  0.717753  514.331848
60   121.137558   0.708201   13.865035  0.325341  2.646603      15.199383    831.797241  131.668747            1.14          1.64  5.416833  0.465539  629.309448
61   124.272728  10.278124   13.304582  0.323781  3.179811      15.448852   1966.396729   94.690285            1.14          1.64  5.870409  1.885665  572.981567
62   126.107201   2.178775    1.762060  0.283888  2.280789      14.542516   1199.461304   82.939072            1.14          1.64  6.571538  0.913866  564.024292
63   128.602493  -2.398515   15.175685  0.309653  3.795410      15.270432    873.252991  182.745865            1.14          1.64  6.713626  1.839695  640.609436
64   118.376190 -10.036396   18.378984  0.282696  3.202840      15.039211   1276.996338  117.655785            1.14          1.64  5.974308  1.675958  667.593872
65   119.914124 -14.232355   20.790812  0.274592  2.066994      15.222512   1711.575195  203.207550            1.14          1.64  6.641297  1.300081  614.627197
66   114.826462  -2.903588   14.452430  0.298073  3.539266      14.913894   1509.246704  182.721329            1.14          1.64  6.155787  1.454496  675.500000
67   123.377785   4.375910   18.899443  0.324650  3.415938      15.565762   1155.068604  159.968414            1.14          1.64  5.980784  2.991171  636.201416
68   125.240044   8.746035   15.475302  0.334543  3.208270      15.098429    918.896423   96.435020            1.14          1.64  6.626220  1.062367  591.648010
69   125.140160   0.284182    9.684161  0.298358  3.579689      15.638520   1036.221802  203.046249            1.14          1.64  5.476873  2.407602  644.911926
70   115.661331  -3.775762   23.038422  0.326004  3.088558      15.218760    858.217896  148.127640            1.14          1.64  6.328244  0.361275  635.027832
71   120.577965 -10.521456   15.825151  0.298841  2.351612      15.028271   1077.822754  218.908768            1.14          1.64  8.692548  1.070860  649.268433
72   134.823837   7.145245   17.933382  0.302972  3.098552      15.543805   1164.779663  169.182785            1.14          1.64  7.636939  1.712995  548.498779
73   129.414001  15.461468    6.484791  0.337699  3.235269      14.842964   1177.387451  141.038391            1.14          1.64  6.396524  1.351847  553.206604
74   115.307076 -19.334068    8.606486  0.283190  2.774030      14.694068   1583.910645  188.893723            1.14          1.64  6.321413  0.842791  639.001404
75   118.403030  -4.601787   17.069216  0.312778  2.474729      14.231789   1813.711792  132.542328            1.14          1.64  5.871779  2.454070  680.101685
76   124.242683   7.779542   11.962214  0.315840  3.474667      14.148465   1572.765381  176.328003            1.14          1.64  6.099543  2.230680  616.815186
77   122.213692  -5.704463   10.379025  0.297745  2.255897      14.865422    935.396912  217.365601            1.14          1.64  8.485327  1.706443  670.986755
78   125.568779  -8.007574   12.503342  0.291524  3.065884      14.385414    954.266113  131.193985            1.14          1.64  5.547002  1.760843  651.306091
79   106.349731 -22.338249    4.417062  0.247769  3.919089      14.914411   1913.914185  147.263321            1.14          1.64  5.664418  0.297351  497.923767
80   129.836960  -4.819510    5.241743  0.301296  3.025095      15.705647    818.065247  204.835480            1.14          1.64  6.593115  2.590596  658.503418
81   133.715866   1.891958    7.033257  0.323027  1.562097      14.286000   1292.451416   95.516830            1.14          1.64  5.693571  2.716017  629.022644
82   122.555321   3.620922   17.025759  0.309378  3.724751      14.351815   1342.280273  225.138596            1.14          1.64  6.252331  2.036835  621.660828
83   121.823730   3.310227   17.659727  0.305208  3.853736      14.830107   1958.875977  184.153076            1.14          1.64  6.825531  1.922545  592.476074
84   124.459435  -6.928129   13.525350  0.309072  1.339143      15.897324    922.681946   89.343285            1.14          1.64  5.558115  2.048007  673.975220
85   118.893799   0.860418   11.294203  0.312784  2.566730      14.941264    967.331909  211.928345            1.14          1.64  7.300627  0.581106  620.931213
86   111.749275 -13.405216    5.421724  0.278236  2.125296      15.447790   1292.342896  222.584656            1.14          1.64  7.173934  0.916062  699.491882
87   116.099182   8.113884    8.193027  0.323800  3.039583      15.803020   1396.550415  145.994888            1.14          1.64  5.004392  2.491463  697.094543
88   133.259384  15.041297   18.330502  0.349383  3.119617      15.167982   1501.793945   94.399261            1.14          1.64  5.820415  2.118161  545.910828
89   116.617638  -3.129672   15.378572  0.295277  3.123200      14.044028   1264.483154  121.792450            1.14          1.64  6.024458  0.686500  590.025085
90   128.003983   3.497442    9.565611  0.317737  2.262536      14.449370   1153.083374  112.007324            1.14          1.64  6.795397  1.263517  592.117310
91   127.844170  -1.060332   16.405586  0.310818  2.268211      14.612959   1286.364624  115.826309            1.14          1.64  6.564278  2.870210  636.216003
92   119.347473   8.616562   16.176481  0.334630  3.260200      15.637998   1685.263550   27.121735            1.14          1.64  6.356917  1.333795  579.574707
93   124.328926 -18.557283   24.466383  0.298351  3.264947      14.620422   1544.148560  129.558044            1.14          1.64  7.261162  2.903716  690.298584
94   121.836433  -4.508065   14.535292  0.292675  3.574373      14.486122   1583.492065  235.110519            1.14          1.64  5.754673  2.707682  664.891235
95   122.594948  -2.500289   18.368324  0.285931  3.920706      15.181770   1935.573975  214.460938            1.14          1.64  6.479242  2.671820  627.664429
96   117.689606 -11.558942   20.320816  0.281657  3.595378      14.881917   1076.989624  219.526810            1.14          1.64  6.273443  0.602927  606.189697
97   126.129196   5.268660   16.800316  0.314482  3.199061      15.098027   1231.221680  148.898544            1.14          1.64  5.990462  1.423509  576.880005
98   124.090721   0.036296    9.270022  0.303993  1.654970      15.157801   1635.033813   99.215347            1.14          1.64  6.411420  0.837691  535.626038
99   122.948174  -6.145470    1.433403  0.270248  2.163615      15.680666   1759.012573  217.359039            1.14          1.64  8.343320  1.425763  589.986938
100  125.596428  12.636146    8.900040  0.329882  3.959597      14.459949   1348.883179  186.044418            1.14          1.64  6.372591  2.028002  604.777527
101  123.132050   9.149029    2.393557  0.306389  3.885427      15.698387   1750.180298  145.518372            1.14          1.64  5.925349  2.994697  643.726135
102  118.303284   9.733586    5.026454  0.315541  3.371846      15.698207   1154.785278  164.602234            1.14          1.64  5.321106  1.149251  641.498352
103  119.463493  -9.029397   20.344492  0.286690  3.327708      15.338577   1630.366455  241.812469            1.14          1.64  6.757740  2.174879  658.490723
104  113.530685   0.003431   11.872546  0.290365  3.861140      15.220570   1157.340088  130.929474            1.14          1.64  5.529713  0.631468  619.572632
105  123.673798  -9.435581   24.900526  0.303459  2.001402      15.537560   1212.651001   94.282272            1.14          1.64  6.444002  2.683209  656.866394
106  121.597801  -5.359223   16.709230  0.293856  2.351176      14.498934   1218.021118   93.379517            1.14          1.64  6.411168  1.095045  612.270203
107  123.382195   4.096089   24.471609  0.348600  2.526914      15.724272   1709.103394  133.100082            1.14          1.64  7.086562  2.619814  617.465393
108  116.919098 -11.007936    8.765200  0.282195  3.305274      15.211586   1989.345215  244.963181            1.14          1.64  6.453259  1.996600  686.560425
109  124.931900  -6.195677   15.310187  0.296807  2.519823      14.432382   1650.332275  182.517487            1.14          1.64  7.415894  2.678449  649.043457
110  137.924042  20.634428    5.082200  0.342471  3.174440      15.745093   1587.874756  141.798294            1.14          1.64  7.356295  0.674344  395.154327
111  119.567406   1.925870    1.225627  0.304605  2.897743      14.763753   1536.841553  186.858398            1.14          1.64  6.133064  2.386715  687.084656
112  121.947220  12.139258   19.975594  0.349388  3.522987      14.918460    988.176697  135.120377            1.14          1.64  6.473946  0.463596  480.083832
113  119.808159  -4.303822   17.739746  0.291300  3.158180      15.148041   1921.412964  177.843948            1.14          1.64  6.820055  2.523078  651.873840
114  125.822647 -12.682179   13.954040  0.266276  3.156838      15.304688   1319.583374  191.004395            1.14          1.64  6.788472  0.866123  548.167480
115  125.856453 -14.955147   22.068598  0.289145  1.412100      15.739974   1557.927734  117.853752            1.14          1.64  6.938340  2.428367  644.942261
116  122.368256 -10.203497   13.525897  0.272661  2.612407      15.624751   1439.655396  191.372971            1.14          1.64  6.706825  1.690296  626.135498
117  119.860977  -6.750212    2.942125  0.284628  1.616608      14.728501   1667.085327  135.879181            1.14          1.64  6.860645  2.729706  681.680115
118  130.230499   6.486830  358.756897  0.339854  1.680652      15.553448    892.724060  136.042175            1.14          1.64  5.990745  2.429206  668.901306
119  128.588882   7.792271    5.840199  0.332000  2.246439      15.077026   1042.481812   94.468842            1.14          1.64  5.683755  1.371531  600.889771
120  110.443916 -11.861803    9.721288  0.265709  2.005750      15.173564   1843.771973  147.535400            1.14          1.64  6.452768  1.051442  687.386597
121  115.602005  -3.536104   10.688243  0.298757  2.470051      15.430490   1974.079712  198.248337            1.14          1.64  5.156530  2.300671  695.710693
122  119.317123 -16.396706   25.129313  0.279772  3.854108      15.125262   1026.583862  192.783020            1.14          1.64  6.237162  0.692947  625.881836
123  112.408119  -0.803781   15.263432  0.306898  3.134699      14.486546   1547.173584   97.298317            1.14          1.64  6.057529  0.889466  635.335999
124  121.194458  -4.766873   15.490937  0.285856  2.505649      14.958974   1089.064331   90.820923            1.14          1.64  6.229901  0.336772  478.103760
125  135.061295  10.444207    8.111602  0.318334  2.825511      15.401714   1948.528320   82.917648            1.14          1.64  6.147972  1.998144  545.437927
126  119.387756 -13.074974    8.886502  0.282607  3.780412      14.355981   1618.682251  175.146957            1.14          1.64  6.925463  2.044811  671.822937
127  118.902687  -3.228230   16.756308  0.324065  2.084331      15.509199   1894.893433  147.386414            1.14          1.64  5.338905  2.849228  688.925598
128  128.174713   4.492000   21.050499  0.322092  3.664797      15.520210   1008.238159  142.884567            1.14          1.64  5.898994  2.623839  614.173523
129  120.255600  -6.366348   18.833725  0.280174  3.855424      15.829646   1763.958862  192.704346            1.14          1.64  6.817828  1.550239  604.632202
130  124.784241 -10.015522   18.600323  0.262403  2.809859      14.267664   1830.812378  229.855026            1.14          1.64  5.885417  1.018864  532.597168
131  123.669189 -13.954937   11.411131  0.302204  2.414695      14.471755   1520.773193   54.739033            1.14          1.64  6.018302  2.643227  675.156555
132  139.660110  15.243528    8.435912  0.345592  2.945858      14.157525   1559.650635  146.949951            1.14          1.64  6.625352  2.086893  555.231506
133  122.258392  -0.251415   11.979424  0.313218  3.622342      14.681540    843.900879  231.137604            1.14          1.64  7.022848  1.470556  683.358704
134  128.423355   6.994607   13.171530  0.306052  2.794695      14.969667   1520.652588  152.218155            1.14          1.64  6.000668  1.053993  514.060608
135  124.550743   4.972939   17.091208  0.324117  2.620192      15.943154   1897.252441  188.703171            1.14          1.64  6.534400  1.629826  568.725708
136  123.534546 -10.360101   15.599938  0.292948  2.932220      15.035587   1015.192200  199.344284            1.14          1.64  6.307546  1.741885  660.710083
137  122.804832   2.270661   12.344684  0.302699  3.553325      15.438312   1182.666748  135.854980            1.14          1.64  6.424201  1.214951  600.943420
138  123.384644  11.909903    6.604751  0.317663  3.885580      15.694293   1799.525391  206.376968            1.14          1.64  6.946441  2.200238  612.790894
139  125.165077   6.316755   14.276027  0.316691  2.761035      15.317917   1052.104736  118.244972            1.14          1.64  6.958174  0.772491  542.994629
140  119.174316 -11.382293   10.571928  0.284958  2.167587      15.262293   1262.441650  168.031815            1.14          1.64  7.441451  1.942111  681.504639
141  126.066978   3.298156   17.901190  0.290511  3.748360      15.730398   1288.341064  223.613876            1.14          1.64  6.566508  1.315412  553.912476
142  132.547653   1.627263    5.410957  0.320302  1.271037      15.335347   1040.058472   95.635994            1.14          1.64  5.871012  2.327883  627.651611
143  123.959381  -5.094642    7.040875  0.291343  3.525988      15.012961   1039.415405  236.294022            1.14          1.64  6.272374  1.901915  653.537476
144  114.524986  -5.717953   13.568814  0.299607  1.948201      15.394712   1757.891113  156.123795            1.14          1.64  5.686908  1.050904  634.967468
145  114.535439   1.220555   10.665744  0.301450  2.621855      15.021332   1966.867432  219.182114            1.14          1.64  7.718545  0.876116  591.059448
146  125.526100  -0.297002    2.439365  0.283537  2.015861      15.106708   1927.134277  199.129684            1.14          1.64  6.212112  1.595682  587.793152
147  118.121773  -0.654077    6.267489  0.283056  3.325884      15.178432   1608.295044  247.425644            1.14          1.64  7.221164  1.326683  622.426758
148  124.469398   5.624358    9.019938  0.315617  3.152395      14.031442   1129.040771  193.919510            1.14          1.64  6.489080  1.527380  625.614197
149  124.878304 -11.832073   14.533422  0.272399  2.704374      14.354773   1129.637817  153.839798            1.14          1.64  6.267233  0.520067  519.945557
150  114.682457   0.910257   12.737906  0.302353  3.367717      15.934476   1754.537476  150.667297            1.14          1.64  7.012524  1.269993  634.999023
151  122.467072  -5.367117   18.694221  0.300014  2.219772      14.272290   1705.859253  123.595444            1.14          1.64  5.272068  1.398952  597.829285
152  113.412781 -14.076765    8.264235  0.261497  2.399410      14.257961   1544.270508   95.890251            1.14          1.64  5.077907  0.601552  587.477966
153  123.318642 -11.261769   22.484827  0.291669  2.336323      14.927635   1003.480042  143.644745            1.14          1.64  6.605504  1.002424  631.834839
154  115.816742   6.012620   14.560246  0.328738  3.313956      15.314236   1378.904541  194.801956            1.14          1.64  6.665519  1.866034  662.356506
155  128.553604 -19.519455   11.815633  0.292567  3.990242      14.996768   1136.651245  155.727097            1.14          1.64  6.463078  1.964059  623.126404
156  117.545105   1.286311   15.440400  0.323524  3.397782      14.663797   1067.134521  173.884323            1.14          1.64  7.574196  1.989408  694.891052
157  122.543358   2.125633    6.549078  0.288499  3.495372      14.411904   1893.034668  166.675720            1.14          1.64  5.738756  2.085999  620.068115
158  123.888611  -1.036692   24.952528  0.310610  2.873334      14.760139   1710.428467  111.186729            1.14          1.64  6.689240  2.219531  604.792114
159  126.483398   7.906794  359.631927  0.301355  3.059810      15.580140   1567.555420  186.891647            1.14          1.64  5.877463  1.660910  597.744568
160  125.632729   6.560248   13.499521  0.310522  3.980702      14.391801   1060.270874  130.846771            1.14          1.64  5.995984  2.103032  612.742065
161  118.129471  -9.846969   20.345152  0.299944  2.087540      14.813475   1565.509888  140.319305            1.14          1.64  6.047719  1.597039  657.326477
162  119.497665  -4.215258   11.027510  0.300904  3.189059      15.881608   1046.720337  194.587494            1.14          1.64  6.186396  1.189846  655.306396
163  123.160767  -9.526423   20.024454  0.251125  3.774199      14.885619   1913.292236  200.687363            1.14          1.64  5.602829  0.689206  466.577209
164  119.907616 -14.132344   16.390335  0.282840  2.389695      14.345063   1836.944458  153.850037            1.14          1.64  6.413306  2.508864  688.463074
165  131.206741  10.681327   11.446588  0.328075  2.898609      14.930896   1574.641846  124.527779            1.14          1.64  7.124823  1.292456  528.904236
166  106.616562 -12.344453    5.627930  0.266460  2.304624      14.731029   1373.471558  139.142532            1.14          1.64  5.933164  0.420116  659.381104
167  113.271973   0.789038    5.034217  0.282892  2.996679      14.102377   1493.022217  238.674850            1.14          1.64  6.223038  1.006623  662.069397
168  122.204041  -0.437544   16.918728  0.297276  3.673662      15.231028   1150.241455  203.284683            1.14          1.64  6.840601  0.925466  579.358032
169  117.359833 -13.124192   12.037349  0.279369  1.046884      15.994086   1184.027954   71.665710            1.14          1.64  6.204331  1.084995  654.598816
170  137.387955   4.967505    4.771363  0.300417  3.048330      14.601924   1322.364746  199.064941            1.14          1.64  6.947721  1.382219  542.869568
171  118.261490 -10.782156    2.837268  0.296299  2.674139      14.417007    956.936584   86.852242            1.14          1.64  6.128094  0.930252  687.687378
172  127.207878  15.779434   13.453239  0.333831  3.906673      14.137459   1629.569946  159.950104            1.14          1.64  5.808672  1.625592  534.119629
173  127.376320  11.014502    2.557080  0.310709  3.783382      15.070080   1246.767334  200.328323            1.14          1.64  6.005916  1.647390  598.534119
174  120.526237  -9.166647   11.101495  0.258575  2.261015      15.418008   1297.371948   86.832947            1.14          1.64  5.163745  0.775591  561.530273
175  125.136543   7.526251    5.880802  0.307058  3.903485      14.383060    967.155762  189.634079            1.14          1.64  6.600935  1.318328  612.668884
176  116.298058 -11.602591   18.003214  0.262544  3.061817      15.241737   1360.652954  239.553772            1.14          1.64  5.654743  0.663298  577.897705
177  114.643257 -17.692978   10.309257  0.263647  2.198003      15.739957   1693.231567  147.761765            1.14          1.64  6.073030  0.866718  620.215027
178  123.640030  -3.993331    6.110306  0.284185  2.655514      15.397332   1646.716064   87.315186            1.14          1.64  6.617642  2.662601  649.058655
179  130.212189  -7.042275   24.477579  0.284029  2.376482      14.799900    993.281555  149.275787            1.14          1.64  5.492979  0.942231  561.987061
180  120.542099  -6.460118   21.246756  0.288822  3.644641      15.079041   1269.117432  194.608582            1.14          1.64  7.110268  1.391581  622.563782
181  128.575089 -15.608874   20.343161  0.274463  3.984556      15.670728   1922.328003  227.354813            1.14          1.64  7.299542  2.467042  609.803101
182  124.229828  -6.005404   14.002724  0.280506  3.376903      15.589465   1550.971436  243.725204            1.14          1.64  7.342144  1.848095  614.739380
183  120.481491  -4.279979    2.688788  0.289682  2.454851      15.180800   1273.125977  102.449562            1.14          1.64  6.448100  2.283609  674.702332
184  121.561913 -10.799479   12.511712  0.250511  2.889107      14.940565   1801.498047  223.739456            1.14          1.64  6.999659  0.665086  496.066803
185  135.527496   1.270009   20.138788  0.305166  2.107765      15.393824   1080.004761  142.545395            1.14          1.64  7.137655  2.292738  591.643311
186  112.258339 -12.494562   12.132731  0.248550  3.351205      15.802633   1621.864990  237.975052            1.14          1.64  6.384558  0.466933  536.184143
187  132.401657   5.737442   20.066767  0.334674  2.548057      15.202269   1235.687500  148.893280            1.14          1.64  6.103162  2.382061  594.099426
188  126.399445   5.774782   21.429985  0.323886  3.553837      15.074582    881.201843  211.568863            1.14          1.64  6.456969  1.836372  609.522888
189  129.124664   4.241394   17.367025  0.284427  3.834933      14.382491   1819.126587  227.500702            1.14          1.64  5.413620  1.043839  494.294891
190  130.415253  -6.735102   12.867007  0.277304  2.560569      15.975657   1234.028320  113.646584            1.14          1.64  6.454564  1.201777  551.845398
191  132.452942   1.149584   17.978130  0.313147  2.279671      14.757247   1343.741577  159.098770            1.14          1.64  7.086824  1.781166  581.709595
192  114.489906  -5.025496    7.659693  0.284197  2.458187      15.811880   1298.891113  233.127243            1.14          1.64  5.999457  1.633410  697.611145
193  121.268562   0.217321   23.141735  0.332972  2.412998      14.174849   1601.240234  120.724541            1.14          1.64  6.366208  1.195661  584.393799
194  118.915833  -0.153213   12.808758  0.294478  3.554048      15.587992   1707.130127  246.188202            1.14          1.64  6.523797  1.497232  623.754578
195  119.052299  11.032845   11.298336  0.346108  3.182294      14.674313    991.659790  119.014992            1.14          1.64  5.365249  1.929325  666.544189
196  125.192894   3.606964   11.875491  0.301953  3.225549      14.780046   1065.707275  191.804565            1.14          1.64  7.490473  1.515395  608.304016
197  118.443344 -13.421311   35.249844  0.294659  3.655232      14.704544   1984.229004   85.486153            1.14          1.64  5.880469  2.539791  665.876648
198  113.353554  -4.794459   12.484380  0.286474  2.946265      14.026834   1289.086548  225.516037            1.14          1.64  6.076029  0.975083  670.713257
199  119.650391  -6.454828   15.602627  0.296824  1.511233      14.689862   1962.186157  132.469009            1.14          1.64  7.312411  0.964530  570.209412
200  127.339890   8.574911   33.672718  0.334375  3.520905      15.665797   1869.214233  182.265228            1.14          1.64  5.849613  2.345304  541.036072
201  129.400055  17.729595    8.827919  0.341541  3.625553      15.113367   1304.652832   78.082123            1.14          1.64  5.458222  2.099144  565.951355
202  120.816795 -10.408535    7.479430  0.293093  1.883819      15.442071    856.992676   92.045868            1.14          1.64  6.847199  0.737782  670.779724
203  125.127029 -14.767537   15.465878  0.281423  3.171784      14.209408   1581.574951  191.405914            1.14          1.64  6.444098  2.109809  636.877808
204  125.014259  -6.027658   31.872608  0.302741  2.585131      14.950117   1202.042847  153.043518            1.14          1.64  6.508770  1.202202  578.250732
205  120.216797  -2.521647   11.720997  0.302517  2.990143      14.503709   1635.286987  191.174530            1.14          1.64  7.165888  2.805012  681.347656
206  127.872093   1.914561   19.494921  0.297137  3.658264      14.491473   1323.586182  225.166962            1.14          1.64  6.774848  1.469546  563.580017
207  123.651627 -14.416955   31.972788  0.293990  3.536381      14.656386    899.631042  176.009125            1.14          1.64  5.018318  2.510381  688.431946
208  119.708405  -4.056287   25.360044  0.307163  3.370016      14.771710   1243.893799  160.702240            1.14          1.64  6.161220  2.397039  654.226379
209  111.796768 -13.465590   14.943673  0.271495  3.260184      15.370340   1275.443359  200.707367            1.14          1.64  5.883565  0.592054  646.299011
210  116.496422  -5.218303   14.174015  0.292183  3.576702      15.334264   1775.307739  222.864014            1.14          1.64  6.640422  2.201358  676.451416
211  132.242126  -3.448416   12.037873  0.268454  2.601361      14.661172   1041.151733  101.810867            1.14          1.64  5.926587  0.572700  485.702820
212  123.541977   0.176521   16.328312  0.318157  2.268164      15.757063   1684.462891  195.161835            1.14          1.64  7.696356  2.657038  638.864380
213  121.456001  -6.356010    2.967221  0.281751  3.306345      14.410809   1630.068970  159.545395            1.14          1.64  6.412170  1.974706  643.238403
214  132.881042   5.399370   18.297316  0.316611  2.983798      14.442520   1333.139282  159.892014            1.14          1.64  7.078368  1.738063  566.738098
215  116.121544 -26.925934   24.991526  0.281443  1.301887      14.706395   1950.747192  154.810745            1.14          1.64  6.351243  0.666402  618.742493
216  118.793060  -3.708295   16.961281  0.307941  3.415653      14.417275   1671.571533  188.763580            1.14          1.64  5.702032  1.991928  660.617310
217  122.399895   6.499844    7.537755  0.295271  3.925297      14.654848   1684.332642  221.023178            1.14          1.64  7.594678  1.985772  613.489502
218  121.480957  -3.671957   14.612908  0.302950  3.121216      15.927089   1019.059509  180.581268            1.14          1.64  6.617853  2.010411  666.144043
219  125.641609  -6.270174   17.706705  0.279099  3.520526      14.924248    924.192871  154.640442            1.14          1.64  6.874435  0.921979  593.584656
220  130.286423   3.589514   14.203480  0.326903  1.871454      14.372278    869.926575   90.111832            1.14          1.64  7.669063  0.416855  525.111694
221  127.753952  -0.025048   20.955465  0.311102  3.021084      15.139737   1740.343262  176.343491            1.14          1.64  6.686038  2.779904  610.469727
222  120.253700   5.071919   13.516879  0.316022  2.897923      15.470871   1227.929688  199.220612            1.14          1.64  6.498429  1.038052  586.875671
223  116.267776  -6.204124   24.823843  0.303845  3.600498      14.212027   1319.638062  217.360809            1.14          1.64  5.185887  1.000185  620.946655
224  111.798012  -2.128991   10.066853  0.290286  3.903283      14.446030   1155.079346  138.993423            1.14          1.64  6.363320  0.456121  626.139771
225  125.471779  -1.695414   15.569568  0.300054  2.672660      14.739899    990.301636  101.161514            1.14          1.64  6.264049  0.930650  596.550781
226  125.454216   5.641680   16.909739  0.327180  3.385729      15.698691    835.720337  177.818207            1.14          1.64  6.260013  2.919413  652.309692
227  115.684486 -11.189744   19.427305  0.278371  3.507771      14.454471   1835.088501  129.872787            1.14          1.64  5.141380  1.520354  659.255249
228  119.927261  -2.292134   11.714170  0.300002  2.715197      15.336450    905.782166  144.478577            1.14          1.64  7.023042  1.128017  661.914917
229  119.682816  -1.475994   18.446508  0.313778  2.902977      15.452019   1774.954102   87.684830            1.14          1.64  6.144983  1.664617  621.252869
230  123.444687   3.626017  354.037109  0.306541  2.278495      14.054414   1022.556702  124.679459            1.14          1.64  6.179551  1.949306  680.962036
231  127.237335 -10.364388   19.272539  0.278450  1.776633      14.288280   1841.723633  177.429581            1.14          1.64  6.706834  2.000298  599.026855
232  118.487946   8.163363   10.030230  0.311210  3.952354      14.085094   1393.102051  119.428246            1.14          1.64  7.458506  1.652666  634.942261
233  132.939194  16.765753    4.001669  0.348234  3.060967      15.396748   1496.766113  138.552307            1.14          1.64  6.233020  1.782273  554.597229
234  113.916656   1.266704    9.030300  0.298856  3.901783      14.819468    967.798279  196.296448            1.14          1.64  6.319144  0.925876  693.713806
235  122.464844  -1.668669   18.810856  0.315939  2.921864      14.618605   1101.027954  165.870712            1.14          1.64  5.488039  2.592847  669.569580
236  112.419334 -17.973669    8.666869  0.282064  2.777373      14.644101   1767.518555  205.217484            1.14          1.64  7.011753  0.849093  657.474854
237  115.376968   2.182671    7.340226  0.299653  2.490813      14.720680   1637.726685  171.927795            1.14          1.64  6.286025  0.758453  589.114258
238  117.849350   4.834814   26.007629  0.335619  3.963984      15.042723    905.759888  149.696228            1.14          1.64  5.464087  0.844399  590.915222
239  124.385017  -7.283457   12.820576  0.294529  1.479298      14.341820   1413.223022  106.029907            1.14          1.64  7.641837  2.513647  659.624146
240  114.277374   6.053819   20.369856  0.319444  3.990799      14.784925   1625.499023  109.800941            1.14          1.64  5.618580  0.989249  569.977722
241  128.023331 -30.552116   32.053211  0.310618  2.485919      14.297724   1708.513306  165.947891            1.14          1.64  6.180909  1.477158  664.721008
242  120.258797  10.255108   24.784460  0.336620  3.975306      14.635053   1115.655396  163.168625            1.14          1.64  5.754292  1.746750  579.503174
243  114.858124  -5.873425    8.895071  0.278724  2.664661      14.924729   1211.761230  130.475128            1.14          1.64  5.283228  0.768675  633.656799
244  121.419891  -5.891968   11.813884  0.277956  3.068621      14.319045   1299.782593  191.931702            1.14          1.64  6.756603  1.312445  618.079163
245  128.973633  -2.712501   12.092954  0.306351  1.326466      14.756388   1969.760742   78.659698            1.14          1.64  8.299879  2.037474  603.603455
246  128.788803  -8.604043    8.355648  0.287472  2.345147      15.378414    902.179932  145.670883            1.14          1.64  6.875356  1.239718  613.097534
247  111.653694 -16.206919    7.900222  0.272159  2.692668      14.602016   1461.235474  189.696167            1.14          1.64  6.110067  0.551355  616.312378
248  120.357910   2.119801   11.492202  0.298299  3.365391      15.280198   1595.438721  188.468887            1.14          1.64  7.407438  2.398247  645.774597
249  124.854599   2.618674   14.908452  0.325308  2.888139      14.342909    821.698059  144.865631            1.14          1.64  6.784586  1.712457  670.838806
250  112.523460   1.900363  359.511017  0.288923  2.763392      14.720714   1672.615845  227.955521            1.14          1.64  5.605461  1.129593  683.201355
251  132.926483   2.148306    2.037690  0.299981  3.156625      15.444529   1477.045410  166.692612            1.14          1.64  7.325498  2.933671  610.463013
252  117.980850  -3.274927   11.751960  0.286524  2.957103      14.889675   1574.983887  203.098267            1.14          1.64  6.949802  2.336923  674.470642
253  123.308533   3.721699   16.221363  0.313595  3.375808      15.429206    815.467285  235.370407            1.14          1.64  6.896760  1.070338  631.334229
254  120.586052  -4.948717   20.522039  0.300841  2.870748      14.680025   1532.574463   98.285431            1.14          1.64  5.430273  1.957732  637.741211
255  119.153526   0.596924    5.873154  0.288117  2.089407      14.351075   1606.171753  126.061737            1.14          1.64  6.422344  0.632313  526.438049
256  118.522400  11.853665   10.457954  0.320983  3.833941      14.732224   1166.487549  169.169098            1.14          1.64  5.820695  0.899204  581.314575
257  128.009720  -0.103317    7.517876  0.293035  2.707589      14.875809   1241.101196  166.403839            1.14          1.64  6.926777  1.837122  607.964111
258  115.386292   5.473974   22.887915  0.341507  3.524665      15.745148   1525.194458  148.760483            1.14          1.64  5.636456  2.235893  637.883057
259  128.510986  -7.896008   13.864377  0.278647  2.930418      14.056352   1709.081177  137.248398            1.14          1.64  6.599302  2.740446  617.572998
260  119.572639   2.234689   12.864895  0.314032  3.894864      15.310247   1037.256470  167.427399            1.14          1.64  5.725969  1.145628  639.329590
261  121.758987  -8.606367    7.370068  0.269731  1.933559      15.972862   1320.445435  160.415390            1.14          1.64  7.068137  0.743238  549.928101
262  122.354324   8.220730    5.264449  0.294894  3.854070      15.089456   1638.746826  246.494553            1.14          1.64  6.068618  1.445700  586.714111
263  124.941605 -12.849621   18.599745  0.273001  1.805061      15.314093   1971.223267  171.239014            1.14          1.64  7.569441  2.256672  624.459839
264  112.556946  -1.403259    9.130482  0.277734  3.161150      15.669449   1680.344360  129.693481            1.14          1.64  5.567516  0.650489  580.622986
265  117.115753 -12.044599   12.928898  0.270008  3.749969      15.761924   1572.062012  167.452774            1.14          1.64  6.336420  0.879856  599.212036
266  120.377998 -13.282948   22.916853  0.280095  3.065035      14.452938   1067.982910  117.290726            1.14          1.64  5.748450  0.299633  495.360352
267  135.621567   0.617892   19.397478  0.318201  1.666443      14.722848   1189.213379  116.683609            1.14          1.64  7.243124  1.275048  554.500977
268  112.438461  -3.528484   10.703700  0.278699  3.201535      15.243544   1471.533447  123.404480            1.14          1.64  6.722607  0.855808  634.645813
269  119.716782  -3.928622   16.652472  0.292868  2.546308      15.434149   1822.631348  124.416229            1.14          1.64  6.435606  2.502695  653.968811
270  117.683624  -2.588240   12.001005  0.283077  3.710456      15.343877   1931.299194  236.709122            1.14          1.64  6.294045  1.344821  618.978760
271  118.584915  -2.799495    6.091478  0.289050  2.452585      14.620265   1005.686096  111.005859            1.14          1.64  6.427186  1.090864  660.541687
272  121.870888  -6.683562   12.265300  0.275132  3.866046      15.519586   1325.528442  144.773193            1.14          1.64  5.474226  1.325073  612.007385
273  125.646935  15.006867    9.902433  0.317052  3.974808      15.095407   1783.444336  242.529190            1.14          1.64  6.546170  1.594658  543.563232
274  123.794548 -11.877541   16.783617  0.293269  3.882736      14.122589    914.176941  206.819168            1.14          1.64  6.772984  1.052859  657.006348
275  112.437019 -11.142668    8.528875  0.265134  3.777887      15.632672   1572.665771  189.470932            1.14          1.64  5.009564  1.094395  670.432800
276  128.572388   7.159770   14.029824  0.325150  3.435599      15.060704    864.830994   97.832054            1.14          1.64  6.406751  2.140797  626.652344
277  124.023865   9.811028    1.179504  0.312471  3.404400      15.258299    835.405334  204.435852            1.14          1.64  5.971004  1.074768  643.715027
278  123.127365  10.472170   16.346157  0.316766  3.987384      15.460420   1077.015503  134.816696            1.14          1.64  5.703747  1.666558  585.153931
279  112.402138 -11.413075   11.217990  0.258625  2.501427      14.457314   1364.294922  194.247406            1.14          1.64  6.616197  0.647416  627.026794
280  121.306030  12.875013   14.406273  0.339579  3.954198      14.922970   1940.834839  180.066010            1.14          1.64  5.849234  2.556212  608.246643
281  113.800446  -2.734328   11.675035  0.297614  3.344764      14.496893   1045.287720  108.861969            1.14          1.64  5.227430  0.712667  665.449280
282  123.480675  -0.656286   14.657667  0.312128  2.497930      14.368209   1431.626587  176.579834            1.14          1.64  7.283434  1.882629  630.198547
283  139.704636  17.057348    6.384264  0.337023  3.217491      15.496083   1812.246826  209.991501            1.14          1.64  7.314036  2.664474  547.378601
284  120.355965  -3.601269    8.353340  0.281005  3.813357      14.390025   1222.713867  174.031067            1.14          1.64  7.210887  2.104868  665.038696
285  117.183594   1.651955   11.441980  0.300696  2.554647      15.238308   1532.325928  215.039871            1.14          1.64  7.216050  0.729058  555.628784
286  123.932426  -8.157484   19.897367  0.307749  1.009933      14.675714   1197.592529   84.983902            1.14          1.64  6.957409  0.627935  544.193115
287  119.281708  -2.641150   26.082222  0.329531  3.135482      14.219767   1748.105225  150.059647            1.14          1.64  6.516818  2.201497  646.983765
288  117.224312 -12.400270   18.651566  0.268980  3.692165      15.397525   1632.857300  192.880844            1.14          1.64  6.498782  0.923901  591.919739
289  132.809982  12.619128   21.153357  0.334792  3.912379      15.637707    874.481812  215.423981            1.14          1.64  6.723993  2.763614  583.979126
290  122.429840  -7.533749    8.414377  0.291366  3.179453      15.841361   1480.358032  248.099518            1.14          1.64  6.205849  2.396967  658.627563
291  115.642303  -7.137590   22.660851  0.294063  3.837345      14.862593   1343.514038  228.495941            1.14          1.64  7.012016  1.384349  652.521973
292  121.623947  -6.594136   14.486908  0.296466  3.369537      14.519195   1043.871338  161.569839            1.14          1.64  5.753683  2.611905  684.148010
293  129.400131  11.949429    8.115314  0.327654  3.116601      15.169107   1534.178345  183.646942            1.14          1.64  7.541802  2.448233  593.197327
294  114.382721 -13.527330    3.585884  0.278477  3.229652      15.883188   1875.469849  149.236389            1.14          1.64  5.220998  1.729856  683.184631
295  123.054825  -2.241942   14.128321  0.309178  2.340324      15.327016    820.678650  101.446609            1.14          1.64  6.091854  0.200123  549.718933
296  125.489937   4.089698   16.230572  0.322595  2.665810      15.214785   1650.981323  122.769974            1.14          1.64  7.466067  2.207313  608.878967
297  125.137505   3.953525   14.732271  0.341096  2.155842      14.798844    808.868835  103.682907            1.14          1.64  6.313036  0.341321  576.482727
298  130.842178   3.576549   10.494519  0.288862  2.956367      14.319897   1339.921875  214.602890            1.14          1.64  7.630849  1.347018  549.665833
299  125.189613   6.475568   10.836069  0.335258  2.197953      15.168818   1585.154297  120.370193            1.14          1.64  8.153658  1.475896  587.946228
300  120.274017  -1.803859   13.359127  0.298784  2.984994      14.745348   1012.990295  213.844574            1.14          1.64  6.672638  2.671478  689.076843
301  132.079208  -2.877333   24.874454  0.306784  2.713669      15.376648    975.735901  108.761642            1.14          1.64  6.409338  1.772145  605.286621
302  117.683807  -2.721699   19.455391  0.299222  3.518915      14.848157   1212.656006  158.530945            1.14          1.64  6.939921  2.017988  669.969177
303  129.315445   1.407298   17.275108  0.334791  2.017128      14.828670    915.188538   71.496025            1.14          1.64  6.632912  2.693078  658.428528
304  129.638077   6.004701    8.665636  0.324903  2.020398      15.630321   1560.213379   99.200264            1.14          1.64  6.252036  1.631811  576.479187
305  128.121735 -17.303308   12.115781  0.296132  3.004642      15.066384   1120.749756  174.216492            1.14          1.64  6.692351  1.405518  615.365540
306  120.436714  10.409495   16.516527  0.332101  3.924087      14.465072   1257.373901  158.609116            1.14          1.64  6.824375  1.494710  591.396729
307  122.220039   3.260034   31.275221  0.344431  3.143534      15.774179   1039.147705  134.743454            1.14          1.64  6.168429  1.911812  604.592834
308  117.667130 -12.314357   20.570082  0.287777  1.951701      14.479498   1868.244751  162.824493            1.14          1.64  5.863750  1.518735  657.677307
309  130.683548  10.355528   16.980663  0.328040  3.270977      15.432137   1474.611694  109.186584            1.14          1.64  6.202269  1.718368  544.836853
310  124.815247   3.607624   13.395091  0.297579  3.956160      15.350518   1792.938599  245.195984            1.14          1.64  5.575185  2.501396  612.270569
311  120.632957   1.722703   24.321804  0.323658  3.608762      14.108547   1559.606812  161.621292            1.14          1.64  5.597934  2.740087  641.626709
312  122.072563  -0.977198   10.755853  0.302372  3.170522      14.652548   1300.954102  227.160019            1.14          1.64  6.274263  2.567373  662.651306
313  128.066177   4.418879   18.367027  0.318194  3.042328      15.060946   1322.342285  140.915634            1.14          1.64  6.809945  1.699328  583.249023
314  119.068039   3.406905    8.519285  0.282213  3.910041      15.170710   1255.789917  156.589539            1.14          1.64  5.932320  0.895567  581.990051
315  127.450378  -1.302530   15.316106  0.293322  3.344515      15.513231   1383.149292  233.842133            1.14          1.64  7.278510  1.987058  599.961975
316  123.223091  -7.867009   14.660426  0.258890  2.397273      15.061665   1100.057617  192.325516            1.14          1.64  6.586433  0.347252  452.753082
317  115.953651  -9.445011   20.385521  0.303328  2.980626      15.481467   1145.269165  191.382980            1.14          1.64  5.320191  1.502697  698.318237
318  120.856834  -4.605206   17.787647  0.303256  1.961475      14.200944   1143.812622  101.998070            1.14          1.64  6.878597  0.365829  495.946106
319  123.655602   6.022877   10.855970  0.302733  3.541160      14.884728   1726.633057  129.715698            1.14          1.64  6.649924  1.693913  582.946655
320  134.467896  -2.146995   19.245975  0.297561  2.802178      15.380412   1302.476196  126.825897            1.14          1.64  6.137302  1.816600  573.450745
321  132.352142   7.363037   22.350496  0.329054  2.785338      15.204247   1115.172607  167.786972            1.14          1.64  6.278247  1.541838  563.211243
322  135.031723   9.204312    8.586533  0.320249  2.786846      14.153723   1735.814453  146.186615            1.14          1.64  6.890386  1.986724  562.750549
323  121.468918   7.178062   18.519669  0.325997  3.984289      15.038853   1935.108154  123.880096            1.14          1.64  5.584310  2.997389  624.899475
324  120.510269  -1.470431   10.279715  0.297725  2.808200      15.139691    830.743408  180.156128            1.14          1.64  5.768919  0.822739  666.546326
325  121.453918  -9.766841    9.570361  0.294577  3.463531      14.114772    886.872498  162.053940            1.14          1.64  6.251307  0.593917  637.297668
326  122.912079  -3.714899   13.453328  0.306344  3.502432      14.276509    847.746399  197.889252            1.14          1.64  7.687017  2.120689  697.748169
327  129.765274   2.091819   15.107096  0.308467  2.672854      15.104438   1100.536865  164.502060            1.14          1.64  7.345623  1.976858  608.703125
328  123.923264   8.045837   14.542496  0.321651  3.298217      15.223503   1768.273071  133.967300            1.14          1.64  6.335671  2.273058  598.131042
329  133.607300  14.883922   16.216915  0.335152  3.457662      15.012701   1298.529785  172.574646            1.14          1.64  6.716109  2.216753  552.966370
330  116.174744   0.561870    6.080966  0.316840  2.237961      14.518782   1048.790771  123.988449            1.14          1.64  6.036284  1.080063  694.265808
331  116.537651  -5.862995   16.521402  0.285380  3.403197      15.056051   1939.607544  175.532898            1.14          1.64  5.674444  2.021914  665.335938
332  119.048264   0.934919   17.475241  0.299565  2.910936      15.000581   1183.717529  178.495621            1.14          1.64  6.784402  0.352802  459.738617
333  129.498413 -10.149776   18.968472  0.236411  3.178288      14.297591   1537.396973  187.953720            1.14          1.64  6.378884  0.382732  351.334473
334  128.193008   2.663529   15.793944  0.297996  3.226284      15.398254   1487.008545  134.659149            1.14          1.64  6.530145  1.549225  559.974670
335  123.776627   5.080217    3.786802  0.305721  3.382034      15.896544   1080.679810  180.957642            1.14          1.64  6.288122  2.146233  649.529175
336  122.515099   3.580086   15.224039  0.307657  3.427674      14.736060   1571.233276  201.479416            1.14          1.64  6.184174  2.618704  629.380249
337  129.616196   0.920905   13.698188  0.294432  3.451939      15.682852   1040.486816  217.220093            1.14          1.64  6.157441  2.384327  608.640747
338  113.149193 -13.459488    3.149106  0.286828  1.600843      15.608257   1493.184937  199.642288            1.14          1.64  8.502708  0.924481  661.330505
339  121.970345  -3.780573   15.302739  0.299237  3.020252      15.543244   1694.403687  167.534897            1.14          1.64  6.017643  1.853713  625.502686
340  118.955544  -5.550632   12.116611  0.304748  1.917426      15.455846   1325.192261   33.552917            1.14          1.64  5.188191  1.891245  676.566284
341  128.522385  -4.041905   19.610054  0.291952  2.855992      15.951405   1359.660278  152.602798            1.14          1.64  7.572935  2.643966  611.084412
342  128.900330 -13.897923   19.418062  0.273757  3.638504      14.411726   1705.164551  208.916016            1.14          1.64  6.668680  2.245977  609.669556
343  118.879990  -4.015069    5.219398  0.285731  2.236780      14.209723    997.047363  134.317169            1.14          1.64  5.999944  1.036896  657.536377
344  132.070862  18.478680   18.605759  0.345936  3.663985      15.015798   1437.571411  120.690300            1.14          1.64  5.515311  1.318719  481.303314
345  114.514938  -3.332422   12.438659  0.301088  2.734172      15.457598   1215.609253  152.076355            1.14          1.64  5.048851  1.234810  685.527039
346  120.442192   2.304094   10.785285  0.306912  3.108931      15.154201   1064.094482  241.689651            1.14          1.64  7.014187  1.669869  653.578064
347  119.311188   6.845717   14.133215  0.315211  3.409953      15.022036   1523.715820  182.266602            1.14          1.64  5.961917  1.022917  566.146973
348  122.601288   2.954180   13.800140  0.323555  2.980165      15.855577   1142.348755  142.266357            1.14          1.64  8.023144  2.754758  657.947205
349  121.586327   3.787185    9.452941  0.323922  2.130469      15.480736   1316.004150  163.860535            1.14          1.64  7.034289  1.109722  600.521301
350  119.311729  -8.609731   17.696735  0.289899  2.698661      14.571294   1252.519897  191.912857            1.14          1.64  6.417591  1.897218  675.122192
351  123.486282   5.951133   11.241096  0.281718  3.616420      15.098349   1376.641846  203.600174            1.14          1.64  6.397530  0.545497  457.745483
352  118.312843   5.365457   24.616259  0.344811  3.504632      15.764449   1244.225586  181.330383            1.14          1.64  6.911448  1.910170  626.791260
353  129.423615   4.605608    5.432282  0.309428  2.103369      15.417700   1347.218994  121.889923            1.14          1.64  7.335746  2.064385  606.110291
354  116.202087 -18.746572   16.683224  0.278740  2.484612      15.986631   1608.687500  188.367523            1.14          1.64  6.784756  1.669095  694.565002
355  129.474167 -16.888832   14.912872  0.287127  2.295305      14.373692   1600.113159  119.578354            1.14          1.64  7.285642  1.392110  576.178894
356  114.609161  -3.531445   10.406147  0.284176  2.451117      15.148828   1691.761353  150.273010            1.14          1.64  6.957476  1.215531  649.937073
357  120.820808   0.513557    9.338739  0.298947  3.174081      14.062457   1587.996216  142.504822            1.14          1.64  7.136147  1.439709  618.348206
358  119.719208  -7.163356   15.305730  0.284865  3.147305      15.903198   1071.706421  202.682877            1.14          1.64  7.330986  0.582095  573.652100
359  124.960526   2.804008   19.233524  0.324489  3.214194      15.167818    809.759705  177.271317            1.14          1.64  7.946509  1.348006  636.494202
360  120.330467   1.517653   11.290507  0.308807  3.020038      14.920160   1064.959595   72.683220            1.14          1.64  5.161445  1.516125  650.338501
361  130.227859  -1.561854   28.614859  0.292303  2.983647      14.692084   1886.444458  247.089935            1.14          1.64  7.660134  1.644193  538.203552
362  120.300705 -19.959801   23.785843  0.298589  2.780092      14.039765   1102.870728  130.870667            1.14          1.64  5.139133  1.061951  685.023193
363  110.224480  -5.803006   17.253660  0.275749  3.819438      14.586805   1985.964233  217.635025            1.14          1.64  6.177021  0.522668  534.399719
364  121.502930  -4.624301   11.510279  0.295308  2.284614      14.722392   1036.548096  165.185120            1.14          1.64  6.740718  1.413481  650.780884
365  111.316879 -25.503458   12.687058  0.268463  3.765146      14.456536   1859.949097  238.324509            1.14          1.64  5.733902  0.866075  690.622559
366  128.027481   8.111249    8.967318  0.321711  2.963647      15.249016   1290.871094  142.447754            1.14          1.64  5.753356  2.211418  607.107971
367  122.669823   9.419267   15.744890  0.326602  3.847868      14.509470    840.601685  155.675446            1.14          1.64  6.033376  1.043418  603.198975
368  125.032402  -2.422893    7.214266  0.300748  1.765946      15.156058   1198.013428  186.678452            1.14          1.64  7.009371  2.339058  652.829224
369  127.354660  14.703331    8.364751  0.322945  3.977270      15.891223   1273.709106  165.221924            1.14          1.64  5.966615  1.690423  569.578430
370  107.882896 -10.994702    9.616014  0.268164  2.341759      15.045166   1269.264526  121.440132            1.14          1.64  5.404395  0.505804  683.972900
371  121.164246  -9.501004   14.021831  0.291010  3.941971      14.281165    920.334778  180.080719            1.14          1.64  6.506867  0.849104  651.705994
372  118.600861   0.752553   19.267029  0.318111  3.538030      14.393632    817.620972  204.359604            1.14          1.64  5.598781  0.758626  662.920105
373  117.001350   0.502674    7.955455  0.276425  3.951107      15.879335   1494.872559  152.030701            1.14          1.64  7.037235  0.646685  543.029236
374  120.454964  -2.057967   12.046828  0.293687  2.768260      14.961858   1207.954956  197.712311            1.14          1.64  6.877788  1.669459  650.612610
375  116.494095   5.610597   10.482523  0.334152  2.610523      15.290998   1542.792603  141.315811            1.14          1.64  6.229660  2.386089  695.869263
376  120.738503 -24.815763   17.017542  0.295840  3.880922      14.867260   1298.516479  235.111893            1.14          1.64  5.777411  1.718951  696.023010
377  125.814545  15.500443   15.209398  0.331384  3.954608      15.320036   1047.314941  198.755020            1.14          1.64  6.125003  1.107661  527.763916
378  122.671959 -12.806025   13.004488  0.285468  2.872500      15.890038   1528.744629  179.538895            1.14          1.64  5.531121  2.415889  661.133057
379  124.518860  -0.073861   11.438440  0.289359  3.757950      15.360593   1295.699097  146.370834            1.14          1.64  6.020540  0.951937  557.529297
380  129.050919   6.848664   17.757586  0.337409  2.604591      14.346309    994.069031  145.697739            1.14          1.64  6.132652  1.267249  583.159729
381  121.151703  -8.037717   22.458439  0.272570  3.237236      14.492792   1218.748657  136.162033            1.14          1.64  6.592904  0.621299  533.362122
382  126.187958  -2.791452   13.576401  0.317565  1.994634      14.165039   1108.862183  127.071121            1.14          1.64  5.895554  1.984810  647.991638
383  117.005280  -9.666556   12.598813  0.280350  3.037551      14.136318   1462.530396  216.590057            1.14          1.64  6.235856  1.065843  643.797424
384  120.681107 -18.913969   22.272942  0.279939  3.665690      15.308681   1742.270386  154.875870            1.14          1.64  6.151826  1.933391  668.932556
385  125.379715  -3.782079   22.798239  0.282178  3.055651      15.679393   1801.814697  156.068802            1.14          1.64  5.938097  1.381800  554.239075
386  116.519051  -6.359888    0.326725  0.288596  3.417593      14.346964   1275.695068  132.753372            1.14          1.64  6.259403  1.694119  693.160278
387  122.588860  -6.852954   17.267950  0.294816  2.948219      15.117132   1143.071045  135.009079            1.14          1.64  6.521450  1.493023  635.806885
388  119.394905  -4.110108   21.387310  0.302913  3.687368      15.895368   1105.681763  153.528183            1.14          1.64  6.702706  2.448076  676.133118
389  122.363838  -7.075219    7.201105  0.280183  3.907795      14.839875   1728.540527  243.302353            1.14          1.64  7.471785  2.716890  652.728333
390  125.180298   0.169952    9.385902  0.295797  3.584579      14.185998   1038.523926  195.949890            1.14          1.64  7.514847  1.561253  630.652405
391  126.745674  12.238021   13.973934  0.326173  3.723360      14.099566   1443.084839  165.193207            1.14          1.64  5.797551  1.739743  567.007935
392  120.646400 -12.796005    9.486045  0.282787  3.117301      14.937551   1580.868652  224.587219            1.14          1.64  6.227813  1.574083  642.558838
393  124.247841  11.920524   12.969309  0.326236  3.875294      15.623338   1840.304810  149.079056            1.14          1.64  6.385866  1.953212  573.675293
394  120.183456   4.558370   21.415733  0.323701  3.600428      14.504323   1143.861938  119.584595            1.14          1.64  5.678222  1.270201  601.590759
395  119.531593   1.575541   13.854426  0.277949  3.817121      14.064491   1186.701660  154.855179            1.14          1.64  5.307920  0.431978  481.550293
396  114.545792  -7.209436   12.567421  0.278622  3.688421      15.976597   1609.495728  119.437820            1.14          1.64  5.583955  2.130403  698.855225
397  132.135696  15.671292   10.298008  0.343903  3.323040      14.457766   1056.705688  140.363174            1.14          1.64  6.439126  1.879827  567.893066
398  122.010918  -3.300029   11.974322  0.292971  2.696633      14.646235   1741.704712  170.200989            1.14          1.64  6.729145  2.122640  640.651672
399  131.865250  -4.540174   13.594085  0.289244  3.638229      14.213552   1612.620728  194.276215            1.14          1.64  7.447825  2.870328  616.981445
400  123.350685   6.466037    8.101033  0.321290  3.555394      15.141809    906.394958  202.914825            1.14          1.64  7.053417  1.803837  656.220581
401  124.967140  -1.991825    4.621023  0.274339  3.766325      14.503539   1618.428955  219.775879            1.14          1.64  6.593025  1.222140  564.998535
402  124.921074  -0.302933   24.376890  0.309873  2.916435      15.385352   1724.135132   85.029106            1.14          1.64  5.931647  2.616513  610.015808
403  120.004448  -1.563099   11.502542  0.323415  1.786060      14.475571   1453.975342   24.668550            1.14          1.64  5.471664  2.492909  692.190247
404  123.005775  11.459438   16.024216  0.336692  3.496743      15.944710   1492.620239   92.946472            1.14          1.64  6.069083  2.849447  611.846680
405  116.097107   2.899808   16.144209  0.316038  3.518356      14.527978   1350.263184  235.650467            1.14          1.64  7.033113  1.481434  650.737427
406  117.841919  -4.639709    8.733547  0.290691  2.884789      14.487124   1915.547729   80.049591            1.14          1.64  5.052996  1.660280  651.269897
407  119.384254  -2.443020   11.256394  0.282316  2.972161      15.615273   1829.835693  203.310867            1.14          1.64  7.534870  1.565444  612.224060
408  118.569664  -4.061274   20.374052  0.296683  3.713645      15.333511    901.852417  177.890793            1.14          1.64  6.818717  1.339205  669.013916
409  125.672661 -11.566287   13.012630  0.277032  2.997511      15.061285   1951.709595  208.256592            1.14          1.64  6.025167  2.385570  618.642151
410  116.496574  -3.116939    9.571951  0.308171  1.589265      15.599603    984.705627   96.844696            1.14          1.64  6.716171  0.334092  584.566406
411  123.127480  -9.210266   11.461590  0.271001  3.424597      15.261979   1556.837524  200.409286            1.14          1.64  6.332983  1.353901  597.011963
412  121.441071  -0.547841   17.428949  0.309650  3.835341      15.093980   1182.916138  202.566895            1.14          1.64  6.945632  2.683236  665.643188
413  118.938568 -12.815133   12.376129  0.279120  3.461504      14.808103   1345.718994  173.336426            1.14          1.64  5.560997  1.099362  632.663879
414  112.071503  -6.698017   17.887150  0.283802  2.897342      15.063565   1880.125732  135.263596            1.14          1.64  6.196637  0.688149  576.279602
415  117.052727 -16.517332   20.620939  0.266365  3.513826      15.490507   1686.551514  234.669861            1.14          1.64  5.683761  0.970401  609.753601
416  120.044945  -6.888286   26.188158  0.288108  3.826444      14.922564   1866.549683  220.268646            1.14          1.64  6.333346  1.028674  555.199219
417  117.426521   3.504947   14.403781  0.317551  3.681101      15.366996   1089.752808  180.613113            1.14          1.64  5.579762  1.986359  671.116211
418  118.365746 -11.839998   19.642408  0.272093  2.406601      14.114522    994.486938  105.481094            1.14          1.64  5.755344  0.216978  490.460571
419  131.813293  12.487313   10.774774  0.328632  3.163735      14.427270   1158.431152  154.998276            1.14          1.64  7.697988  2.023333  578.831543
420  124.771271 -16.715910   15.829025  0.286821  3.016313      14.571779   1089.201172  110.426476            1.14          1.64  5.521492  2.044452  662.425720
421  111.657219  -0.349914    5.259943  0.265183  3.781788      14.572365   1798.434448  174.688736            1.14          1.64  6.253586  0.628615  576.749878
422  127.635826  11.068505    2.052859  0.324710  3.103825      15.004558   1351.826294  110.892670            1.14          1.64  6.045651  2.759735  629.911865
423  125.889458  -6.205278    6.003948  0.268186  3.944410      14.198975   1843.317505  170.912140            1.14          1.64  5.862534  1.119952  547.963379
424  124.347717   6.486484   15.346175  0.314165  3.433374      14.067015   1144.186768  181.342255            1.14          1.64  6.496111  1.689059  606.889832
425  120.077019  -5.457485   11.249368  0.288680  3.569866      14.349831   1930.254883  240.632278            1.14          1.64  7.340751  1.960918  651.058044
426  114.590714  -9.315528   12.287966  0.269811  2.621922      14.443399   1956.049561  211.653290            1.14          1.64  6.734269  0.776573  581.253967
427  121.656219  -8.375506   11.960402  0.296678  3.590680      15.495368   1621.980835   51.881054            1.14          1.64  5.582692  2.891680  676.772644
428  118.654182  -2.684440   18.341351  0.291182  3.812350      15.453046   1959.093140  140.751968            1.14          1.64  5.413146  2.797176  654.388977
429  141.129547   2.968272   16.712450  0.340716  1.314708      14.075077   1946.120972   79.669228            1.14          1.64  7.788071  2.940484  604.296082
430  132.624069   1.359821    4.688083  0.328777  1.031990      14.510981   1651.382446   74.154800            1.14          1.64  6.606341  2.584936  619.533203
431  127.136917 -16.148428   18.578909  0.284148  3.255948      14.382584   1276.902588  201.443222            1.14          1.64  6.934498  1.675203  623.563049
432  120.734207  -4.526460    8.474029  0.266791  3.001885      14.584331   1541.036987  157.447403            1.14          1.64  6.393072  0.753296  538.962708
433  118.764381  -6.775216   16.577358  0.282438  3.856679      15.507896   1785.549194  174.149704            1.14          1.64  6.080161  1.233536  604.635925
434  121.257217  11.679217  355.774109  0.316203  3.549394      14.273533   1443.454224  125.776924            1.14          1.64  7.017470  2.260080  683.240967
435  122.053040   8.945436    6.215405  0.323992  3.556980      15.628713    811.114075  181.067627            1.14          1.64  5.136953  2.749888  697.428894
436  121.337021 -17.133368   10.086152  0.269913  3.404688      15.099501   1545.089478  163.141266            1.14          1.64  6.103486  0.754218  542.843201
437  122.436928   6.704576   19.712687  0.333205  3.102429      14.463007   1526.709229  171.361526            1.14          1.64  5.921041  2.068053  606.621155
438  114.236153  -4.500861   12.425162  0.286571  3.701802      15.467405   1862.066040  165.177689            1.14          1.64  5.947062  2.010531  694.604553
439  115.461884 -10.174048   18.878286  0.285349  3.614243      15.339721   1913.155029  204.041031            1.14          1.64  6.571067  1.957111  687.026733
440  124.658585  -1.559202   18.298296  0.307075  2.531907      14.223310    888.136536  174.213608            1.14          1.64  7.454946  0.768183  602.938049
441  122.583725 -10.067875   17.435156  0.267848  3.596677      15.223789   1329.536133  150.891510            1.14          1.64  5.440020  0.777329  552.277832
442  119.184731  -5.014573   18.333920  0.298236  3.912232      15.602448   1583.136963  153.469131            1.14          1.64  7.327426  2.396543  666.416443
443  116.763802  -8.641822   20.122992  0.276700  3.412755      14.798792   1625.358887  133.230713            1.14          1.64  5.791286  0.967246  593.221680
444  123.185806   1.479318    5.942346  0.290966  3.430833      15.153596   1794.216553  230.787506            1.14          1.64  6.490705  1.556891  596.714417
445  130.725204  16.157978    5.603785  0.336279  3.587089      14.049522   1647.014771  153.029205            1.14          1.64  6.113122  2.779849  588.946472
446  116.537285 -11.481613    4.720086  0.271762  3.697576      14.957721   1890.613892  207.684189            1.14          1.64  6.660157  1.905389  674.842224
447  123.161598   2.751987    3.084951  0.302348  3.059324      15.050046   1239.366089  231.124924            1.14          1.64  7.405375  1.906850  648.469055
448  114.860001   9.900380   14.512192  0.344608  3.544353      15.858723   1763.168091  170.536850            1.14          1.64  5.325986  2.343250  666.742981
449  122.041901 -10.598428    7.914356  0.277699  3.012024      14.740445   1709.206909  206.111176            1.14          1.64  7.529216  2.341527  652.239014
450  119.692513 -10.444021   12.313254  0.293587  1.948696      14.206621   1080.330688  190.747467            1.14          1.64  6.703743  1.377259  681.269348
451  113.309624   6.820354    9.552749  0.297427  3.731631      15.567193   1249.403564  226.603882            1.14          1.64  5.668271  0.402553  527.113525
452  133.499832  -0.300143   24.717556  0.323027  2.032697      15.666632   1147.947998  147.200256            1.14          1.64  6.606404  2.105335  596.518799
453  126.954681   7.420614   22.194489  0.328305  3.462775      14.144334   1561.783203  169.612091            1.14          1.64  6.956141  2.817554  591.734497
454  120.213058   6.714277    9.760364  0.321143  3.055948      14.302250   1420.945312  216.259262            1.14          1.64  6.976187  1.852992  647.508667
455  131.203995   3.088249   17.044134  0.333850  1.864422      14.264031   1688.657104   58.503422            1.14          1.64  6.032379  2.945543  617.520020
456  123.030754  -0.401508   20.387014  0.332379  2.563746      15.254640    950.569641   95.663284            1.14          1.64  6.874307  2.065669  660.851746
457  117.338127 -11.363749   23.119164  0.296025  2.575141      14.024172   1137.218262  152.357605            1.14          1.64  6.547778  1.130566  667.673950
458  121.970863   4.924870   11.116455  0.324685  2.737155      14.595559   1008.365540  141.851318            1.14          1.64  5.291551  2.595816  677.251709
459  119.090546  -9.653316    6.577280  0.299215  1.249136      14.396030    984.723083   76.263756            1.14          1.64  6.673374  0.647905  642.862183
460  128.732254   3.643788  357.872559  0.316951  1.635431      15.081589   1094.940552  100.541107            1.14          1.64  5.911232  2.270551  650.328186
461  127.742577   7.304131  358.600159  0.296359  3.225290      14.092539   1942.480225  249.447784            1.14          1.64  5.720510  2.120038  605.082336
462  124.490891  -3.528224   17.108435  0.287306  3.470733      15.873526   1614.542236  211.747574            1.14          1.64  6.213823  1.732200  597.354248
463  132.784378   2.959364   16.199530  0.335983  1.949545      14.432096    941.442078  173.232819            1.14          1.64  8.680234  2.326766  633.844238
464  119.051620   3.537677   18.828703  0.320586  3.154591      14.213948   1291.805908  117.860413            1.14          1.64  6.002809  1.087463  587.238403
465  133.869034  12.463368    7.476542  0.303046  3.326113      15.029620   1180.905884  242.842453            1.14          1.64  6.440384  0.664562  457.427704
466  119.617752  -1.989926    5.264547  0.290646  3.218619      14.016193   1525.626953  168.708359            1.14          1.64  5.832298  1.854689  667.670654
467  126.092827  14.716837    3.508516  0.343775  3.183287      14.858418   1609.999268   86.713821            1.14          1.64  5.337716  2.943781  640.309998
468  135.386368   3.979790   20.965363  0.325114  2.419838      14.361447   1402.689697  118.044128            1.14          1.64  7.179661  2.117558  583.451294
469  123.096756   4.971603   24.285650  0.311573  3.255522      15.629105   1349.966919  104.138802            1.14          1.64  5.382247  0.842142  498.806732
470  125.282753 -10.116344   26.983767  0.294030  3.026107      15.066609   1537.704224  135.444214            1.14          1.64  6.828602  2.494665  638.039856
471  114.023293  -8.912041   11.082455  0.283100  3.613707      15.198555   1413.555908  151.213287            1.14          1.64  6.431089  1.295701  695.366333
472  118.451164  -8.671462    8.635057  0.297267  3.732054      14.021094   1113.176270  235.900406            1.14          1.64  6.935855  1.271266  682.679321
473  116.272499  -1.628685   11.450484  0.297590  2.382969      15.748065   1810.581543  154.090225            1.14          1.64  6.204724  1.361520  630.339050
474  115.779671  -2.222973   10.685731  0.287802  3.780492      15.474893   1945.304443  193.441147            1.14          1.64  5.942050  2.936472  698.875122
475  118.201050  -3.108959    9.809159  0.288588  3.873259      15.743203   1985.531372  239.441620            1.14          1.64  5.844405  2.444247  672.795288
476  118.215622   0.202105   14.655771  0.330536  2.532937      15.049828    892.042114  176.810974            1.14          1.64  7.405100  0.563612  648.633972
477  120.678253  -5.351660   11.720090  0.279600  3.537349      14.450109    958.007507  165.592682            1.14          1.64  6.638582  0.589485  596.967773
478  123.430313   7.312962   13.668616  0.305353  3.534941      14.640658   1317.091797  131.645111            1.14          1.64  6.022979  1.190604  560.341309
479  133.139297   3.486290   16.955103  0.304029  3.179777      15.064372   1737.118042  148.685074            1.14          1.64  7.804481  2.432005  579.049011
480  124.899467  13.861856  359.288208  0.336114  3.170997      14.865999   1539.954346  111.095047            1.14          1.64  5.827297  2.945262  658.905518
481  120.945740   3.891502    1.778774  0.269766  3.345126      15.467208   1888.576538  209.953842            1.14          1.64  5.666748  0.847201  524.550659
482  126.191833  -2.548599    8.664670  0.277416  2.227309      14.204403   1206.177246  145.298996            1.14          1.64  7.010330  0.553289  500.181030
483  118.322975   6.855025    6.689792  0.296574  3.601187      14.454884   1280.697998  235.169312            1.14          1.64  6.570990  0.782497  581.477844
484  126.341988   6.658536   11.744441  0.318214  3.139284      14.805331   1224.747925   68.543777            1.14          1.64  7.707773  2.254699  620.900146
485  121.880920   5.696199    9.794699  0.319167  3.005870      14.177972   1719.859619  184.260056            1.14          1.64  6.047816  2.689802  653.565796
486  124.004097  -9.464318   13.800000  0.279645  3.309373      14.878334   1672.000732  182.345322            1.14          1.64  5.892127  2.436393  638.410767
487  115.641747   7.834607   16.572237  0.332627  3.981083      15.173653   1590.723267  110.035599            1.14          1.64  6.678217  2.390126  657.296875
488  131.358307   5.568824   11.709686  0.307989  2.502425      15.198303   1859.635498   95.808403            1.14          1.64  6.925853  2.353606  579.942261
489  131.837631  10.044604   24.781557  0.334443  3.132885      15.025335   1671.166016  152.207199            1.14          1.64  5.853820  2.435129  554.444397
490  116.202988   0.093810    4.583431  0.292007  3.560325      15.020578   1570.242188   85.992928            1.14          1.64  6.759264  1.984542  697.366821
491  121.780594  -5.982392   16.302923  0.309915  2.157584      14.602820   1798.081665   89.306488            1.14          1.64  6.942308  2.818425  672.582520
492  122.516724   0.489414   15.194677  0.308270  2.360432      14.576843   1505.475586  145.802917            1.14          1.64  5.688869  1.576133  611.680115
493  122.508835   4.105740   18.103840  0.290755  3.854208      15.299757   1239.897461  224.216019            1.14          1.64  5.376681  0.681451  499.197968
494  123.390869  -5.184875   12.154696  0.300120  3.408938      14.547557   1419.145264  157.921478            1.14          1.64  5.284853  2.717201  663.791931
495  126.576744  -4.411505   17.096493  0.302627  1.658935      15.924986   1554.733887  100.451492            1.14          1.64  7.592681  2.383951  624.039612
496  130.522110   4.317992    8.956053  0.296329  2.746900      15.169673   1879.723999  165.709717            1.14          1.64  5.951939  2.052510  574.541077
497  121.751251  -2.098341    9.277699  0.308365  2.558619      14.661368   1446.860352  205.554550            1.14          1.64  6.764615  2.377674  668.972656
498  124.113129   1.445776   16.442585  0.313109  2.495502      14.780925   1385.848267  127.980667            1.14          1.64  6.911855  1.924235  616.309448
499  123.619331   2.683616    9.170401  0.294722  3.044116      14.216909   1843.372681  202.705475            1.14          1.64  7.047027  1.895958  608.933411
500  127.615273   9.192156   10.904581  0.307824  3.712102      14.330672   1790.630737  161.783493            1.14          1.64  6.497337  2.387390  586.100525
501  118.781403  -4.302762   24.145130  0.315597  3.446610      14.870132    934.581238  214.193253            1.14          1.64  6.844589  2.595179  689.555481
502  125.094849  -9.450473   18.344114  0.268542  3.422590      15.789625   1759.923950  206.208206            1.14          1.64  6.844885  1.257851  561.652954
503  120.048035   3.547263    9.466874  0.318890  2.816813      14.540520   1748.493530  122.735054            1.14          1.64  6.140145  2.145352  656.881226
504  116.370300  -1.981700   14.844984  0.297042  2.638366      14.376760   1364.705811  160.943466            1.14          1.64  6.464406  0.774316  597.606689
505  128.334106   1.395076   21.226875  0.299633  2.695940      14.512094   1389.316772  106.353989            1.14          1.64  6.378368  1.247986  543.443665
506  120.565376  -8.635396   19.724861  0.279918  2.130055      14.024055   1038.182007   98.072205            1.14          1.64  6.768971  0.444016  546.768005
507  127.834999 -11.185379    9.911985  0.291503  2.819410      15.099290   1496.562988  154.180176            1.14          1.64  6.781330  2.919300  645.997009
508  119.391098  -9.150709    6.915227  0.267551  2.208004      15.249127   1972.772339  138.977341            1.14          1.64  5.642208  1.004007  569.378357
509  119.510033  -7.738819   10.970237  0.281426  2.761836      15.587736   1220.386841  225.644104            1.14          1.64  6.465570  1.640695  655.772583
510  123.411041  -0.888925   20.882694  0.333936  2.094460      15.594055   1798.721924   64.875458            1.14          1.64  5.823157  1.761262  611.316650
511  118.368362   1.647923    7.806276  0.294875  3.496541      14.655456   1744.275146  163.981186            1.14          1.64  6.279632  2.583723  678.751343