           lon        lat         inc      D1AU     delta  launch radius  launch speed    t factor       B1AU     gamma         vsw
0   -54.342930   9.918566  350.096710  0.328305  1.613726       7.713366   1018.096497 -246.603455   5.944479  1.847634  497.554749
1   -31.084776  16.075058  327.784210  0.330830  1.076288      11.467046    339.841492 -246.919693   8.987481  1.534532  231.787720
2   -38.327492   1.470290  350.275391  0.316633  1.220254       7.628860    624.884766 -188.588272   8.560894  0.799421  173.729675
3   -27.251627   5.423799  339.029480  0.345856  1.112689       8.122064    404.174164 -199.593002   9.945286  1.747083  461.963196
4   -43.579330   8.313611  346.679871  0.328642  1.375800       8.812939    603.884949 -229.350113   7.902423  1.947159  355.614532
5   -27.533127  -1.168608  349.199524  0.345038  1.287749       8.871077    400.851196 -208.595184   9.083867  1.800656  264.882599
6   -36.559914   2.785559  349.284241  0.319580  1.105037      10.798466    368.740417 -225.358292   8.813357  0.479050  572.733398
7   -35.156845   2.194809  351.469910  0.310257  1.062604       8.744856    436.862427 -246.647339   9.001414  0.470889  397.561005
8   -33.482883   7.488613  340.345001  0.324560  1.183179      10.472245    368.231812 -210.893341   8.357457  1.444515  382.636566
9   -26.750170   4.544120  337.591461  0.335736  1.335177       9.072629    366.925018 -238.953751   9.530351  1.180958  318.234833
10  -48.444023   7.317640  348.318176  0.336595  1.263217       7.650245    892.500671 -214.374054   6.685143  1.280046  305.745453
11  -42.862213   9.035965  341.381836  0.347991  1.651613      12.965449    361.447662 -229.617615   8.097113  0.964281  491.888489
12  -40.860718  15.459262  338.597504  0.343210  1.010807      10.050625    476.561523 -185.642029   7.856064  0.589823  395.647644
13  -31.511436   6.188963  341.313171  0.335066  1.241098      10.307141    333.050323 -245.564865   8.932865  1.787329  432.537292
14  -42.190166   8.358058  347.177765  0.304363  1.092321       9.690282    477.379395 -212.413498   7.779141  1.286612  565.584045
15  -50.825283  17.211054  343.793274  0.328332  1.051688      10.001451    680.448486 -232.182144   6.681666  1.314387  528.946045
16  -49.766102   9.933487  347.522919  0.305655  1.317969      10.101002    674.279114 -229.168137   6.953992  1.718526  402.241364
17  -33.176476   5.492670  345.190552  0.281177  1.127342      10.120141    365.941315 -225.039337   8.606384  0.290573  476.417908
18  -40.487949  12.106984  339.604950  0.349208  1.299654      11.575271    365.434723 -234.007263   7.826970  1.110113  591.741516
19  -27.890163   3.306390  343.175629  0.342216  1.105638       9.794864    365.752655 -188.417221   8.823926  0.928559  228.125839
20  -45.238979  15.285351  341.684540  0.339599  1.181498       9.958318    544.857483 -192.631516   7.101269  0.877956  637.833252
21  -40.723385  16.828480  334.785339  0.348096  1.255477       9.801943    567.371887 -181.670364   7.478261  1.258539  262.412445
22  -33.808216   9.123245  340.259796  0.335776  1.013880       8.037012    487.456940 -215.803391   9.210034  1.728502  366.406219
23  -49.127739  15.796637  344.480652  0.341315  1.048977       9.433392    657.591248 -228.045425   7.105133  1.901890  583.755127
24  -35.880356  12.856666  337.744476  0.297921  1.042898      10.811090    391.996796 -244.756821   8.613618  0.693574  242.209961
25  -41.373802   9.679241  343.214417  0.341372  1.243290       9.357051    518.483765 -229.361404   8.536695  0.719240  316.230865
26  -48.196831  11.186604  342.072723  0.334289  1.732236      12.332255    489.504486 -228.385971   6.540547  0.209298  438.976440
27  -44.228836   4.301401  349.891907  0.336000  1.240067      10.410834    462.370789 -184.261246   7.993426  0.683520  663.520081
28  -37.600204   9.636969  340.766602  0.342257  1.103252      11.048007    350.187775 -207.718536   8.214644  0.773093  620.758911
29  -42.033447   7.662830  347.015869  0.317401  1.126795       8.363340    613.979126 -223.871979   8.300699  1.501634  332.571472
30  -42.099541   3.738050  349.329407  0.280236  1.428600       9.923826    487.002960 -239.847107   7.972939  0.392418  284.968384
31  -46.968735   4.686883  351.257629  0.263039  1.116361      11.596023    588.292053 -197.521820   7.129316  1.063176  206.356598
32  -40.855309   5.785456  346.288483  0.330635  1.325433      12.315832    326.449738 -213.329956   8.195984  1.242839  566.073853
33  -30.803740   7.504777  339.427979  0.327371  1.035021      10.488180    360.902924 -214.225037   9.652796  1.940138  246.506378
34  -54.007725  12.284695  350.017151  0.323855  1.362704      10.466593    743.229126 -238.011246   6.055498  1.313533  515.456421
35  -37.283920   8.034117  342.690277  0.317691  1.226077      10.185888    481.219666 -204.009399   7.212614  1.735562  227.954742
36  -27.288309   0.988847  340.931091  0.343232  1.380172      10.279602    374.168060 -206.399826   9.926015  1.708032  179.778351
37  -42.813339  13.020283  341.046967  0.297758  1.232983       9.113966    750.151062 -234.169037   7.187423  1.617158  194.712341
38  -41.933472  12.209408  341.980438  0.349128  1.196546      10.049035    458.211243 -244.664078   8.351374  1.467113  597.033203
39  -36.210007   9.970901  335.885406  0.307740  1.564840       9.517224    623.877686 -249.971100   8.548432  1.568179  115.038956
40  -44.341938  14.996685  341.548248  0.286884  1.229428      12.801696    404.251862 -238.021652   7.213221  1.849446  387.975922
41  -35.141560  12.501953  337.809814  0.317183  1.071623       9.516950    459.353394 -249.475357   8.587682  0.895146  200.770096
42  -43.773361  17.642668  337.324677  0.328651  1.317168       8.521430    958.512695 -244.334702   7.102683  1.498164  170.359146
43  -35.224094   4.428763  339.429565  0.340577  1.621187      11.128429    358.701660 -199.023590   8.315954  0.841454  236.083801
44  -49.999123  12.037508  345.614288  0.305976  1.477627       9.687567    711.316650 -242.184830   6.822416  1.380541  392.699005
45  -39.819382   5.547555  345.095428  0.337599  1.318301       9.523490    531.089050 -219.515366   8.622578  0.685239  178.849731
46  -43.987419   5.499897  347.578339  0.319000  1.618689       8.556056    575.742737 -234.162827   7.600810  0.216228  201.849594
47  -42.377209   9.950580  345.639618  0.334160  1.012735      10.071757    363.167084 -223.435226   8.611786  1.255415  770.196960
48  -33.781399   5.855122  343.361267  0.343410  1.074555       7.967584    473.730499 -202.023926   9.343020  0.489065  342.447296
49  -41.282188  10.125423  342.624207  0.344827  1.150980       8.653458    532.074951 -198.177078   7.787837  0.759675  480.682892
50  -39.133785   5.646334  345.705261  0.332064  1.156489       8.960299    488.540680 -230.893845   9.041245  0.648603  414.983765
51  -33.372688   9.868057  339.437042  0.319971  1.031776      10.787114    380.389465 -223.513885   8.599072  1.429978  205.753632
52  -34.758587  16.361403  332.370483  0.347049  1.044316       8.749921    583.875732 -230.123184   8.875140  1.190694  166.885071
53  -56.071671  13.926782  349.627869  0.330376  1.159335       9.546512    858.382935 -248.664825   6.853175  1.872424  619.048096
54  -40.702106   8.028760  342.114197  0.347141  1.566869      11.840971    328.479462 -236.466690   8.015332  1.759757  576.082153
55  -42.207672   5.356299  348.287445  0.285888  1.365284      11.194536    427.706635 -235.926987   7.341904  0.714482  523.398743
56  -44.937290  14.410110  341.843811  0.329105  1.221178      11.570480    469.588379 -222.910110   6.984388  1.175865  432.965515
57  -43.493633   3.373577  344.115112  0.338201  2.046001       6.571823   1020.237732 -240.662201   7.696353  1.992222  243.708893
58  -46.072430  13.748292  338.600311  0.317544  1.783760      11.929815    509.576965 -232.530075   6.846235  1.485348  312.732910
59  -36.371010  10.506048  339.328644  0.330080  1.303997       9.862636    413.776367 -240.780502   9.049542  1.045966  380.495148
60  -36.714172   3.961996  346.689636  0.343399  1.136092       9.387846    447.153503 -193.064804   8.977797  1.508932  484.484100
61  -32.842670   8.214443  334.917877  0.327565  1.671816       8.444004    548.129089 -231.939789   8.364304  1.703765  193.302826
62  -40.592045   9.230618  342.559753  0.307531  1.276397      10.124969    638.244507 -233.460968   7.672145  1.399686  124.002716
63  -43.717045   6.268769  348.237122  0.322158  1.169946       9.886631    501.965790 -246.210312   7.451251  0.652905  401.443787
64  -44.979843  10.001083  345.534180  0.318078  1.328408       8.978608    622.266663 -246.016846   7.664378  1.180758  325.668121
65  -44.552059  13.921826  337.970398  0.310613  1.677133      11.590327    524.898193 -241.458069   7.211286  1.920538  288.594879
66  -42.692501   0.448477  346.388580  0.295780  2.060326      14.132310    329.592468 -242.422775   7.479154  0.909997  198.051376
67  -40.034248  10.925275  339.489624  0.336230  1.473903       9.884253    510.865814 -236.643753   7.659204  0.339781  108.119560
68  -47.036911   4.326162  349.824982  0.313641  1.477375      11.459252    573.223267 -238.226471   7.065020  0.580324  109.168503
69  -39.677841   6.542708  345.822906  0.322122  1.192620       8.502911    678.374084 -216.487778   8.261470  1.596348  193.979401
70  -30.873352  -2.681492  355.234497  0.336613  1.014009       7.785015    523.083374 -194.042892   9.444295  1.467266  236.628204
71  -33.744843  14.974321  329.985107  0.345389  1.321745      12.040948    308.943420 -235.505295   9.054459  1.373344  413.509888
72  -44.992062   4.355553  348.162872  0.349064  1.356310       8.063020    750.668762 -232.062347   7.754126  1.073700  227.498993
73  -30.702011  12.409849  331.546448  0.338850  1.164923       9.256682    470.458069 -236.707535   8.580026  0.983197  134.980667
74  -57.171432  14.248966  348.563202  0.336598  1.373167      10.641182    914.683777 -248.184280   6.104787  1.979838  585.889221
75  -43.743999  15.071238  339.009369  0.347227  1.079400      11.257544    483.120178 -210.599960   8.329303  1.021882  468.395721
76  -38.749397  15.749766  337.167267  0.262198  1.045669      12.820547    304.858521 -238.210205   7.873191  1.891448  462.047485
77  -41.413986   8.432261  346.214417  0.340333  1.061761       9.305930    500.411316 -223.760117   8.162152  1.305001  533.877869
78  -50.101585  15.537515  344.227844  0.335755  1.213212      12.090307    548.006714 -237.944000   6.332989  0.975107  618.642578
79  -41.074963   5.304295  343.104736  0.346596  1.849147      10.754300    399.804382 -233.594345   7.867642  0.968667  568.974426
80  -49.841637  10.183405  346.631592  0.329631  1.349576       9.531603    639.495544 -216.807739   6.774920  0.685827  500.796661
81  -37.519974  11.368679  339.145813  0.303598  1.095284      12.393203    340.533203 -220.458694   8.169817  1.396081  278.150757
82  -23.251301  -3.599905  345.893951  0.344423  1.527309       8.516563    440.049622 -240.592789  10.020910  1.294598  147.736435
83  -43.538628   1.679896  353.116699  0.252413  1.235057      12.634060    377.613434 -194.904877   7.242367  1.706324  453.597260
84  -34.833527  10.883121  338.352661  0.282245  1.173492      10.320019    405.757812 -219.948334   8.469850  0.988523  239.815018
85  -29.977636   6.506030  341.847931  0.315397  1.025970       7.857701    543.567688 -219.430191   9.110419  1.292643  164.094177
86  -40.668015  13.747203  340.222351  0.332452  1.239713       9.003654    546.210327 -229.795486   7.897687  1.517646  360.270050
87  -24.499321   6.162137  336.524811  0.311042  1.019240       6.142684    716.648682 -210.418274  10.187963  1.722758  130.838623
88  -40.498367   5.762778  348.000061  0.304235  1.059392      10.547931    392.956329 -212.598343   7.270949  1.046625  635.949890
89  -37.428375   7.729652  340.794952  0.335627  1.375472       9.050322    566.662903 -207.428375   8.301190  1.425679  213.150620
90  -49.126553  -2.059643  357.664246  0.347781  1.098094       8.248445    659.345825 -205.782532   6.417375  1.454650  660.505493
91  -47.454559  15.127433  343.662994  0.336341  1.027485       8.024081    795.642944 -244.898071   7.503170  1.422128  356.630524
92  -39.696201   9.609810  338.880524  0.338502  1.497940      12.623926    343.214233 -235.334579   8.246594  1.260468  441.844116
93  -46.416676  12.393084  344.461639  0.311880  1.104818      11.449869    512.138611 -247.698517   7.496576  1.420021  470.127808
94  -38.983601  13.128543  339.042053  0.311687  1.237648       8.760537    550.359558 -247.680954   8.397201  0.749822  216.538879
95  -53.257023   8.562593  346.898926  0.339104  1.726006      13.287475    535.794556 -239.019211   6.461157  1.240696  679.484680
96  -30.044857   7.113878  337.426056  0.344186  1.085223      10.255918    351.692108 -216.442078   9.679151  0.313223  201.509933
97  -42.588116  12.902472  341.011139  0.320270  1.488769      10.950716    455.364532 -237.775909   7.582799  0.528204  389.830139
98  -36.733883  15.545413  334.285889  0.269756  1.108725      12.328015    343.409882 -223.649063   8.311116  0.649511  348.207611
99  -39.828827  10.020869  341.228394  0.332549  1.280323      11.423757    350.769714 -244.267838   7.643822  0.905331  625.902283
100 -33.315891  12.423059  333.791656  0.347408  1.235125       9.712682    367.509399 -239.934067   9.266362  1.951967  532.030212
101 -48.261810  11.017982  347.375885  0.337154  1.251557       8.392476    749.133728 -240.296326   6.891298  1.454862  420.643127
102 -41.026657   2.320134  348.648865  0.318206  1.345271      11.076312    426.752533 -223.854858   7.916884  0.365649  310.577057
103 -44.529819   9.320304  341.994751  0.345923  1.690358       9.907566    578.271790 -239.667068   7.776698  1.059148  291.436493
104 -48.348057  12.878154  344.796143  0.292011  1.021736       7.170550   1139.689819 -249.151016   7.511723  1.020472  127.015221
105 -40.505276  14.852604  339.334869  0.330664  1.013852      10.976937    391.807465 -203.189606   7.919525  1.580361  592.431030
106 -39.684746   0.589228  353.643982  0.299263  1.010073       9.955260    467.804352 -218.215851   8.274221  0.414906  234.506943
107 -33.231812   7.757751  341.120697  0.343716  1.029485       9.635882    420.553009 -249.401398  10.114935  0.902536  267.491211
108 -37.882587   5.908135  343.875305  0.344729  1.318596       9.567124    430.700043 -206.765488   8.167051  1.173425  582.513123
109 -28.029982   5.516643  338.582397  0.332968  1.249632      10.253433    330.778870 -224.742447   9.469106  1.710677  373.779755
110 -31.397106   4.842064  335.205383  0.317203  1.718212      11.267303    347.346130 -231.432831   9.182516  1.989230  169.572266
111 -52.693501  16.875402  345.621338  0.332201  1.159810       8.869497    948.811646 -247.535141   6.896185  1.845870  457.465942
112 -37.084942   8.023567  342.085785  0.327716  1.163931      11.015164    351.604675 -222.826721   9.216688  0.417225  618.685608
113 -35.060665  10.161433  339.334686  0.322997  1.018073      11.448672    348.984619 -216.468918   8.232815  0.362163  289.966766
114 -34.114292   2.208111  342.871277  0.323426  1.586069      11.121929    397.740234 -189.322357   8.070862  1.074527  123.314079
115 -44.940372  11.420718  344.005798  0.349415  1.245034       6.478566    883.660522 -241.125763   7.507094  0.990746  225.653152
116 -39.190022  11.022329  340.567383  0.348422  1.154838      10.112983    413.631226 -205.801849   7.485632  1.207792  613.093750
117 -39.340755   1.252993  351.192657  0.325271  1.088336      11.013017    383.100433 -192.009155   8.292124  1.374527  546.770264
118 -43.773365  17.423313  337.394836  0.340852  1.218324      12.173055    433.831268 -230.719772   7.618086  1.395503  483.433777
119 -40.322094   7.912632  345.536743  0.334427  1.139283       9.686707    461.005920 -235.716537   7.694104  1.088252  594.174500
120 -42.009838   8.078803  342.815094  0.348509  1.589127       7.279410    731.101624 -242.344437   8.288646  1.162813  263.660553
121 -42.358150   8.938945  344.123718  0.333927  1.406521      10.101845    480.248016 -245.415283   7.975552  0.326651  372.413208
122 -39.792828  13.639313  334.992920  0.332824  1.531923      10.163622    624.341614 -246.707062   8.176421  1.784298  179.586655
123 -35.332016  16.824875  332.888580  0.308353  1.202308      10.342142    446.979645 -222.772049   7.413555  1.901418  254.807831
124 -41.633839  14.175270  338.224304  0.299685  1.254988      12.738574    426.400146 -217.543579   8.189342  1.154966  158.109741
125 -39.498531  14.701624  338.735931  0.310788  1.005979      10.057916    489.575073 -226.218872   7.829046  1.237036  275.748749
126 -42.073879   3.366143  350.474915  0.333058  1.298652       8.283359    626.590210 -224.919632   7.976623  1.258893  313.511017
127 -30.798758  13.733542  331.077301  0.334903  1.045950      10.207008    361.315460 -248.084747   9.317095  1.100518  428.673981
128 -38.179245   7.932723  345.649963  0.264682  1.016756      10.301799    402.869171 -241.376144   8.133615  1.198700  507.176025
129 -33.467552   4.330658  343.139099  0.343555  1.364072      10.363937    356.024902 -242.125793   9.212728  1.440780  431.777069
130 -38.740879  13.929832  339.312958  0.318152  1.077024       8.949193    486.290955 -242.114868   7.595867  0.327170  593.078308
131 -37.226540  16.350388  333.891693  0.340804  1.195463      10.808756    438.458282 -242.277878   7.746756  1.794879  302.794189
132 -33.878426  17.824875  329.829163  0.345585  1.031673       6.870518    702.959290 -238.742081   8.937860  0.871850  115.740982
133 -39.599300  13.274973  338.598328  0.306924  1.190087      10.573495    484.993896 -249.651779   9.006730  1.850431  277.533875
134 -44.862732  10.230409  344.769531  0.339210  1.311993      12.038424    385.179596 -198.166107   7.276013  1.114394  661.641968
135 -42.307446  -0.493744  347.310333  0.294349  2.025992      12.109289    547.649475 -245.137894   7.604746  1.804747  118.439644
136 -34.313644   4.690492  344.782990  0.336144  1.109922      10.323530    375.283478 -208.870163   9.317968  0.646478  458.701691
137 -38.032764   2.981411  344.754486  0.335080  1.557505      11.095939    385.926270 -215.487961   8.341442  1.288982  343.077362
138 -27.197668   9.813498  333.279633  0.344742  1.100142      10.282945    310.241058 -243.957596  10.343675  1.233461  461.708618
139 -29.179571  10.411466  332.645020  0.315506  1.292520      10.053267    344.236511 -246.473282   9.753693  1.552610  364.112854
140 -41.804310   3.679760  350.007751  0.299147  1.327121       9.173917    478.910034 -234.642136   8.424976  1.781923  609.134766
141 -52.672455   5.730818  353.279388  0.288130  1.217610      11.689346    581.973511 -243.973343   6.631168  0.439226  693.321594
142 -26.861374   5.162047  337.989502  0.329981  1.005696       8.103744    560.103882 -168.152328   8.879640  1.478920  130.891846
143 -36.068043  -2.195741  351.737640  0.300819  1.565589      11.259336    376.457275 -204.695557   8.566923  1.611447  256.747345
144 -44.937649   5.953347  350.586853  0.317313  1.019247      10.124460    505.068329 -207.952789   7.150622  1.474432  487.855713
145 -35.545460  12.982149  332.158173  0.322750  1.419553      11.510581    420.958008 -239.705170   8.262820  1.879822  164.505325
146 -42.372719   9.977725  342.907349  0.343553  1.305368      12.110319    312.518921 -245.193390   8.228330  1.456521  647.428894
147 -44.164425  18.994616  337.682800  0.328754  1.148853      11.056659    405.614471 -237.707138   7.597856  1.338525  756.447632
148 -48.991257   4.966890  349.570526  0.343594  1.923489       8.008818    689.612366 -235.356903   6.624967  1.849412  522.132507
149 -37.131130   3.456089  346.986877  0.324227  1.354418       7.308536    674.896301 -207.282730   8.378263  0.999581  151.142044
150 -23.906778   2.536808  342.434387  0.333964  1.121890       9.920440    310.164093 -243.710403  11.029912  1.043273  406.324951
151 -45.322372  11.149845  345.664581  0.303182  1.070420      12.635659    416.294342 -211.231461   6.853598  0.750045  444.254700
152 -41.691536   3.145839  350.479553  0.342574  1.277895       9.257192    508.314606 -225.807648   8.183845  1.349799  496.816071
153 -29.529011   9.663078  333.668610  0.317568  1.210699      10.542400    326.630249 -222.966904   8.921947  1.770597  340.955688
154 -31.827751   5.925271  339.942810  0.325728  1.320023       8.962164    490.182434 -234.286362   8.826982  1.207052  170.028152
155 -38.467342   0.174335  349.053253  0.313684  1.622815      10.071679    461.875946 -239.259583   8.486289  1.930749  294.680054
156 -39.015572  -2.175699  355.631805  0.333039  1.215602      10.477194    387.955566 -230.275406   8.594270  1.266293  596.869080
157 -37.460670  10.048280  340.966522  0.322638  1.046928       8.534029    586.839172 -222.628418   8.100139  1.353335  239.830597
158 -31.855917  10.473247  337.074097  0.341593  1.068579       8.053070    476.581635 -232.477478   8.922861  0.923440  286.862427
159 -45.914726   6.890617  347.437225  0.326236  1.276962      11.052750    512.369934 -219.382675   6.979592  0.928446  435.279907
160 -37.962883   6.140015  340.287201  0.346095  1.498658      11.045733    460.127747 -212.481125   8.153491  1.755018  191.014877
161 -33.657146  13.352136  334.420654  0.284782  1.198771      12.313598    303.901367 -238.113220   7.727674  0.784791  229.175476
162 -44.047848  12.524169  343.455658  0.338710  1.072088       8.220695    612.414185 -207.153030   7.534016  0.273669  288.247620
163 -31.703062   6.320498  336.760071  0.333896  1.355701       9.903740    405.402100 -188.103302   8.734073  1.817002  251.712494
164 -32.522514   8.564815  339.662537  0.322189  1.023174       8.171033    633.486023 -207.491333   8.280475  1.980585  189.566269
165 -32.894730   6.692737  339.553772  0.343247  1.321377       9.340084    400.313171 -216.805786   9.209459  0.995579  391.292480
166 -50.909241  14.848116  344.996002  0.318722  1.457284       7.581527    934.343262 -234.734467   5.750464  1.691402  427.894073
167 -32.192657   1.127838  348.695068  0.316187  1.055677       8.605742    497.451141 -221.539307   9.075487  0.658308  114.368599
168 -34.732872   7.960875  341.982025  0.319550  1.162819       7.970342    659.032532 -245.193100   8.463314  1.602840  170.941193
169 -43.683167   8.324610  345.521484  0.304518  1.324367      11.367701    409.750458 -224.325790   7.660092  1.992141  587.122192
170 -40.840981   7.471953  346.586945  0.334042  1.223858      11.022346    391.751831 -229.710846   7.818806  1.892305  525.343262
171 -37.681038  13.113805  338.519531  0.302914  1.034639       6.223733    842.469299 -212.671463   7.766498  1.233440  170.730850
172 -39.805489  13.213552  338.641663  0.337541  1.427543       9.432795    496.560822 -246.243866   7.806049  0.624750  276.833435
173 -43.087494  20.329597  334.323059  0.349575  1.299066      11.145487    528.849792 -239.437988   7.419327  0.598942  280.921509
174 -44.317112   9.722552  346.289703  0.316119  1.149265       7.688735    694.659668 -224.434723   7.552060  1.499608  360.451569
175 -31.201393   4.414559  342.990417  0.300658  1.150579       8.842236    512.611023 -234.859497   8.957980  1.539343  169.216507
176 -41.952095  12.861392  341.587006  0.322824  1.169922      12.493281    324.746094 -248.558487   7.709650  0.922925  657.574951
177 -39.030788   7.174035  339.645966  0.344712  1.478946      11.382971    459.264557 -210.417694   8.260490  0.933783  104.705475
178 -48.158169   7.544909  350.238159  0.262151  1.039831      12.657198    457.287415 -229.617401   7.120782  0.324521  683.700500
179 -37.313309   4.910522  345.927734  0.309755  1.374713      10.736564    364.791290 -233.396317   8.237720  0.904296  510.278259
180 -43.510677  10.780198  344.824127  0.332432  1.004724      10.393231    481.884247 -208.423508   7.936632  0.783670  459.313965
181 -29.098976   0.613709  346.036224  0.345641  1.218682       9.027390    460.846832 -199.144730   9.471715  1.661058  195.331955
182 -42.402943   7.395006  348.345581  0.304532  1.086457       9.642555    507.885498 -226.797546   7.725093  0.647213  339.295380
183 -29.620390   4.744200  342.394348  0.335144  1.175472       7.962071    539.580017 -224.602707   9.394319  1.057181  121.802330
184 -38.815872  13.086019  338.865509  0.325018  1.081783       9.880505    498.963013 -212.353195   7.757972  1.712516  284.651672
185 -28.866215   5.898488  340.123901  0.326670  1.100317       9.823370    353.187805 -210.744781   8.888239  1.399325  360.728668
186 -44.717453   6.889278  345.890808  0.327179  1.474182      11.345867    446.564423 -226.345032   7.196473  1.022108  627.603760
187 -42.962624   4.466465  350.035431  0.334672  1.045541       8.458567    537.159180 -198.967636   7.699676  1.927456  625.148132
188 -32.554951   8.637594  332.116699  0.330347  1.617753      10.236183    489.091187 -231.349823   9.565221  1.674775  111.530380
189 -29.535158   7.969247  336.169708  0.305473  1.138138      10.659292    324.873627 -202.384338   9.033254  1.619041  360.764313
190 -49.464909   9.523024  348.342407  0.321923  1.073017      10.578634    582.341370 -192.373032   6.979732  1.368026  570.673340
191 -28.531809   4.812353  340.967651  0.337017  1.206739       8.740821    394.545563 -246.635223   9.758371  0.252588  212.009735
192 -42.748222   0.316384  354.828979  0.338161  1.090235       6.715352    618.022705 -191.183746   7.928606  0.474491  561.118774
193 -45.556210   9.897486  344.624451  0.344986  1.348591       9.498806    622.799988 -237.159409   7.099791  1.565754  372.653137
194 -33.254463   7.963656  340.283661  0.323192  1.244448       9.453647    423.091431 -212.224823   8.295063  1.664638  274.374603
195 -39.196774  10.801044  342.667633  0.342410  1.003706      11.454857    345.437256 -237.836502   8.072381  1.534256  547.438599
196 -42.732033  10.114020  339.808411  0.327850  1.542204      12.215174    405.820465 -219.319397   7.380133  0.796691  354.481415
197 -25.005653  -0.490554  341.873962  0.342780  1.424186       9.990542    335.093140 -243.521866  10.014726  1.151943  195.782745
198 -39.547504   4.974443  344.499969  0.320399  1.688317      10.606799    409.779114 -242.545883   7.599182  0.671837  514.245544
199 -41.797974  12.004755  341.974213  0.331490  1.126692       7.611672    674.921997 -226.754242   7.840328  0.609161  170.975769
200 -30.885468   6.384322  340.878204  0.312866  1.191038      10.117640    367.085876 -225.485352   9.181658  1.607815  247.894028
201 -44.347862   7.997799  345.794495  0.332665  1.194365      11.413452    459.271820 -221.309509   8.013884  0.842411  418.606720
202 -45.881409   9.181155  346.243958  0.339249  1.080345      10.309415    509.356781 -234.623489   7.699441  1.802626  622.171143
203 -37.539375  13.086332  337.939697  0.337753  1.127058      11.582945    309.224548 -242.896576   8.296782  0.756095  640.011780
204 -26.004736   7.835398  332.088837  0.334220  1.152017      10.663383    303.238129 -235.896011  10.627480  1.834951  305.165131
205 -49.690727   5.727510  352.409119  0.321494  1.049914       7.084299    841.246704 -209.504471   7.307722  0.737595  358.946136
206 -42.145916  14.676608  340.499054  0.336015  1.104297      11.134680    441.151398 -232.450882   7.706557  1.801443  528.304443
207 -35.225597   5.607122  345.760437  0.310582  1.048829       8.892837    443.522278 -193.054031   8.563216  1.963838  449.850342
208 -33.930321  12.559771  333.722626  0.346274  1.224769       9.161246    490.443726 -198.309540   7.927426  1.667321  247.954422
209 -35.677708   9.608313  338.370758  0.311517  1.274732      10.615744    396.886749 -246.975632   8.841020  0.208090  104.853226
210 -29.033302  10.455487  332.498016  0.335205  1.041174      11.056254    307.873291 -231.613235   9.714102  1.149626  356.672913
211 -46.567566  12.677814  339.557312  0.340216  1.782568      12.167575    449.698517 -248.902176   7.458202  0.651456  629.817993
212 -33.662514   5.291876  344.389771  0.311728  1.181153       9.711996    358.448578 -245.654556   9.263707  1.549834  530.448242
213 -40.618114   9.176881  341.891205  0.346398  1.174851       6.982317    851.437134 -208.955582   7.483510  1.033542  118.015556
214 -39.960094   9.853415  342.555786  0.321272  1.066393       7.767411    718.309875 -234.744476   8.268040  1.378028  211.587463
215 -31.849802  10.166287  337.564270  0.318528  1.012804       6.195820    817.019531 -219.780441   8.802114  1.392259  117.545242
216 -43.595650   8.464986  341.845398  0.339789  1.759730      11.063861    564.896179 -223.160095   8.037715  1.705311  224.480270
217 -23.557825   3.825317  338.489380  0.335941  1.033044       9.904794    357.891571 -196.276276   9.535994  1.045725  126.661858
218 -42.006802  11.152735  343.073181  0.314202  1.012779      10.519215    467.211517 -229.237686   7.591546  1.372845  505.480316
219 -34.088360   4.923250  340.472168  0.327239  1.541606       7.959770    655.135986 -222.374084   8.442994  1.299600  116.645187
220 -38.067604  13.179517  336.784393  0.326084  1.414602      11.340749    409.507477 -238.743393   8.725611  1.916250  253.071121
221 -45.344669   8.419034  343.279846  0.346339  1.705883      10.454060    630.885254 -237.197144   6.756239  1.985771  274.164368
222 -39.930054  12.348383  340.563141  0.319057  1.016564      10.501397    470.041443 -230.014969   8.662369  0.893199  254.331421
223 -27.396191   4.504458  338.339386  0.337779  1.283270      10.742939    306.435455 -248.198303  10.086933  1.281543  349.662231
224 -49.450405  10.070982  344.139099  0.333884  1.897204       9.876353    802.301636 -220.723434   7.090272  1.089601  199.715286
225 -47.907192   9.093069  346.201080  0.264921  1.707799      11.394171    557.341431 -240.732956   6.630964  0.552616  220.355621
226 -41.610527   6.942758  346.295685  0.349365  1.216963       7.228374    686.663391 -232.635300   8.212040  1.269566  304.083191
227 -46.671051  14.726853  338.185852  0.343192  1.589780      13.917986    401.427917 -193.330048   6.901680  0.882442  519.223511
228 -50.934803   9.595035  349.823303  0.337616  1.078915      10.663489    575.675293 -241.973816   7.392826  1.460936  773.383362
229 -39.697010  10.819634  337.870056  0.338132  1.475840      10.188210    519.214783 -227.863373   8.425213  1.522413  245.779556
230 -38.061359   4.628269  345.484558  0.330472  1.261706       8.032699    695.598389 -195.971313   8.156301  1.488142  177.977158
231 -35.600319  11.452793  336.669983  0.336440  1.241573      10.231815    392.083710 -223.028122   9.182484  0.914158  496.301666
232 -27.972715   6.678914  335.804382  0.332989  1.165610       9.674526    356.611816 -210.242599  10.362301  0.748821  362.789581
233 -30.439611   4.438023  342.583984  0.333652  1.159095      10.004679    351.156738 -212.516190   8.661402  1.907103  343.612091
234 -41.433411   7.706432  345.842316  0.325751  1.038679      11.288106    424.770935 -185.690475   7.335709  0.200843  516.351685
235 -42.489086  11.117226  342.783936  0.330293  1.206495       8.117960    763.460388 -204.892303   8.251842  1.027901  155.814224
236 -34.102329   2.408189  343.237091  0.341339  1.404024      10.938057    353.914001 -220.574585   9.646340  1.213144  290.456268
237 -25.682205   6.507911  335.239410  0.341236  1.089376       9.953605    340.126770 -193.620941   9.361559  1.102863  194.561829
238 -54.755257   3.003086  350.467316  0.322282  2.229057      10.999255    677.181519 -242.472809   6.216871  1.794572  663.728149
239 -51.601406   9.966239  348.724243  0.327766  1.320134       8.053377    753.868469 -213.411652   6.821167  0.624516  497.037476
240 -29.302866   4.881885  337.186859  0.341279  1.409229      10.268429    395.590302 -230.064560   8.927658  1.082585  115.480087
241 -48.212997  15.276751  342.115295  0.306621  1.291234      13.149861    485.939728 -219.567154   7.379125  1.397774  490.052551
242 -48.996670  13.208929  345.198181  0.324558  1.078557       8.790071    698.762695 -247.452011   7.729622  0.790096  403.162872
243 -24.903246   3.918207  339.311707  0.341065  1.135674       8.586095    401.758331 -217.300201   9.638621  0.890988  200.172913
244 -35.825459  14.032059  333.237640  0.337126  1.282512       9.490479    538.736816 -220.503845   8.619050  1.582222  193.409805
245 -32.859447   2.239272  346.245239  0.340919  1.352176       9.794916    342.213745 -247.174484   9.370887  0.765913  606.494446
246 -38.175621   9.896077  336.929077  0.332647  1.577360      12.422379    341.005341 -247.853043   7.876704  1.124595  330.965973
247 -46.276299   0.716924  353.306061  0.261962  1.734922      11.111672    496.317230 -241.194550   7.227946  1.552610  362.030151
248 -38.227287  12.421452  336.042969  0.329770  1.467128      11.057385    429.635223 -221.616119   7.896293  1.786270  272.482788
249 -41.952423  13.868875  339.105438  0.337264  1.269106       8.055531    738.198120 -215.450317   7.805874  1.325860  229.509735
250 -50.617577  11.385842  347.182281  0.349860  1.225115      12.370172    415.824188 -229.201691   7.009855  1.974736  746.658813
251 -37.813564   4.231097  341.225159  0.349316  1.676955      10.690135    437.541565 -200.443771   8.119816  1.588007  224.269623
252 -30.865170   8.410666  336.627197  0.338894  1.148105      10.311525    356.870056 -237.188644   9.582971  1.309041  392.242645
253 -25.953108   4.382424  340.073395  0.334535  1.091399       9.713780    341.439667 -238.038452  10.088043  0.393375  299.598541
254 -47.921410  11.892112  343.903381  0.348813  1.229838      10.549394    561.447266 -243.445770   7.887272  1.223379  509.916565
255 -42.985348   3.106411  352.641235  0.290676  1.005005       9.000979    557.359619 -236.091583   7.552301  0.643728  311.191223
256 -42.535046   9.176559  341.817139  0.339024  1.536717      11.474454    382.342407 -226.888885   8.066112  1.123809  615.492493
257 -38.778160  10.461703  342.254028  0.296795  1.013578       8.538192    648.851990 -199.778488   7.784974  1.384571  209.496887
258 -40.614971   3.819662  348.903870  0.321975  1.223792      10.475627    430.056396 -227.811081   8.075968  1.046691  475.741486
259 -50.470058   4.176568  351.213989  0.336353  1.468757       8.372718    806.207275 -249.835129   7.176476  0.701271  274.097351
260 -30.181507   1.198969  346.022400  0.325538  1.233061       9.148736    549.384277 -231.529419   9.484435  1.803872  120.713333
261 -39.035614  13.181197  333.913910  0.336793  1.621322      10.567689    442.285583 -231.287323   7.254257  0.571789  257.490875
262 -39.594090   9.092023  343.152985  0.335010  1.086791       8.699868    558.102722 -215.677811   8.465946  1.340056  311.055176
263 -37.911907   5.403970  339.577789  0.339342  1.732839      10.516868    442.496948 -191.684906   7.773461  0.631457  141.025070
264 -30.510805   3.912001  341.298004  0.336204  1.249925      10.445744    369.111938 -220.724731   8.706062  0.713867  139.477020
265 -36.459232   6.813065  344.396027  0.290924  1.146662       7.976564    730.102417 -220.132812   7.817699  1.394737  101.105240
266 -31.817789   9.005790  337.946747  0.315715  1.201519       9.661386    390.831451 -244.474091   8.449485  1.565419  302.398804
267 -34.116459  10.422468  335.528198  0.340262  1.269931      11.142424    358.059082 -223.276520   8.601554  1.089274  273.136566
268 -40.722504   9.776872  340.459351  0.327705  1.437229       8.622143    729.792603 -235.670792   7.624005  1.366844  163.406952
269 -44.219059   7.897701  347.498108  0.314143  1.155516       9.735312    525.358398 -242.328064   7.699843  1.496460  441.059387
270 -44.145828  11.295271  344.848846  0.331624  1.142559       9.378721    547.054382 -224.353821   7.577245  0.412433  381.904388
271 -38.682304   7.795304  343.638885  0.334319  1.103395       8.066186    662.512939 -204.063034   8.281695  1.060359  170.239883
272 -52.568111  10.146759  350.576355  0.274974  1.017852       8.644163   1077.974976 -211.492264   6.587058  1.326381  280.605804
273 -45.016907  10.054736  346.538239  0.334440  1.033223       8.823335    577.444519 -225.029602   7.200795  0.621881  516.876526
274 -42.372276   3.617584  344.099609  0.344834  1.732268      12.284995    415.278259 -240.620941   8.240813  0.805613  176.854202
275 -40.049656  15.349087  336.350830  0.330422  1.193103       7.431472    850.130493 -235.973923   8.034920  1.679130  211.457321
276 -38.680870   2.988190  349.180145  0.307403  1.278140       7.313834    868.188538 -210.936890   8.357439  1.868038  177.676727
277 -41.207176   7.016213  345.178467  0.335840  1.393093      10.134388    464.232117 -238.085449   7.198806  0.845678  365.670105
278 -46.426517   1.057724  355.009705  0.331874  1.139717      10.885953    474.054443 -231.121887   7.842011  0.995578  697.609802
279 -36.361591   3.757365  345.900787  0.323370  1.335686      11.244519    363.345673 -205.205353   8.201182  0.978961  241.648209
280 -40.874733  14.736563  338.084869  0.326483  1.284502       9.715758    484.227783 -225.752213   7.853137  1.825406  494.377899
281 -39.239960  14.437555  337.756500  0.337428  1.214664       9.331231    495.788116 -231.069824   8.103085  0.309664  248.408325
282 -48.925388  11.159742  346.424866  0.313210  1.515144       9.328961    713.930847 -242.299194   6.688222  0.964175  350.178833
283 -34.521988  11.923796  337.428772  0.289467  1.015204       6.501254    945.996948 -215.972488   7.775176  1.939526  163.447937
284 -40.470478   9.441451  343.538116  0.341036  1.041284      11.417329    314.195038 -221.289993   8.129354  1.635359  650.773804
285 -32.295521   6.739827  341.736725  0.346459  1.001399       8.561198    470.771179 -210.186661   9.805840  1.099631  252.108932
286 -41.796970  15.652210  338.324860  0.329607  1.150075      11.118022    450.571198 -210.314651   7.815891  0.559644  456.271973
287 -41.293694  -1.110180  355.713989  0.337889  1.097628      11.106968    368.062714 -196.267166   8.287426  1.596618  617.734619
288 -30.972048   1.364411  346.311157  0.342758  1.254619       9.382654    394.208801 -219.333374   9.489935  0.939549  300.673279
289 -38.447121   5.775153  346.921356  0.344728  1.126000       9.576083    451.968994 -227.270889   8.372641  0.201321  587.150879
290 -44.139488   8.643331  346.028320  0.337009  1.291368       9.974236    526.213501 -249.126755   7.117379  0.488050  357.912262
291 -34.730858  -2.699421  348.246704  0.335731  1.751076       9.148514    632.940369 -229.322754   9.025852  1.721804  110.787216
292 -43.819862   9.145601  345.051361  0.311920  1.357095      10.093449    512.700684 -223.722260   7.567277  1.119891  387.944244
293 -45.725758  12.973710  344.768005  0.336197  1.128923      12.796275    357.735077 -245.622925   7.479646  1.349120  662.472046
294 -37.579224  14.716915  334.149902  0.347183  1.186282      11.992846    365.194885 -213.371475   8.011587  0.526105  326.751862
295 -36.268208   4.369668  344.291779  0.344284  1.189576      11.806597    305.054260 -192.276245   8.756413  1.233526  524.026794
296 -29.944180   7.332102  332.224884  0.339370  1.636830      11.293026    300.968781 -238.113510   8.822210  0.429503  334.464539
297 -40.861717  15.429728  339.486023  0.347789  1.079648       6.051691    753.827332 -227.141098   7.907514  0.450172  112.411827
298 -39.377808   8.104904  340.712463  0.346383  1.343978       9.850505    599.401978 -193.672562   7.743623  0.994192  113.072548
299 -32.787682  -0.875138  347.598297  0.344302  1.356427       9.225521    527.448730 -191.411819   8.343059  1.697102  182.043839
300 -43.690609  15.931603  339.528961  0.345746  1.117084      11.043438    463.209442 -236.640533   7.681732  0.587634  680.332825
301 -43.375885   5.309734  350.301697  0.347501  1.096868       9.745776    477.158600 -240.793839   7.670410  0.715523  724.395630
302 -55.879059  17.173748  347.331421  0.326479  1.098590       8.815248    882.083008 -229.433762   5.863052  0.684574  557.193176
303 -34.063148   4.849021  343.299591  0.328733  1.304874       8.658786    468.319824 -226.056442   9.447925  0.295862  129.475311
304 -47.554092  11.938601  342.822968  0.342896  1.700912      12.758759    398.021118 -247.978287   7.051634  0.937465  754.708435
305 -39.089588  14.457984  337.171661  0.349002  1.147434      10.203392    451.020752 -224.320312   8.224185  0.807929  404.668213
306 -36.133305  10.960560  339.511871  0.332151  1.064942       9.657398    464.559052 -243.088959   8.403932  1.167062  247.496140
307 -31.995228  13.383966  333.372375  0.340951  1.095942      10.947079    346.855316 -229.487610   8.985907  0.468919  283.719208
308 -38.358139  -2.030786  353.613281  0.336003  1.149307      11.645955    341.060333 -169.451706   8.008639  1.553129  532.794922
309 -44.166927  16.293715  338.274841  0.347439  1.480945       6.869580    789.953552 -235.941925   7.866714  0.874887  274.696381
310 -39.322052  14.994007  333.378723  0.349411  1.518468      13.315053    308.430481 -221.767014   7.766492  1.052755  472.109161
311 -44.035622  12.795324  342.762726  0.337457  1.146034       8.371258    734.575989 -242.076431   7.857939  0.820621  158.588699
312 -41.826687  12.963296  339.180603  0.331978  1.309861      10.185769    573.257080 -198.473068   7.234329  1.047213  189.541229
313 -33.276306   8.468473  340.797546  0.349972  1.008230       9.212522    411.527344 -238.066666   9.792932  0.423473  461.279755
314 -43.248852   6.313534  348.417755  0.322343  1.110711       9.599640    530.007385 -215.006546   7.711145  1.857696  390.803436
315 -30.534870   9.302859  337.047699  0.348865  1.004678       8.129171    529.239319 -219.527756   9.494817  1.513754  195.008057
316 -40.644650  20.972109  333.923706  0.319678  1.031247       9.181437    695.117737 -227.603790   7.200512  1.534866  233.046005
317 -39.012100  16.276983  335.056366  0.335243  1.160462       8.393753    627.921082 -235.641052   8.965071  1.299211  257.476624
318 -34.771229   5.489822  338.905731  0.344013  1.663842       9.474130    460.271667 -234.674789   8.781137  1.576253  224.787384
319 -38.850700  12.531437  338.084381  0.304602  1.170114      12.835522    338.885101 -223.078262   7.604095  1.067494  309.717316
320 -38.703400   6.642838  345.601227  0.341827  1.236374       8.172728    504.775208 -193.856857   7.739181  0.689261  556.278748
321 -38.485607   4.901744  344.962677  0.338740  1.194923      11.591077    367.355682 -198.206039   8.461177  1.156240  423.822571
322 -30.850565   4.255005  342.000397  0.349193  1.277222       8.713938    461.887512 -212.697266   8.862914  1.010847  178.064850
323 -40.017002  11.773299  340.164856  0.319128  1.155478      11.529717    367.562469 -221.506653   7.911229  0.467936  680.006165
324 -30.620173   7.084638  337.229187  0.349729  1.266451      10.639878    355.334351 -225.792068   9.189301  1.146096  207.977432
325 -46.957142  12.393692  343.855499  0.333311  1.189194       9.287176    690.413635 -232.047638   7.930592  0.540481  157.335541
326 -34.269138   8.830668  340.757172  0.322609  1.013564      11.156024    328.025543 -229.727539   9.087463  0.388528  542.469482
327 -38.022865   9.740488  343.080963  0.314997  1.029384      10.901035    387.910706 -239.917587   8.028245  1.041527  393.942047
328 -33.733643  11.688061  335.351349  0.316601  1.210705      10.843240    354.686768 -237.530609   8.828590  0.799729  435.007660
329 -33.440948   8.699917  337.622192  0.319440  1.248925      10.484215    398.947601 -208.920792   8.819390  1.287078  207.833405
330 -49.899258  11.363626  346.420227  0.347637  1.166721      10.176046    643.312561 -239.289352   6.638284  0.630000  467.215363
331 -45.011894  -1.316720  353.727234  0.336859  1.563238       6.787303    738.021729 -212.612411   8.250930  0.382565  145.680695
332 -41.043003   4.229972  350.460297  0.296665  1.045607      11.046420    429.847382 -237.679825   7.715448  1.434044  361.902863
333 -28.400946   2.779283  338.040253  0.346895  1.436463       9.821801    378.516907 -184.630524   9.207783  0.906782  188.516953
334 -43.608540  17.188452  339.569946  0.304681  1.051662      12.703582    308.245880 -230.406967   7.381329  1.020045  716.761841
335 -44.838589   9.791142  346.865936  0.336791  1.194297      10.408773    463.676971 -247.390717   8.029202  0.545471  774.957214
336 -44.938667  14.814267  340.437866  0.349987  1.293262       7.369515    751.260681 -238.719040   7.518262  1.212042  350.393799
337 -31.789570   0.412383  346.655457  0.346288  1.391166      10.162601    345.383698 -238.854431   8.887138  1.986892  414.103424
338 -44.203594   7.515683  348.055695  0.260586  1.190616      10.018996    578.349304 -244.645523   7.228354  0.491215  137.219818
339 -45.207314  12.278663  343.480438  0.327183  1.309311       6.010976   1053.200439 -234.784027   7.491693  1.385373  240.943542
340 -43.690197  22.168816  335.174133  0.320366  1.137759      10.181475    582.702698 -241.356354   7.639587  0.866022  336.167786
341 -43.078285  11.264760  343.996887  0.341434  1.170757      11.096834    362.962067 -187.440186   7.512908  0.785551  794.961975
342 -47.533485  12.115256  342.982544  0.346676  1.572791      11.443526    476.542664 -223.598373   7.128740  1.408976  714.474976
343 -24.538839  14.632128  322.738251  0.322593  1.028645      10.421515    322.864044 -248.187210  10.066754  1.666144  259.797974
344 -48.381817  16.252392  344.216919  0.345006  1.017985       9.732398    602.195007 -245.337997   7.791431  1.666560  703.623108
345 -31.089077   5.306811  341.822754  0.339694  1.131061       8.852994    405.352722 -225.407776   9.524488  1.979525  440.302734
346 -35.476360   7.271918  341.214722  0.337077  1.199326      10.781959    381.265533 -229.593323   8.720760  0.344363  271.877594
347 -45.935665  13.413529  342.545166  0.304984  1.337885      10.743590    530.115051 -222.400009   7.053452  0.913516  372.225769
348 -33.193020   7.962945  339.884369  0.307759  1.055393      11.185061    364.983154 -215.131531   9.209513  1.252808  184.235840
349 -41.437382   5.070057  346.711761  0.334193  1.347501      10.848244    438.935425 -233.691483   8.116993  0.894153  424.210358
350 -22.174891   0.183882  340.007385  0.344069  1.290584       9.790082    313.677094 -231.800064  11.080733  0.663165  349.550110
351 -41.485218   9.798493  341.601166  0.341722  1.307277      10.969215    432.184692 -219.447418   7.690480  0.579502  557.614136
352 -35.882397   7.463440  342.562134  0.315542  1.223222      10.484740    365.712708 -238.688187   8.548486  0.213973  683.440369
353 -42.491329  11.142056  343.105011  0.316916  1.187114       8.040816    604.529602 -228.489975   8.417026  0.584223  305.094055
354 -44.348183   0.931100  350.839478  0.343163  1.511904      10.605926    462.798706 -231.154129   7.641522  0.501792  671.863892
355 -31.486916   2.229788  340.408447  0.325339  1.634880      10.521840    362.841766 -220.907806   9.223308  0.750953  175.394089
356 -45.582474  15.332419  341.152618  0.346644  1.403233      10.524635    513.215637 -239.840317   7.307204  0.749587  644.290833
357 -41.702457  10.779678  342.273621  0.348816  1.197331      10.025996    470.766479 -194.427872   8.055552  0.906855  514.042053
358 -36.957951   5.731387  343.586853  0.349898  1.307058       6.796144    711.012939 -173.594864   7.827551  1.511635  238.485413
359 -35.411026   8.366462  335.939301  0.344240  1.611205       9.232849    562.306763 -248.697006   9.411239  1.704582  179.010086
360 -42.091801   9.588823  344.200500  0.325357  1.404615      10.090710    475.782806 -240.965393   7.679604  0.983363  481.026154
361 -43.331932   7.355293  340.779205  0.334917  1.887294      11.311252    508.937561 -225.181061   7.178749  1.807989  252.519897
362 -38.769791   4.990060  344.372620  0.327370  1.571125       8.623597    571.567444 -246.832031   8.273496  0.976606  183.103821
363 -39.860268   7.619159  342.910797  0.328407  1.276202      10.711601    434.251221 -213.703430   8.077058  1.079658  304.862274
364 -34.499592   4.101338  339.743103  0.333908  1.727894      11.030206    342.778229 -219.136642   8.128880  0.320500  326.856110
365 -42.435795  -1.148544  352.824493  0.325328  1.583653      10.744702    490.793579 -237.451874   7.110871  1.127599  268.486206
366 -42.405994  10.929271  342.476959  0.305017  1.343794       9.753195    518.135498 -246.923355   7.964835  1.527342  374.518219
367 -41.309612   7.864233  343.405640  0.330872  1.444278       9.307526    512.547729 -248.645416   8.008094  0.337392  223.278015
368 -35.469051   0.777738  350.267761  0.345373  1.107015       8.157880    485.505646 -152.090408   8.792140  0.814585  366.088348
369 -44.143150   3.780513  349.571777  0.346676  1.361014       8.701196    642.575745 -236.571213   8.096058  1.425240  335.076935
370 -41.344906   8.509565  342.668945  0.297540  1.414944      11.501214    430.857910 -211.265625   7.704640  0.999511  261.720398
371 -35.984612  14.686996  334.687775  0.342118  1.224714      11.877405    318.372498 -248.882889   8.899416  0.762130  560.668762
372 -33.252838   7.247121  340.389496  0.322831  1.153880       6.914554    711.850708 -207.116852   8.920742  1.417460  154.203705
373 -38.044415  10.919589  334.860168  0.339209  1.615872       9.553957    587.670715 -230.729218   8.194864  1.532516  175.069366
374 -43.030899   8.225206  346.084961  0.336543  1.175765       9.146109    576.416321 -228.350739   7.674412  0.639096  284.115204
375 -48.869854  12.266770  344.525116  0.328270  1.277076      12.024785    539.015625 -202.285080   7.038576  0.495950  322.818756
376 -39.791534  11.537013  337.715179  0.341872  1.540753      10.399964    507.727142 -239.580444   7.746323  1.571300  249.187195
377 -31.699833  11.607543  336.073608  0.333388  1.046404       8.749537    485.886322 -231.630493   8.978395  1.629359  217.145157
378 -32.552319   6.913090  334.936523  0.345540  1.474894       9.911088    488.745697 -213.445084   9.054648  1.573355  145.132233
379 -44.645412  12.380458  344.693665  0.348844  1.082438       7.432459    597.903503 -199.558746   6.860483  1.728616  746.825317
380 -38.385120   8.648856  343.886658  0.342967  1.188036      11.143242    350.992340 -239.256790   8.549503  1.485413  551.987915
381 -39.958302   6.620183  342.802032  0.337395  1.565491      10.946357    376.916656 -234.609512   8.359955  1.268177  557.293945
382 -43.948002   2.667853  350.772156  0.311881  1.294030       9.452525    556.795166 -214.106277   7.245007  1.704522  397.669891
383 -38.788956   0.169531  351.127197  0.316083  1.412468      10.603993    388.513977 -233.986038   7.954117  0.211723  673.098816
384 -37.357128   7.956524  343.579041  0.316765  1.303332       9.567626    428.395172 -241.055511   8.615901  0.783586  402.688263
385 -38.958515  22.770948  326.856232  0.347107  1.454366      13.501179    308.077454 -239.988235   8.178247  0.764684  582.500549
386 -34.286175   5.406883  343.287903  0.313270  1.262685       8.755019    503.548340 -235.623596   8.428122  1.215631  199.755219
387 -35.865459  10.602193  335.539703  0.329357  1.454943      11.020139    373.883759 -231.394913   8.292302  1.510934  317.076813
388 -37.806343  13.389397  338.246613  0.340149  1.165780       7.308506    589.123779 -220.231613   8.486561  0.834785  295.380890
389 -37.662437   9.470666  339.255676  0.347813  1.527686       8.175765    556.779236 -224.372437   7.749050  0.696037  182.455643
390 -31.569330   6.542473  339.662506  0.340801  1.182997       8.592845    528.807556 -243.147125   9.002467  1.802768  200.377518
391 -31.603247  -0.448191  351.835419  0.335961  1.151587       6.708329    657.932312 -235.404404   9.767418  1.365339  188.415451
392 -30.823334   8.169312  337.895660  0.285707  1.172748      10.944811    348.281250 -230.059799   9.307615  0.927278  147.074173
393 -42.100811   9.324739  345.350464  0.324774  1.117928       8.694740    641.923706 -249.563248   7.811502  0.571152  116.112251
394 -41.985630   8.209910  342.557648  0.328203  1.476923      11.361707    419.348389 -242.732178   7.927441  0.944024  466.665253
395 -40.892979   5.449259  344.553162  0.347255  1.507391      11.032821    433.119049 -222.093307   7.977502  0.494137  282.303009
396 -45.298347  10.188598  345.323151  0.349163  1.237003       9.285664    585.670166 -212.093414   7.413522  1.136371  375.031189
397 -34.112495   6.745411  343.512695  0.315976  1.052744      10.770538    319.937225 -236.904099   8.777936  0.533983  594.788330
398 -35.943401   1.770261  347.095673  0.341906  1.263168       8.236806    531.308289 -206.127762   8.249062  0.833952  227.033676
399 -47.539928  11.163614  346.536346  0.303257  1.068527      13.209170    414.734528 -215.894409   6.724415  1.310978  540.425537
400 -31.455524   5.841995  339.632965  0.323009  1.332580       8.225152    523.556335 -247.287155   9.499656  1.030090  145.836563
401 -37.452778   6.792748  344.817932  0.347520  1.058511       8.804064    484.187469 -222.795242   8.276486  0.585088  374.646271
402 -44.672939   9.839535  343.614014  0.342319  1.392576      11.755201    442.123352 -215.870300   7.885524  1.664557  540.127625
403 -37.100651  16.077333  334.815796  0.335950  1.259591       7.152706    726.101318 -243.181870   7.741583  1.030966  175.334671
404 -51.206055  17.772940  343.838562  0.342182  1.216702       7.514282   1032.623901 -231.699051   6.689634  0.845110  247.031540
405 -50.159618  13.316670  344.486084  0.329291  1.390944      11.878998    605.911804 -235.722214   7.013078  1.133829  349.938934
406 -45.450928  16.277782  340.467926  0.347758  1.058255       8.683708    711.179932 -225.075256   7.530080  1.688388  359.858826
407 -27.133358   5.461998  337.520172  0.326260  1.208373      10.345306    346.711884 -249.711853  10.799025  1.940091  200.638504
408 -50.037663   7.072319  351.140289  0.327030  1.115039       7.017994   1000.674133 -188.006805   6.832908  0.726922  171.801315
409 -44.293694   6.268830  348.119781  0.346244  1.158072      11.954430    360.434753 -209.126480   7.750301  1.644850  610.394958
410 -33.554245   9.161112  337.584869  0.349414  1.264513      10.607416    375.169647 -244.428116   9.330750  1.761874  254.293365
411 -42.133114  13.224140  343.165009  0.330643  1.009433       7.037224    727.243530 -245.954376   8.319839  1.461795  342.967743
412 -42.110477  17.905605  335.926178  0.309465  1.350965      11.562952    429.968811 -234.278641   7.292890  1.454016  530.078552
413 -26.407709   7.828087  336.635071  0.315701  1.029550      10.029183    316.733887 -240.762558   9.384596  1.930154  424.579376
414 -36.672852   3.148752  345.073517  0.345501  1.493301      10.099806    428.549896 -200.712158   7.950025  0.519015  231.557571
415 -36.421181  16.520012  334.407379  0.329212  1.009730      10.804971    394.244049 -214.243729   8.313663  1.693631  433.002258
416 -26.593071   2.902716  337.264557  0.340591  1.552052       9.865662    323.945374 -247.448120  10.085394  1.773235  310.181122
417 -50.487720  14.108535  345.033783  0.288244  1.495581      13.543225    452.933044 -248.161026   6.785898  1.449908  673.650940
418 -45.322468   7.797064  348.050079  0.253167  1.455003      10.466255    696.105347 -245.023422   7.429044  1.857120  206.089844
419 -43.156254  15.311504  340.998199  0.299659  1.287941      11.639424    454.522858 -249.914444   7.289330  0.730321  279.656982
420 -50.864799   9.557661  349.855713  0.325290  1.039646       9.285446    652.141235 -190.044083   7.160154  1.068408  684.733521
421 -43.283630   8.539867  346.224182  0.263456  1.161385       8.885113    786.664062 -225.059189   7.562329  1.694011  200.398758
422 -37.834080  15.555425  332.070251  0.333749  1.548137      12.995279    310.436310 -248.650787   8.009470  1.121657  417.487152
423 -51.037178  25.532476  337.238922  0.346151  1.263093      12.050159    640.281128 -226.748505   6.498518  0.907372  567.700134
424 -30.351578   4.211711  341.233398  0.347074  1.263822       6.723252    680.867859 -187.894638   9.339209  1.663898  188.927063
425 -37.396633   8.090223  343.561188  0.348787  1.191620       8.801052    576.064514 -220.009369   7.664770  1.434612  208.111877
426 -34.433193   6.050673  345.854340  0.293947  1.034686       8.741551    443.164642 -236.787979   9.531072  0.315938  253.447433
427 -38.055813   8.048088  343.336487  0.339386  1.185012       9.025507    479.993622 -233.361069   7.899669  1.671068  378.584167
428 -31.540169   5.714094  342.672882  0.300778  1.087830      10.218668    354.960175 -248.065628   9.376866  1.575745  368.187164
429 -38.687416   1.739629  349.803680  0.346925  1.156670      10.296189    403.121979 -232.719955   9.069557  1.103043  596.004883
430 -34.237053   6.282533  340.630890  0.343873  1.216815      11.201659    326.123413 -200.143784   8.933942  0.617989  512.325439
431 -43.221699  17.986582  337.577911  0.332474  1.278072       8.210959    788.328064 -239.723038   7.752192  1.587820  263.600189
432 -34.629322   5.468355  343.041718  0.322848  1.299201       9.756409    397.547211 -195.364029   8.382829  0.734909  366.613647
433 -23.095398   4.179334  333.559021  0.342969  1.211719       9.021014    395.352966 -240.560089  10.149734  0.863996  116.693420
434 -48.402077  13.736982  342.185516  0.335322  1.430933       9.677390    628.216370 -232.031250   6.993388  0.349243  414.979034
435 -32.858810   3.948648  342.617462  0.343689  1.355529       9.194925    459.092377 -218.285568   8.252592  1.989419  268.659729
436 -37.728920   2.984823  346.988617  0.341155  1.401188      10.950921    387.566528 -219.320328   8.167669  0.776371  369.402496
437 -38.162251  -1.345450  349.025269  0.339601  1.504359      10.234513    437.279480 -188.694321   8.374922  0.475917  273.891846
438 -46.995583   2.257766  352.416687  0.335681  1.262383       9.152477    584.631104 -186.530273   7.386600  0.410634  512.529297
439 -25.513390   5.586016  338.793640  0.320237  1.088822       8.818709    385.607178 -225.626221  10.302988  0.719739  193.478531
440 -42.804703   3.604733  349.234283  0.327882  1.363233      10.892944    463.442291 -214.021423   7.837425  1.411597  380.058044
441 -41.616467  12.252615  343.224182  0.316331  1.108148      10.306285    468.571350 -240.717041   8.222492  0.475219  431.379700
442 -33.953674  -0.830309  347.285919  0.343529  1.476362       7.962358    562.925903 -175.287979   7.967681  1.810335  253.793182
443 -32.485092   6.202228  336.138641  0.340663  1.462626      11.107426    334.031097 -206.375046   8.307678  0.535269  225.869263
444 -47.121040   4.205515  348.981384  0.315579  1.436119      11.815395    479.402832 -216.631790   7.361641  0.621820  447.124664
445 -35.402439  11.711706  333.653259  0.331484  1.509494      11.960270    346.246338 -215.805969   7.868423  0.542700  155.053177
446 -39.281021   9.886827  340.215973  0.306078  1.289740      12.272795    369.417908 -234.091888   7.957768  1.614224  265.255188
447 -41.860565  16.715336  335.167938  0.334252  1.480971      11.812712    433.696533 -233.133896   7.707258  0.283227  313.571503
448 -34.070072   8.573863  336.626190  0.312491  1.501710       9.055598    558.986694 -209.707245   8.219768  1.219834  102.861664
449 -39.341732   6.565222  346.030212  0.329590  1.161528       7.049608    756.066589 -236.054764   8.654786  1.048566  146.585190
450 -31.857243   9.596020  336.048218  0.305722  1.342974      10.718996    349.509125 -239.195694   9.135715  0.812203  233.540726
451 -37.347641  10.638330  340.186707  0.344601  1.096305       9.910387    440.353241 -233.905243   8.191257  0.362583  411.878662
452 -32.867729   1.902398  351.109100  0.324695  1.052386       9.112267    410.873932 -249.492004   9.388520  0.622998  290.840485
453 -43.853477   8.504445  341.294891  0.348892  1.767043       9.569673    524.585754 -233.686600   8.147982  1.638559  538.266296
454 -45.283283   8.888868  343.964996  0.343452  1.495763      11.317403    426.508087 -221.282379   7.407461  1.689946  644.076416
455 -36.554218  12.497499  338.909821  0.332171  1.125084       9.608672    435.289825 -240.550766   7.689322  0.391823  376.399353
456 -37.129078  14.035359  337.211426  0.338096  1.070789       9.323719    519.285522 -196.094391   7.678368  1.246303  252.924774
457 -40.340851  16.484285  336.935364  0.332079  1.138882       9.638090    486.993713 -229.756561   7.403401  1.363462  472.572174
458 -45.613319  13.278671  344.238617  0.324753  1.164587       6.946280    985.828430 -223.437988   6.718644  1.793140  309.050018
459 -39.616646  -1.817547  351.908691  0.343314  1.495873       9.876744    461.737427 -200.657059   7.812461  1.851481  467.849335
460 -37.165249   6.899166  344.629578  0.332269  1.157913       7.804872    585.154053 -193.850235   7.622317  0.736454  170.279907
461 -38.656612   9.856468  340.965759  0.327276  1.261815      11.243765    366.387054 -234.027390   8.670910  1.294174  506.537903
462 -42.704376   7.942396  343.492218  0.349426  1.432105       8.818234    534.143188 -197.970200   7.930934  0.631555  565.825439
463 -32.842716   7.000517  340.056610  0.314462  1.216235       8.932137    469.022003 -233.036987   9.590919  0.762404  162.836761
464 -36.895599  14.190845  337.067780  0.315172  1.057090       9.476479    450.536102 -214.515350   7.998316  1.155852  479.737396
465 -35.868065   4.047738  345.149200  0.335242  1.224127      10.968657    365.472961 -225.512039   8.495808  0.363418  441.496063
466 -31.409534   7.236061  338.974915  0.342592  1.178444       9.312320    483.706787 -198.758759   8.818688  1.416258  160.479202
467 -38.740635   4.443605  348.428741  0.337575  1.137080       9.240375    467.120850 -210.582397   8.629966  0.805759  447.481812
468 -27.734053   5.020718  341.083893  0.338431  1.057331       9.430002    351.065826 -226.238205  10.329176  1.040994  396.510071
469 -33.615971   4.793617  339.776001  0.310875  1.513672      11.983327    300.687469 -228.476807   8.402014  1.296163  282.648621
470 -39.216969  12.756813  340.947388  0.328677  1.016024      10.347199    432.636841 -230.842453   8.250753  0.794974  432.302734
471 -51.814941  17.300900  343.578186  0.348919  1.500113       6.187516    949.745667 -234.434189   7.366291  1.140289  556.001465
472 -35.689674   3.976678  347.080048  0.337636  1.172123      10.704800    303.031036 -237.530914   9.418122  1.027287  649.570801
473 -28.510342   3.344512  343.469330  0.307781  1.191960      10.207519    342.466461 -216.751389   8.702210  1.181111  250.475693
474 -24.998205  -1.969649  343.668121  0.339948  1.411527      10.211507    317.682312 -202.303879   9.933221  1.235806  289.433197
475 -47.963425  10.404005  347.218201  0.324667  1.168008      10.129339    627.120117 -205.140503   7.295968  1.232216  374.896027
476 -34.195084   2.064292  348.782013  0.316459  1.249102      10.716523    357.427032 -236.840729   9.243684  1.261953  382.163300
477 -33.521378   0.706803  346.140869  0.336592  1.393682      10.993358    350.956818 -193.015182   9.034893  1.104902  270.831024
478 -43.660324  13.941017  342.452850  0.315889  1.187700       8.413498    779.900146 -244.616867   7.742978  1.401401  239.315491
479 -40.362492   4.091538  349.970825  0.310339  1.074295       8.567623    542.260681 -239.306641   8.750477  0.724873  277.060913
480 -37.574905   4.740341  347.603821  0.315816  1.095227       9.653677    446.906006 -203.081161   8.075939  0.978412  303.342407
481 -37.933235  12.592936  338.522339  0.341256  1.117125      10.137657    399.503479 -201.585480   8.262332  1.149001  586.485352
482 -42.256481  12.894975  337.882050  0.345872  1.627145      12.006825    399.195923 -233.854340   7.610940  1.088035  540.239014
483 -31.949574   7.129975  340.275116  0.342008  1.176567       6.604244    699.983093 -242.383881   9.427251  1.557576  190.526550
484 -48.008373  12.071748  345.068481  0.333465  1.316950      10.599590    587.987366 -235.576340   7.109274  1.129961  420.226929
485 -44.722004   7.602530  346.734283  0.329943  1.303985      10.920844    482.356873 -243.009918   8.138896  0.499224  456.434418
486 -39.945595   5.721424  347.630981  0.331086  1.104574       9.372636    455.457520 -214.490463   7.992564  1.137461  588.252014
487 -31.985197   8.245134  335.654083  0.338616  1.358293      10.240456    358.314117 -246.767044   9.379967  1.812077  392.571594
488 -40.426353   7.304675  344.881439  0.325557  1.185950       7.705719    841.214661 -207.408813   8.064756  1.762895  205.502350
489 -35.188587   9.622378  340.182526  0.345918  1.029860       8.684563    496.048553 -211.805435   8.556961  1.988690  323.393280
490 -31.405060   5.531723  340.378571  0.321833  1.193468       9.384776    440.710083 -205.338531   8.998011  1.146131  177.427979
491 -32.595818  12.101727  333.640808  0.330407  1.141722       9.534106    505.528839 -234.095230   9.257422  1.056535  115.717079
492 -40.669361  10.408599  340.362488  0.339357  1.322463      10.990967    421.107056 -235.783722   8.415342  1.204969  437.863373
493 -32.183590   1.926008  345.999298  0.347120  1.225700       6.792370    618.401184 -190.814529   8.721777  1.900894  273.508362
494 -32.915859   7.146661  340.465546  0.341315  1.238702      10.257030    363.516663 -218.540695   9.053432  0.804013  394.760864
495 -42.477291   9.162510  345.241760  0.346270  1.138434      10.182034    464.402100 -240.390778   7.430920  0.366104  709.536682
496 -46.032715   8.968087  347.655914  0.334583  1.101185       9.276038    620.798828 -219.875900   7.250443  1.206822  380.970734
497 -42.505917  11.328919  341.997040  0.347153  1.347955       6.995818    750.676697 -237.045807   8.473670  1.401566  337.197113
498 -46.764114  15.745071  343.315247  0.333806  1.019241       8.480689    624.099670 -228.026337   7.058242  0.838685  698.725037
499 -37.063152  11.755755  337.934937  0.344249  1.208578       9.826704    438.755554 -217.438080   8.065623  1.617871  369.016235
500 -33.283867   5.142588  344.240082  0.317344  1.098115       9.505113    435.667236 -215.233032   9.596964  0.950343  187.696487
501 -41.962540  13.021397  341.667633  0.294902  1.130114      11.408120    409.718628 -236.923141   8.201810  1.157894  550.973877
502 -54.952293  22.148106  342.221863  0.334741  1.197712      11.882627    720.237854 -228.170532   6.752288  1.211521  750.004700
503 -53.985535   9.193634  350.991669  0.346381  1.114087       7.148955    857.259827 -205.783600   7.100340  0.923025  637.116882
504 -40.043404  13.397599  339.377350  0.348270  1.176351       9.314546    513.268738 -232.163818   8.375007  1.975735  397.227203
505 -39.809223  16.695839  335.574463  0.339707  1.183185       6.384068    874.702759 -213.979782   7.741569  1.091902  164.718094
506 -38.528259   9.785142  342.881500  0.337605  1.057647      11.936233    300.998688 -183.155228   8.082846  1.554299  554.460449
507 -44.594063  16.441076  339.086945  0.290273  1.257610      11.479110    524.403809 -239.306686   7.278245  0.259424  102.384293
508 -35.850094   9.039811  339.372986  0.306900  1.276392       9.665335    484.404694 -227.088776   8.615175  1.995218  247.350037
509 -41.680664  11.553327  339.957733  0.335298  1.462105      12.018688    376.453888 -236.292679   7.926033  0.483229  613.152283
510 -53.435112   7.239246  351.097260  0.311379  1.404929       9.301972    812.497559 -202.045807   6.366981  0.588760  337.652344
511 -53.001205  24.463181  341.422028  0.341881  1.007845      10.423198    745.338562 -242.682953   6.632881  1.249842  699.332153