           lon        lat        inc      D1AU     delta  launch radius  launch speed    t factor       B1AU     gamma         vsw
0    15.711232  38.350403  21.849859  0.242394  4.029621       7.556881   1003.417053  225.795914  10.333879  2.119148   53.578690
1    14.008099  46.644562  27.982771  0.279361  2.916455       9.071594    843.312622  133.447296   7.973037  1.722423  229.422867
2    18.369638  31.477926  36.453171  0.285293  3.185277       8.957543   1147.777344  115.417061   9.251134  2.526650  205.923050
3     4.095210  35.155910  37.340618  0.285506  4.623461       6.154406   1120.453857   83.730858   7.739378  1.024391  110.334641
4    13.921816  31.996695  32.952229  0.213295  2.751447       6.560668    846.210327  114.910339   7.149651  0.971070  164.857300
5    12.279123  44.322113  42.344261  0.223829  2.816105      10.291811    850.711487  198.041321   7.052614  1.308246   65.123230
6     9.920020  39.995995  45.752750  0.221718  3.090590       5.486791   1771.381592  156.796387   9.499006  1.771129  175.549957
7    11.609799  41.042061  48.146378  0.262497  4.901554       5.335729   1557.265015  153.774948   8.178647  3.568872  492.733765
8    17.619312  19.397402  24.079037  0.230089  3.835473       6.423828   1725.248291  139.511108   8.822153  3.915828  234.147629
9     7.340262  36.940578  38.017830  0.260440  2.326322       6.570838    979.579285   67.410561   6.682850  2.778390  355.759766
10    4.487113  40.643005  41.248432  0.202167  4.031123       9.396490    711.351013  108.938828   6.621654  3.630415  283.873688
11   17.112116   8.386329  48.779305  0.198560  4.615876       5.464337   1201.362671   70.255661   6.239548  3.054273  260.758118
12   17.194567  44.792046  20.579203  0.208192  3.392882       7.620959   1320.198242  129.613815   6.697094  2.260234  180.660507
13   18.182180  46.949978  36.743233  0.292537  2.165441      13.332749    912.246155  103.777702   6.576066  2.996039  221.477783
14   18.228170  38.844555  39.697315  0.209917  3.859575       7.829309    945.116760  234.687836   6.449149  0.979140   52.376701
15   13.508729  32.899807  34.690582  0.289847  3.632919       6.551762   1427.723267  168.868408   9.780688  1.750957   85.901878
16   14.661293  12.696324  22.936062  0.210161  4.077320       6.902742    934.359802    9.118118   8.587001  1.468241  117.130753
17   13.924429  43.546555  21.155024  0.168742  3.955192       5.778375   1236.026855  229.488708   7.339924  2.293495  132.006851
18    6.688878  32.617664  27.610764  0.258121  3.056994       5.754560   1090.712036   78.777847   7.799399  1.588081  134.419952
19   14.178833  33.884109  37.627625  0.226759  3.784574       6.504098   1191.639771  158.720642   8.968430  3.281584  313.061279
20   12.804286  44.502853  39.753368  0.290864  2.146809       7.793133   1225.823486  153.389862   7.688553  1.802056  181.950653
21    7.882842  29.961878  47.297421  0.285923  2.460057       8.850848   1003.286560   14.290148   8.903828  3.866952  344.475189
22   19.386011  43.751751  17.846350  0.235664  3.926730       6.159235   1448.297607  108.708931   6.274179  2.161152  232.182358
23   13.363794  26.667122  43.351505  0.254759  3.955323       6.877619    930.225891  114.942596   7.584382  3.017632  442.606537
24    9.091084  38.865189  49.571053  0.243970  2.313421       5.707963   1116.430664   51.344124   7.352366  2.419230  408.623291
25   18.708916  29.417902  31.147844  0.252029  4.378933       6.228825   1229.008667  109.006699   6.574503  2.513532  319.073486
26   12.600657  26.599251  44.893764  0.239161  4.004815       5.141569   1730.331299   34.080563   5.868137  2.265040  125.942490
27   19.749474  24.128056  37.564285  0.287031  3.477457       6.674621    746.253662   39.783630   5.293340  3.524961  465.054810
28   -6.372712  39.138966  42.803677  0.279413  3.574277       7.552048    970.776062   79.715408   7.303725  3.724210  183.844559
29   18.079252  41.967697  26.581554  0.222749  3.223049       8.726507    702.274719  161.074692   5.352031  2.925310  390.974152
30    9.853612  48.498371  34.009212  0.269331  2.599730       7.186287   1131.328613  110.400017   6.039426  3.727993  394.232361
31   17.969490  45.460388  36.608433  0.249630  3.181229       8.421118   1196.349854  107.320267   6.288032  1.721730  143.116150
32    0.241146  23.555792  37.693504  0.287647  4.505561       5.406030   1282.948608  113.182243   7.337016  3.162063  295.318634
33    3.269985  32.507275  42.970798  0.231251  3.126395       7.271861    783.911316   61.681400   7.580177  2.554641  428.630096
34    5.821510  33.715408  49.208412  0.173181  1.661762       8.239848   1277.228516   39.118145   7.763474  3.077619  189.768478
35    4.656812  41.033638  41.004337  0.246718  3.598428       8.853009    869.649292  138.884644   8.286271  2.939882  160.247437
36   -5.556452  37.031490  35.743633  0.296503  4.217712       5.009365   1059.935669  226.397125   7.578895  3.075097  139.221390
37   14.277846  21.167707  19.295300  0.279276  2.991578       5.592614    759.548340   61.849052   6.044392  3.325276  405.718842
38   12.794152  41.298409  35.743614  0.228781  2.626077      11.192859   1060.485840   76.196602   5.328516  3.293018  162.578033
39    2.754926  32.183132  34.565556  0.199584  4.416652       5.018273   1203.182617  188.738602   7.007773  1.694525  218.353607
40    3.498070  32.121258  47.663586  0.258355  3.899843       7.733518   1398.507568   38.112545   6.392298  3.038520  170.851730
41   17.762100  37.092091  47.482040  0.248350  4.360174      10.782199    813.334839  224.638733   8.669509  3.399723  219.023758
42   -0.514959  39.910950  43.731407  0.258783  4.524376       6.628231   1580.082764   60.556316   6.379436  3.788516  192.199478
43   16.633606  22.632965  12.609843  0.285214  3.397886       5.019575   1460.576538  242.836227   9.133940  2.992906  250.270370
44   19.245014  26.289185  26.619495  0.235526  4.590481       5.408440   1078.787231  163.128372   6.000137  2.353209  449.404724
45    7.767389  23.741638  44.629238  0.277259  3.464910       6.414906   1320.590576   61.054127   6.586446  1.430318   84.992714
46   13.214622  46.495609  21.405210  0.265428  4.149539       6.352959   1149.698486   97.509544   5.786388  2.751108  342.180878
47    5.083848  32.213108  49.982624  0.273715  2.873903       5.786004   1633.404785   20.030254   8.104239  3.378017  409.162781
48   19.537743   6.814772  13.040239  0.299358  4.336007       6.596105   1112.459595  188.233429   8.194874  2.956955  337.167236
49   17.793564  28.122564  27.106745  0.219099  3.264053       7.444631    793.698364  202.144699   8.695272  0.858906   93.591301
50   16.204201  27.613424  29.990934  0.230489  3.999092       9.752969   1178.245361  231.940170   5.422262  3.928876   64.763550
51   11.070639  28.079062  47.064522  0.233505  3.777183       5.924740   1578.521240  192.949707   7.875394  3.166008  238.816833
52   11.365714  42.463753  47.833923  0.156384  3.401858      12.819537   1002.981934  229.627106   8.694427  3.162541   80.659584
53    5.887096  39.025307  44.862724  0.254840  4.293582       9.195487    810.308044  103.134644   7.940085  1.567413  201.291931
54   15.048754  15.902151  28.816093  0.242793  2.097404       5.419584   1742.099976   26.554586   7.828850  3.084725  285.021332
55    9.734282  46.901558  43.949276  0.215004  2.793195       7.592072   1335.277710  160.302643   7.493680  2.455774  284.905884
56   14.517897  41.442711  37.810349  0.288186  1.824110       9.053130   1071.154785   44.371902   5.695728  1.616009  176.891739
57   19.782837  37.519386  23.216646  0.230622  3.998893       7.775923    887.183594  188.582199   5.553490  1.313007  187.212265
58   -2.204741  43.434540  43.499577  0.215824  3.277678       8.765736   1043.501099  150.179474   7.307611  3.956644  217.746811
59   10.841782  33.361679  35.271160  0.282064  4.300689       6.015554    729.450989   79.598907   6.735300  3.975424  616.192749
60    8.140522  41.359543  26.883947  0.242902  4.670790       5.948381   1016.482788   58.159294   6.099096  3.305139  349.743683
61   12.363863  24.086462  38.961369  0.245829  1.972685       9.997009    841.474304  156.040848   6.779881  2.821680  108.494408
62   16.408373  26.850794  47.573811  0.250040  2.508214       9.308830    795.566772   93.926300   9.445621  2.916318  249.209457
63   11.355954  27.086908  49.399006  0.205403  4.704698       6.623846   1537.245605   87.937363   8.452547  2.298237  194.907516
64   14.478728  29.161596  47.401253  0.297317  4.807974       5.633530   1881.321045  177.107574   7.197870  2.542020  178.229706
65   18.077152  27.447271  37.858364  0.278969  2.169341       8.117071   1403.647217   10.451119   6.482907  2.637073  250.836609
66   16.528070  25.398581  34.853539  0.286663  3.217834       6.639381    926.118591   43.221642   7.186012  3.443768  528.901123
67   15.981900   4.167922  20.999588  0.228288  2.829205       6.234476   1665.798218  142.706680   8.566252  2.633853  158.729492
68   10.805419  30.709805  25.373127  0.230563  4.203065       7.856240    757.527893  103.745163   8.468369  2.384465  210.537354
69    2.877156  17.426521  46.742805  0.279750  3.023924       6.164555   1332.912109   68.803566   6.934810  2.170343  200.455780
70   13.329433  36.896694  32.973049  0.207058  4.252195       9.068855    959.989746   48.646172   7.727792  1.978332  100.221085
71   16.298285  14.803102  28.124123  0.287693  3.976980       7.402590   1069.987061   82.269150   6.338530  2.209465  156.739456
72   14.305812  29.454935  25.718138  0.238147  3.871294       5.322789   1706.550537  211.636551   8.495864  2.228565  150.788940
73    4.756889  32.033562  47.858929  0.297219  4.159050       6.134655    902.268188  124.656792   7.182434  3.814529  558.558960
74    8.638369  24.912119  48.739548  0.114763  3.999326       7.063957   1287.734131   24.284393   6.458267  3.214603  133.863983
75   15.775648   4.737576  47.737339  0.242773  4.980249       6.446377   1309.317139   53.796932  10.072333  2.511588  219.983536
76    4.361519  45.239780  35.472332  0.208509  3.022182       6.704968   1047.858521  123.658058   6.178803  3.162107  282.029327
77   19.244055  27.937487  28.346174  0.245675  3.409796       7.851811   1129.378052  108.718887   6.857119  2.671041  306.773804
78   13.940032  33.519920  39.559517  0.236109  1.359214       9.100536   1144.304932   19.724051   6.292342  3.751446  296.667786
79   19.600639  34.857708  26.343439  0.293924  2.156674       8.240597    993.561951  111.726532   8.589175  1.388869  238.464767
80   14.928601  45.427994  34.060322  0.292133  2.756066      11.116994    951.868530   68.947792   6.868377  2.224110  130.136658
81   14.914052  27.139179  29.508440  0.187975  4.533413       6.396910   1161.497437  139.693253   5.494067  1.735868  186.768066
82    8.490838  29.997309  38.173328  0.273675  2.233207       5.748506   1088.550659   10.602996   8.322961  2.698408  482.965607
83   17.231800  41.676449  26.798273  0.260953  4.238653       7.669825   1098.318604  176.645432   7.453768  3.983737  315.578766
84   12.330022  35.871887  36.839886  0.248351  3.706359       8.460028   1312.369751  144.494034   7.156653  3.241736  214.741104
85   19.222414  13.779954  42.754673  0.267710  3.035389       8.191867    755.957947  163.829254   6.756214  2.516244  265.318604
86   10.050276  31.470425  20.924116  0.233961  4.334576       6.189167   1550.140503   49.956127   7.612542  3.222625  159.034653
87   12.687605  31.443869  39.989456  0.209518  3.302054       6.280671   1203.467896  208.088074  12.363939  3.978604  286.934540
88   17.007467  39.710442  40.879097  0.264999  3.443583       7.981292   1442.311035   59.213203   6.273558  3.657767  469.099915
89   14.843101  25.737341  45.375774  0.232076  3.947375       5.597624   1364.652100  174.041565   7.163486  1.365331  156.834030
90    7.088588  45.044670  30.665524  0.183623  4.386089       7.242447   1263.271851  115.147072   7.427701  3.960292  270.076172
91    2.453049  38.567017  33.994865  0.212374  4.692941       6.200607   1209.067139  104.367630   8.004110  3.909965  195.549377
92    2.645169  44.924385  42.676189  0.236887  2.698903       7.852017   1010.622437  100.131966   7.136125  2.025992  184.838852
93    6.150499  48.307724  28.066809  0.219607  4.521820       7.065064    824.587463  249.968399   6.591011  2.119742  145.027161
94   12.264467  33.356548  45.546288  0.199483  3.420826       6.173742   1525.914307   54.130783   6.400816  2.026611  231.780594
95   12.594009  36.829052  48.884277  0.272284  1.629302       7.759155   1249.485229   28.243748   9.206166  2.943918  294.041962
96   12.955855  43.667820  34.401871  0.156753  3.853124      10.138884    965.936584  139.026901   8.115152  3.137611  192.513855
97   13.834067  29.865599  32.664417  0.279785  4.264347       8.068735   1643.352295   73.861351   8.303084  2.744848   92.807121
98   -2.217687  44.627083  49.671627  0.197001  2.730902       7.147131   1292.317383   84.348381   5.440420  2.587957  142.970825
99   11.212399  25.003101  33.210850  0.202457  2.308976       6.317344   1003.544250   71.067680   8.896747  2.977445  345.799347
100   7.790437  34.670845  33.223259  0.208211  3.567301       6.138373   1589.471069   60.120457   7.894711  3.095237  202.489410
101  18.486389  35.875019  39.348381  0.296886  1.161325       8.285270    825.720764   65.848564   7.947153  2.710530  488.493896
102  12.384337  28.796074  33.550152  0.241162  4.710626       6.010592   1707.343262   33.557835   6.902767  3.206545  200.939407
103  18.626209  28.656225  30.357765  0.256424  3.532150       9.286990   1103.900146   19.599619   6.561308  3.196795  174.119080
104   3.753878  25.235527  44.966972  0.204525  4.159410       7.465036    813.024780  110.438309   8.427570  3.263252  235.474609
105   6.075372  38.820618  37.651390  0.200278  4.829779       5.064306   1414.836914  119.220116   7.336946  2.763886  217.231613
106  11.751405  29.716736  44.025368  0.177145  2.959047       8.043958    835.725342   64.176453   5.075642  3.660347  278.308990
107  -2.924999  35.790234  49.455814  0.148036  4.894344       5.199265   1332.064575  175.365723   7.297343  2.248147  104.846840
108  19.005775   6.774967  11.425988  0.259952  4.372668       6.861308   1414.772583   74.258469   7.010931  3.356082  161.312042
109  15.356225  42.480335  24.773348  0.241290  4.304875       5.116549    858.776550  172.763733   5.508383  2.602667  391.744385
110  10.106408  11.315527  22.935614  0.188183  4.352812       5.409793    711.984375  244.380783   5.530473  3.265331  402.910034
111   5.645693  44.499035  47.901737  0.274115  2.603705       9.052344    988.229980   91.415916   5.035165  0.993031  115.919380
112  16.035641  48.528267  34.969814  0.246199  3.066193      13.490801    789.679199  232.842133   7.349266  2.517156  108.587875
113  16.875349  34.587502  34.056072  0.282756  3.740359       7.457945    725.487488  193.430847   7.180550  3.701145  441.252899
114   9.178964  32.804234  47.179977  0.107120  4.223258      10.143339    737.954895  110.914116   7.097245  2.912300   97.223434
115  19.916788  33.381886  37.687851  0.157732  3.939279       8.465618   1237.977539  192.868149   8.681551  2.562992  139.659027
116  13.062587  43.774872  31.811924  0.211900  4.497733       7.082058   1562.521606  214.500000   8.945239  2.882227  187.079254
117   6.637535  39.967606  24.925837  0.244209  4.194407       7.235286   1028.320435   76.237038   7.263733  3.706252  182.838028
118  10.481070  28.851439  44.005280  0.246540  4.586492       6.993483    981.209106  103.406387   6.725551  2.473379  304.270294
119  12.493264  35.751114  19.586498  0.266813  4.506000       6.069184   1113.077026   43.094418   5.505513  3.933095  436.263000
120  14.988426  33.699917  43.643631  0.208444  4.177793       8.146715   1075.364014  101.793434   5.986579  2.910756  316.737427
121  10.773294  23.309317  46.385380  0.299587  2.211542       5.720359   1621.151733   22.975540   7.362923  2.402670  140.291473
122  13.269269  14.612940  38.682972  0.283469  4.570397       6.943547   1572.348145  102.984344   7.573812  2.962756  194.387589
123  12.663367  31.067955  35.410725  0.227936  3.972090       5.138982   1217.634399   93.617905   8.140528  3.076982  383.653625
124  12.264239  -6.671140  28.384975  0.208906  4.240716       7.211888    844.338806  169.844070   6.708585  1.520635  235.778900
125  19.042948  32.687237  24.950710  0.223809  3.245017       5.543976   1551.116089   90.523758   9.003439  2.336609  324.531403
126   8.929580  35.214764  43.888706  0.184858  4.371512       7.847464   1459.305542  145.481049   5.300766  3.637671  272.560944
127  10.631646  41.208401  29.091410  0.209864  4.071891       7.070560   1126.524292  179.772827   7.045500  2.422762  136.223328
128  -3.366185  45.431709  48.290291  0.264735  3.601007       6.569257    862.248413  126.700348   7.512811  3.013963  341.532898
129  19.681572   9.251904  16.206612  0.187485  1.498974       5.972208   1090.856934   65.336983   8.470223  3.995141  332.871033
130  17.472483  20.677757  34.142841  0.258826  3.449795       6.089150   1275.360352   36.875233   5.333006  1.771268  283.956085
131  14.944586  40.265060  39.886078  0.277540  3.848596       8.545087   1051.646851   29.778917   7.039005  1.450375  225.917328
132   4.713477  36.919796  44.093105  0.242917  4.585523       6.820420    996.885986  195.504639   8.719324  2.050448  160.822769
133  15.438329  28.746084  32.040691  0.245357  3.653610       8.245152   1265.482666  201.343048  10.042160  3.299934  220.190445
134  -2.383171  49.330814  47.537827  0.226420  4.417557       8.557926    864.701904  177.526199   6.593069  1.486636   68.141350
135   5.873764  42.843819  46.607143  0.186501  3.457099       8.044925   1301.858154  167.481018   9.599539  2.869770  166.586670
136   0.417114  46.638416  48.258072  0.277512  2.785984       7.415159   1507.163696   60.008354   6.294612  2.830790  161.578156
137   3.395996  30.375778  40.208870  0.224537  4.616647       6.510822    941.991211  120.750015   7.837204  2.548669  316.896667
138  13.815409  39.770554  31.847303  0.222134  4.347572       7.074441   1103.905884   37.318184   6.494709  3.022242  220.492142
139  -2.894532  19.680752  37.522194  0.216625  2.301784       6.783779   1224.860474    6.754419   6.653291  3.925024  133.878525
140   9.494427  34.059658  43.680225  0.232023  4.896986       8.958360    777.483887  210.224060   7.214202  3.377326  300.148834
141   2.514340  25.401016  45.684933  0.195639  1.781249       5.573325   1410.494751   48.023922   6.653434  2.865204  151.525085
142  19.810602  41.013470  47.369923  0.282029  3.720728       6.742827   1315.835205   72.652916   5.802887  2.359710  434.781250
143   2.663496  48.560024  37.319828  0.239989  3.545703       7.188346   1354.721436  166.197586   7.368983  3.662667  302.048279
144  16.240723  35.021580  32.688755  0.195964  4.294514      10.239708    927.000305  177.220932   7.810859  1.753915   50.125656
145  12.281300  44.155979  32.983406  0.265866  4.340425       7.979527   1450.404663  235.142761   7.579054  2.836445  219.663223
146  14.547949  40.789196  37.545826  0.287474  2.779263       9.928346   1253.397827  105.737144   9.354438  3.546844  261.264435
147  14.689068  18.962141  25.072393  0.170051  3.256007       9.092710    979.230652  203.771362   8.353642  3.481091  126.160286
148   7.600710  43.733643  48.185432  0.199528  4.126720       7.187398   1275.180420   47.956985   6.927872  1.830377  132.891830
149   6.489646  42.703102  46.327618  0.261704  4.390920       7.917461   1154.491333  136.266617   6.613638  2.297570  312.010437
150  14.117190  14.468410  39.535461  0.251120  4.796644       8.463862    771.846375   42.399368   8.610124  2.568647  225.814545
151   2.679289  46.074585  34.621735  0.241333  2.687270       8.762196    808.723022  133.392181   7.654122  2.876719  215.758148
152  17.183224  27.396305  25.699158  0.239626  3.318834       7.883223   1616.095093  140.887222   8.690834  2.766730  122.201385
153   4.580282  38.989452  41.651157  0.212980  2.601730       7.974566   1417.220337   89.275940   7.006215  3.092052  153.516983
154  10.872972  32.253502  33.737240  0.192572  2.750227      10.292542    855.770264  131.024597   9.210432  3.422347  162.738434
155  12.949090  28.200407  43.775352  0.210505  1.179654       6.435123   1245.109741   21.773470   6.289257  2.758738  214.609619
156  14.847735  42.739994  38.244541  0.197884  2.367684      11.863693    869.147888   67.891724   6.850563  2.174157  116.440765
157  16.242683  20.634907  38.479950  0.249850  3.505888       5.285880   1212.524170   58.343483   7.988757  1.424693  232.349213
158   5.121095  33.462582  42.549400  0.258351  4.754556       6.897028   1132.553711  102.600220   6.636259  2.341472  130.194427
159  14.201789  40.457569  18.389946  0.295586  4.011455       6.347680    879.142151  122.341164   6.935367  2.684189  256.346222
160  17.903921  30.541389  30.913588  0.263078  4.045464       9.398455   1027.893799  221.372192   8.524226  3.026264  209.984100
161   8.352027  48.025879  46.491570  0.299685  3.061413      10.486375    743.929993   80.935745   6.484165  3.164905  602.872070
162   9.727636  40.530659  29.214886  0.221199  2.567700       6.471585    947.854858  182.378647  10.615438  1.497028  206.057678
163  17.599993  42.353222  29.367701  0.244991  3.059952       8.164821    773.596619   60.794193   5.558133  0.829107  151.990387
164  18.252693  25.135910  29.242071  0.269968  4.581160       5.643894    879.226135  167.773422   8.765871  2.034035  502.924377
165  15.038256  27.277933  25.101170  0.244989  3.999777       6.799207   1297.419678  170.473236   7.145092  1.574565   69.420479
166  11.173864  48.288166  41.131405  0.272354  3.649862       6.985050   1413.826416  154.652756   8.301046  1.873470  364.385040
167  13.934850  29.529129  44.319767  0.267567  2.814391       9.631369    767.819519   96.596519   8.114312  2.015160  387.319122
168  11.588704  22.407396  28.443441  0.173243  4.856773       9.459063    766.807190   77.691765  10.156167  3.797567  134.786804
169  11.327102  44.580326  46.636497  0.298722  3.237040       8.277416    909.382507  128.128067   7.791449  3.170533  632.017151
170  13.081887  20.940628  41.062706  0.273866  2.228106       7.036534   1883.552612   15.756236   8.889725  3.219107  132.344437
171  -3.078262  47.254932  45.588539  0.222951  3.545356       6.458337   1202.351318  170.947708   9.243892  2.049673  107.882050
172   0.955370  27.352617  28.201159  0.283820  4.353713       6.731383    735.876648  210.588058   9.079570  2.064244  171.344162
173  -0.166341  43.373291  46.832901  0.210719  4.992959       6.530837    805.540588  241.900314   9.320768  1.296842  265.083984
174  -2.069763  32.032467  43.892071  0.297233  2.940810       6.035982    705.349854   90.713409   6.744896  1.012090  155.001328
175   9.586684  35.226173  29.344147  0.227004  2.623685       7.747056    997.556396  110.281425   9.820319  1.293272   94.995827
176   9.703626  42.068203  41.851967  0.206032  3.090441       6.534664   1206.491333  133.256989   5.779794  3.902671  342.588409
177  15.776936   6.751294  40.991966  0.162185  4.430103       6.120687   1259.342407  112.477119   5.835180  3.119925  200.017944
178  15.392833  32.737133  47.816868  0.226464  2.159418       8.269137   1065.706787  120.464455   9.273392  2.716468  173.974152
179  16.164803  34.129162  27.113907  0.210947  3.636616       8.028957    817.301697  139.589569   7.531992  2.603198  279.634888
180   7.727269  47.911205  42.900177  0.269275  2.114635       6.871240   1373.242065  128.400253   6.202194  1.661574  245.910690
181  14.261512  32.889137  44.946751  0.214044  3.799791       7.694149    866.206665  164.024002   8.810825  2.820584  381.895477
182  14.536933  28.175632  28.886604  0.276815  4.488642       7.036322   1365.809692  151.643372   7.189551  2.972023  280.333282
183   9.104421  36.416321  45.315804  0.199991  3.124648       5.167645   1940.190308   92.138794   6.767535  2.012704  121.562439
184  19.714428  20.204445  31.746140  0.254479  3.313517       5.992065   1426.415771   50.438618  10.170572  2.262427  271.210632
185   9.635468  48.052032  37.515087  0.276340  4.427276       7.818607   1343.439453  136.357178   6.367406  3.801428  272.536133
186  13.804267  23.823231  29.321058  0.232546  3.662571       6.969064    995.706909   62.171925   6.807473  3.383655  350.245819
187  10.241977  24.706591  42.232941  0.294673  4.938984       6.642659   1195.402100  228.952103   8.453401  2.321539  292.126251
188  11.965969  27.956381  45.486858  0.244411  3.488025       9.605510   1185.914429   78.269142   7.042003  2.859177   88.334702
189   6.606781  29.225119  49.141891  0.294949  4.558195       7.468735    837.161743  239.373917   7.080920  3.560771  366.592438
190   1.851100  49.870968  39.148838  0.240890  4.630444       6.742207   1425.600342  217.740295   6.276659  3.921021  311.231964
191   9.575302  38.330826  33.381603  0.233399  2.948809       7.309524   1036.312378   91.673180   7.181444  2.210245  221.238785
192  17.496681  41.978073  37.387508  0.211768  2.957178      10.096878    782.819519   32.936855   6.536621  1.590666  158.884964
193  -2.312599  35.198986  39.881886  0.228974  3.270867       8.713088    927.932678   44.951427   7.694878  2.907817  111.626656
194  11.725926  20.306585  43.433201  0.249847  4.267093       5.321494   1125.735107   39.925373   8.186477  3.427271  473.776733
195  11.327703  47.972736  35.370655  0.249627  2.465899       8.112467   1276.803345   21.229053   6.109674  3.339945  385.822540
196  10.669496  27.901937  49.809250  0.230557  3.171027       8.712337    859.110901  117.880920   6.501556  1.788312  255.476395
197  10.149267  38.229317  25.063536  0.217858  3.109390       5.310815   1155.300049  185.556915   5.966564  1.759295  117.258255
198  13.581509  18.028587  13.762682  0.250430  4.385453       6.716592    880.644653  173.047348   9.034628  0.928075  198.577896
199  19.259005  38.116936  28.264723  0.191415  2.988449       5.876888   1486.806030  111.296227   8.788486  3.620697  307.003296
200  10.284382  48.634449  42.644962  0.171741  4.799509       7.484601   1764.800659  220.095642   6.962852  2.956562  152.738998
201   5.959209  42.665565  46.378246  0.266253  3.097439       8.451987    806.122314  140.122498   6.917902  3.558546  409.977478
202   6.866432  37.118343  43.149715  0.176211  3.305222       6.639011   1401.698486  126.182381   8.077724  1.668617   86.990051
203  12.563553  41.708324  41.228588  0.206443  2.711133       5.509457   1668.189331  103.619438   8.480492  3.865711  425.672211
204  17.285044  37.864685  41.489273  0.209489  4.248651       8.008655   1331.564209  120.177490   5.898074  1.895233  134.865829
205   2.794297  14.168711  16.235434  0.219352  4.562339       6.676105    850.454834  186.315445   6.771807  2.938471  146.121857
206   1.574344  41.298042  46.042953  0.189444  4.325247       6.837709   1033.201904  110.690147   5.438639  3.652425  238.435211
207   9.793355  38.761616  38.023796  0.227862  3.222886       7.702030    819.011780  197.904205   7.335795  2.760322  295.914978
208 -10.147631  47.817940  37.537342  0.198629  4.167745       5.535499    749.044312  139.919647   5.365933  3.189841  203.624725
209  10.668799  33.866459  46.585651  0.217407  4.035744       5.298728   1637.677368  204.150909  10.638822  3.828623  366.411346
210  -0.622978  26.182898  39.271584  0.248654  4.154100       6.466895   1388.083496  132.920822   6.738383  3.873815  259.480133
211  14.230572  27.626759  39.154667  0.260742  4.450111       7.606287   1162.262451  195.720047   8.080924  3.507491  288.416504
212   2.087499  38.999062  46.418270  0.265833  3.664279       7.479455   1364.850464  147.911667   6.170998  3.786252  332.852875
213  18.993540  34.271000  36.199871  0.253470  2.426330       6.700450   1018.997131  225.547226   7.799851  2.593059  323.607941
214  14.927489  30.582315  37.480080  0.233235  2.325882       6.488405   1822.004883  118.290092   9.898043  2.863897  174.861664
215  18.138807  40.577953  45.790363  0.215821  4.846251       9.379798   1336.183350  147.445007   7.119832  2.202126  245.283218
216  11.188382  41.422939  20.948635  0.189964  3.681142       6.040432    772.537903  124.394775   7.566876  1.602367  148.901978
217   9.048678  46.221523  46.870285  0.259769  2.591903       6.281317    905.873230  150.033188   5.439661  3.685236  644.487366
218   2.422751  43.052372  45.999958  0.295297  4.188532       6.253214   1047.388062   52.568176   6.510151  1.886072  432.961212
219  11.202747  43.961273  26.322624  0.243850  3.734869       5.135387    880.932434  203.083862   7.472819  3.704128  471.191498
220  16.636726  30.101561  24.208403  0.264914  4.210544       5.324776   1716.726074   58.662399   7.832887  3.883486  448.610138
221   0.566722  42.349777  39.325333  0.281747  4.109206       5.377899   1869.402710  145.824554   6.714583  3.474308  140.132416
222   9.366215  45.103008  40.968121  0.283554  2.989849       7.696818   1688.866577  214.942673   5.918345  3.689095  321.240753
223  10.320697  27.446247  37.227943  0.272968  4.890026       6.638874   1542.106567  162.441864   6.855369  2.725588  171.172073
224  14.876496  12.640233  27.528446  0.212789  4.978904       6.014142    996.380005  143.215744   9.171229  2.087949  248.884903
225  10.545982  49.062412  38.506561  0.179088  4.290153       8.548013   1491.336670  221.148346   7.335140  2.132399   94.409576
226   4.112440  44.229904  41.808781  0.280250  2.911153       5.165250   1149.208740   36.832783   5.660635  1.246313  425.361816
227  16.325315  34.643669  38.165710  0.275779  3.386099       8.518711    828.705139   75.431114   6.721831  2.606602  238.659653
228   2.375760  32.427277  41.475361  0.217795  2.290976       7.102499   1009.752808   54.195271   5.789734  1.518463  177.810135
229  -1.320930  28.336462  44.438114  0.283629  2.749436       7.941055    783.093201  101.704895   8.104866  2.264652   92.606499
230  15.225678  43.184479  29.084444  0.156649  4.620038       7.815553   1291.532837  181.988220   7.817592  2.665796  153.514755
231  12.973454  32.058357  42.836292  0.299612  2.499781       5.271880   1641.119873  164.135971   7.576540  3.171041  286.954224
232  18.471985   5.753035  24.793362  0.289036  4.002316       6.180426   1959.700195  103.016312   8.541574  3.033107  178.128677
233   3.210468  48.031841  48.853245  0.234826  3.325130       9.173703   1203.860229  213.018539   8.369469  2.970560  160.428223
234   6.410386  32.940914  49.569481  0.242222  1.768050       8.873709    975.069031   24.355755   5.045980  3.240376  160.105728
235   8.862185  32.288635  42.016846  0.226674  2.636868       9.296428    912.112610  104.976486   7.419266  2.893955  209.834717
236  17.131660  34.072990  38.594643  0.265729  3.200475       6.197428   1184.242920   81.081947   6.062647  2.900954  304.103912
237  16.614113  39.723423  45.877434  0.271057  4.315682       6.587099   1593.591431   12.733874   6.718113  1.402002  130.357025
238  14.263412  33.883850  32.054440  0.267847  3.866115       6.998489    874.360168   63.229130   6.264567  0.692436  212.042236
239  14.971980  34.063179  47.045940  0.210625  4.339813       8.102040    963.121094  106.984550   6.256714  1.618312   95.917900
240  14.500586  19.892572  31.296242  0.275431  3.899738       7.847332    890.521484   56.030128   5.824372  2.406318  175.906128
241  15.768768  31.936354  34.858387  0.294766  1.684849       5.251433   1621.268433   40.263664   7.974924  3.120035  572.384644
242  13.368499  45.770256  35.495861  0.213201  3.062370      10.056319    891.231140   69.421738   5.019928  2.786239  188.064880
243  11.827966  20.376554  20.246647  0.288319  2.690300       7.952503    741.863770  126.156471   7.206261  2.946421  213.204941
244  15.302277  36.644001  43.530014  0.296890  3.736566       7.792500    984.294128   95.686752   7.876469  2.331998  410.951050
245   1.630601  37.074905  42.339069  0.169304  4.024431       7.538947   1139.844849  168.363602   7.285182  2.773907  183.056305
246  18.624481  38.377625  32.708897  0.214788  2.801410       9.205729   1161.185059  104.058182   6.501555  3.655528  197.240021
247  17.026327  27.410103  27.649469  0.248721  2.970977       6.344353    901.018066   92.102730   9.786489  1.242946  374.548553
248  15.238813  34.611946  47.648075  0.187640  2.979683       6.728799   1797.016357   95.186699   5.860284  2.303115   97.134346
249  13.176644  40.299053  34.049721  0.245522  3.823121       5.888382   1590.770264  117.731621   8.278426  3.080669  308.225067
250   6.662088  44.205540  47.343388  0.254057  4.928917       7.212885   1102.926392  219.920685   5.357168  3.654387  377.805878
251  13.822685  36.122311  38.886330  0.239422  2.915854       5.650549   1787.619873   16.732618   5.694922  2.197532  351.525574
252   0.426318  49.802864  40.451889  0.176276  4.999657       7.762419   1448.751221  164.610962   5.719036  3.222239   77.402855
253  11.328551  43.219238  28.746326  0.234652  4.946700       6.761164   1113.987061   57.899567   6.648960  2.557727  311.893829
254  15.151831  44.346596  41.126747  0.206728  4.265883       6.353789   1787.523438  184.106369   7.368043  1.445045   79.675079
255  11.030866  34.783436  42.321941  0.172520  3.031479       6.725982   1322.704834  130.106491  10.145061  1.745226   93.231590
256  12.657758  39.983109  37.116138  0.167207  2.655162       6.774231   1398.147461   34.049976   6.724563  2.786333  176.930374
257   0.732072  36.090160  41.974480  0.192738  4.995193       6.960275    955.185974  138.598526   8.349098  3.658821  186.386566
258  13.018939  33.145157  34.171875  0.215704  3.043090       6.647622   1139.822144   71.056694   8.352158  1.610111  186.872559
259  15.981922  31.219631  47.664326  0.282223  3.520718       8.349541   1000.450439   48.954773   6.656234  2.800044  349.942108
260  17.881527   3.622115  16.751301  0.230703  3.556375       5.359584   1225.924927  118.459267   8.737251  2.573560  351.314911
261   9.182892  21.938770  32.708977  0.176467  4.264975       6.320374    791.047241  136.178253   6.678376  2.820579  322.007782
262   8.455601  41.605183  45.546993  0.167020  4.657194      10.421618   1054.646118  102.658791   8.878091  3.661448  214.788681
263  15.564376  25.069653  28.482040  0.209645  1.624380       6.618150   1574.856567   69.338516   6.910307  3.337591  167.939468
264   2.013830  35.531750  47.413033  0.222505  3.139465       6.572937   1057.941895  149.555099   7.340477  3.708062  319.384796
265  18.681570  39.728119  43.255798  0.209856  4.234766       5.714697   1839.942993  164.675797   7.424353  2.833245  317.169617
266  17.753626  29.801218  28.827133  0.297899  2.912349       5.751016    928.403870  133.709869   8.852676  0.678030  168.017136
267   2.335043  42.530888  40.340725  0.275435  2.875381       8.435409    714.001099   91.891396   5.373606  3.020680  405.615692
268  18.217903  38.924408  34.117691  0.186431  3.538229       8.378457   1442.379883   42.035255   6.167805  2.588612  124.189171
269  17.461008  48.405338  36.705315  0.256072  2.483657       7.270490   1431.576904  140.041397   9.214763  1.497151  181.666718
270   7.581485  44.501995  39.479027  0.235753  3.558774       7.187153   1599.312500  214.982407   8.379213  3.001060  196.717789
271  15.196860  37.185429  32.339184  0.280364  2.873741       7.598669   1271.752808   80.481735   8.321679  2.618580  251.145615
272  11.550659  39.206455  45.638805  0.199301  4.680859       6.283543   1780.837158  149.570312   9.259542  3.919229  260.160248
273  18.356260  24.057131  42.431328  0.288863  2.489897       5.223237   1792.441895   80.681435   9.536036  1.791254  229.141037
274  19.422192  24.714741  28.541531  0.221002  2.401776       7.032357    956.260132   99.023216   8.880531  3.254386  389.928345
275  17.458359  35.459900  34.030964  0.203637  3.596726       7.852713   1955.581299   78.899147   8.056504  3.096896  175.319763
276  14.918150  -2.279752  23.637438  0.168248  4.388749       6.869682   1780.952393  191.004898   7.009168  3.640779   74.223778
277  13.053522  20.932440  33.269123  0.201572  2.122582       8.752741   1390.964600  100.735840  10.306721  3.620637  122.185776
278  -0.994582  22.764429  48.223957  0.239422  2.590443       7.576337    773.002319   32.919586   5.413584  3.848800  505.058228
279  10.238920  41.835789  37.030556  0.254263  3.011332       7.751528   1236.669678   73.560966   5.049287  2.708412  259.300476
280  19.931377  34.488297  44.775551  0.240690  3.347370       9.434155    952.656189   53.494053   5.349087  2.902828  371.136475
281  18.358603  35.704391  28.661663  0.263611  4.436266       6.567912   1506.897461  197.820038   6.395164  1.795808   74.468407
282   4.236285  49.471336  47.843761  0.239607  1.856135       6.187715   1972.108521   82.218361   7.198184  2.982962  331.485748
283  15.423040  31.866335  45.698708  0.282630  1.706977      10.547511    709.952759   63.672516   6.627871  3.730043  400.371643
284   5.333909   7.438618  26.044601  0.166327  4.685647       5.911418   1479.271973   71.025085   7.790588  3.241439  104.090797
285   2.332730  49.367233  38.453331  0.295846  3.942061       5.753248    923.778687  196.774521   6.208279  2.831805  305.812042
286  18.253578  32.646839  29.016392  0.231771  3.200532      10.079989    798.180115  203.529282   8.650861  3.738599  194.370102
287  12.696071  36.114113  38.923939  0.233833  3.561168       8.793664    783.125122  127.163940   6.522713  2.577525  226.173203
288   7.749219  44.208408  43.208591  0.227079  2.700494       7.079203   1559.411621  105.464798   5.811185  3.628653  229.389023
289   6.361751  32.726204  24.852438  0.248719  2.872815       8.794315    971.716125   60.409721   8.815701  3.870491  114.055649
290  14.591491  34.384377  35.157394  0.290621  1.557614       6.421556   1178.434937   25.410654   5.199408  2.396699  311.376434
291   8.045221  46.439621  38.367882  0.252427  4.203158       6.441451    940.659912   57.149261   5.848634  2.278451  405.935455
292  19.904572  25.724081  42.791416  0.240826  4.987599       8.736135   1099.154419   36.635563   6.439744  1.600346  112.895218
293  15.259280   7.365814  44.280281  0.209955  3.936053       8.799973    940.052490    3.515872   7.902300  2.793015   65.677452
294  15.288835  18.728796  37.929272  0.194393  3.733050       6.195819   1347.787231   59.505074   8.446310  2.168338  136.945648
295  19.229315  18.682755  39.073673  0.202845  3.403283       5.028450   1606.741211  112.634453   8.308192  3.088894  253.388702
296  13.090461  30.496597  38.995743  0.265412  2.558906       6.221519   1046.246704   84.217484   6.163628  1.534703  385.147339
297  18.413853  37.309441  29.036539  0.216297  3.775485       8.200191    811.924805  120.826660   7.515655  0.787530  104.597038
298  16.606325  37.118847  34.383640  0.263886  3.851489       6.142113    942.618042   95.944977   5.897873  1.818862  355.843506
299   8.052717  32.869843  38.878780  0.297261  2.807441       6.805346    998.470581   79.830505   7.910512  3.618771  299.948669
300   6.416857  39.596252  41.762135  0.257096  3.565450       5.581904   1183.821411  148.264282   7.941461  2.564548  272.294495
301  15.966956  38.317295  47.496002  0.271950  3.167984       5.018335    855.113892  155.696762   5.937153  0.256894  306.658905
302  -3.442046  40.282497  44.494186  0.197650  4.847847       8.078661    845.363037  111.158104   5.517469  2.845587  149.664810
303  13.794250  38.917027  49.352219  0.159283  3.683502      12.257860    701.922424   45.462463   7.084901  3.536173  234.968582
304  19.699097  44.827171  46.862152  0.180869  3.343047       6.763241   1487.272949   99.848068   6.534684  3.020607  424.442871
305   8.555441  33.836990  45.956417  0.221268  3.475296       7.351708   1156.843750  141.216736   7.453815  3.542573  257.369568
306  15.502707  37.615429  46.971458  0.254338  2.101595       8.130013   1157.317505   39.597778   5.919173  2.017413  143.117813
307  17.607313  35.413303  25.346523  0.294583  4.987814       6.949955   1280.815918  114.390236   5.175658  3.958267  256.921082
308  15.242831  31.246496  21.719131  0.233048  3.248939       7.303041    755.656006  143.538177   6.280874  2.774004  394.379822
309  19.153503  36.414806  39.489902  0.251701  1.914959       9.574278    900.899902   42.528503   6.005442  2.442247  423.230469
310  14.710158  38.496262  35.157600  0.193464  4.222897       7.274687    927.238342  115.493027   6.012395  1.580079  179.965805
311  13.557839  26.664646  26.646204  0.248206  3.989413       7.539878    885.498413  116.449829   7.085282  2.242826  216.786560
312   5.386631  45.065502  44.015911  0.272803  2.973465       7.100495   1177.369751  155.151291   8.061455  0.898814   88.853714
313   5.329833  45.686234  35.791557  0.157411  3.704840       9.991962   1001.165771   21.053444   5.797421  3.505680   83.830742
314 -11.834281  45.869343  48.214085  0.218935  4.455542       5.417433    703.010620  237.690079   7.674798  2.250152  298.489044
315  16.119539  38.739609  30.698143  0.243849  4.634151       5.469127   1442.438721  219.632950   7.998956  2.491964  214.528946
316  14.545716  38.212803  37.828262  0.295422  3.200997       7.422203   1404.812500  140.927139   8.217418  2.334322  330.356232
317  16.720713  24.759264  33.367912  0.299250  4.630499       5.452359   1530.879517  155.061798  11.577847  3.805240  486.122101
318  18.581213  19.741638  37.993084  0.230303  4.593472       6.535285   1621.725586  156.623215   8.215321  2.240553   85.983414
319  12.944175  33.459198  33.680538  0.204494  2.468112       7.544944   1306.402222   45.169567   5.817647  2.148956  133.703659
320  10.361822  38.823963  20.919163  0.281899  3.376928       5.390458    786.728455  177.135071   6.857449  2.489642  399.486786
321  15.699115  32.674080  31.043846  0.217735  4.489602       8.043857   1094.366821  236.724823   7.859454  3.258341  155.803192
322  13.640405  44.227200  41.328835  0.171706  2.549705      12.257020   1097.307861  196.073807   8.556496  3.093332  166.717484
323  16.070324  42.480591  47.529934  0.243008  4.244313       6.729614   1414.825562  113.447411   7.496635  0.976881  238.206711
324  12.697589  45.461899  23.106371  0.228589  3.095031       5.418699   1519.201416  129.052780   6.951213  2.563062  262.995789
325  16.158314  43.985157  36.504036  0.293251  3.088017       8.496228   1142.157593  122.176460   7.413253  1.996686  286.943939
326  11.419489  47.343742  39.786560  0.237483  2.516438       5.491280   1586.821289  142.407532   6.566343  1.317042  197.644623
327   4.363247  46.651543  40.547047  0.237692  2.209095       6.941965   1639.059692  160.624420   8.491827  3.182557  240.005447
328  10.951865  41.989315  29.531450  0.242497  4.983951       9.330163    832.205139  187.384491   7.591646  2.649011  198.730713
329   2.907777  32.096844  46.923386  0.228524  4.551243       6.607326   1385.606323  113.243080   6.167604  3.013578  230.429550
330  12.459075  36.898762  38.194386  0.252845  2.525224       9.067728   1267.243530   44.308376   6.264126  3.673919  254.291245
331  18.747540  38.254578  47.053570  0.251539  3.337747      10.772960    931.532349   90.513115   6.549202  2.639734  249.827271
332  14.231307  37.815662  49.634048  0.201809  3.189007       9.147664    747.665283    3.725487   5.278263  1.905157  264.425415
333  12.945190  36.745380  33.118439  0.178714  4.127060       8.660463    950.242004  123.828323   5.137198  2.330148  204.077682
334   4.963064  37.853443  48.493309  0.195326  3.282352       7.575166   1331.193115   37.606522   5.172809  3.373771  188.971390
335   8.704510  43.477581  42.818207  0.256217  2.400939       9.526627    755.744751  135.275940   6.428401  3.040601  371.506134
336 -13.448466  31.814478  45.937344  0.226067  3.974261       6.898851    822.459412  136.845032   6.606953  3.627440  148.591660
337   6.340014  31.193165  44.187172  0.148122  3.571150       5.772015   1964.154907  210.724106  10.176176  2.984694  119.439911
338  10.926353  11.781152  40.498020  0.290273  2.881000       6.476779    879.172852   89.174751   7.047181  1.399415  191.625000
339   8.339478  36.846611  30.000042  0.238787  4.361341       5.351419   1598.501709   90.117462   8.772166  1.929089  154.256027
340  18.767025  35.178970  31.296745  0.148685  2.299497       7.453236   1682.489990   32.739529   6.072149  3.715934  199.505661
341  12.240836  39.596882  41.564922  0.282346  3.019952       8.013932   1650.737305  119.900635   6.370097  3.523260  288.064423
342  16.296705  34.469196  43.408073  0.256462  2.420576       7.309042   1791.906494   90.674683   5.147405  3.932338  273.650208
343   2.866594  36.029781  42.301918  0.217404  3.265814       6.912591    843.930298  153.612762  10.559806  2.179806  176.984833
344   9.603467  43.337242  47.431980  0.272271  3.661670       8.835383   1284.036621  147.958847   6.546350  3.550934  373.970886
345  16.053270  10.368408  41.498180  0.284708  2.321357       8.794028    797.444580   24.482227   9.673737  2.431151  294.022919
346  17.937462  25.232063  34.008312  0.262400  4.854186       7.036739    752.891235  184.868378   7.044140  3.537384  544.779663
347   3.367640  48.821762  44.951550  0.194684  3.152135      10.061038   1122.931641  125.033958   6.771025  3.513744  190.078995
348  11.992691  43.011837  33.884506  0.179923  3.063600       6.094999   1764.370728   88.149055   5.794825  2.274293   68.280617
349  11.041162  28.306561  44.941719  0.247689  2.451525       9.017616    815.146790   34.084679   7.534185  1.461225  219.059296
350   6.376743  42.353180  37.542645  0.226850  4.236193       8.379526   1257.224609  163.736450   6.676444  2.441399   88.346771
351   9.134370  28.473377  46.705097  0.155703  3.351443       8.272864   1394.592896  109.104401   5.998952  2.926995   66.676041
352   9.121071  42.906750  40.012859  0.225694  3.839002       7.879675   1665.819824   99.907318   5.914047  2.242974   78.621536
353  17.528894  32.348896  43.089325  0.264359  3.304333       7.445625   1685.144287   19.493601   6.264052  3.107441  241.393829
354  17.266565  24.925325  39.835190  0.255480  4.912627       7.878463   1224.940674   27.020187   6.138471  2.573060  118.905930
355  19.102234  15.379897  34.436546  0.282868  1.324822       7.280783   1462.531616   24.708107   7.101004  3.891309  250.814743
356  18.517643  43.782803  20.314939  0.230302  3.322797       5.242141    947.798828  230.392807   8.083341  2.202242  382.455566
357  13.659781  38.708591  40.326984  0.285346  3.691923      11.518237    756.919495  144.495850   6.029921  1.583760  115.821312
358  10.354000  31.192896  40.493309  0.273417  2.994745       8.810960    899.460693  138.721222   6.999271  2.529234  196.090424
359   9.551902  24.763432  34.468082  0.268378  4.883162       7.072050   1020.049622  157.827667   5.641177  1.001962   67.994621
360  17.009756  36.640614  42.164211  0.261246  2.285289       9.389581    839.319031   48.124264   7.951054  2.039490  271.325745
361  19.075663  26.382647  47.230869  0.245987  3.113969       8.286518    936.299683    4.947804   7.916285  1.851040  169.508575
362  13.322206  28.047289  34.550442  0.220184  2.539362       6.916445    743.810120  113.973862   9.584782  2.028217  270.252228
363  11.365200  26.448820  22.383295  0.233855  3.747465       6.406818    878.899658  107.803520   7.800508  1.725618  126.340889
364  19.539202  16.461754  40.707966  0.258490  4.632035       7.649061   1193.744873  208.051117   8.522772  2.065297   83.057167
365  15.943971   7.454392  33.089680  0.157591  4.555193       6.174370    922.933228  163.446457   7.629402  3.862523  317.099884
366   8.989232  32.319172  35.957600  0.294320  4.351273       5.483841    955.982544  156.916260   6.294047  0.941683  234.826401
367  16.620161  47.107658  32.614368  0.260410  2.246535      10.553658    846.015991  144.749268   7.742466  3.724322  449.606659
368  11.766855  35.299805  27.061371  0.236539  2.639336       5.905592   1551.722046   93.440247   6.111397  2.998815  331.045471
369  15.252833  41.590618  22.403601  0.250392  2.522018       9.456103    869.642639  187.675674   7.820662  2.952702  250.079437
370  16.845737  19.870438  41.867092  0.219364  4.796663       5.278930   1956.364746  195.263504   9.421869  2.597273  136.652618
371  19.241302   7.516244  33.198784  0.241045  2.502857       6.692525   1773.372803  162.758179   9.936458  2.940931  113.723122
372  15.982190  28.973057  31.309849  0.263670  4.475768       7.064841   1163.061401   83.399307   8.423412  2.985620  285.561920
373   6.405452  22.753286  29.672085  0.164393  4.268312       6.646013   1091.305908  191.779312   8.502260  1.896530   77.419968
374   8.771245  25.685946  34.306641  0.264125  4.620704       8.684365   1008.860107   97.040359   5.576485  2.450203  131.074554
375  16.697620  25.667728  48.159698  0.296068  1.453843       7.130179   1328.071655   49.928471   9.664426  2.900964  287.754852
376   3.590875  38.914570  45.519413  0.168664  3.332604       7.909237   1015.606445  191.453629  11.640358  2.489506  190.316071
377  18.510401  34.973866  45.630253  0.270420  1.754508      10.818131    856.264343   71.775948   6.512832  2.870714  340.687073
378  12.345860  38.949604  32.779076  0.242466  4.836965       6.294635   1472.668335  234.363770   5.751030  3.391249  430.611420
379  16.645164  27.827095  32.907471  0.251576  4.856411       8.659182    965.971985  132.261536   7.492138  2.111504  141.029251
380   4.948606  46.472179  27.703852  0.216587  3.478558       7.509178    769.954163  136.597122   6.042430  2.982857  293.052521
381  15.196193  43.179054  34.244247  0.290076  3.555784       5.210292   1113.023560  231.628555   7.616103  1.456497  284.827759
382   6.894524  37.779125  40.106613  0.201825  4.377339       6.978846   1095.821533  174.222595   8.239959  3.786740  310.528717
383   0.585486  30.752514  42.308414  0.275165  4.323283       8.702358    743.326233  157.115005   7.612331  3.336241  171.774231
384  19.413382  31.567379  38.706947  0.212127  3.752336       6.046577   1780.287964  131.874878   8.493637  3.609074  277.199524
385  16.011101  36.792686  19.737713  0.162210  3.770057       6.830870   1182.751709  248.928116   8.379838  2.277424  114.031227
386  11.865762  44.082069  34.862347  0.231206  4.353603       5.934095   1525.779297   38.442726   6.574949  1.693143  185.397614
387   8.520251  25.050507  47.254620  0.221314  4.257962       5.836166   1086.132690   45.319500   5.576291  2.042697  194.326569
388  -3.910571  48.687912  46.110901  0.267883  4.111420       7.196496    791.633667  116.890427   5.677601  3.085904  322.152924
389  17.634212  41.652962  20.492395  0.252939  4.030623       7.869123   1079.970337  144.779617   6.384385  3.900030  201.569763
390  14.996690  45.943199  45.792034  0.162145  4.052759      10.935398   1121.449585  165.349701   6.071009  3.923813  214.573349
391   7.954564  27.111822  36.432941  0.209097  4.341242       6.679166   1554.020752  168.121155  10.130998  2.968323   60.218349
392  17.043196  29.450102  48.937489  0.285066  3.871174       7.377506   1316.755371   37.396652   6.109130  2.727536  280.452454
393  18.057133  31.952219  32.939194  0.125235  4.653805       6.266812   1956.804199  188.538788   6.039328  2.747934   81.701508
394   7.743430  33.806202  46.042107  0.282921  4.811108       5.206083   1270.773926  106.921089   6.872157  1.926795  384.903412
395  15.396966  41.889442  40.203995  0.255955  3.535402      10.082503    978.370483  161.883224   9.334851  2.238990  322.411774
396  12.733700  45.507416  36.734680  0.177656  4.177546       7.808795   1278.283447  235.306885   8.340905  1.957732  170.072723
397  16.026985  22.596123  33.307220  0.220568  4.606245       5.942193   1142.282837  159.685120   8.160166  2.655066  239.593170
398  16.182604  47.225510  31.354898  0.260690  3.218650       8.335395   1089.643677   80.400757   6.906831  1.344360  156.381927
399  14.077666  29.714214  36.935600  0.291207  4.161875       5.516355    941.176331   73.246735   7.344784  3.226934  592.485840
400  16.468975   0.633645  38.636456  0.220786  2.254317       6.013416   1392.108398   69.919250   8.014796  3.637628  278.984131
401   2.534244  48.738052  37.099289  0.291766  3.097282       8.408333   1050.625366  165.774948   7.791615  3.150406  240.894791
402  19.367311  34.168552  30.733889  0.235012  2.526432       9.985452   1330.786743  140.159821   8.078560  3.864759  151.167007
403  17.745203  39.309746  32.575039  0.206165  3.300701      11.394751    869.827332   83.324646   6.209475  2.141025   77.262711
404  17.856636  19.928261  30.250862  0.237395  3.929812       7.730192   1207.428833  187.280502   8.599221  2.422294  237.960556
405  18.221666  31.473875  20.145712  0.234759  3.718388       6.807042   1546.421997  125.877556   5.391026  3.864307  323.617432
406  15.890529  36.748234  37.982468  0.205018  3.752726       7.600269   1202.414062  224.915161   6.127223  3.126204  344.782501
407  17.876427 -23.163279   7.536718  0.238847  4.528184       6.396403   1164.912842  157.671463   5.152379  2.259704   73.157516
408  15.169258  30.449930  27.274574  0.193137  2.403639       5.870786   1902.352295   55.184864   7.281837  3.330849  291.482635
409  18.580862  38.208942  40.516148  0.206173  3.642177       8.083755    931.765503   86.108284   6.167931  0.925641  146.002472
410   0.149119  45.311901  46.585735  0.289529  2.618946       6.595980   1131.073120   89.597931   6.944930  1.543613  107.248665
411   8.078711  39.208958  45.012306  0.228299  4.306021       5.669490   1356.367188  166.971664   5.721878  1.184733   62.057735
412  10.789907  16.193428  23.022526  0.141402  3.520029       7.122247   1196.088257  124.922668   6.723547  3.919959  174.117691
413  18.251762  15.474826  12.887134  0.274102  3.640189       7.779468   1179.105225  140.489899   6.902147  3.957025  298.695557
414  -6.406991  47.198780  46.813046  0.277919  2.038692       5.151408    767.666504   53.448124   5.121238  3.533131  527.603577
415  13.250658  25.344776  36.031998  0.248971  3.399745       5.168423   1113.110229   89.651154   7.783096  3.390667  349.837830
416   7.406256  45.164345  46.150356  0.247244  3.176167       8.205262   1353.332153  194.369186   5.689068  3.153588  210.093277
417  13.085171  32.679028  34.064781  0.219103  3.008844       6.802005    964.468811   84.600914   8.544664  1.666450  173.091202
418  12.923832  39.060692  38.643528  0.230364  1.536428       6.888988   1642.814941  107.865028   9.213987  3.718373  314.729858
419  16.614555  40.498486  40.894371  0.159306  3.769083       6.888763   1297.385010   46.754765   6.334611  1.985384  210.333603
420  15.668164  26.037888  39.792198  0.264978  3.463294       6.538719   1711.478394    9.593003   6.068349  3.330930  356.663208
421  18.768364  34.173504  47.257679  0.270529  2.302455       8.033465   1389.939819   91.559944   9.179714  2.502247  342.337341
422   9.085322  28.547228  49.818462  0.191021  3.991313       7.016473   1335.643311   35.767944   9.533925  2.308449  127.395279
423  -5.169427  35.528091  48.674313  0.244573  4.994874       5.804738   1100.326538  117.074036   6.609509  2.737358  289.621582
424  18.985350  26.626240  30.565342  0.217331  4.703579       7.669098   1669.721191  168.436783   7.315561  3.506424  166.017960
425  10.525958  38.107632  39.530041  0.260609  3.351596       5.644708    963.882996  102.137703   7.260434  2.452035  356.313599
426  -0.572268  29.026392  32.996754  0.287527  4.834831       5.691716    742.832581  222.850922   7.495027  3.923303  365.848785
427  18.995266  29.357336  40.922329  0.285849  4.286238       8.313003   1080.693970   64.039597   8.656393  1.974783  251.227615
428  18.130459  44.552017   8.282866  0.271486  3.658790       6.044658    846.925964   85.101006   6.692172  1.413119  210.611359
429  11.344962  40.490303  41.605080  0.270799  2.452211       7.231226   1158.228760   73.764221   6.344580  3.315430  476.515930
430   6.356150  19.774740  46.840046  0.238655  4.471111       7.405706   1544.799438   97.473557   6.086124  3.903748  140.657059
431  17.899567  47.900398  37.318195  0.215171  3.313254       6.659145   1413.382935  129.428650   5.726939  1.203684  146.835663
432   7.141531  24.225372  48.407310  0.193974  4.184208       6.298490   1053.873047  107.896935   8.264674  1.984184  187.633926
433   7.916705  28.828733  39.790257  0.229753  3.047257       5.921776    858.420715   53.590500   7.212422  2.254081  285.189758
434   2.279700  43.824406  40.386772  0.257048  2.144786       8.496881    982.440796  112.224167   6.972058  2.130489  143.237045
435   6.190729  13.014257  25.774235  0.171558  4.285221       6.011415   1399.746216  209.015945   7.683511  3.779324  254.488693
436   1.681640  39.734959  39.194176  0.287898  3.505019       5.680459   1429.423950  192.196960   7.567404  3.214035  224.065521
437  12.570276  37.502186  35.049603  0.228180  4.375422       7.524030    748.437012  161.297424   8.786966  0.979172  145.051590
438  15.444123  37.371937  37.245434  0.212980  4.776959       8.176343   1206.517578  239.329498   8.776041  3.469280  312.626221
439   8.823269  39.848427  31.113087  0.203311  4.983096       7.223207    787.684875  174.188049   6.457515  3.542303  273.891968
440  11.772288  42.586983  39.393215  0.231873  3.922577       5.420973    877.196411  113.117714   6.751383  2.331607  487.952209
441   6.212502  47.459534  28.216759  0.203216  4.547126       6.450342    946.411377  128.445816   6.514411  2.640728  204.954727
442  15.340615  40.425201  38.970448  0.292198  2.904318       7.196031   1035.129883  167.165283   6.700237  1.029999  121.749207
443   7.886621  37.275024  47.192039  0.190790  4.783890       5.763237   1140.655396   18.526966   5.017388  2.411085  309.629883
444  17.145639  24.314939  29.029285  0.269310  1.794382       6.286229   1741.130127   19.581003   8.716511  2.275315   62.220623
445  13.836811  49.100128  45.891434  0.262094  1.705415      13.843099    736.147461  105.746902   5.946067  1.921483  213.801483
446  19.816889  31.338106  39.813717  0.215566  4.464504       5.666017   1912.368164   99.559540   8.475175  3.512737  262.471039
447  14.837937  32.772778  33.410992  0.203458  4.040649       7.721424   1511.053467  155.962051   9.026196  3.288558  191.299561
448  18.950216  29.655346  30.761370  0.231695  4.291542       5.981294   1506.522095  200.198181   9.041566  2.085838  308.027130
449  11.427054  25.433968  47.779091  0.136245  3.428597       6.973410   1399.377563  171.259415   7.900970  2.907964   97.600037
450  18.701059  31.118795  39.266167  0.228737  2.766166      11.108971    788.863831   88.072556   7.697772  1.716512   69.875694
451   4.547149  42.301868  42.065956  0.275115  3.949333       6.143969   1903.457764  165.032303   6.784125  3.553282  181.965866
452  17.693941  30.549530  38.142857  0.211068  2.828772       7.107639   1175.738281   46.642914   8.546940  1.487548   75.082680
453  12.715172  42.192566  37.258305  0.219260  3.820429       8.923843   1656.331299   35.419540   6.610901  3.909377  227.879517
454   6.487385  28.845400  35.189808  0.284600  4.228676       5.959903    943.833069  134.323792   6.426754  2.706441  244.831360
455   9.855095  34.045589  46.049061  0.181033  4.023814       9.592475   1026.808716   46.493053   6.673813  1.941163   88.389420
456  16.915098  12.578007  29.529610  0.288788  3.346266       5.882971   1403.442627    3.903427   7.135571  2.787361  257.045898
457  11.529857  21.633949  35.141544  0.275019  4.829144       6.169638    992.329041  171.512115   9.228262  2.225826  249.531982
458  14.716840  25.465076  42.926815  0.281320  3.438306       8.814596   1060.411133    8.799034   5.217366  2.935834  184.689713
459  11.454594  44.433353  38.541618  0.276159  3.597813      10.746840    716.377075  144.326355   8.311868  2.234691  286.652435
460  11.660879  45.462967  40.209522  0.223836  2.788624       7.037177    944.363220   54.635059   5.974885  3.365322  445.927704
461   4.847737  44.097832  42.586346  0.227536  3.929806       8.239111    928.701904  227.825729   6.044199  2.489492  195.956833
462  17.795181  35.499493  34.891281  0.287709  2.972034       6.731054   1431.078491  174.983383   7.055815  3.147563  338.385956
463  18.111101  33.712646  44.028107  0.284955  2.721395       9.381726    940.332153  160.249588   8.090546  3.763957  427.557404
464   5.275316  21.931847  38.163418  0.298250  2.130969       6.717885   1386.443848   32.722721   6.521861  3.258180  227.175690
465  17.701931  39.561588  44.039433  0.294452  3.559000       7.596711   1414.742310  180.407913   7.571894  2.495451  304.032349
466   3.453430  41.144764  43.048306  0.259752  3.789889       8.156258    819.224609  227.385193   8.141009  1.699058   52.927498
467  14.582606  38.155529  22.264357  0.283738  2.981228       5.653959    905.192505   63.310287   5.535049  1.513529  351.095612
468   6.125659  36.951630  42.632076  0.209865  3.177555       7.162722   1052.286987  151.420853   8.199862  2.184578  143.096512
469   5.827900  32.345158  40.494995  0.205382  4.243233       7.363871    913.229614  128.645554   8.436489  2.760034  274.107208
470   9.672851  35.792305  49.322514  0.169421  4.335909       9.173093   1326.850586  215.356094   9.551543  3.982113  154.316711
471  15.535747  41.911694  26.354258  0.279664  3.014351       7.732140   1997.062256  210.546051   6.686351  2.744182  105.196442
472  13.740701   9.819542  38.993168  0.238702  2.710850       7.093492    723.643433   58.923939   6.514273  2.729293  540.550537
473  18.838800  40.757156  35.325451  0.266436  3.530999       8.808655   1784.764771   69.688080   7.172967  3.607854  154.087036
474  10.075017  41.547230  44.771549  0.271929  4.765429       8.161877   1150.543701  248.880539   8.405040  3.538086  339.842621
475  16.788944   7.200995  40.507401  0.276771  2.826665       7.695676   1024.760010   33.951359   5.263181  2.498258  129.808472
476  15.645089  32.922256  45.084564  0.192526  4.723853       7.570082    935.025024  129.742935   8.512910  2.474682  324.743408
477  12.002541  29.834650  40.685143  0.246307  2.796155       8.066691    904.213318  149.694092   9.607543  3.528087  430.216522
478  16.631170  42.650158  40.689098  0.194709  3.098749       6.599597   1855.798828   65.247604   7.873650  2.346549  233.557602
479   6.713796  25.727585  48.130856  0.279265  3.060283       6.282845   1541.347534   14.587543   6.100779  3.589237  296.595123
480  11.139874  14.246654  32.204662  0.259535  4.575711       6.365369   1055.413574  123.308632   9.109721  0.962170  135.682907
481   5.772264  41.149742  40.274334  0.235691  3.556644       7.910020    769.682617  199.938171   9.411580  3.663805  301.718964
482  16.533087  49.577457  33.129559  0.290360  2.599686       7.293991   1008.707947  201.872696  10.364515  2.209102  497.849976
483   8.680711  39.328205  48.039810  0.268907  3.348230       7.484145   1978.330078  184.704468   8.306641  3.294747  140.358170
484  17.908880  36.851852  46.009529  0.265632  1.880840       6.410178   1557.705566  103.286247   5.527911  1.367850  318.987122
485   6.945099  45.333786  47.302155  0.219523  2.931001       8.619781   1406.119141  124.974228   9.381545  3.476353  333.985138
486   6.134387  45.084023  37.932949  0.235726  3.919487       9.295501   1056.347534   96.970413   5.439911  3.479139  146.561066
487  15.222957  49.327671  31.011209  0.243952  3.449220       7.870235   1254.413452  203.223038   6.604638  2.461221  248.061554
488  10.165817  32.038967  41.415928  0.193768  4.018897       6.783835    803.032532  106.779533   8.579390  0.943766  172.804352
489  16.934231  15.542935  32.982132  0.225207  1.902009       7.464410    766.125305   89.847290  10.065288  3.141392  312.042999
490  12.398561  17.054279  45.374504  0.248668  3.548449       6.672780   1539.373779   45.712662   7.684433  3.411628  140.109299
491  15.827086  31.961678  31.129265  0.250909  3.401322       6.757085   1067.667114   73.118919   7.577818  2.773666  458.843628
492   9.016202  27.616997  40.446232  0.296588  1.650589       9.984968   1086.314941   26.264482   7.234721  3.674765  154.519257
493   3.359155  42.172516  47.719116  0.185181  4.643218       8.276768   1351.963745  177.021469   5.256107  3.790263  184.758270
494  11.498992  47.770752  29.283792  0.254109  4.492304       5.199914   1687.935913  223.770096   6.348358  2.800654  202.532715
495   9.505099 -12.855350  28.952133  0.186940  3.169975       6.090523   1109.869385  178.519241   8.310762  2.653947  139.088577
496   7.364488  32.258591  40.717773  0.197792  3.616843       8.454309   1026.372192  163.500946   7.397325  3.966566  152.731583
497  16.301392  30.022354  26.998680  0.242762  3.521645       8.431049    770.261475  173.668747   7.159603  2.494991  126.747940
498  15.957582  42.144054  47.460308  0.220153  4.627028       8.962580   1110.109253   45.025913   5.811690  3.256017  463.420349
499  16.052280  20.698948  41.616173  0.191982  4.843609       9.506853    839.607300  111.667297   8.801754  1.438995   95.310814
500   1.199969  26.667912  34.473713  0.282996  2.470462       5.065949    996.691284   11.803216   6.331561  3.659742  506.930969
501  15.457671  49.139393  28.479902  0.175905  4.118099      10.486610   1111.302490  206.734436   6.005658  2.304598   97.792801
502  19.268215  43.392490  37.560970  0.238776  2.022859       8.696729   1686.043213  160.711105   8.297978  3.671648  306.287415
503  12.312798  45.219112  48.000423  0.291612  2.278023       8.382409   1865.482178  205.268921   9.194522  3.218434  253.101517
504  10.559055  48.110874  31.880096  0.256550  4.668273       8.501304    788.481018  211.095551   5.791592  2.125541  193.933319
505   5.446992  46.427219  49.538631  0.238189  3.883078       8.903746   1386.856079  179.927231   5.403033  3.545676  269.782593
506   1.054990  44.072895  44.757759  0.180253  4.286258       8.286732   1516.714355  237.339600   7.030365  3.833667  114.698730
507  -1.550147  36.708115  43.976166  0.265894  3.235435       6.040916   1189.513184    5.632386   5.791357  2.499642  306.998749
508  14.982948  21.525549  28.919954  0.245768  4.017751       6.059146    775.095276  100.291283   9.327987  2.042999  524.771667
509  16.813236  19.813395  36.828938  0.155852  4.684648       8.499272    960.071655  197.199142   7.122143  2.749217  145.548172
510   2.114305  30.157808  47.100197  0.148273  4.024397       7.166868   1922.163330   77.253258   7.980943  2.982034   65.882187
511   8.468303  43.445301  43.701321  0.223403  2.769929       7.421728   1567.416992  158.790619   8.275913  3.801769  268.536407