           lon        lat        inc      D1AU     delta  launch radius  launch speed    t factor       B1AU     gamma         vsw
0    16.091003   9.749106  38.667645  0.180687  3.885901       6.659699   1190.977295   78.118088   8.001960  3.074586  147.098282
1     7.276406  37.521896  39.347561  0.288126  2.949054       6.485906   1094.769409   57.293907   6.373121  2.097132  250.248978
2    19.423779  36.997234  36.601646  0.237341  2.296807       6.018159   1793.210083  134.153625   7.953786  3.935078  358.929230
3     2.366367  33.309532  36.407482  0.226195  4.847537       6.012735   1151.389404  195.848602   8.364539  3.735817  289.650970
4     8.228902  31.906736  40.806164  0.244671  4.587358       6.854896    768.753357  103.587914   7.086643  3.555591  494.679901
5     3.070585  34.586517  38.839382  0.253701  3.511747       7.091442    838.501587  110.948540   6.564232  3.533404  312.272369
6    16.541840  39.652760  24.075842  0.228333  4.374556       5.666385   1382.817505  214.703903   7.959132  2.960103  346.137085
7    10.677281  35.498562  38.307964  0.230877  4.044740      10.134726    866.397217  104.751373   8.229885  2.872163  188.282837
8    16.696505  38.786198  42.954670  0.270610  2.695464       9.166143   1458.889526  145.928162   8.833517  3.562512  354.255280
9    10.548019  42.262421  37.714439  0.277565  4.379599       8.556016    769.516357  159.852921   6.556165  3.074700  399.255615
10   13.377181  15.670021  35.335678  0.227183  1.174661       6.111679   1947.091797   42.162815   7.432380  3.534126  248.921631
11    7.186491  42.186707  49.362511  0.238402  3.339270       5.426288   1764.758545   20.683592   5.427856  2.622633  287.845459
12    4.550792  38.357994  23.738232  0.189616  4.832027       5.340676   1023.036194  150.620392   7.453621  2.252206  147.679825
13   15.647616  38.579811  47.800240  0.290625  4.352968       9.480047   1460.682129  208.855347   6.337194  3.701802  304.815216
14   17.708426  25.229309  32.706036  0.228208  3.366062       9.198869    777.106873  110.684433   8.953279  1.825315  290.351715
15    6.455349  30.447685  33.873711  0.179337  3.461944       6.602643   1645.658447   89.939949   7.237034  3.444791   51.956005
16   18.681303  24.199558  35.881973  0.292968  2.880121       8.126591   1674.170288   50.202755   9.799596  2.513874   99.273483
17   16.109219  42.876720  43.159286  0.250869  2.393569       5.897605    994.764221   14.642963   6.333611  2.924191  620.610107
18   11.305276  41.688225  31.130205  0.291291  4.698214       6.943969   1553.106079  143.570023   6.525525  3.821266  271.627869
19   11.543709  41.282597  35.985161  0.205253  4.185890       6.981710   1003.248962  189.454391   7.479298  3.332891  287.042999
20   19.439047  40.668747  33.223743  0.244218  3.447611       5.321604   1625.379272  129.941971   5.999020  1.838206  302.158691
21   18.700432  42.390648  38.342400  0.285920  2.195112      10.396241   1488.780640  133.343613   7.373790  3.007709  218.791641
22   17.340082  37.761845  36.791752  0.181331  3.105850       9.345652   1586.023193  153.288849   6.536092  3.302327  157.205902
23   17.648575  24.516485  43.709152  0.170298  4.913132       8.551912   1053.369141   33.416313   6.970191  2.588311  172.767258
24    5.010858  25.809509  30.868372  0.168241  2.664337       5.660928   1724.779053   52.330887   6.272539  3.973230  167.313248
25    4.076336  25.077314  38.035946  0.168204  3.693364       6.396569   1473.952026  133.066666   6.786325  3.397543  129.105957
26   12.230739  38.701160  46.216942  0.214650  4.367472       7.063842   1587.937988  104.992134   5.921052  3.190195  292.832764
27   16.571131  32.874184  39.141041  0.210296  2.982876       7.953104    914.601257  120.544220   9.846786  1.096945  216.606613
28    0.752098  23.271305  48.674530  0.177769  3.928597       7.147953    853.092041  180.522583   9.308603  1.626178  151.342819
29    7.733074  40.818382  35.754505  0.218830  4.025524       9.499907    732.701172  114.577080   5.944507  2.802046   97.678406
30  -11.742812  44.267132  44.535572  0.215142  4.412087       7.069633    877.973206  119.899490   6.747763  3.109525  106.837486
31   15.678873  39.824646  31.802303  0.258928  2.419348       7.694977   1289.164429  140.480225   7.239590  2.967064  268.160095
32   13.547150  34.704674  34.555588  0.283207  4.045929       6.163573   1071.472168  110.461372   8.683430  1.953199  292.568451
33   17.894463  22.764135  37.280239  0.273254  2.860409       6.741827    849.990173   56.197681   6.961841  3.757514  519.871521
34    8.082818  35.859989  48.810333  0.207874  4.007043       7.711426    905.992065   99.944992   8.610785  3.762500  384.679016
35   16.333990  16.388334  44.231590  0.214373  4.132131       8.916349    703.853210   81.894905   8.032436  2.734284  379.857910
36   14.984318  40.627304  21.360336  0.236119  3.037325       7.163913    804.737610  133.359756   5.102034  2.248236  340.582489
37   13.937710  11.423155  33.805481  0.239380  3.883572       8.907827    974.252625  116.869278   8.283409  3.648836  171.604462
38    9.579511  29.037155  40.048862  0.278464  3.443419       5.589971    969.980652    5.540783   7.298583  1.116768  369.730621
39   19.755356  45.466423  27.897867  0.230811  2.862471       9.905127    886.696899  113.287033   7.744174  2.939165  231.005997
40   17.083385  20.147995  23.581743  0.280250  3.990045       6.255116   1242.849243   65.149620   6.745272  2.990795  344.546692
41   10.315865  41.552288  32.430882  0.191492  3.607274       7.078145    761.606689  157.260132   7.147183  1.563762  275.302551
42   18.398586  18.711643  29.850855  0.229807  4.670673       5.124476   1562.032715  170.326126   6.886811  2.789418  249.766022
43   18.584179  28.694489  37.827957  0.234176  3.661229       6.170205   1194.466431  228.516006   7.681732  3.014095  307.409851
44    8.351416  49.584740  35.722012  0.159837  3.723821       8.340607   1001.727783  130.502289   8.231581  2.283970  114.967331
45   11.105016  43.692436  24.007832  0.269048  3.755957       7.746098   1296.371948  187.890991   7.186771  2.546156   77.575020
46   14.846342  36.659863  34.682438  0.283854  2.370989      10.911868    789.133911  128.155746  10.229755  3.235014  293.376862
47    3.452610  42.403656  37.582932  0.197888  4.848902       5.186286    939.519287  150.414642   7.281132  1.776265  291.537170
48   10.720750  41.523300  31.656513  0.268933  2.889612       7.201464    883.062439   86.686943   8.453388  1.511111  321.268921
49   15.765821  37.299549  31.325623  0.192207  3.851237       7.598026   1155.469604  122.883522   5.808168  1.757690  147.563812
50   10.654188  46.139736  27.734575  0.275875  2.791058       9.406576    718.183472  110.632683   7.185734  2.203718  212.889954
51   18.210667   4.481216  39.336655  0.274850  4.126640       5.797591   1320.449829   89.297432   6.924117  2.787821  334.160339
52   17.467709  35.902554  24.861242  0.164815  4.576366       6.364359   1212.680298  211.739807   7.597835  1.620000   93.223259
53   13.625141  44.356758  34.673470  0.262513  4.407730       7.217694    768.003357  177.785461   7.808735  3.563957  591.470581
54   17.747110  46.824165  48.105381  0.287418  1.514939      10.507652   1046.139893   56.173195   6.454267  1.030479  220.070282
55   18.165199  11.049577  20.303308  0.299380  2.507242       5.755413    873.045410  159.046097   8.668671  2.517092  330.688293
56    8.420997  32.736397  44.155605  0.249187  3.925274       6.298700   1121.705566  125.796883   8.933292  2.300500  293.006195
57   11.598943  36.804276  42.769173  0.198461  2.494211       6.619907   1514.603760   98.121346   7.228654  3.705646  355.058807
58    6.994398  24.558302  37.644253  0.198847  1.986024       5.298278   1500.620850   51.071461   7.538889  2.421351  265.828796
59   14.613910  15.490477  39.319748  0.193206  4.059647       8.065964   1081.266602   43.473869   6.271555  3.508789  289.241852
60   15.609387  32.596436  32.014553  0.198796  2.665985       5.880684   1777.700439  185.069260  11.594492  3.582019  269.275574
61    9.962975  34.185204  41.564667  0.206300  3.192713       8.436408   1549.849487   93.879837   8.807452  3.961792  183.164764
62   10.713536  42.288792  38.863056  0.281658  3.252382       7.180045   1563.462769   81.773598   7.612989  2.563119  187.446609
63   16.507008   3.117251  22.996298  0.243314  4.911994       5.376532   1201.248413   94.366196   8.352763  3.058334  502.755371
64   18.604492   7.973258  25.323277  0.230170  3.833941       7.310750    814.673584  120.931351   8.499647  2.413924  372.909454
65   15.774256  43.561878  24.628574  0.223772  3.224135       8.162969   1090.573486  143.329163   7.347274  1.390041   85.845306
66   19.735003  45.319511  31.626518  0.260540  4.322199       9.375117   1431.307251  182.594910   7.055864  3.193496  148.810440
67   11.841022  34.273827  38.697922  0.264451  2.161163       6.454403   1444.789185   81.567635   7.806141  2.420088  249.640259
68   11.498177  22.929384  47.530029  0.261458  1.772484       6.731766    874.777466  102.995750   8.375073  2.671939  394.524231
69    7.439577  33.251743  26.096884  0.271324  4.891010       5.896728   1197.022949  194.274033   7.857828  2.258843  120.577377
70   10.276529  37.221027  21.816566  0.286387  3.513720       7.872697    701.353149   70.822174   8.432373  3.431211  386.208130
71   13.526534  44.070396  35.735298  0.253675  3.822701       6.038005    988.208252  183.775192   8.755539  1.145876  293.238739
72   15.362112   6.241166  23.801189  0.283759  3.595593       7.436536    937.759644   53.459625   6.591044  3.128199  373.692810
73   14.053571  33.188793  42.383625  0.250512  3.648291       6.252373   1180.752563  156.298599   8.710363  2.739755  426.719940
74   13.742116  42.955555  41.241638  0.283251  2.972141       8.260011    871.576904  153.555893   8.250966  2.982679  453.494659
75    6.068307  25.178537  37.829296  0.181894  3.842490       5.766846   1235.621704   77.829018   5.683866  3.998113  332.181824
76    9.620431  24.014956  30.264473  0.296469  2.966614       6.858624    816.355774  108.508148   7.769445  2.452280  232.685562
77   11.686362  29.500519  48.929054  0.246793  3.056544       7.062701    948.716125   57.984089   7.320410  3.088121  464.839722
78   18.096302  40.832054  37.283104  0.287083  1.758127       7.908798    967.437805   65.050865   8.309041  3.008934  463.333008
79   17.839937  36.419743  43.495785  0.269454  1.889659       9.290843   1319.562256   32.407108   5.922342  3.060884  327.583313
80    9.201759  36.018341  35.818371  0.227523  3.922013       6.363377   1151.651733  179.999268  11.068336  1.981472  211.365005
81    1.025898  30.705589  43.412510  0.193226  4.009976       6.643328    847.498962  156.725113   8.994203  2.552787  159.071884
82    8.347118  39.347454  39.693707  0.192986  3.987054       8.048709   1556.226440  140.131790   6.319916  2.806172  106.316986
83   12.521541  47.360138  40.486603  0.235083  3.514928      11.846722   1946.733154  217.274139   8.626361  3.802130   74.024918
84   14.345338  33.078373  29.784811  0.278511  4.203304      10.420382    870.858276  161.344681   9.635055  2.356813   58.478275
85    8.711858  31.096844  42.946278  0.259028  3.812390       5.830193    811.086914   63.383465   7.355278  1.605785  422.377869
86    8.911922  43.596107  45.883667  0.253256  2.273188       5.038590   1882.617432  126.342140   8.966472  3.638588  489.230042
87   14.578135  36.857471  39.719795  0.272298  4.033096       6.597946   1186.836304  107.013649   8.465704  2.922912  331.770966
88   14.676776  39.126736  33.503567  0.223221  3.526221       7.732099   1081.940674  246.675491   7.883461  2.117146  231.441452
89    6.575974  35.071953  39.028267  0.283637  2.456311       8.938595    816.801392   64.631813   7.416273  3.778917  409.616455
90    0.573773  39.459087  44.426224  0.281027  3.502414       6.386469   1580.471558  197.044601  10.860046  3.937182  202.459915
91    3.655897  43.068184  45.354061  0.222869  3.154609       5.307842   1449.752808  149.519653   6.402159  1.744231  131.116348
92    7.241196  41.172436  40.502838  0.189328  4.178002       8.233990   1192.936157  128.710342   6.310054  2.420080  123.061691
93   10.370153  23.949350  37.142078  0.250642  4.730118       5.207860   1681.025879  129.962250   8.932453  2.235822  231.661209
94    5.506596  40.674408  45.224934  0.221218  4.919017       8.545199    799.942993  144.749527   5.342332  3.384588  202.129135
95    5.850540  29.476622  47.869106  0.292421  3.271420       9.624231    722.541016  178.734619   7.987817  1.344309   61.542461
96    8.376189  29.625799  42.617065  0.175018  4.646705       5.010887   1218.454834   87.021767   5.698378  2.583136  253.730438
97    4.600684  36.146198  42.717789  0.225968  3.256882       7.349956    850.315918   57.909473   7.760136  2.279735  271.171539
98   19.905443  30.557804  41.938671  0.184258  3.978729       6.955615   1253.619629    4.995641   7.454947  1.648973  101.238686
99   17.140656  16.868759  47.139778  0.126211  4.486499       9.385053    765.130005  188.617584   9.121096  2.177898   87.079216
100  16.824451  27.979200  28.950672  0.207423  4.708343       5.500000   1201.431763   35.897667   6.139618  1.824668  197.931610
101  17.111221  21.847044  38.758480  0.260768  3.767791       7.314506    853.537292   71.885406   7.792068  2.636466  364.316467
102  17.570145  38.658955  17.080484  0.250696  4.436702       7.551008    882.167114  121.771065   6.474381  2.162713  303.430145
103   8.756545  37.600597  44.109474  0.272921  3.924411       6.776412   1078.304321  199.970078   7.070042  2.231624  268.433655
104  16.795259  30.989100  36.876759  0.247347  2.146656       8.382567   1247.638184   24.148508   7.778439  3.230838  267.344482
105  14.932154  42.973152  41.412388  0.177586  4.512725       9.294931   1478.582764  204.398529   6.351457  2.012236  120.025215
106   3.750037  31.182373  39.859894  0.246346  2.221013       6.285272    844.319702   80.414085   7.626217  2.204177  414.002533
107  14.667769  37.210247  49.952606  0.272088  3.058516       6.759851   1344.497192   58.986355   6.832545  3.631843  396.670135
108  17.775358  15.249311  20.079462  0.210793  3.777792       7.790888   1555.439087  137.453705   7.239231  3.353349   74.313766
109  13.698602  23.506676  35.104160  0.252788  2.137902       5.503319   1533.463989    2.301852   6.369606  1.756703  138.157104
110  11.277108  42.465286  41.975246  0.295927  2.564453       6.561453   1558.391724   55.415264   7.129708  3.876919  453.173462
111   2.086223  46.754089  43.047085  0.219812  4.159191       8.754144    966.971680  243.604202   8.551754  3.296276  201.487610
112  15.894114  19.436356  38.418396  0.260019  3.134126       6.838672    783.689636  109.919167   8.576141  3.167215  454.814667
113   7.615042  34.824917  47.800171  0.218524  4.415841       9.592886    893.760376  102.192268   5.062354  3.937777  177.619705
114   4.132260  48.986946  39.390156  0.225320  3.460191       7.156940   1100.030762  149.768509   5.098311  2.980658  223.981857
115  18.549507  41.238747  49.524082  0.146177  2.342579       7.689144   1693.830078  197.510742   7.953908  1.884661   85.197350
116  17.583698  35.963295  29.125011  0.238045  3.792791       8.918565   1155.408203   79.929848   5.416656  2.612661  139.844101
117   9.770162  24.313734  31.000053  0.175487  4.439965       6.984181   1278.192627   42.669872   5.592298  2.991826   61.095360
118   8.477095  29.136013  41.468269  0.250871  3.485515       6.097355   1432.492188   61.614155   8.094804  3.015038  214.873215
119  17.532162  18.243994  40.500195  0.209215  3.864563       5.367553   1348.295654   94.160675   7.600500  3.752677  336.664886
120   6.136572  34.358017  36.752708  0.278549  3.889215       6.105652   1152.988770  212.235001  10.170165  1.443709  116.099388
121  14.161901  32.486710  36.219330  0.259535  3.908501       5.086773   1792.869751  217.347031   7.435020  2.349590  117.235886
122  15.973047  29.544901  47.895554  0.279216  3.732199       9.323853    810.469788   92.322197   8.916088  3.289596  349.141357
123   3.060465  41.221836  36.998875  0.263198  3.993438       8.106066    847.523743  207.360046   6.956715  3.143305  157.258667
124  12.076468  35.411846  44.227901  0.197615  1.681160      11.243248    776.475708   62.508160   6.794729  3.393245  150.020340
125  -2.107382  36.413818  43.678783  0.257189  3.012166       5.980627   1340.474731   86.260551   5.757046  2.670390  168.785828
126  -5.702115  40.123795  48.224972  0.236338  3.788417       7.913255   1368.463623  110.916801   8.004347  3.804369  155.236755
127  11.750732  29.645664  41.056477  0.256099  4.617995       7.791907   1281.385742   55.833965   6.410118  3.080729  208.471603
128  12.995275  26.337160  36.678070  0.243256  4.496264       5.662478   1183.815552  100.085243   7.587902  1.842425   75.462578
129  17.852291  30.888350  29.958189  0.250791  2.869747       6.345051   1409.499512  120.602226   6.308779  3.205672  205.177505
130   4.979536  45.147854  22.534386  0.227204  4.395713       8.419105    732.134338  157.829865   5.275318  3.277972   78.087997
131   6.828995  35.278332  42.651737  0.193300  4.879024       6.990444   1784.667969  242.269592   7.556774  2.864548  148.143295
132  -1.567421  44.039078  38.227261  0.239927  4.055696       5.460771    995.726624  155.299026   6.906430  3.122003  249.375061
133   8.988925  35.052376  35.028095  0.219327  3.986671       7.914565    990.332092  188.052521   6.952982  2.903326  201.945099
134   9.647766  28.745596  38.711983  0.249595  4.111153       7.545795    956.471802   84.096420   5.894729  1.766816  254.576630
135  10.613946  31.975994  44.845268  0.276476  2.819891       7.137002   1481.516357    8.192951   5.798984  3.303932  335.594238
136  13.693227  38.767593  22.346165  0.259084  4.959651       8.080779    700.378845   86.944588   5.254735  2.267398  316.662415
137  11.090570  38.898087  37.579693  0.234808  4.157766       5.374843   1325.724609  126.095551   7.960117  2.967852  335.871216
138  -2.616316  34.866398  46.536728  0.277969  4.052777       6.846095   1024.572144  197.306656   7.904714  2.972268  141.489853
139  17.080315  47.365116  25.542774  0.291945  3.291088       7.201708   1069.791138  142.494400   6.973952  3.628571  515.888245
140  10.282589  39.677967  37.816418  0.248371  2.953026       9.089490    882.457947  211.303131  11.026858  3.729165  254.140472
141  19.261700  38.479549  30.991276  0.197050  2.443471       9.620455   1359.098999   76.128487   7.584522  3.917459  216.572601
142  17.950230  38.748840  45.224289  0.164544  1.329738       8.322431   1640.801514  201.212143   9.902605  2.188478  134.018143
143  18.602079  39.045925  44.051079  0.241784  1.943101      10.502516   1351.577759  190.681595   9.267071  2.021233  122.722427
144  14.380510  22.425983  34.527031  0.221327  4.751845       6.777920   1336.706787  127.585083   8.080970  1.815573  105.684586
145  11.926096  24.368969  41.347652  0.205698  4.866848       6.981315   1329.079346  115.654099   8.484426  3.172571  108.869873
146  19.113302  38.232273  29.782753  0.263189  3.574550       5.520824   1402.630859  113.577881   6.759499  1.598772  263.776672
147   6.020693  30.957455  35.212418  0.243801  3.039736       5.474710   1746.596069   97.806870   7.782765  3.675457  246.152023
148  17.118109  41.345818  37.169758  0.229538  2.059816       9.789812    791.944214   98.619438   6.957010  1.034789  116.318207
149  14.872389  30.814644  35.773735  0.288054  1.606699       6.326859   1165.001465  100.115974   7.566464  2.645336  369.125336
150   5.846922  39.771015  28.499931  0.215030  3.635678       6.923662    725.884583   62.297234   7.479729  1.193258  216.366882
151  -1.013313  31.022676  44.557037  0.147039  4.478780       6.546521   1785.442139  234.346802   8.145986  3.864127   67.833908
152   3.128032  44.223942  49.901112  0.198570  2.974512       5.391376   1338.291260  102.032761   5.483366  3.200835  348.486145
153  16.473593  38.944027  30.015829  0.165173  4.083692       8.135874   1448.247803  176.193069   5.091696  3.360987  150.656494
154   2.919391  41.593472  38.556992  0.204104  3.136555       8.352695   1028.743774  127.927338   8.611121  3.409914  205.640991
155  17.821911  37.214592  40.569035  0.162601  2.288553      12.462919    755.063171  141.982681   9.215599  2.396326   59.039684
156  18.491665  32.403809  38.364723  0.126300  3.813136       7.854915   1574.235474  180.039124   6.923225  3.146759  102.498306
157  -0.221934  47.417542  48.980244  0.291797  3.697685       7.209992    943.536011  156.673889   6.904375  1.796476  364.454102
158   8.282358  41.799053  49.016308  0.211929  2.974417      10.047581    979.030762  127.625694   9.755796  2.384351  170.076324
159  15.413191  47.703079  28.297947  0.257414  4.316218       8.355075    980.164185  136.639862   6.793541  1.314811  125.563354
160  14.325681  20.912029  38.015442  0.270920  3.138131       6.633928   1667.733887   79.588745   8.516715  3.458103  226.562424
161   4.472041  34.025158  37.957638  0.271490  3.884136       6.820266   1186.807495  233.869385   9.291453  3.175442  266.886658
162   3.891884  45.564426  42.633335  0.215828  4.896834       8.913317    754.850220  136.591919   6.279028  2.853396  152.045715
163   1.362494  48.288933  39.737587  0.210916  3.430731       5.185719   1540.706299  176.375061   7.168252  1.944805  183.824783
164  17.605989  13.583180  37.612144  0.250850  4.390452       7.763874    903.366211  184.316452   7.064571  1.760918  286.479767
165  12.157263  37.020367  41.344944  0.169812  4.145118       8.463925   1076.512573  127.275253   7.814457  2.182942   73.647415
166   3.892920  36.850319  47.830524  0.180576  4.486521       8.143984   1633.483032   95.026169   8.494826  3.704295  116.928009
167  14.328996  46.747303  37.783192  0.223744  4.384661       7.040320   1361.824707  192.235977   8.507780  3.951050  430.453735
168  16.984207  32.281834  33.967274  0.238721  4.605129      10.209101    752.784729   77.610245   5.856732  1.833513  225.792557
169  12.066151  32.361000  46.158905  0.224609  4.627726       8.599860   1087.739990  110.438026   8.931100  2.192252  215.387024
170   1.982760  42.121780  35.511276  0.258305  4.845170       5.808103   1435.223022  225.270767   5.258039  3.073312  247.538589
171  17.288561  28.825682  38.450123  0.202570  4.166028       5.513844   1490.209595  105.140945   7.682049  2.986879  321.673004
172  14.844444  46.628033  40.064228  0.269946  3.108058       8.482344   1005.106018  136.953903   5.412579  0.645077  406.066376
173  15.626781  29.899958  21.070047  0.258554  4.037595       7.943231    781.956787  129.546692   6.447492  3.357736  245.067505
174   7.520547  44.197601  47.943161  0.241688  2.519502       7.521694   1827.641357  146.192307   7.439333  2.831337  249.618439
175  18.128317  36.819939  34.095814  0.218852  4.303961       8.266389    995.785767  206.273529   8.447853  2.577486  378.800995
176   8.406006  31.715103  41.808052  0.268009  2.591445       5.206673   1658.984619  106.762604   7.594212  2.131217  311.789948
177  11.203571  39.478577  46.039436  0.198372  2.211322       8.444447   1109.952881  105.738525   7.555771  2.611588  267.787567
178  16.877758  28.405005  39.425697  0.263007  4.668547       9.179811   1098.518921   99.774765   7.351544  1.841581  138.525620
179  16.043972  28.185368  32.736137  0.222063  3.673725       8.880810   1299.681641   52.598675   7.568213  3.149097  145.472656
180  -2.672603  43.934399  46.586967  0.204200  3.240858       6.288443   1177.445923  149.560806   8.113452  2.153305  172.505127
181   0.827228  43.286472  42.640427  0.260191  2.561318       6.312487   1606.546143   92.918816   8.238852  3.901962  286.984222
182  13.106637  28.929596  35.529427  0.236990  4.764133       5.690450   1456.245605  128.482559   7.033877  1.995909   95.053391
183  16.408901  35.754410  41.802696  0.195698  2.095294       5.689221   1760.131592   46.734257   8.516538  2.271384  214.034454
184  14.653328  29.170790  28.182350  0.296296  2.962590       6.184253   1238.247437  123.813950   7.908788  1.613979  285.837463
185  18.211416  25.476395  37.678181  0.248749  3.495537       5.868090   1594.197388  123.589455   8.473703  2.715555  262.288300
186  10.449669  37.746738  44.259621  0.175677  2.981989      12.493780    777.013062   77.116547   6.288589  3.441355   88.157318
187  19.287098  31.546955  31.668272  0.272352  4.434501       8.557488   1017.456970  116.105286   6.782142  3.889641  386.918823
188  12.518605  21.717621  40.513466  0.278528  4.060082       7.483992    927.366760   69.712669   7.916445  1.359940  276.136566
189  10.914401  47.043564  45.477901  0.220903  4.206357       6.379498   1900.234985  198.972260   8.391501  1.944613  161.344666
190   6.839657  33.337898  45.419834  0.271343  4.472020       7.248320    917.970703  120.062309   7.563255  1.368584  254.616974
191  17.147812  33.138096  46.014725  0.258792  4.322467       8.541509    912.966064  128.093521   7.303603  1.938291  292.419159
192   8.616589  33.658302  45.677528  0.183362  4.853128       5.624588   1225.364136  140.882141   7.226173  2.010015  139.492035
193  10.073695  37.741234  46.835896  0.292683  2.104693       5.988927   1833.979614   37.598526   7.449129  2.841344  375.141663
194   9.178185  49.942146  42.920387  0.241812  4.073966       7.387177   1508.710449  233.317261   8.147832  3.626294  349.909668
195  18.587999  22.655066  34.637268  0.209774  3.346998       6.231241   1427.609985  104.368950   7.680737  2.980807  303.598755
196  10.451117  15.305552  40.842655  0.173573  3.816835       6.725739   1531.825073   15.491476   5.384497  3.609803  162.195282
197 -10.728984  41.021835  47.238625  0.195359  3.926718       5.070198   1102.687500   85.299881   5.124776  3.529778  222.519104
198  19.294998  36.465012  41.034885  0.284877  1.469376       6.775291   1315.876709   19.451813   8.256884  1.209786  109.250557
199   6.330963  48.138714  42.496464  0.192236  3.894301       6.225194    903.245544  232.685501   7.819117  0.908880  155.466553
200  15.341102  42.210091  28.394527  0.259994  3.657854       8.101469   1952.980835  218.807114   8.210828  2.694833   57.595345
201   9.002131  33.448814  37.631798  0.174540  4.388079       8.969510    857.622498   94.479004   8.112606  3.845436  247.974030
202  19.212950  41.317886  39.762821  0.173983  3.029392      12.202301   1497.596436    0.418327   8.810085  3.174253   92.952164
203  18.576469  38.860950  19.777884  0.196338  3.243068       8.258114    862.227234  153.765839   5.616374  3.531167  296.439331
204  -0.614010  24.359905  43.755993  0.220936  3.802789       8.592340    902.982849   96.347488   5.940726  3.507145  120.573212
205   8.724094  29.543499  38.718575  0.213217  3.958333       6.418822   1207.867920   43.811111   6.002852  2.852573  177.100357
206  16.884462  27.379004  21.409189  0.256994  3.385537       6.643222   1137.165771  142.378922   8.256265  1.697381  173.893921
207   7.853036  42.917500  46.444328  0.232241  3.016597      10.710955    858.637512   63.775742   6.289569  3.977221  171.656982
208  11.190732  45.311375  30.425753  0.211396  3.512926       7.020319   1497.382568  166.716141   5.984612  3.960225  203.425049
209   9.738360  28.692144  43.517052  0.198698  2.906221       7.403166    760.353821   64.709320   6.435824  1.036286  165.029526
210   8.060458  42.998718  34.124027  0.283867  3.745578      10.463087    810.304749  120.407806   7.259630  3.554835  197.646286
211  19.844763  31.334639  34.363426  0.279009  2.142982       7.155363   1463.479248   32.829514   8.943752  2.864209  302.361176
212  19.712908  25.055756  48.948856  0.217713  4.199360       6.254402   1191.795166   55.759850   9.938364  1.725034  193.033249
213   5.753156  34.523277  47.729820  0.146378  4.948025       6.538144    912.445312   14.270072   5.833051  1.816445  186.445999
214  18.462940  15.893265  20.399506  0.206093  4.774264       8.750490   1176.068481  180.544647   8.256026  3.437108   96.951767
215  18.866486  15.543805  32.923325  0.139982  4.740786       5.973920   1233.887451  104.084724   6.532356  3.541131  239.362213
216   6.375679  31.764261  41.215298  0.208978  3.571748       8.441556   1090.918213  104.506226   6.049273  2.893260  102.792625
217  12.723301  49.463921  38.406178  0.235276  3.359323       8.728748   1167.626587  115.538200   7.427724  3.137075  391.650116
218   9.260401  42.985943  45.648350  0.266869  3.685885       6.380295   1292.107056  232.127655   6.518908  3.229158  503.839661
219  17.791367  39.736530  23.896698  0.236161  2.881524       6.999236   1863.027832  248.936478   7.979653  3.942796  172.556061
220   8.777177  35.559410  36.026958  0.284035  2.175349       8.849647    765.934998    0.272507   8.167687  2.359251  353.248871
221  16.555960  39.586876  44.803791  0.208926  3.062276       7.497371   1702.296631  120.582642   8.427319  3.610132  404.150879
222  10.330291  42.650768  34.874352  0.193187  2.468570       7.956257   1418.817139  134.463867   6.380151  3.726174  199.321808
223  14.010062  30.097084  43.715294  0.186898  2.510466       7.890144   1152.862305   83.889755   7.284571  2.888689  179.264893
224  18.383772  38.204296  28.141914  0.242542  3.572875       6.005400   1747.565674   98.532127   8.065106  2.937965  343.481262
225   4.636089  27.188173  25.861538  0.298706  4.331617       6.538277    908.392700  157.214798   7.115134  2.883944  404.127869
226   6.782557  44.631081  40.199757  0.258633  3.188368       8.365707    714.314392   73.491257   6.108047  2.757580  517.617920
227  11.705428  32.730183  35.668060  0.282948  4.232145       6.680343   1147.925171  175.243362   5.043525  1.513674  167.358078
228  10.463908  46.005684  42.989555  0.278908  3.929657       6.323158   1429.626831  234.747803   5.553915  2.736331  291.690582
229   5.149955  32.980968  44.497013  0.244875  4.513218       6.319307   1027.742310   39.518417   6.702975  2.239333  139.904526
230  19.701355  20.540222  42.319859  0.195613  3.753720       7.535411    877.917297  203.463623   5.860591  2.236023  228.837601
231  11.382711  32.559185  34.863129  0.299397  4.368208       9.320289    732.723450  247.345810   6.202001  3.592686  294.477142
232  -1.686671  49.696609  49.569138  0.199560  3.941236       6.965925    888.339233  102.094795   5.499848  2.606090  336.414825
233  15.439021  42.346310  35.830780  0.255696  4.023228       9.154735    893.791199  172.795334   9.117532  1.088578  183.947968
234  16.749830  43.676807  26.714510  0.177766  3.972039       6.684893   1562.822754  113.597984   5.200726  2.605612  164.246277
235  14.950232  43.422077  40.182121  0.264453  3.936221       6.654282   1834.133301  141.010345   6.296731  3.114122  360.090637
236  16.404371  46.239422  42.718685  0.271058  3.105199       6.361492   1451.614258   44.708595   6.770747  1.617038  268.586823
237  17.298328  26.341856  31.177240  0.248939  4.459458       6.635235    815.668579   38.068089   5.508588  3.498080  425.182190
238  -1.346027  42.810478  40.620174  0.187373  3.434865       7.305379   1202.257080   40.165447   5.944981  3.543299  210.266510
239  -2.795637  41.242897  46.954285  0.234119  3.275857       6.006199    858.253967  122.100029   7.633223  0.878141  245.757141
240   5.109239  27.216965  42.665318  0.150561  4.027937       6.430663   1300.146362  140.734024   7.659760  1.768492   57.987259
241  17.150007   5.509346  25.794535  0.230490  4.371161       5.969528    982.053040  110.717285   7.694059  3.951290  478.555298
242  16.314213  38.896988  38.323792  0.260763  2.645777       8.814035   1412.422729  166.417236   7.867168  3.742582  187.810089
243  14.840350  44.469173  43.587971  0.206677  3.077940       7.476947   1191.849731  150.160599   7.456907  1.913804  270.082367
244  13.112051  20.591782  39.452713  0.172589  3.867814       7.627126   1573.558838  214.828903   8.466463  3.029226  123.309525
245   3.882818  44.033600  37.977127  0.247916  4.898417       5.638019   1179.859863  205.364609   7.576978  2.935226  236.906342
246  19.610489  33.971382  26.622040  0.297041  4.523375       6.042425   1140.886475  210.163986   8.688808  1.342246  221.232147
247  15.344853  24.757866  26.826117  0.183049  4.756855       7.428079   1177.548462  180.169678   8.028617  2.530771  204.277939
248  12.924350  30.135489  43.017487  0.281736  3.019611       7.622559    982.371643   41.352345   5.438403  1.549585  363.882782
249  19.832914  24.557533  35.951752  0.204354  4.694960       7.109383   1223.020508  205.158234   7.364568  1.856310  115.645424
250  15.145080  42.127499  45.402191  0.162345  2.884688      12.229309   1297.889648  185.705276   7.056048  3.452867   79.910370
251  17.220488  30.625189  27.859808  0.271449  3.846474       5.490705   1164.482422   29.234137   6.897578  3.749120  592.008972
252  18.120415  40.648045  31.501915  0.264571  2.736068       8.871849   1563.060791  108.298187   5.250306  3.820810  247.211136
253  15.379410  42.679638  34.753281  0.283871  4.057056      10.842860    770.719666  224.547638   7.113492  3.888300  259.939606
254  -3.910953  31.050182  46.499298  0.275574  4.065969       6.806713    743.335571  130.304123   5.802128  1.905949  208.613953
255  15.477390  37.190586  38.064461  0.243009  3.279125       8.746269    917.445068  213.581818   8.302089  1.547364   67.446938
256  18.140856  30.138346  28.534935  0.251126  3.160459       6.423196   1479.507568  152.126541   8.931772  2.696218  321.645630
257  12.922935  38.503845  44.425003  0.228155  4.063158      10.263498   1010.924927   73.880768   5.728110  3.712074  244.181534
258  12.381821  30.931509  42.244930  0.294663  3.449979       8.789993    832.612427  158.792740   8.528539  0.799206  151.892075
259   7.954463  35.796604  46.164791  0.296534  4.888267       7.286552   1011.765076  204.157364   8.096630  1.438873  349.724182
260   7.507778  42.182083  41.194012  0.253592  3.451154      10.432313    742.736694  163.518097   5.692891  3.262650  181.879303
261  16.380270  24.956306  34.961979  0.253112  3.262276       7.068242   1128.998901   54.813450   7.147999  2.457921  368.058624
262  14.828717  45.327045  30.322617  0.235174  3.813364       8.786178    953.886108  134.541794   5.761456  1.893330  328.313232
263  10.647671  36.973339  49.263580  0.204163  2.577707       9.393867   1158.562622  149.738205   7.443280  3.603822  213.731995
264   8.952884  39.848724  43.255810  0.244009  4.447021       6.585435   1819.417358  171.788315   7.190536  3.625790  242.259766
265   2.800592  36.560093  44.855846  0.191330  4.476200       6.848604   1338.846069   62.538349   8.687931  3.666295  250.713623
266  15.216502  21.444181  49.428589  0.186031  3.052388       6.337235    886.410156   40.117844   7.333783  1.946127  232.237747
267  16.932579  29.991764  38.531040  0.221269  3.179164       5.084142   1673.078613  181.378311   9.323708  1.669500  117.093529
268  10.851874  34.790897  31.047750  0.206085  4.038736       6.209109   1666.548828   77.285149   7.430867  3.994699  338.578033
269   0.347989  32.266666  47.435757  0.172147  3.279664       6.610124    934.899963  181.007980   9.229018  1.905386  129.680847
270  17.292349  33.987759  19.916290  0.231795  4.117428       6.205268   1284.382324  165.909790   5.752215  2.754413  147.912781
271   1.269243  25.776415  46.348312  0.228001  4.911776       6.077738   1342.963501  147.768066   8.750794  3.240774  222.081894
272  15.740972  32.044426  26.730534  0.274575  2.397909       5.646375   1503.744995   70.064827   5.719496  2.512769  293.380066
273   4.534227  24.948404  40.979485  0.218067  4.887754       7.320404    908.368774   16.067726   7.173336  3.115183  349.474243
274  16.782166  20.633944  13.743638  0.181835  4.581246       6.068594   1494.636963   86.963715   6.968594  1.930104   71.080475
275   2.386024  33.225998  45.339584  0.247739  4.681715       7.178251    935.694702  138.810959   6.520267  2.295417  216.090607
276  15.774507  37.162880  23.907152  0.284398  3.492035       7.584959   1079.767212   99.421669   6.390253  2.668979  227.321869
277   3.437170  49.951466  49.472889  0.271727  2.840678       9.263894    877.477356  144.456818   7.138050  2.884400  313.657532
278   3.387050  31.173832  42.582157  0.253456  3.023197       7.188859   1191.729736   80.582573   6.018434  3.258443  191.982040
279  18.813782  41.866592  40.500336  0.284570  4.832052       8.714905   1056.452148  119.015190   6.030258  2.012146  421.957611
280  14.651226  20.017914  42.596687  0.186050  2.589365       5.128072   1577.130127   45.504387   6.739112  3.178589  192.409790
281  16.617514  35.783970  41.558529  0.228986  3.548273       5.453598   1877.389038  239.622787   5.442490  3.243619  404.481293
282   8.384008  46.629288  43.508324  0.220502  3.930242       8.054036   1447.535400  108.389275   7.691513  2.287161  253.924423
283   6.845659  39.167198  48.719082  0.244011  2.184842       9.458567   1017.611389  221.286301   9.075059  2.036166  142.149673
284   8.219798  20.542091  38.432411  0.248060  2.260252       7.435719    796.984436   48.706818   7.711924  3.868129  313.064117
285  10.833789  43.339050  38.854061  0.217321  4.566317       8.266554    995.567932  177.124466   6.763346  1.761556  190.745911
286  11.519127  36.408798  40.658134  0.250536  4.687490       8.806459   1434.830811  171.619690   6.802433  3.190476  163.118134
287  15.558522  35.354000  37.228569  0.189408  2.356344       8.853289   1626.615356  157.953659   8.412413  3.729932  129.208740
288  18.568041  45.038399  42.542793  0.212728  3.947649       8.194798   1654.295166   34.669750   6.486049  2.802590  261.568695
289  12.436193  49.925472  48.026855  0.227150  3.996515      12.027384    740.028564  159.595886   5.976138  0.671170  119.109467
290  12.854611  34.412258  37.828049  0.242908  1.807488       7.791481   1277.625732   32.646202   7.398335  3.206679  359.207153
291  13.468851  17.774714  48.967049  0.236476  2.496795       7.253482    742.983948   47.261147   6.642491  2.862428  358.293488
292  12.746035  37.527222  27.996758  0.292155  4.029112       5.272689   1203.921875  153.275787   5.389676  1.650735  348.812347
293  12.523695  21.014112  30.188540  0.147589  3.605140      10.078890   1060.234741   92.304726   7.542051  3.757349   51.722431
294  11.840879  21.858234  36.911633  0.279076  3.740725       6.820928    829.386230  133.927979   8.771915  2.408041  364.140656
295  11.202872  25.827961  32.789494  0.205575  3.481896       5.580748   1272.759155  118.301651   7.439603  2.878864  304.600739
296  -1.458438  40.079437  36.188164  0.234290  4.253054       7.603755    715.567078  177.689224   5.671413  3.822457  282.295074
297  18.295490  43.508968  43.461784  0.295647  3.224859       9.048388   1304.191406  231.609131   9.352184  1.269441  166.817230
298   9.756432  33.896301  43.662514  0.205722  4.713023       6.397330   1491.132324  186.758026   9.060198  3.576900  281.241760
299   9.411043  44.696835  37.700348  0.215625  4.103174       8.521437    704.490479  128.928986   6.421102  2.175648  296.852936
300   5.168814  46.932526  38.876076  0.242482  3.770271       6.994688   1933.474243  209.055649   6.014229  3.980428  204.707794
301  16.263201  41.489380  44.758060  0.155199  3.907571       6.828076   1829.225098  190.151672   8.232464  2.119715  111.537842
302  15.329977  39.901993  48.612957  0.266811  2.993850       8.655216    818.968323   96.135872   5.046533  3.373667  426.541382
303  17.390455  40.276810  29.970095  0.269987  4.860511       8.342294   1160.147583  164.264511   6.569007  3.437498  394.448517
304  16.153236  32.169285  19.818964  0.246691  3.451401       6.131509    918.196411  233.946518   6.760283  2.891606  389.909027
305   1.063037  43.424751  31.919905  0.216599  4.346978       6.296110   1088.746094  226.177155   7.942679  2.696251  151.601883
306  15.148031  34.113411  37.408707  0.201980  3.738693       5.394301   1324.917236   50.727436   6.328195  2.501993  283.683044
307  16.289873  42.865788  43.548096  0.231140  1.830071       6.598324   1292.701050   45.436066   6.399316  1.914725  288.968353
308  10.373225  20.071198  39.030724  0.231644  4.863015       7.825346   1088.345581  219.360626   8.033066  2.796234  100.985077
309  -3.191180  33.676270  44.802677  0.283925  3.697237       5.025560   1375.346924  202.752335   8.405840  3.180997  230.626221
310  16.375942  29.310156  28.021809  0.187975  4.065151      10.212310    831.816223   62.091854   7.592840  2.728567   89.509789
311   0.661563  34.794655  39.694820  0.292972  3.693567       6.626113   1142.831543  111.012802   6.252217  3.247741  350.091980
312  -2.960994  33.195312  42.684376  0.194077  4.105034       6.909328    938.808838   85.730576   6.114072  2.871610  106.361061
313  13.327859  26.797392  40.662056  0.182795  4.437573       6.082951   1051.624023   95.224648   8.384831  2.098486  208.658691
314  17.853786  39.815659  42.378212  0.234704  3.638088      11.463282   1091.881104  209.796432   6.038785  3.063351  113.493011
315  16.282305  36.837547  35.270245  0.261875  3.525854       7.095517   1053.609985  102.385002   6.562148  1.856023  245.390503
316  19.062090  31.192968  37.789867  0.280161  3.075726       8.493374    841.528137   99.509750   8.338569  2.411212  373.012695
317   9.189967  36.931557  41.520809  0.140710  3.805761      10.971474    826.356750    3.363587   5.112517  3.921867  177.970917
318   7.083905  33.163509  43.911804  0.281951  4.584654       7.238284   1710.631226   57.885963   6.707352  3.306176  138.116058
319  16.147924  22.041008  40.812355  0.231209  2.680200       7.361963    881.449036    9.782619   6.846238  1.696757  362.147491
320  13.804255  36.000542  39.782642  0.254192  4.619077       7.138770   1127.419067  165.774490   6.126919  3.108859  252.071976
321  16.728189  27.719637  37.568760  0.263114  3.926557       7.892058    831.221252    9.122396   6.938811  1.475046  112.972923
322  17.532791  38.928402  39.981979  0.217074  3.477349       8.264839   1382.847656   13.717901   6.928147  3.858237  228.002991
323  10.558423  35.500721  31.934576  0.276750  4.126863       6.074977   1028.121338  176.349075   9.173086  3.335712  269.546814
324  18.223625  43.896194  37.947258  0.225897  2.419554       8.327346   1404.418701  102.794853   8.631824  2.240438  304.629608
325  15.881170  49.905937  31.775288  0.283933  3.228825       6.954298   1485.959717  210.938110   8.034144  2.934893  445.293701
326  18.650530  16.669870  22.463747  0.185946  4.355347       6.739600    821.091980  131.161087   7.710936  2.642292  316.236328
327   6.435416  28.848183  37.745270  0.298547  4.072015       7.626156    992.580872  111.837128   5.882266  1.846077  204.336105
328   8.384898  41.335526  43.307549  0.257428  2.871262       5.886700   1898.480103   88.142227   7.437671  3.240872  263.750488
329  12.434809  40.135338  44.344688  0.228133  3.430251       9.372435   1405.988525   79.310242   8.201627  2.773239  140.159027
330  12.780219  35.422958  34.360516  0.263529  4.457031       9.157707    892.994629  191.106781   6.070383  1.254686   64.537292
331   7.833132  42.360798  43.653839  0.279789  2.232996       6.942235   1393.001099   52.503677   5.622887  1.966916  148.421494
332  15.163415  41.123772  28.871193  0.291708  2.444500       7.815906   1094.630737  100.403839   7.403896  2.858230  432.927246
333   4.612766  39.607964  43.223068  0.181182  3.692248       5.590405   1131.649170  222.558701  10.288752  3.070360  267.962494
334  18.743170  40.803806  36.322254  0.256218  4.047129       6.365039   1795.417480  237.366318   6.976376  2.013734  205.074051
335  19.301006  11.783677  33.119083  0.259625  4.265073       7.810498    722.335266   47.096531   5.364155  1.336294  199.472870
336  -3.541655  37.577892  49.302849  0.245564  4.825377       5.611258    766.240295  172.090179   7.943868  1.743960  372.723511
337  11.704430  26.164612  41.653324  0.227585  2.506589       6.803099   1713.443848   20.752333   5.381776  3.763111  134.428146
338  11.372008  35.120045  46.891422  0.249720  1.739383       6.305352   1944.729126   69.064369   8.075167  3.030462  275.493713
339   2.079090  45.809811  46.083775  0.238671  4.142250       5.534918   1532.416748  234.010086   9.055643  1.998002  186.783585
340  16.353306  12.738785  37.838345  0.175953  4.037483       6.047530   1294.726929  144.343185   7.572353  3.542759  178.826721
341   1.298900  43.370407  45.762314  0.296453  2.832058       6.806381   1455.906738  104.262390   6.303946  3.198304  227.197647
342   4.547713  29.098183  47.587387  0.199070  4.782674       5.367378   1612.076416  131.716660  10.417744  3.405797  192.560089
343   8.997540  27.004263  47.847050  0.286266  4.190488       6.164348   1146.171875   58.766125   6.390224  2.808048  308.039948
344  18.830315  23.831364  39.950684  0.174105  3.366127       6.690606   1582.157471   46.888386   5.160708  3.351201  230.977371
345   1.544404  43.405125  43.465748  0.240641  3.073492       5.118348   1838.111450   60.781212   7.007395  3.839840  354.944763
346   9.245561  41.907875  39.940453  0.293011  2.678293       6.810147    886.044495   96.170967   5.812356  1.671095  349.134125
347   3.322227  20.383772  32.171032  0.260024  4.671948       7.940791   1079.856689  145.178192   8.756467  2.319247   50.330067
348  18.108164  24.153666  23.901525  0.296162  2.729444       8.188756   1091.742065  103.807945   8.234017  1.820242  132.705200
349   7.791578  44.396217  45.712448  0.197903  2.831227       7.599247   1033.474976  192.690628   5.336656  2.974108  293.285004
350   0.586069  34.260445  48.453197  0.251838  3.665181       7.298324   1288.366821   61.137558   6.255461  3.683168  228.628616
351  15.013195  22.636974  34.147228  0.257469  3.380155       6.944606   1131.507935   25.060509   7.342350  1.910569  177.949783
352  16.459085  28.557207  23.584789  0.238340  3.952211       8.143000    823.827271   92.225639   7.153641  3.130932  312.609009
353   4.674105  44.761173  39.209503  0.216043  4.150806       8.857686   1063.452515  228.693207   6.328312  3.318113  226.581161
354   5.434083  33.985706  47.188744  0.268651  3.032792       7.855338   1127.400269   27.338272   8.998141  2.312680  175.945511
355  -0.373049  40.638649  48.199417  0.238636  4.945201       5.745542   1427.710083  139.812668   6.661416  2.208933  138.712875
356  17.883797  44.881752  46.841179  0.289250  4.002282       9.126059   1027.036865  154.366684   6.994564  2.103173  300.482483
357   4.931699  30.881289  39.511875  0.252145  4.160224       9.323305    838.432129  198.849243   7.435921  3.451729  108.165375
358  10.538846  25.770441  39.435951  0.216709  3.860835       9.104573    751.277283   15.944755  10.196615  2.766922  189.920227
359  16.932678  39.339256  36.329990  0.252392  3.087462       6.629732   1400.782715  165.098923   6.179309  1.670855  165.398026
360  15.786038  24.137339  33.987724  0.247420  4.605351       7.694471    748.751526    2.178668   8.679530  2.519032  461.455444
361  19.784990  27.509254  23.600805  0.222299  4.276288       6.433666    867.472534  203.000290   8.596194  1.589230  354.200439
362  11.897288  46.215477  41.294304  0.271531  1.568753       8.209679    840.973999   69.671761   7.988595  1.343663  348.596588
363  18.576792  38.110451  40.008671  0.210608  3.979622       5.719737   1332.916138  215.458893   8.595490  1.215018  205.536026
364  13.804810  39.365753  32.668316  0.216987  4.261633       7.358589   1052.927124   74.297546   6.031678  2.433464  310.932007
365   8.887219  36.328999  46.482758  0.244201  2.406312       7.762427   1099.481201   25.576008   5.484270  3.961118  456.863647
366  12.510892  37.797638  38.717957  0.244035  4.199333       8.587724    880.377625  126.086800   6.558596  1.716289   76.298935
367  17.363224  33.373936  45.235470  0.245190  3.249585       6.559607    792.260681  141.596527   8.533270  1.149274  403.628815
368  10.691128  49.590477  47.365471  0.200571  2.385585      10.169556   1026.568970  186.724457   5.735753  2.027068  212.817810
369  16.725046  31.836672  33.971214  0.232839  4.377071       7.082498   1053.141479  237.915283   7.412426  2.175012  163.484100
370  11.400273  42.866257  40.850784  0.258636  2.384557       7.121473   1759.195312   56.521660   6.153012  2.580885  262.880127
371  10.807157  34.395786  34.413734  0.299882  4.353350       7.313436    780.521301  112.859085   8.753335  0.576903  206.385162
372   6.620318  45.695259  35.238869  0.240045  4.174514       8.254624   1118.454468  207.822815   6.348677  2.940624  174.561356
373  12.552387  41.751514  37.445461  0.175184  4.860300       8.180438   1140.113770  125.726761   7.391682  2.838411  212.250839
374  15.850840  24.012135  21.187109  0.229125  3.118512       5.570307   1036.569824  143.484894   7.877439  1.216067  118.240913
375  14.111362  25.934401  47.342228  0.232361  3.758021       6.226452    825.033142  102.428841   6.323024  3.964081  406.409332
376  16.886705  17.268139  23.617453  0.227145  4.313377       6.957849   1619.576538   34.322651   8.303575  2.507839  114.214516
377   4.583456  43.967651  46.548496  0.262607  4.006488       5.760548   1430.330688  147.024078   5.801505  3.318092  461.704376
378  16.843185  28.091690  45.163853  0.167714  3.674359       6.308499   1095.742920    9.912057   6.108357  2.461097  230.780548
379  11.207272  45.649254  15.214457  0.186268  3.974322       6.702860    830.583923  162.358398   6.104312  2.891000  236.991608
380  12.801094  18.918882  36.173424  0.267098  2.509010       6.654656    989.292603   24.836718   7.786858  1.437557  236.526779
381  -0.308544  36.250095  41.037251  0.294531  4.816227       6.727993   1185.309814  243.120270   8.579473  3.238804  146.676071
382  15.889915  32.713486  38.839981  0.234940  3.774686       7.024870    796.529297  127.804024   8.357457  1.186546  222.821396
383  11.703596  44.243912  43.840530  0.232280  4.301947       6.116887   1237.647461  132.691101   7.287278  3.883326  465.243835
384   0.358906  45.450600  37.874825  0.290705  4.277789       7.256879   1094.504150  141.101318   5.710805  3.527994  175.309250
385  10.495831  44.896965  40.290005  0.275604  4.189117       7.282301    902.798889  152.496552   6.680941  3.538515  375.913696
386  14.881198  28.844954  45.352516  0.224761  3.355378       9.913587    745.487915   63.082745   9.773563  2.092002  267.862579
387   9.190649  30.598427  32.515785  0.207380  3.355956       5.426146   1345.310669   39.883064   6.553521  2.835816  204.523697
388  19.452898  37.942669  37.668484  0.244125  3.749799       8.811722   1194.411743  149.907791   8.226913  3.438858  288.922607
389   9.194565  36.840919  43.664684  0.166068  4.586965       9.604334    992.565308  186.315598   8.120151  1.749150   73.533508
390  18.678165  26.406883  20.558643  0.285445  4.633408       5.002185   1610.708130  131.129059   7.092605  3.992682  354.244415
391  14.596310  25.164209  29.203056  0.143180  3.114121       5.732975   1786.158691  127.840279   6.531239  3.655427  203.305115
392  13.057106  30.425171  35.305714  0.186306  3.961454       7.156571   1436.406372   64.411354   6.174524  2.845951  111.420624
393  15.022249  42.528332  24.262720  0.257676  2.599124       7.328422    775.329468  115.047989   8.211076  2.060955  402.717346
394  17.858475  17.468893  31.579935  0.149793  2.535285       8.268034   1063.362183   75.426582   5.908896  3.319028  119.867317
395  10.344071  38.425220  41.701366  0.224583  3.297439       7.121229   1323.501465  164.556442   7.750475  1.769094  266.626831
396  18.150953  48.183994  38.527672  0.242514  2.320889       7.196251   1153.512817  153.238281   8.809081  2.291623  478.081573
397   8.624261  35.980087  33.832157  0.291533  4.520574       6.473905    919.171448  124.856766   6.867790  2.643079  255.348846
398  16.999458  34.711781  38.822983  0.219330  3.642277       7.733612   1660.639160   39.530373   7.112624  3.177178  269.645294
399   1.845837  26.896788  32.715176  0.259227  4.657262       7.313812   1112.952759  164.063751   9.137603  2.533599  124.245979
400  12.303986  38.865604  49.583000  0.115089  4.209062      13.082271    778.303101  154.805878   7.461672  3.701682  110.873665
401   6.806396  41.654068  38.690552  0.186852  3.137295       7.099226   1478.534424   21.882307   5.113512  2.352432  136.377655
402  -1.733552  24.386850  41.392509  0.267128  3.418183       5.267686    725.683472   68.917557   8.858489  2.732170  463.506744
403  19.797400  17.711073  36.457394  0.159210  2.311088       8.136156   1163.784424  102.769302   7.421362  3.407368  154.258270
404  17.211250  23.064589  26.016539  0.278339  1.475212       7.803703   1465.801880   26.487734   6.621266  2.063512   92.145500
405   5.223501  38.271420  46.318508  0.206530  3.393845       7.484771   1261.456421   73.376549   6.308841  1.776045  146.050034
406  11.555048  34.159870  36.029831  0.260780  4.044767       6.431838   1358.454956  172.277466   7.236296  2.966046  148.289352
407   6.903469  39.264328  44.801926  0.262945  2.962479       6.971534   1245.849854  108.130898  10.331728  3.960562  401.117584
408   9.241136  16.724699  39.368568  0.258190  3.110509       6.980271   1391.753174   78.755058   8.511358  3.798420  287.101379
409   7.687484  43.569004  27.340401  0.283221  4.186543       6.825968    855.158569  204.476883   7.680719  3.663957  295.816406
410  12.832486  42.053364  26.674328  0.218539  4.530064       6.122465   1282.500488  204.931503   6.601176  3.332434  326.388336
411  11.296090  32.959229  40.522758  0.192651  3.783777       6.767947   1938.784424  142.080811   6.421490  2.841083  145.295746
412   3.606034  44.118401  31.273941  0.276410  4.660706       6.850159    838.729248  140.806351   6.215937  1.027109  111.995811
413   9.167788  18.863798  36.795456  0.262819  1.464273       6.624514    908.919434   28.405893   6.276044  3.381409  357.201874
414  18.637178  39.314045  25.421432  0.287773  3.147539       8.177601    959.919312  186.088181   9.260933  3.633033  369.288940
415   2.877147  32.289497  38.258026  0.275952  4.524737       6.593923    748.706543  186.372116   7.069658  2.054406  150.297211
416   9.337415  18.933971  38.019257  0.278738  4.745605       6.330254   1083.603638   74.854187   7.773429  2.255366  222.989120
417   9.097973  12.303226  43.628181  0.293550  3.605052       5.597212   1285.239014   17.851727   5.868332  2.379091  285.060516
418  14.799623  26.868776  37.901722  0.211116  3.706554       7.707012    891.630615   42.967449   5.783863  1.036285  159.302124
419  16.057852  48.223240  37.739128  0.199635  4.572654       7.203998   1260.484131  164.895325   6.794911  3.789024  415.072998
420  15.742084  37.896450  42.596233  0.262785  3.153437       5.542915   1392.715698  106.595673   7.604727  2.512915  402.057922
421   7.451192  47.057564  36.461208  0.228253  4.174712       9.906655    702.543518  243.765732   7.021073  2.203163  111.812866
422  18.472664  19.801218  34.082539  0.248291  3.513875       7.429897   1576.482666  102.703087   9.048497  2.481472  128.627502
423   8.515486  46.320312  33.899334  0.188961  3.571548       5.313193   1819.909058  160.774445   6.483558  2.449960  155.516159
424  13.369968  44.449825  35.465187  0.294447  3.235395       7.357269   1442.689209  121.342453   6.169834  1.602742  188.870300
425   1.772792  37.018848  47.694458  0.288843  2.993996       6.405950    879.639038  124.296265   6.710176  1.102591  123.096031
426  19.147257  -0.056428  23.419493  0.221618  3.232110       6.952791   1223.906372   63.377243   6.578373  2.174303  173.895065
427   0.725672  43.679119  45.906410  0.271248  3.697767       7.094519    903.566772  185.711838   7.718844  1.375724  155.482056
428  13.885743  38.706291  39.479721  0.212963  2.359506       5.862051   1005.702209  117.098412   6.604172  2.897537  413.009766
429   5.112452  21.142971  46.758469  0.133716  4.262218       5.960041   1197.141968  184.738464  10.087337  2.304388   54.727413
430   2.008868  42.153145  42.923145  0.262319  3.936276       7.996404    830.742493  233.712234   5.908509  3.182787  316.555908
431   4.637938  19.151958  39.099831  0.201774  4.600867       5.385214   1836.188599  192.785248   6.565417  2.628593  100.327408
432  17.745380  16.633251  26.380802  0.193748  4.981511       7.334628   1729.737549  194.252716   8.374278  3.658067  101.692665
433  16.449278  35.777611  47.289215  0.219969  4.535940      11.335681    773.563904  195.800003   7.333492  1.483203  121.044739
434  12.311496  47.442112  26.928738  0.159902  3.489775       9.046343    856.227539  241.498734   6.666510  1.927986   50.203434
435   5.065979  44.217896  39.476650  0.231796  2.941515       7.154747   1202.366333  221.571243   5.699982  3.249783  194.125992
436   8.936089  41.934219  49.456245  0.215324  2.125521       6.516441   1347.929810  135.830673   9.534382  2.412919  273.040497
437  10.718896  28.748394  41.226227  0.232172  4.765753       5.237789   1158.165894    8.541532   6.334116  1.606149  379.351379
438  12.118035  42.406372  39.706642  0.267103  1.744389       8.568310   1122.375366   34.560341   7.849291  1.395098  115.517166
439   9.010408  29.641972  46.516129  0.276462  2.827097       5.839454   1217.276855   50.445061   7.606751  1.687307  155.007156
440  12.667741  24.911247  40.766479  0.279964  3.089529       6.436485    862.989380   38.704796   8.440452  2.137815  220.990417
441  11.103231  13.112794  44.895729  0.236028  4.491548       7.027549    812.452698   36.593388   7.823261  3.150696  309.541473
442  19.715651  24.994703  43.332466  0.117525  2.957081       8.017390   1800.547241   49.239643   5.476359  3.711817   59.695992
443   9.210177  40.948803  24.933098  0.267775  3.218348       6.435447    781.974243   99.262955   6.921227  2.748977  387.818390
444   1.810534  42.728607  41.931164  0.219839  3.752544       7.684555   1611.560303   81.805779   7.446674  3.248931  158.691452
445  12.821253  37.808453  31.020636  0.266826  2.965838       7.627875    792.842102   46.656246   6.907025  3.592247  532.255493
446   6.982316  28.712263  25.382977  0.261076  4.711262       7.284194    808.271912   52.222706   5.983648  3.236809  192.884048
447  19.260794   3.064689  24.837149  0.266211  4.226029       8.061174   1174.002319   33.258083   9.037224  2.760852  173.229813
448  16.741583  46.770096  35.791161  0.268252  4.135043      11.289981    879.818359  198.830933   6.905351  1.790877  214.763443
449  10.095933  47.652531  23.611605  0.284309  4.792778       5.741542    780.286865  229.490738   6.469205  3.373180  502.009308
450  17.745829  47.474422  40.030724  0.248374  2.397453       9.026690   1269.417725  119.502472   7.809126  1.488894  309.620819
451  13.280959  48.516212  36.781933  0.181208  3.768220       6.741192   1324.734741  131.169220   5.734451  2.684653  287.140594
452  19.719603  16.712833  31.444630  0.276193  4.838088       5.975548   1289.776733  211.852646   7.372309  2.135314  148.419708
453  17.417753  24.034950  29.002590  0.187260  2.866920       6.201344   1179.068481   84.537079   8.742005  2.283938  275.204346
454   9.506330  41.377392  33.007584  0.297449  3.748538       7.606648    782.496094  175.472092   7.432536  2.141281  252.631409
455  10.980725  39.582264  47.372292  0.277111  3.817268       6.947758   1788.207397   36.552998   6.891167  3.502381  323.481049
456 -12.253292  49.638947  49.013954  0.257440  3.891256       6.821956    946.391541  156.463348   5.418368  3.946480  313.936737
457  16.942694  33.733719  25.675894  0.127263  4.495110       7.793997   1024.468506   70.734070   6.268836  3.842106  200.611893
458  15.062873  36.064552  24.310572  0.244960  4.380257       6.933753   1605.997192  196.491165   5.981143  3.106389  187.242371
459  11.047286   9.445909  36.955296  0.295175  1.164801       7.064016    944.767761   21.892523   5.430396  2.885154  332.995544
460   9.824505  44.851959  36.768707  0.192505  4.073289      10.910563    963.481628  167.945099   6.346724  3.160374   83.017471
461  13.601025  32.064747  30.457521  0.280210  2.884712       6.321276    980.395630   64.811218   6.329712  1.966539  390.169220
462  13.832510  47.110294  44.308670  0.271439  2.999372       8.521970   1205.977905  170.044647   6.680332  3.317548  407.013153
463   2.840281  39.550945  43.370808  0.280203  2.976170       6.700881   1399.126953   34.203426   6.736128  1.758313  123.137428
464  13.778782  33.888416  38.642601  0.257934  2.998806       6.104694   1310.718384  107.644249   7.983813  3.624409  393.389374
465  12.883814  34.309441  42.817070  0.230932  1.846963       5.428227   1653.426880   18.834671   6.261133  2.709907  323.950043
466   4.041472  44.451859  45.684601  0.193033  3.192901       7.526543   1420.802490  139.254242   6.763976  2.566013  162.569565
467   9.804199  22.451893  39.544746  0.268012  4.844003       7.156400    778.050903  192.780334   8.144029  0.843113  232.186584
468  19.461699  31.108288  35.879421  0.236753  1.884994       8.930644    777.824097  184.345062   9.278275  3.279544  459.252106
469  16.716562  13.632301  39.754658  0.227984  4.116464       5.507332   1202.290771  123.287651   7.503121  2.823883  301.726074
470  10.953284  47.346165  28.506849  0.246591  3.456551       5.480828    816.794739  198.768387   6.110241  1.872203  374.751007
471  18.352528  25.870985  28.064306  0.175775  2.712076       7.915183   1045.884644  125.228607   8.542169  2.622287  270.529449
472  17.613405  31.420715  31.526613  0.296880  3.944294       6.709012   1199.302124  140.232864   6.109317  3.111121  526.449402
473  12.717675  44.838261  35.138687  0.260215  2.466365       9.755812    862.815979   63.630852   6.371650  2.636390  267.908356
474  16.091566  34.375832  48.188446  0.208202  4.704170       8.814370   1169.371338  197.831787   8.281951  1.406752   79.130157
475  12.597857  27.910158  40.855549  0.231687  1.851337       7.207162    924.110657   54.478817   5.437055  3.317253  270.037140
476  17.302843  32.462540  42.279076  0.267574  2.863386       6.549589   1649.684570   59.774483   8.356655  2.226941  249.820786
477  16.461115  31.415083  26.434681  0.265974  3.182587       6.140571   1221.834717   30.180964   6.807145  3.735501  263.095490
478   5.335536  31.251017  38.967350  0.279831  3.365722       8.429023   1416.766602  109.619545   8.703247  3.374574   91.348839
479   6.821710  32.472393  45.074051  0.228367  4.471613       6.060965   1440.402222  135.564758   6.485776  1.875351  121.689919
480   9.797281  35.195000  43.229275  0.248140  4.056313       7.178389   1202.584229  249.128220   7.288880  3.261409  287.106201
481  16.227163  47.547775  32.483822  0.268702  3.134876       8.642742    980.823059  111.041725   5.085651  3.386498  468.947174
482  19.428623  40.469555  34.634953  0.212929  3.389366       5.478899   1933.190063  125.912834   6.563455  2.677849  310.440155
483  17.622906  48.431763  29.275553  0.265749  3.258562       7.530623   1193.167480  171.123199   7.348677  2.536982  295.452148
484  13.191393  43.424664  35.428101  0.228953  3.645689       8.177876   1693.365967   14.450865   5.081294  2.806879  141.915802
485   2.927465  48.364620  44.325706  0.272377  4.557102       9.180623    948.001221  235.060532   9.259933  2.664599  325.742828
486  13.689887  44.204803  37.959072  0.227197  4.391224       9.291841   1041.351318  119.811195   6.502255  3.491409  250.962036
487   7.220323  34.933567  41.673565  0.226842  3.136527       6.863075   1766.691162  138.617523   9.460117  3.803858  153.700897
488  19.350863  29.114822  40.636162  0.285038  4.239559       5.966802   1026.656006   35.509548   6.374597  2.298317  597.869385
489  16.201313  36.171974  34.927074  0.272183  3.735848       8.790314    798.906006  187.144821   8.204215  0.906328   70.037094
490   4.929450  35.164810  41.788612  0.277663  3.037835       6.421862   1118.861816   13.957276   6.368756  2.271550  150.712616
491  16.491371  35.110214  37.120148  0.296330  4.599547       7.478404   1447.340820  104.785393   9.007808  3.286368  196.121429
492  14.383370  18.521200  36.423126  0.179928  4.592498       7.330620   1314.615601  137.402283   7.804670  1.852882   51.739895
493  14.345024  38.486298  27.643463  0.297877  1.821316       8.744293    746.456055   77.335617   5.993860  2.967894  331.317719
494  19.804005  21.524624  17.683100  0.279533  4.774745       7.938022    907.117920  174.639679   7.608011  1.620546  226.574371
495  14.527985  25.718302  19.798616  0.191094  3.936713       6.033223    833.662476  137.420044   8.022928  1.479104  167.162018
496  12.822784  23.601648  44.762665  0.269910  3.725492       8.355541   1132.635254   53.599773   6.640276  3.099019  283.246613
497   9.858652  33.044827  27.544659  0.266901  3.100069       8.608542    820.622314  229.205444   8.258148  2.951954  313.683533
498  -1.222631  42.644508  49.207474  0.189845  4.614930       7.712402    790.012268  111.912697   6.458889  2.156638  302.976868
499  13.933429  41.925594  41.903076  0.276075  1.995094       6.365918   1272.504517    2.250159   5.023268  1.682694  222.456665
500  10.798982  37.122734  38.061150  0.253839  4.987288       8.790568    810.552246   63.698704   6.979081  2.974041  227.021332
501  18.581087  17.605659  27.816221  0.263767  3.955226       5.956177    857.829834  144.376526   8.991288  2.071905  547.357056
502  14.063070  44.320782  36.634171  0.229772  4.373565       5.761675   1241.890259  121.311218   7.149291  3.506157  480.290802
503   6.571475  33.055405  43.123631  0.241172  4.577258       6.794947   1474.807007  224.112381   8.045995  3.350050  233.319641
504  17.168505  28.984478  43.429153  0.266300  3.095165       7.080142   1295.553711  172.035812   8.702949  3.898509  387.781769
505  12.193344  40.352234  30.224657  0.273553  4.438463       7.365057   1286.247192  192.242584   7.670369  3.016493  175.049225
506  17.301254  38.516212  39.275253  0.271732  3.994629      11.553963    820.214661  219.227402   5.201991  2.967757  281.189148
507   6.446790  43.000778  41.460438  0.295027  2.991973       7.833197    914.509521   57.196461   5.664186  2.193887  217.844742
508  18.649433  10.890468   9.969417  0.227121  3.629843       8.133481    794.026184  198.479797   8.210773  3.128946  241.344177
509  13.961518  30.873238  28.677742  0.294765  3.395190       6.937847    703.168274  147.864960  10.515157  1.038239  289.184082
510  10.549388  33.212330  31.059477  0.177987  4.670764       6.736399   1105.875244  177.941345   6.412380  3.520557  273.289703
511  16.429115  48.341991  31.873652  0.235950  4.527095       9.304746   1051.894531   90.824783   5.417840  2.511674  218.836792