           lon        lat        inc      D1AU     delta  launch radius  launch speed    t factor       B1AU     gamma         vsw
0    15.017248  34.201687  32.461353  0.265540  2.044095       7.571519   1172.708252  186.436417   7.651152  2.924972  189.655777
1    10.591790  31.008181  31.352114  0.212140  2.578663       6.950724   1360.528931  106.476692   7.917694  2.339107  156.353882
2    -3.390285   7.827770  22.841875  0.245824  4.427033       5.050829   1600.003662   98.987053   7.714244  3.771244  329.062073
3     2.514746  42.323662  29.077908  0.263256  2.910883       6.581479    705.791138  156.655655   6.112855  1.920112  157.446518
4     2.066873  41.940323  39.333515  0.248215  2.264807       9.162287   1020.249878   73.254677   5.768123  3.954939  149.636459
5     7.471177  43.339863  39.802853  0.293164  2.399085       8.104675   1341.069580  198.421097   7.226131  2.688554  240.249374
6     8.526769  45.330379  41.112331  0.251093  2.932601      10.389501   1096.029541  229.537170   9.147274  2.962713  129.705307
7     3.105994  25.573486  24.608067  0.241407  3.341533       5.297143   1282.151367  170.930222   8.715901  3.882301  215.381104
8    13.049294  40.487354  21.969414  0.273544  3.235374       5.993266   1818.810791  244.943863   7.698991  2.779411  155.296707
9     6.451999  23.454153  42.231819  0.211543  2.653662       6.916834   1275.229858   72.385971   6.931436  3.300657  112.398148
10   15.288813  18.502848  13.928570  0.252398  3.770122       8.067758    775.080933  229.873932   7.963918  3.044465  158.032547
11    5.280110  24.267488  40.735542  0.176994  2.409273       6.177962   1487.172241   67.955582   8.511323  3.536077  192.120331
12    3.308857  37.405540  36.725353  0.220833  4.476133       6.189456   1958.175903  235.917618   9.204803  3.354632  138.640945
13   -4.119308  48.261169  48.362892  0.222440  3.976569       7.961208    964.770996  231.787354   5.548872  2.460962  104.731430
14    6.773398  22.851990  28.631598  0.201149  4.630365       5.313607   1314.271118  108.559441   6.691844  2.998708  155.067719
15  -10.615587  45.064262  38.213657  0.207782  3.620998       7.264533    925.557739  135.948502   6.961903  3.526019   82.000183
16   13.169876  24.274240  22.103369  0.276031  3.694987       7.093199   1405.750854  203.470398   6.461367  3.271298  182.641235
17   -6.752085  46.063240  41.882877  0.289553  2.660586       7.289985    893.758850  204.869827  10.335440  3.324408  277.684265
18   11.753342  37.748367  18.239630  0.271858  3.634289       8.118169    714.788513  215.401016  10.678273  2.898310  193.972427
19   13.149457   2.319121  35.401470  0.184669  1.150003       7.954520   1096.231689   25.040356   6.051700  3.983174  202.463028
20   -5.442274  17.811392  48.816147  0.167007  3.733662       5.069926   1591.171509  146.108887   6.047931  3.054880   62.636208
21   10.919802  23.581343  27.186626  0.182336  4.203814       7.533580   1380.930664  138.648804   5.430740  2.967145  121.450943
22    1.184306  34.631611  27.049347  0.294177  4.967912       5.244534    952.425049  162.638031   8.931549  1.609208   68.215652
23   11.779181  26.627291  39.352737  0.201295  2.791188       5.482004   1856.315186   85.101311   9.030601  2.872495  165.022964
24   15.653315  43.926353  14.607256  0.299457  3.883010       5.827451    700.632874  232.992889   5.835233  0.722674  100.265289
25    6.814112  41.909359  35.935661  0.247770  1.739358       6.985643   1267.419434   78.942627   6.503217  2.400001  245.259262
26    8.670999  39.670300  27.913141  0.288073  2.087359       7.421249    735.474792   63.822811   6.681370  3.514372  379.326538
27    5.791646  27.444319  48.225063  0.192356  3.831403       8.180531    937.760864   59.791569   6.931077  3.219042  252.627151
28    9.017780  15.488725  11.671370  0.189073  2.456867       6.980422   1702.659790  230.578308   7.815615  2.910828   69.917274
29    5.349932  32.549744  35.207428  0.279724  4.543298       6.568585   1248.321533  220.564423   7.618404  2.755967  152.898849
30   11.164829  22.306114  34.570560  0.241010  3.862570       6.785516    858.489075   58.858303   6.489203  1.560427  118.812057
31    7.097714  42.242378  49.781837  0.222067  1.690357       7.279284   1960.142456  133.619019  10.744075  2.622914  158.026703
32   -1.075039  43.256218  30.836830  0.231721  3.241248       5.555620   1089.735352   60.208691   5.018904  2.514955  129.588638
33    7.245412  34.343716  35.940311  0.261351  2.505254       8.060610    869.066895  201.038483  10.887748  3.167121  166.889389
34    7.792406  39.636551  41.445396  0.263898  2.667691       5.540770   1770.016479  117.715569   6.851759  3.215697  262.042297
35   -1.702190  37.180252  48.130112  0.291223  4.113541       5.568250   1116.268433  223.823441   6.954183  2.320045  182.068771
36    7.789052  39.903904  28.465925  0.297887  2.467592       5.995678   1078.284668   73.383987   6.050920  1.245990  167.140335
37    9.120318  37.678776  33.396626  0.210172  2.512286       7.402552   1810.647095  102.239418   5.114264  2.930823   61.121304
38   11.675477  46.501667  33.147808  0.298525  2.342951       8.060802   1114.902222  124.518547   6.367642  2.202231  216.197754
39    1.207325  41.436623  38.384293  0.204710  3.392508       6.251678   1621.824097  249.551270   8.549805  3.538135  120.442230
40    4.395069  41.902760  41.726776  0.296648  2.212410       6.112645   1055.114990   99.386337   8.800241  1.156037  168.478348
41   -3.232306  37.193161  38.782051  0.203571  4.012087       5.751148   1222.610107  203.239792   6.179347  2.585692   87.336494
42    1.264459  35.161274  39.075157  0.199774  4.701369       6.031382   1119.657471  134.559723   6.754632  3.296343  252.160614
43    3.548686  14.067456  39.678375  0.230447  3.074929       6.481178    840.848694   75.857162   7.465192  1.840631   81.532097
44    8.541282  13.089257  48.295441  0.213662  4.700006       5.669847   1193.880615  141.078186   5.131757  1.797590   98.610474
45    4.182404  21.367395  40.036076  0.259665  1.869504       7.885027    991.229126   68.240562   8.784064  3.133725  170.692535
46    5.175565  27.212301  14.145695  0.283879  4.361540       6.928835   1144.945923  154.863480   7.943658  3.106871  139.121201
47    5.026710  30.720016  37.850330  0.271322  3.436735       6.397653   1050.586792   68.456627   9.958584  0.891027  105.998901
48   19.440563  25.089035  25.805645  0.186037  2.645153       9.328766   1258.437866  156.252594   8.104127  3.600250  181.249023
49    4.159448  28.757530  27.671343  0.283839  4.923447       5.450240   1225.025024  157.470871   7.195615  2.197751   53.917446
50   18.256227  22.281521  13.195094  0.256478  3.955453       5.902373   1630.998901  178.406738   8.309242  2.893595  153.791626
51    2.572539  20.707029  35.022560  0.257320  4.914387       5.084555   1078.297119  226.781616   7.967199  1.772326   68.818863
52    0.565123  45.758968  36.035725  0.226592  2.799905      10.051908    957.150391  212.798035   6.623796  3.454923   50.449890
53   12.120159  37.733437  38.093948  0.237477  4.907907       7.250577    966.610046  209.793121   6.326478  1.754610  189.206390
54    3.494595  22.978315  24.557163  0.249374  2.900735       6.731184    868.432312  229.980347   7.903181  3.135197  292.969360
55    4.733673  26.861752  17.851851  0.244561  4.960460       8.143876    841.229431  170.422165   7.970477  2.648483   71.546257
56   -1.272389  38.719284  38.020008  0.280026  3.803252       7.448043    854.261475  171.930634   6.616366  1.660136  105.219032
57   -0.297193  22.063749  27.683893  0.179590  4.823790       7.895931   1102.155884  151.750656   8.110403  3.326136   85.998299
58    5.797077  23.081238  31.231747  0.201174  2.457921       7.474265    781.472046  114.652687   7.053281  2.735596  197.321167
59   13.076653  37.262539  28.378893  0.233198  2.902486       8.046023   1037.237061  222.739090   6.134871  1.741584  120.189522
60   -4.788422  23.091986  40.074032  0.206021  2.559334       6.495664    741.447693   57.677105   6.920477  3.664487  256.822906
61  -10.231391  49.420353  48.062305  0.277475  3.250115       7.186625   1155.971313  200.414444   5.498752  2.857582   95.168938
62    7.566517  42.209995  20.647608  0.263612  3.874490       5.571110   1334.510010  173.230331   6.755248  2.667477  201.827164
63    8.404057   3.912979  30.608288  0.280468  4.232400       7.958564    756.878113  234.290131   6.049117  3.862998  168.765045
64  -14.902068  47.780079  44.373138  0.282538  3.654810       7.545808    718.700012  198.605942   7.331451  2.840610   61.076824
65    4.179192  43.376919  30.873510  0.295926  3.032809       5.870917   1778.739136  233.039566  10.168793  2.895546   85.823784
66   11.407815  25.610159  24.270456  0.245007  2.621997       7.526642   1079.496094   94.408760   6.685347  3.052900  294.829010
67    0.580588  38.127678  21.113111  0.258073  4.701786       6.432953    723.324890  161.814194   7.443717  2.375170  206.406479
68   -4.669635  38.398277  36.799969  0.224093  3.296405       7.984324    729.186584  177.671341   6.809040  2.884865  212.698959
69   12.311149  28.664436  37.000050  0.287358  2.692062       7.551042    948.185608   53.647224   7.406879  1.070872   86.845940
70   13.902135  38.268921  26.658968  0.290971  3.796818       5.238708   1571.653931  217.527222   6.269685  2.792988  208.644272
71   15.275612  19.234274  26.346722  0.271048  3.499394       5.558500   1832.739868   84.419975   8.031309  2.855848   83.390465
72   10.016618  28.937929  14.293058  0.211802  4.548635       6.982304   1115.524658  214.963211   6.680583  2.714478  180.810898
73   19.927271  37.712353  38.573231  0.274097  1.284504       5.879817   1335.031738   93.978485   8.506297  2.777319  371.015259
74   -4.146282  39.851078  47.631725  0.299280  1.994230       7.326516   1441.646973   98.171150   7.380910  2.754596   96.505859
75   16.428602   4.232738  19.367767  0.138718  3.335965       6.704101    974.532532  134.065125   8.426688  3.487064  187.731232
76    2.465172  36.487331  25.852396  0.239344  4.254466       7.918252    760.172180  216.462631   7.581696  3.796512  160.120331
77   -7.996260  23.254223  43.343777  0.263316  3.625506       5.519020    774.571594   92.136131   7.840577  3.241856  353.496460
78   10.057287  24.410162  22.374340  0.258138  2.259272       7.602242   1098.790039   82.639465   6.986077  3.189315   80.936989
79   -8.045353  42.000362  49.865482  0.184191  4.189856       6.305521   1440.741455  179.595108   7.099620  2.326067   68.183861
80    4.681868  13.313562  41.042027  0.256350  3.560283       7.913377    963.910828  173.777893   6.477409  3.447722  130.213943
81    7.512119  23.492056  11.035817  0.166777  4.714072       6.519164   1109.434326  173.154373   9.231094  3.651781  204.897461
82   14.406122  27.686552  23.706652  0.266833  3.953190       6.320581   1334.284302  207.808578   6.209282  3.350914  251.524887
83    7.049175  28.811939  42.751255  0.229462  3.047295       7.812077   1788.426880  105.504463   5.408622  3.343974  110.885941
84   -0.959607  36.367180  49.500610  0.254318  2.321195       5.616607   1621.961548  102.290497   9.002163  3.249750  271.268860
85   -5.626667  45.571453  40.573986  0.227678  4.532335       5.286524   1691.780640  201.186615   6.307664  3.743303  210.151321
86   -6.536102  32.415703  43.693897  0.225668  3.030172       5.207753   1027.398315  135.031799   5.274378  2.696235  146.550919
87   14.360297  28.612215  37.199821  0.197200  4.686094       6.383008   1397.191406  133.572525   7.197456  2.680733  187.767044
88   -5.188582  30.937313  17.801729  0.178415  4.295503       7.583642    786.085632  172.006302   6.214080  3.860074  106.831886
89    7.907588  28.750616  25.354874  0.213190  2.827032       6.643337   1290.596802  176.028915   8.542402  3.377213  132.701172
90   10.789598  30.494436  20.010710  0.288255  3.463696       7.084150   1030.251221  127.569893   7.418460  1.713295  135.967529
91   -0.546968  22.928194  43.488632  0.258122  3.346205       7.570445    961.234619  182.841537  10.663648  1.936132   91.660561
92    2.595587  42.054253  45.232010  0.243501  4.223309       6.377480   1563.630493  225.378494   9.112242  3.293033  182.295822
93    9.088288  20.298731  15.301798  0.240421  3.701238       6.816327   1389.006592  147.198624   7.191271  3.682285  243.597931
94   12.688576  18.675108  41.479713  0.254430  4.803915       7.316710    967.316040   38.376205   6.251520  2.348168  255.938873
95   12.188563  36.536343  39.095222  0.276948  2.648857       6.645030   1534.602173  143.961121   6.708420  3.608661  323.753662
96   -2.825048  47.791199  35.312683  0.254109  3.056533       5.456174   1193.083618  128.726639   8.543155  3.366590  198.084152
97   10.612518  26.834280  43.917301  0.251959  4.750233       6.536984    909.245178  242.270004   8.193792  2.530691  234.477737
98   -7.339539  35.476475  36.687496  0.158820  4.579876       6.487230   1200.231445  213.357086   8.413517  3.071817   57.243668
99    7.595159  45.171227  40.451504  0.235076  2.820147       8.643033    971.103149  191.850082   8.026307  2.324365  178.922867
100  -9.530535  40.599926  43.614506  0.223611  3.553861       7.640021    986.646973  209.153641   7.860949  3.594542   86.265007
101   6.713397  13.498327  43.889168  0.274824  3.340171       6.921439    777.955566   37.678856   5.598407  1.662163  349.739288
102   8.310602  21.535295  28.013960  0.204612  2.732642       6.551884   1819.340576  207.303497   8.823573  3.744538  220.475250
103  10.252073  22.547935  21.540070  0.237371  3.094065       6.593538   1372.099121  179.587906   8.515146  3.184924   82.194359
104   8.029567  21.845247  27.004631  0.172856  3.157186       6.899630    976.077271  105.627304   6.644755  3.943514  167.029968
105   9.894676  46.676792  33.206821  0.269239  2.795120       5.437463   1401.848877  203.658798  11.874624  2.939742  282.423950
106   1.219630  42.411888  39.166698  0.185994  3.601119       8.503812    853.466431  235.075607   8.692354  2.658849   69.405281
107 -14.641617  41.570160  46.681431  0.241290  2.470698       5.097465   1163.726318  106.838165   5.609972  3.573027  221.908691
108  10.616026  39.261978  25.219769  0.297978  4.991424       5.232675   1863.807251  173.617630   5.912457  2.710815   77.424522
109  -9.167659  42.584007  36.365955  0.187732  3.746032       6.474257    986.349487  242.114136   9.040835  3.402245   51.368416
110   6.583969  29.988579  30.144495  0.262873  4.922584       6.014616   1559.832153  204.101318   6.939823  3.862800  216.934097
111  -7.321080  27.297045  32.114105  0.258221  3.536228       6.796787    846.848022  122.877190   8.751807  3.143148  247.647385
112  16.011227  32.169910  28.018963  0.227357  2.683551       5.657071   1662.863647   83.585793   7.730991  3.281430  184.561920
113  -1.428998  28.238268  32.976189  0.241678  4.575755       7.274693   1203.194336  229.349640   6.940757  3.315674  118.788849
114 -18.912851  38.092453  41.402958  0.298270  4.950841       5.440824    970.575562  174.575500   5.384453  3.686809  162.369354
115   0.026785  49.271843  44.023457  0.221378  2.900576       6.466196   1205.705811  224.173203   8.183839  2.121370  173.070480
116   2.446838  23.321493  30.674822  0.222471  4.751600       5.671553   1137.615967  208.627655   9.531113  3.782883  206.610062
117   1.801918  42.290440  30.232443  0.231709  3.670155       7.435384   1214.415283  143.429306   6.324613  3.678450  128.943359
118  -9.202686  42.749031  49.804520  0.299706  3.281541       6.557732   1043.904663  120.335014   8.418481  1.469687   58.665985
119  12.350692  46.374992  24.704128  0.286184  2.841121       7.357332   1760.767212  225.039505   7.028870  3.187209   59.265621
120  14.830504  20.795864  45.483131  0.232772  1.199310       6.364621   1317.940063   11.926769   5.437952  2.177452  144.341995
121  15.294149  32.763412  22.388132  0.249650  3.975575       5.826627   1690.041748   71.006592   8.301584  3.482615  308.252991
122   5.201290  38.540108  39.488342  0.249319  2.451712       6.410267   1365.588867  166.871017   7.791251  2.661486  136.863525
123  -3.546021  15.946136  45.957130  0.287674  3.637971       5.274437   1272.716064  160.247177   7.246069  3.748563  214.903732
124   0.433431  23.651176  35.250744  0.232628  3.445901       7.051954    979.900024  104.349411   5.939332  3.096917  192.387848
125  11.592759  45.896996  32.398777  0.255419  2.633683       6.015295   1644.985474  164.368484   6.877924  2.670482  166.637558
126  14.229100  33.827976  37.775990  0.265692  1.461600       8.661355   1125.998291   84.609047   8.021963  2.907079  163.360565
127  -5.922775  31.710369  39.441982  0.219197  3.652234       6.354959    704.412354  230.001358   9.422535  2.660262  256.744598
128   9.544480  35.877235   9.183875  0.214583  3.857077       5.739872    906.421082  222.160370   6.767478  2.822238  184.146820
129  19.468252  19.051687  35.637627  0.299748  2.380319       5.341478   1824.805664   95.371513   5.912354  2.233985   73.137016
130  11.704391  48.865929  41.985615  0.292923  2.638760       9.831944   1037.890015  166.195023   7.376350  3.728649  316.245026
131  -4.373435  29.476463  26.577156  0.249951  3.481707       5.474910   1281.154663  140.043503   9.541758  3.187986  123.030220
132   4.485640  35.267529  35.262718  0.219817  2.417799       7.156749    910.690613  130.530563   8.990416  2.496066  154.726242
133  -0.505696  33.843590  35.017532  0.174796  3.683749       7.097320   1423.797241   93.086586   5.347082  3.992365  155.393585
134   2.551478  34.826019  23.873188  0.292459  3.274226       6.034618   1348.886475  146.509064   9.624599  2.869540  154.036758
135  -2.007701  42.286907  40.505962  0.169720  3.594606       8.677483    700.102295  245.964218   7.519857  2.432389   55.003578
136   9.651091  19.386301  28.938435  0.133034  3.213685       9.592539    901.449768  133.647141   9.513152  3.057337   52.695419
137  10.886750  36.084824  27.232027  0.299751  2.393163       5.562847   1209.338257  102.394051   9.140606  1.829073  234.362015
138  11.299352  10.170186  23.241991  0.210553  4.109154       8.814772    767.297913   89.887856   7.148105  2.804883  127.179344
139  -6.039525  35.771687  48.035202  0.238144  1.862875       6.251378    971.167542   22.865808   5.184185  3.928082  278.257690
140   5.724207  32.959187  21.928381  0.236146  4.406770       5.181947   1442.972290  181.106308   7.044962  2.971275  175.277557
141   0.576740  31.256668  24.357187  0.179472  4.554651       6.369861    996.083740  195.084839   8.230972  3.151927  137.952179
142   4.955861  36.396629  36.838715  0.297252  2.376416       9.667244    829.988953  196.462509   9.283692  3.771206   95.949066
143  10.723656  13.214431  13.633206  0.230214  3.849909       5.147444   1508.388794  188.017548   7.259481  3.212463  171.797409
144  -4.822417  33.572636  41.014370  0.249868  3.831300       6.117684   1440.051758  203.953232   7.206002  2.526286   77.154091
145  10.346018  21.156940  26.492895  0.189110  4.396691       6.406048   1249.648193  105.786339   7.714319  3.306681  169.370224
146   5.629343  23.108900  30.679537  0.168314  3.054295       8.733035   1041.640137  190.964844   9.883872  3.666443   75.376915
147  14.229977  11.915425  29.716557  0.262511  3.673476       7.543904    988.217163  140.023758   8.117709  2.539411  131.187424
148  -3.246236  48.714371  48.059914  0.251739  3.320592       7.328812    802.808838  158.986801   6.664673  1.918976  175.867020
149   5.378798  37.919498  22.233456  0.288776  4.225205       5.758287   1846.448608  212.027405   8.424757  3.821952   85.040215
150   2.099206  43.869598  36.782436  0.273481  2.990918      10.653731    709.832642  205.785583   7.815534  3.109987  121.146118
151  -5.908712  44.278526  32.271713  0.249048  2.332886       5.647717    872.655701  172.885895   6.027775  3.187870  238.102646
152   0.692189  42.632927  34.515541  0.166458  4.121713       6.973726   1073.972900  227.428024   8.822723  3.519744  120.750443
153  -2.560336  35.431664  31.013515  0.297453  3.180819       5.253152   1577.744385  121.568031   7.621906  3.527178  154.256119
154 -12.692654  28.694727  45.916874  0.273486  4.046285       5.042139    752.301514   88.281380   6.987635  1.179119   95.032295
155  -5.508687  42.076912  43.277241  0.265725  2.643185       6.282601   1123.986328  121.274414   7.191411  2.890670  275.288879
156  -5.512505  47.454033  47.039684  0.244823  2.127144       6.147514   1623.262939  135.816742   8.312089  3.135099  195.723572
157  -3.430665  41.368114  48.053612  0.222644  4.246418       8.105338   1111.842529  137.967453   6.244679  2.435473   73.973366
158  12.100423  17.942972  20.266708  0.288105  3.663934       5.289186   1814.235474  198.707672   8.661139  3.451649  213.767593
159   6.903921  43.025982  34.946022  0.264237  2.327157       8.287221    912.935242  144.077103   7.209022  3.685528  276.263397
160   1.702020  28.854277  47.715908  0.176979  3.462245       7.203029   1114.207275  123.435760   7.833303  2.903598   78.781792
161   8.867215  32.535618  41.231804  0.265384  1.289003       6.477620   1088.838501  136.968033   9.946875  2.607001  281.978058
162  16.713789  36.339344  22.234880  0.250052  3.116883       7.052204   1908.014648  185.166214   6.821554  2.920992  122.863823
163  -1.000258  26.538017  36.438061  0.237706  3.451853       7.774979    848.072937  181.204224   6.806949  2.820776  133.506516
164  10.802431  31.249495  22.672775  0.245915  2.292204       7.094569   1389.097656  164.766098   7.047582  3.654520  172.622925
165  -9.372261   9.537960  34.622826  0.270671  3.418907       5.507693   1886.750488   53.473179   7.096469  3.778511   92.465981
166  11.135166  32.179401  26.162430  0.276279  4.232153       6.127373   1965.922974  241.437576   8.489842  2.878523  110.090332
167   7.212077  14.896848  37.164055  0.234423  3.077183       5.330732   1205.340454  133.614609   8.184791  3.218591  275.894043
168  -1.636328  37.387283  37.578220  0.196268  3.849501       7.971866    895.293091  217.359146   7.548467  2.417283  117.799812
169  -6.369977  48.622353  49.565903  0.285956  3.572904       5.571098   1386.124268  168.696716   6.239412  2.237815  112.286591
170  12.773364  21.925236  27.106400  0.283855  2.146641       7.045740   1667.019531  218.661057   7.914316  3.596675  153.825546
171  -9.383537  37.184601  41.396046  0.181886  3.812740       6.114805   1454.750854  129.602234   7.475500  3.086879   85.964691
172  -3.994294  42.703606  47.219124  0.236935  3.911070       6.581182   1525.513794  232.973785   8.613608  3.117828  150.631073
173   5.200870  29.311911  33.078766  0.229939  2.266394       6.113465   1091.728760   79.411652   7.413116  3.922701  337.088531
174  18.038456  19.093761   4.548957  0.255939  3.868388       5.502373   1669.161377  178.682678   7.590240  3.282340  157.586487
175  -0.281530  36.723949  38.504002  0.238667  2.340552       8.321472   1537.396362  108.748291   7.392947  3.174570   66.401726
176   9.146577  10.693037  37.267750  0.235587  1.432918       5.452581   1127.866821   75.276703   8.122947  2.808661  160.247452
177  -5.043027  22.412979  47.672401  0.254999  1.580751       7.293678   1250.074951   46.140350   8.153967  3.411446  152.231339
178  13.613667  44.253666  21.938953  0.228495  3.118127       6.237852   1324.543701  145.683319   6.161418  3.224518  273.677826
179   9.683080  31.483080  30.574543  0.261188  4.252857       7.875074   1354.641724  173.558029   7.656605  2.669636   99.667038
180   5.999042  22.049940  46.586758  0.205044  2.937776       6.681938   1002.086426   82.726219   5.892637  1.746255   83.140114
181  -9.743227  39.637878  46.497585  0.188223  4.710380       7.919377    975.389221  200.230453   7.050783  3.587408   62.867786
182 -16.428350  42.818916  42.511112  0.253258  3.144103       5.187331   1009.930481  132.523804   7.747501  2.037511   65.224129
183  15.401401  24.974636  40.582348  0.293857  3.823685       5.736594   1311.711792   68.097404   5.503411  2.438285  188.545547
184  10.942306  37.413429  28.110661  0.268176  1.905814       6.589329    810.951721  204.379761  10.249536  2.421133  297.566132
185  18.762197  25.086836  18.226070  0.293866  2.011489       6.433431   1036.125610  132.567398   8.197926  2.022656  215.100937
186  16.927959  18.051418  41.018494  0.281440  4.628475       7.612716    741.033936  165.772888   8.210176  2.727129  374.829895
187  12.751426  49.862320  29.791533  0.276899  2.940843       9.968810   1014.688354  174.810455   5.994405  2.025275  122.318695
188   4.607739  30.436817  42.027039  0.286427  3.809952       6.183318   1779.145264   71.609863   5.709721  3.051779  141.904053
189 -18.360458  27.385056  49.533428  0.221922  3.900583       7.057591    996.523254  112.561028   6.141685  3.171882   54.992451
190   8.845247  41.533241  27.926098  0.185806  3.439638       7.198312   1156.971436  132.608963   7.340018  3.161804  165.005432
191   4.334104  37.549263  49.201260  0.293547  2.734907       7.000108   1304.401611  183.222244   7.612037  2.771364  137.269470
192  -1.524181  35.201183  32.580330  0.286458  3.100071       6.435449   1396.183960   95.735603   8.184228  3.577110  185.509964
193   1.045649  48.858059  35.207497  0.256086  4.087104       6.365716   1121.689819  240.576126   5.127504  2.979667  182.231232
194   9.977549  21.327370  30.043587  0.228045  2.412553       9.581427    881.829895  157.224045   7.227803  3.246535   65.392494
195   1.559972  39.649288  38.794769  0.184147  4.716544       7.278049   1031.939697  235.854462   5.775933  2.448003   60.302383
196   2.088124  37.476170  36.870197  0.202806  2.707447       5.600689   1504.135620  126.575340   8.297050  2.961556  158.466553
197   3.393341   7.604553  28.343107  0.233359  3.846672       5.885637   1252.300903   38.992920   6.709681  2.090199  226.942322
198  -3.864756  40.024235  44.499908  0.244520  2.807196       7.208056   1330.579224  218.124863   7.177921  3.486299   80.547569
199  14.657984  38.611065  26.204849  0.287414  4.348752       8.237980   1739.078857  213.809235   6.824222  3.921817  114.572029
200  13.355254  28.834709  24.262617  0.175603  3.370050       7.654095    976.957214  226.167831   8.929028  3.659164  205.298630
201   1.821630  34.364075  31.264290  0.220902  4.649274       5.796862   1045.884888  159.368317   9.097069  3.707015  297.153076
202  -6.285542  38.717152  48.778572  0.239444  2.509085       7.638392    901.633179  167.705887   7.931085  3.652154  214.825562
203   0.867848  33.643581  42.755219  0.185216  3.074800       7.856722    803.638306  104.478737   5.219677  3.344315  179.164764
204  16.924398  11.009389  16.637064  0.249682  3.319805       8.573702    803.080139  171.645981   6.749264  2.786506  224.665924
205   7.852241  33.344185  34.952911  0.263729  1.791077       8.797519   1071.120361  182.417252   9.682679  3.090325  102.501915
206  16.440760  16.129953  36.922279  0.281248  2.598255       8.012689    847.869385   12.343991   6.288702  3.673931  320.482269
207   5.362217  32.152966  44.856941  0.260185  2.986501       6.462006    977.270386  131.925842   6.730226  2.734824  197.440140
208  10.950644  19.805386  41.590939  0.253910  1.991741       6.771069   1190.925537   57.605614   6.172733  3.990117  239.463135
209   4.802837  12.346514  38.340031  0.226560  4.901886       8.264009    926.092773   87.337387   9.604268  2.882701  158.987366
210   4.745048  37.596592  44.206585  0.259287  1.382211       8.993031   1038.983398  109.226234   9.026729  2.582260  203.495911
211  18.405910  22.906710  28.042124  0.178171  1.771867       8.619341   1110.595947  117.469162   8.789632  2.898533  141.355133
212  -0.604126  31.625462  36.323830  0.293641  4.672544       6.753640    907.071228  234.215073   8.689060  2.349474  130.701645
213  11.437119  11.189959  27.068499  0.279458  1.924114       5.338319   1572.817261  129.743927   6.099803  3.747704  209.799393
214  14.025904   7.403849  22.158855  0.207276  3.522435       5.460486   1783.723999   53.852238   8.050635  3.770143  129.233902
215   9.614997  27.411524  27.127796  0.244043  2.952617       6.099988   1310.578003  205.920166   7.384823  2.282760  109.957024
216  -1.974204  31.793606  46.811459  0.225172  3.982410       7.981746    829.232849  232.426910   8.618371  2.667840  106.759583
217  -8.557576  28.745564  44.977097  0.159733  4.866939       7.301064   1068.339966  199.014038   5.624279  2.962265   74.293327
218  10.711829  37.321339  23.097218  0.284761  3.758593       6.870560    870.561584  147.961517   5.225065  2.050327  164.277771
219   4.322711  43.607372  46.127758  0.272751  1.648423       7.970820   1477.226074  104.328873   6.440178  2.393035  116.708931
220   7.003409  33.308781  24.409868  0.245708  2.841498       7.355313   1401.135620   29.719566   6.287435  2.976556  100.619377
221  12.456242  11.557491  15.697683  0.141190  2.419903       8.564220   1105.892944  193.629807  10.133259  3.684791   89.918648
222  13.820870  30.673590  27.522018  0.161860  4.673239       6.981558   1271.481689  215.591415   7.353805  2.428019  113.016701
223  14.020346  32.550777  41.701263  0.233674  2.804394       6.859136   1911.347534  238.003891   8.982623  3.538165  158.808914
224  -5.465483  43.182041  33.784115  0.269328  3.224878       7.822165    727.323181  112.212898   5.369706  3.110897  192.210754
225   2.140153  45.828556  29.507122  0.267168  4.471560       7.426704   1025.430420  204.205215   7.296202  2.943265  108.962738
226   2.305951  32.988201  30.392952  0.270649  3.555321       5.655777   1717.552490  172.243134  10.172376  2.742728  133.899017
227  -1.411860  18.893082  26.486834  0.218903  3.906350       6.828897    858.958923   42.763584   5.911956  2.733001  193.336166
228   0.577961  26.978188  23.521370  0.270355  3.034274       5.670617   1013.592773  154.079788   7.376557  3.619648  239.534424
229  11.275830   8.924911  40.940994  0.290589  2.918041       7.321764   1706.295288   37.951252   7.131743  3.394711   94.064461
230  17.442945  26.398384  47.981461  0.283495  1.003101       6.384887    777.562927   47.097630   7.049583  1.460392  333.000549
231  -4.457557  27.498592  24.209627  0.196245  4.477359       6.226439    895.850525  223.590591   6.082370  2.496628   78.324158
232 -11.544881  36.655807  42.495998  0.288283  3.792316       5.997718   1255.167480  123.351616   5.171968  2.601770  103.164879
233 -15.731349  27.376701  43.398285  0.265673  4.780215       6.536521    975.296448  163.847229   6.210998  3.868257   80.453041
234   4.337111  26.185575  20.093065  0.295336  4.182216       6.001386   1173.633789   51.262642   6.881271  3.558546  145.761429
235   4.253847  39.232384  44.915653  0.256883  3.734710       6.472018   1402.548340  156.115097   7.261183  2.408059  159.554749
236  10.215723  23.070463  33.299446  0.251319  3.725028       5.505086   1517.230957  139.226013   9.314137  3.637020  199.480484
237 -10.656606  43.460209  31.860010  0.235174  2.894303       5.122743   1130.437378  120.180344   7.790888  3.911203  163.774994
238  -6.508169  31.696833  37.255886  0.280932  1.955828       8.317326    749.040405   35.454208   6.945451  2.766870  136.562546
239  12.347245  38.216679  29.020020  0.267015  2.890913       6.323911   1359.229980   58.237804   5.107882  3.926547  376.178345
240   5.521920  25.626621  25.916456  0.262046  4.195624       8.263758    796.538391  202.358826   7.320392  2.390687  138.239014
241  12.438996  23.895376  27.813511  0.284046  4.221437       5.645187   1068.869019  178.341141   7.319159  3.246276  376.946838
242 -11.501393  38.192738  49.656788  0.298250  4.102132       5.714685    843.589050  122.162277   8.340408  2.587479  174.447784
243   7.580956  37.540199  37.690548  0.299303  1.971563       7.099666    744.782654   50.815464   5.090353  3.108595  355.848053
244   8.263010  33.893021  41.937355  0.190467  4.605221       6.467610   1407.523193  144.023544   5.065958  2.802829  200.105423
245  -1.742197  40.664745  39.348400  0.226202  2.764400       6.541243    951.062439  152.138779   7.155829  3.063803  224.611664
246  15.604866  31.000267  25.269381  0.199804  2.801885       8.738893   1405.625000  240.417511  10.112811  3.997531  113.734581
247  19.095528  27.114296  13.754477  0.252347  4.012300       8.712308    865.784851  246.930969  10.095390  1.953798   55.780956
248  -4.949588  31.883268  33.401505  0.249945  4.372552       5.962776    959.067871  130.987488   8.958318  3.634598  252.122345
249   6.791514  32.620110  35.296886  0.175560  3.230261       5.847493   1068.106934  138.968582   6.903658  2.711477  186.242462
250   8.823268  47.832886  23.961918  0.210085  3.546243       5.543689   1557.118530  247.241531   6.785008  2.806144  147.584961
251   0.381044  24.526665  18.726158  0.228112  4.474265       7.467607   1295.112549  150.715851   6.127210  3.623775   89.378212
252   8.218728  27.665699  45.867134  0.297685  2.265869       5.384779   1704.215088  172.305664   8.131941  3.784557  350.168884
253 -20.004322  27.577372  38.475685  0.182596  4.872206       7.200879    860.876953  154.955826   6.305359  3.397842  106.406105
254   8.359828  26.264532  39.620495  0.271853  2.847364       7.309553   1184.200806  198.035843   7.034068  2.476018  143.091248
255   2.818018  36.217384  33.440285  0.239030  2.575931       8.130720   1091.183350  203.968735  10.158654  3.378435   72.893829
256  -7.710448  30.242630  46.368729  0.235833  3.129488       5.496996   1260.193237  111.578476   7.021732  2.673320   66.324677
257 -12.642801  45.230625  47.697311  0.232092  4.717339       5.851897   1091.748413  231.400452   6.095857  3.996263  118.568924
258  -3.363093  13.828429  38.877644  0.251331  2.766853       5.967586   1279.000854   67.041809   5.858401  3.157201  189.670013
259  18.949514  38.670792   2.821827  0.297066  3.740130       5.709609   1350.746826  202.293915   9.737115  2.303990  108.708290
260 -21.668968  35.154400  45.247791  0.283362  3.205658       5.669293   1008.368835   87.211761   5.237985  3.434659  206.363281
261  13.187641  25.746881  41.737019  0.242514  3.595452       6.415221   1078.184692  174.990967   6.473097  2.289204  208.607864
262   3.785150  41.628841  45.711365  0.187554  4.339118       7.197260   1430.613159  227.092560   7.366300  3.065192   92.215866
263   0.311104  39.151714  28.698374  0.253487  3.774622       5.243650   1029.024536  117.209770   7.650503  1.170629   88.025795
264   3.775862  29.802755  30.396200  0.246667  2.872031       6.212226   1118.964233  130.633942   5.556465  3.837593  319.674011
265  19.606535  27.366268  37.100758  0.231040  2.672539       6.407303   1293.962524  120.979179   6.723406  3.086424  242.552109
266   3.746073  37.674664  20.184465  0.296255  3.968027       6.482302    991.298218  131.343079   6.076612  2.205633  141.916245
267   5.366227  45.299690  41.256546  0.278857  2.387507      10.169590   1354.737793  136.262100   8.656277  3.769068   98.950027
268  10.336330  40.532539  43.221592  0.227975  2.166203      10.208464   1826.886841  225.084198   7.972156  3.760705   55.298656
269  -8.790414  43.989914  45.798576  0.248280  3.899602       8.454564    777.495239  183.433228   6.241305  3.835909   90.167618
270   7.786464  32.168369  40.832649  0.234151  2.490591       7.042401   1093.818115   60.880592   7.280216  3.225034  186.462006
271   5.714735  23.321079  34.153297  0.263782  3.349700       7.442561    844.468384  116.707245   9.851051  3.001249  129.616531
272   3.807086  48.382984  26.888268  0.222230  3.094709       6.128647   1104.307495  144.576935   8.917128  2.513957  148.784027
273  10.725157  27.960598  26.384106  0.264065  4.642802       7.874088    984.308594  228.711899   9.215142  2.207017   84.934547
274  14.301396  40.133446  29.463949  0.236253  2.093702       5.901958   1904.401855  150.640381   7.016142  2.362391  108.347549
275   8.051273  29.213966  37.991047  0.285749  3.191360       7.183386   1092.752808  207.476318   5.590991  3.265809  305.932129
276   5.825238  21.082754  45.368687  0.215485  3.323420       8.275681    937.295471  248.131897   8.974593  3.418875   73.357002
277  12.960526  25.153141  27.438675  0.175617  3.562988       8.617156   1099.377930  185.078278   8.508994  2.776823   73.330902
278  12.431797  14.333227  27.823042  0.276030  3.746824       7.175491    855.126282  173.493256  10.242130  2.159631  159.653976
279   8.752075  34.419716  28.315268  0.209693  3.344431       6.500656   1356.928223  186.905991   8.706512  2.378431  164.410446
280 -15.620051  34.320427  46.744003  0.297334  3.671774       6.098839    795.994019  217.586258   8.998421  2.772441   86.617119
281   4.879313  15.514134  44.692547  0.219057  3.303267       6.278249   1297.410400   51.077591   6.621261  3.464828  238.697479
282   6.916775  36.950348  48.769855  0.241201  1.926560       8.305985   1408.712646   70.905846   5.414257  2.140874  138.403214
283  -0.511635  49.818195  39.362423  0.233545  3.071632       7.252119   1107.954224  207.096954   9.025433  2.822033  157.593811
284  12.831868  32.082531  25.497112  0.204905  3.142492       6.411625    703.874695  129.627274   7.062872  0.841997  185.071213
285   6.210098   9.993928  29.326754  0.281336  3.906556       5.640808   1884.231079  231.284836   8.610236  3.304970   95.916306
286   7.157237  41.675846  30.107719  0.252610  3.980424       6.766411    824.793213  147.328674   8.297769  1.889897  154.334518
287  -7.614346  33.247700  44.012966  0.179729  2.945917       7.289198    977.132996  191.969025   9.593713  2.856605   89.339188
288  18.921953  25.794329  15.109956  0.269880  3.585189       9.172272    852.334534  150.851044   5.543928  2.886940  155.204224
289  11.953628   5.314628  16.602722  0.280473  4.592020       7.306558   1132.437378  221.380157   7.654637  3.788601  117.443954
290  -6.305731  26.742542  44.282566  0.202966  3.995283       7.654330    962.578491  222.320190   8.328806  3.185097   71.639191
291  -0.653319  26.648645  34.619900  0.221821  2.777175       8.225580    925.495850  157.699875   5.556986  3.829249  145.608292
292  -0.122951  46.077076  39.231228  0.223452  3.107656       6.393709   1192.297119  139.308594   5.801670  3.308826  210.277985
293  -1.664841  44.351044  45.732410  0.267523  2.400767       7.028472   1346.104370  217.585892  11.747762  2.288987   66.967979
294 -11.308037  49.956123  45.418766  0.200234  4.078384       6.268984   1033.134521  232.910995   8.905120  3.184792  117.554367
295   9.263798  25.844978  30.431929  0.277184  2.403011       7.177721   1780.949585   34.741985   6.493440  3.716065  138.431976
296   8.206394  47.947620  22.241533  0.274762  4.090585       8.450672    988.749756  246.784546   7.964205  3.395171   81.189964
297  -7.530064  38.103912  47.935524  0.234279  2.573877       6.683104    823.280334  124.527176   7.648854  2.295009  169.337067
298   7.615880  49.823540  45.272804  0.247342  2.476826       9.019542   1480.889038  141.099533   5.984000  3.053064  210.507660
299   4.438227  41.042782  23.894434  0.221652  2.983696       5.074352   1370.961060  155.103607   6.123590  3.191014  181.107880
300   4.382757  40.011105  38.830235  0.240371  3.192671       6.991794   1634.974609  227.484726   6.573322  3.088603   76.636902
301  12.268448  34.587055   3.855123  0.201439  4.975695       5.039983   1634.443115  231.943130   5.087554  3.652665  142.983826
302  -3.161592  31.193918  42.726402  0.294169  2.916785       6.320755   1238.294312  223.044357   8.323768  3.717393  153.246017
303   2.411336  22.526350  40.061760  0.175607  4.080008       6.790696   1673.080566  183.936737   8.474032  3.790794   60.942131
304  -9.202408  35.073009  44.265114  0.290137  2.634419       7.250158    751.835327   95.205772   8.452705  2.408290  287.393005
305   3.762383  29.517118  42.811630  0.270811  3.919182       6.023824   1010.354614  129.666519   9.026569  1.521300  135.597061
306   4.058829  40.666996  26.066900  0.192508  4.069560       6.805806   1327.442871  145.243225   5.900968  3.849079   87.537827
307   1.376937  35.464634  46.995491  0.293780  2.270022       6.797737   1596.962036   77.555405   5.895109  3.489159  189.961777
308  -3.045177  43.718723  39.407997  0.226112  3.381249       6.599681   1444.046265  210.850067   8.005315  3.988311  187.248917
309  -6.381960  30.768152  40.097000  0.262915  4.131802       6.032047   1178.252808  199.552887   8.662571  3.260583   97.953087
310   7.907200  34.038494  45.513428  0.278085  2.411142       7.186555   1014.231140  129.809204   9.905747  1.826864  250.118927
311  -1.602158  35.995010  45.481285  0.242117  4.298037       6.589150   1467.363281  162.209290   9.350712  3.711543  170.541077
312 -10.085411  19.849335  26.520563  0.282991  2.557550       6.710970    958.620056   66.254005   6.887776  3.501416  305.722748
313 -18.871517  36.017536  42.986809  0.265101  1.972306       5.173232    830.717163   61.508049   5.974118  2.129844  212.910065
314   2.613735  35.656712  36.987831  0.201816  3.147298       8.047235    927.665894  132.330429   6.394239  3.498015  121.198769
315   9.569784  34.697754  41.783623  0.211066  2.285154       9.433957    776.148254   99.243675   5.920844  2.370769  137.215240
316  -4.768941  42.064663  41.930042  0.210332  3.724363       5.331400   1308.758911  158.456406   6.945474  2.076227   87.566872
317   0.695711  26.447699  37.773018  0.267301  1.989785       8.382468    902.249512   79.356491   6.244236  3.694688  288.369049
318  11.128273  34.301899  23.394609  0.232353  2.412913       6.796870   1101.778564  148.201950   8.751553  3.293576  198.062592
319  17.591433  33.503384  23.063799  0.202065  3.178818       6.314418   1114.924438  166.348953   6.893155  2.102940  178.691360
320  -3.670803  37.961868  44.905487  0.264645  3.086033       5.102742   1930.064941  140.999680   7.401918  3.699360  181.632782
321  -3.629629  41.772663  40.779449  0.242132  3.722853       6.643419   1451.035767  135.598160   7.656830  3.600301  153.453339
322  11.129858  15.402756  28.584234  0.237738  1.435074       8.152602    962.323486    4.473328   6.507312  3.863072  189.896362
323   4.986696  23.191246  17.426107  0.263474  4.200237       6.175353   1179.098267  197.490173   7.252998  2.862362   68.654610
324  11.234532  45.481186  29.934444  0.278244  2.545163       7.267987    915.804565   80.950378   6.866445  2.531758  274.483856
325   2.636103  38.436668  34.397045  0.253589  4.508629       5.468120   1483.956665  203.617920   7.062782  2.771210  144.284897
326  -2.242554  33.842613  41.568836  0.190024  4.012435       7.414856    712.592957  204.382980   9.315906  3.562503  194.951797
327  -1.632177  35.132477  34.495415  0.155318  3.773544       6.830986   1404.377319  191.111359   9.829749  3.873551   85.322609
328  10.595832  44.342796  30.456852  0.263752  2.827282       8.314377   1615.343994  164.485535   9.759023  3.138984  113.856888
329  -9.076820  28.404552  47.109928  0.261569  2.002017       6.663702    713.838867   67.639557   7.602762  3.292196  334.899200
330  -1.450434  35.544331  28.939026  0.269381  3.922571       5.729487    833.285583  193.249924   6.311730  3.116921  316.187103
331   2.543245  31.870462  32.890957  0.266098  3.092387       7.120919    944.925049  220.475601  10.814895  1.588479   88.115791
332   3.033724  32.001076  14.187725  0.262017  4.299527       5.534453   1665.199951  194.897888   6.795921  3.891653  186.367630
333  13.297926  31.011663  19.601648  0.264110  4.101329       9.737739    801.263794  178.736649   6.776167  2.965051   70.724449
334  -7.699950  37.281101  39.883812  0.277875  4.561085       5.346466    994.598389  206.972397   5.124939  2.255592  163.442856
335   1.932211  32.935696  36.108040  0.292383  2.007806       7.145635    839.415649  184.057434   8.486176  3.557504  304.673218
336 -14.426160  29.978846  43.619595  0.289323  3.514897       5.449167   1638.708496  103.372841   6.987464  3.956277  153.146683
337 -11.153391  44.725941  35.673618  0.251388  4.974475       6.575530    801.105774  153.966980   5.579843  3.870777  120.704140
338   7.339488  31.103279  42.010689  0.239297  3.744784       7.647013   1607.445923  166.793930   7.546770  3.931736  148.650681
339   4.896692  22.917686  26.344803  0.223189  4.797042       6.032197   1564.546143  145.401215   8.276338  3.347917  221.206482
340   1.396551  38.075226  47.848129  0.249768  1.645555       8.638060   1329.799683   89.500160   8.871502  1.851735   55.084999
341   5.239120  29.432560  32.347054  0.257364  4.178226       6.622801   1374.175171  206.849686   9.389876  2.942199  121.677353
342   6.950171  37.515724  31.618977  0.229475  4.713277       5.745700   1239.863159  238.863510   5.539944  1.947755  133.025330
343   1.743353  48.400642  27.259985  0.293208  4.432507       5.358106   1085.058228  212.798721   7.960505  3.293026  219.947205
344   3.880159  29.127886  23.686979  0.214704  4.991617       5.959916   1760.859619  181.941574   6.653042  3.967598  180.592117
345  -4.605177  41.514950  47.679436  0.275122  2.300074       9.130589    735.704407  133.710480   6.189251  2.302494  152.653152
346   7.730137  20.290802  16.399967  0.209441  4.588141       5.604561   1359.292725  120.724297   8.767165  2.300661  159.075333
347  10.704066  38.978424  14.166551  0.273612  3.129311       5.078030   1057.403564  129.399811   8.218658  2.995118  302.831696
348  16.119137  12.450438  21.867750  0.276111  2.855877       7.263873   1242.495239   55.444042   7.788262  3.997549  275.655487
349   8.866715  20.994894  41.994328  0.285969  1.151354       6.204286    998.796021   57.527569   5.772585  2.973241  325.527313
350   1.979946  31.773106  41.385265  0.283797  2.977445       5.702113    786.366882  101.738258   6.435909  3.669000  360.166260
351   3.972062  37.914673  41.402027  0.172942  3.238686       6.448178   1240.202271  176.627106   8.396351  3.711336  196.700638
352   3.037804  39.472691  39.460457  0.251080  3.007764       6.791929   1641.040161  247.294312  10.357736  3.594734  159.933090
353   4.221069  27.375778  21.811811  0.181380  4.501176       6.415319   1318.230835  186.183975   7.649125  3.012624  116.829796
354  -0.894953  33.775978  30.771774  0.274414  3.247693       5.818217    776.572754  141.265442   6.917469  3.585790  237.557037
355   3.434927  25.314571  32.067417  0.295418  4.793744       8.636100   1011.347168  212.773224   7.500111  2.994881   62.000908
356  11.097774  34.359074  35.917751  0.262882  3.359600       7.885735    985.556396  166.509750   5.975127  2.403278  110.112633
357  11.374605  30.436218  22.795444  0.298332  2.668413       5.394954   1077.070068  183.227341   8.297421  2.776564  212.926941
358  -5.017799  33.763485  34.658707  0.202013  4.312819       5.083679   1405.165649  145.168503   8.922509  3.015495  136.731415
359   5.183078  46.779381  37.424465  0.250965  2.865230       5.239169   1959.131836  248.957397   8.600222  3.318704  248.708313
360  -3.199797  25.613348  44.017719  0.279276  3.288360       6.438663   1035.925293  144.826599  10.358220  2.419062   99.952545
361   8.696026  14.064148  25.577351  0.232093  2.294307       7.124405    929.141602   86.457008   7.714340  2.612942  234.559921
362  -1.683519  34.010597  32.146679  0.255991  2.915029       6.390216    943.052124  112.269386   5.927109  2.434746  242.802933
363   8.227888  20.956329  36.672985  0.245857  3.664352       6.300169   1416.571777  145.590652   6.613727  2.449421  213.994186
364  10.820642  32.482552  31.310421  0.264745  3.735389       5.965329   1724.378784  205.987701   9.454189  2.184045  132.757141
365  11.908155  33.673424  22.482718  0.230891  3.813545       5.636738   1254.787354  217.556717   7.450485  2.433108  159.487518
366  -1.085330  28.412518  28.169085  0.224393  4.657310       5.260989   1731.721558   89.416946   6.034275  3.331388  184.984802
367   2.921712  24.997332  18.087355  0.277769  3.844462       7.492607    807.652710  101.765068   8.749171  2.699506  197.104553
368   4.736955  40.234627  28.775974  0.247142  4.726047       5.445191    978.627075  145.803528   6.303547  1.420601  158.438156
369 -18.801373  39.797604  39.128471  0.235595  4.632200       5.901097   1051.653076  104.401161   7.432288  3.892663  112.361290
370  -0.000971  26.630836  47.898823  0.261419  2.839294       7.971530   1001.936646   59.631344   6.644632  2.760139  131.571793
371   1.289401  30.643566  18.562078  0.222047  3.879000       5.174284   1273.610840  111.905319   7.220678  3.626956  166.562439
372   0.714035  33.895172  41.760574  0.241832  4.701846       8.690881    965.574585  155.513809   8.644157  2.959653  105.186531
373   3.174588  34.880791  39.114422  0.186280  3.073875       6.954545   1144.727539  158.504944   9.260429  3.218795  160.574036
374  -7.799652  35.425663  29.718014  0.278329  3.787538       5.859097    777.364685  148.764893   6.418707  2.020674  140.475754
375  14.610864  21.843224  31.701517  0.137139  3.767124       8.110632   1936.746582  178.288116   5.966569  3.714370   71.739456
376  18.904661  45.045582  18.556360  0.279171  2.469207       9.889175   1214.741455  153.629974   7.071940  3.263796  177.532715
377   7.097144  40.208584  32.212234  0.177527  3.542518       6.682305   1566.023071  215.172638   6.746443  2.444266   97.200981
378  -5.753969  48.245911  43.052032  0.259194  2.244519       8.651916    743.498352  205.653305   9.426446  1.666591   94.537224
379   3.594006  29.564903  44.937710  0.160990  2.568690       5.708118   1517.624268  139.686432   6.600094  3.962038  188.884521
380   0.931903  31.778357  35.608875  0.194193  2.867829       6.511313   1059.610840   71.042862   5.296265  3.226918  122.308594
381 -12.847417  14.829535  41.280128  0.266813  3.241392       6.673573    967.075928  102.312393   5.942534  2.579698   84.272957
382  14.310800  16.632444  31.055738  0.298935  4.003963       8.431115   1632.164429  167.506927   6.832932  3.780975   84.480232
383  -0.544767  47.603436  39.911667  0.294532  1.856983       5.447703   1417.478516  106.930359   6.822563  2.565841  238.243469
384   8.632294  29.448908  41.895615  0.237401  2.140269       6.613946    739.256409   97.337494   7.126446  3.257617  337.520721
385   0.602471  40.415443  35.178726  0.228835  3.793637       5.021762   1872.444458  124.094467   6.716563  3.216301   82.695976
386   7.245125  41.597427  21.107529  0.263785  4.798528       5.387565    762.628784  232.648254   7.293479  2.317693  205.833878
387  13.739583  38.851254  10.687369  0.207976  3.558313       5.224237   1911.293213  149.736877   6.561268  3.195701   63.207573
388   0.890016  31.473043  29.121567  0.263944  3.379486       5.732274    712.267517  188.436020  10.911523  2.819688  264.694855
389   1.643882  40.376148  27.104832  0.217814  3.223047       5.475978   1435.866455  119.571983   7.018962  3.475549  195.228943
390  15.031923  35.582344  42.542580  0.210445  1.614810       6.576679   1374.384155   84.657967   7.703440  1.803137  162.823364
391   7.102676  20.492144  23.089071  0.199108  4.268912       7.373433    993.281311  132.144287   8.146624  3.254423  218.124557
392   0.078966  38.615540  22.253157  0.251024  4.868927       7.147039    721.467651  189.544434   8.356227  3.209180  206.810638
393  14.202534  31.739822  36.577850  0.214012  3.048889       9.635705    750.277222  156.491028   7.656940  1.662914   88.839836
394  -1.560996  48.664959  40.390640  0.295170  3.259704       8.931748   1420.613525  156.541580   7.477854  3.298154   62.123798
395  13.927545  13.991707  34.259598  0.226908  1.250497       5.966030   1400.483154   54.792660   6.357512  3.438192  183.879791
396  -0.721739  45.578213  27.588505  0.223370  4.607171       5.184206   1176.688843  101.680046   5.020450  3.302954  245.764938
397  -2.034872  34.287407  47.940201  0.192542  3.310730       5.304521   1098.338745  192.589981   9.091020  3.419980  229.411728
398   5.806263  32.153503  44.121044  0.239455  2.352233       7.424600    733.200073   94.234871   6.015575  1.234770   82.333153
399  12.434400  45.554104  16.994141  0.188370  3.940233       7.483219   1170.107422  206.241837   6.299059  3.160298  126.561134
400 -12.854083  43.048706  45.818462  0.250923  3.613681       5.372877    963.548889  203.306458   6.946026  3.820650  208.744736
401   5.680038  19.526104  35.781784  0.286641  3.781185       6.064497   1418.013428   15.172535   8.003545  1.760506   55.860645
402   0.942028  18.937496  35.280865  0.214962  3.807540       9.237634    743.104492  161.470291   5.647117  3.372396   90.651726
403  -7.240720  14.785787  42.888866  0.185635  2.572496       8.296451   1166.661621   80.484612   6.772925  3.871234   81.339066
404   4.873263  32.269947  46.422997  0.261097  3.996839       5.873884   1224.534668  154.756775   5.047614  1.622142  165.815063
405  18.658461  45.203800  40.282501  0.226502  1.872122      11.478115   1413.166748  229.059540  11.323771  1.982049   59.012829
406  19.700003  25.207794  12.194355  0.233118  2.866639       7.241420   1817.652100  150.231049   6.471809  3.461064  108.555222
407  -7.126483  43.105949  37.326740  0.289874  4.066393       6.144530    816.104553  177.998337   8.645476  2.988561  232.879898
408 -10.652790  36.720581  42.734089  0.232430  3.090054       7.686686    776.624634  120.505997   5.685394  3.294551  208.760361
409   5.129579  28.660843  28.102446  0.233996  3.688377       8.746860    821.690796  191.382370   6.121045  2.312708   62.387428
410  -2.176341  29.157948  25.488728  0.265504  3.910163       5.135508    715.261047   86.265167   5.502431  3.907529  322.502930
411   9.075229  27.752365  28.084946  0.258577  3.152716       5.418576   1605.824097  118.326263   5.222980  3.137249  235.218338
412  -2.019243  45.437305  42.336849  0.223369  2.053622       9.439484    711.885315  168.593506  10.701309  3.248754  189.943390
413  10.081587  22.130899  26.174059  0.281713  1.808775       6.052102    820.059875  100.801163   7.117222  2.497195  259.722961
414 -10.567049  39.429150  46.217701  0.266923  2.548038       7.187899    890.243835  125.181313   6.928956  2.423958  121.493263
415  10.756820  -1.161763  11.191351  0.128092  1.972233       5.622746   1664.607422  120.975372   8.104260  3.413001   80.699181
416   8.774601  35.021259  27.901766  0.284611  4.441167       7.895534    845.963867  229.138336   7.991269  3.287724  222.886520
417   2.112340  33.840199  28.006025  0.278949  3.131841       6.432628    873.257568  163.926575   6.218353  3.426420  340.242615
418  -9.157516  47.950714  39.202427  0.270366  3.199757       5.607454    944.938721  180.553314   8.170402  2.239086  144.293488
419 -10.315520  31.536327  43.754356  0.208402  4.525818       5.160793   1065.311279  205.969620  10.400018  1.868337   95.119629
420 -13.496573  41.544781  49.619392  0.212154  2.572709       6.570097   1243.560181  148.790955   8.014060  3.592096  127.210556
421   5.461421  40.130920  30.233713  0.247857  3.317216       5.157331   1410.044312  144.841187   6.869911  3.465452  197.092728
422  -2.556892  44.569820  42.924835  0.198498  3.581229       7.026108   1016.493835  225.897049   7.881351  2.990843  174.167557
423  -2.273762  26.778585  29.701881  0.282708  2.796893       5.670207    842.303284  151.118332   8.362377  3.305970  223.032913
424  -0.840098  44.637890  36.057831  0.185884  4.392070       6.131618   1604.470947  248.359604   7.402635  3.917275   89.011742
425   6.927400  36.444481  42.019352  0.295046  1.858374       7.766402   1625.846680   48.841827   5.656385  3.408809  224.158325
426   4.209621  33.026588  22.946741  0.292351  4.321138       5.986238    744.536560  175.120224   7.850173  1.423651  233.476562
427   1.264114  16.682333  38.116135  0.287334  3.895457       7.851207    934.875061   62.820251   6.785595  2.991859  218.432709
428  18.498053  19.642927   7.700760  0.186253  3.187226       6.770142   1435.602417  193.936508   7.790418  2.651241   93.389816
429 -21.620895  38.474693  46.568443  0.178930  3.801653       5.852880    846.937073  133.589767   6.116082  2.836092   89.276588
430   6.115693  48.118385  32.922333  0.246818  3.530399       6.638590   1293.896973  217.713333   7.825342  3.261324  229.346649
431  11.992787  26.295628  24.148539  0.220932  2.538332       9.002833   1050.220825  158.605286   9.620566  3.781537  101.073753
432   1.697829  49.726818  40.729855  0.270941  2.805078       6.473025   1600.880981  137.019440   5.165061  2.758895  212.315323
433   4.333926  38.681808  16.237194  0.294814  4.202980       5.120771   1050.927734  247.391251   7.855789  3.521522  332.119537
434   7.458066  42.176888  35.370522  0.250284  2.405849       6.889199   1123.734131   56.891647   7.606408  1.633367  149.171021
435   3.407987  33.307693  49.185673  0.281319  4.793399       8.915966   1221.297485  161.185806   5.835986  3.105346  119.275108
436 -16.649586  34.868042  49.691090  0.222588  3.384500       6.147841    766.472046   94.889877   5.921763  3.282340  173.490799
437  -0.216414  45.338390  25.374832  0.194509  4.695263       6.704103    744.064087  126.316498   5.011344  2.291085  120.613258
438  12.160383  42.689915  34.088737  0.194741  2.658743       8.851220   1291.546875  222.834564   9.834868  3.123029  133.238846
439   4.716375  44.466141  33.985035  0.186266  2.616165       5.891950   1566.679443  173.300720  10.670609  2.359702   74.666298
440  -8.578531  41.099598  41.890278  0.257107  1.871410       5.947841   1237.696655   66.750031   6.582446  3.891157  232.130707
441  14.980106  21.587284  33.070030  0.255302  2.382040       9.547895   1133.019043  246.555237   7.137385  3.430286  113.870667
442  -2.173762  35.742275  46.281345  0.143484  3.689997       6.047852   1548.925415  194.653992   7.001192  3.411726  101.086777
443   8.455007  21.021536  49.693176  0.215509  4.105861       6.182855   1129.850830   76.954002   6.140520  1.795862  137.223801
444  -3.077106  37.883194  33.920467  0.280607  3.248822       5.136443    731.316101  123.517380   7.574878  2.532658  293.342072
445   7.169154  36.355679  35.680561  0.229407  2.126990       6.494270   1462.028564  143.969070   8.736604  3.087898  156.151169
446   8.297720  40.813515  25.161478  0.234631  4.327597       5.433960   1406.087524  159.939865   6.984211  2.839289  161.023178
447   5.141229  39.360847  37.341434  0.264025  1.791710       6.171500   1169.651001  104.358521   8.799721  2.763609  249.954529
448   6.193673  23.129202  37.279156  0.231495  4.502643       6.356925   1082.849243   35.135948   6.026592  3.361748  277.217834
449   3.073382  39.157410  41.436886  0.267767  2.936527       8.434864    980.662415  157.693390   8.484391  2.417290   75.695770
450 -15.989274  34.196625  40.311756  0.269304  3.866446       5.875136   1119.282349  144.029678   7.090839  3.568659   74.011185
451  -0.705719  19.666689  46.716885  0.194690  4.176503       7.033566    787.351440  134.180115   6.840373  2.360240  117.812202
452  11.142470  17.093159   1.230134  0.281836  2.529211       7.696877    923.011047  132.822021   6.747811  1.950961  156.189575
453   3.420378  42.348381  43.268639  0.288368  3.182286       6.903543    925.639526  197.271057   5.001618  1.326123   95.707390
454   5.122635  49.182751  37.647076  0.243941  2.904764       7.199951   1784.153442  138.966660   5.980450  2.681336  171.613022
455   8.069622  31.325052  20.298140  0.283398  3.877944       7.738600    780.402466  193.481857   7.882781  2.604709  197.939529
456  12.813282  39.417076  46.664879  0.205230  1.992016       6.776033   1639.474976  138.361237   8.028888  2.974419  224.622681
457   9.852890  12.746997  29.099771  0.182930  3.838361       6.132522   1714.454102  198.784790   7.993274  3.715090  149.985367
458  11.166861  29.834122  23.537743  0.223420  2.908736       6.877851   1184.615845  235.910538   9.923827  3.246147  161.368378
459   1.220453  36.424572  48.199772  0.175842  3.242133       5.784360   1687.936890  167.247223   9.099985  2.760511   86.952682
460   6.849329  34.927044  28.926050  0.180828  3.211591       6.972606   1988.599121  132.274826   7.139423  3.990980   90.263817
461  18.309324  38.780468  22.085615  0.264238  3.001046       9.999315   1123.507690  165.754166   6.836288  3.216398   95.216919
462  13.087888  42.354855  28.051973  0.283424  2.872386       6.795956   1451.621582  186.889267   6.438622  2.039743  159.733994
463  -1.157906  39.541782  35.549328  0.268886  2.685125       6.754144   1096.572754  167.934906   9.366920  2.424960  195.793411
464  -8.945365  27.934851  26.187822  0.219530  4.868359       6.324293    822.714600  142.807266   8.712948  3.207839  233.745468
465  11.888981  44.272491  36.696968  0.216247  3.875654       8.051353   1348.773560  196.691040   7.504337  1.863228  110.576576
466  -0.414878  44.979752  34.244015  0.232425  4.052116       8.098764    823.317444  141.206833   6.602824  3.977491  179.708466
467   8.688500  47.292809  16.949579  0.220522  3.831069       6.115351    835.304688  194.187363   6.305929  2.580158  160.359070
468  12.700396  25.200550  23.223410  0.183117  3.379689       6.984208   1340.035522  182.895279   8.957192  2.283842   58.866085
469   1.136791  44.329990  38.198669  0.279056  3.604634       6.157146    991.758118  173.142426   8.148304  2.934485  224.229919
470   7.333925  16.341213  35.358540  0.264859  2.237996       7.468310    907.702209   71.179779   6.685350  1.156250   76.202042
471   0.838619  11.522536  41.385345  0.286917  3.181190       5.353129    939.947083  108.946243   5.741618  3.528632  262.378387
472  -5.272606  24.970266  14.946568  0.220095  3.715325       7.406794    899.603699  113.592148   6.661010  3.828384  146.205734
473  -2.490385  36.585392  24.541985  0.252922  3.869390       5.480152   1100.035278  184.217316   7.581030  2.763699  175.014236
474  -2.194239  47.932114  32.747391  0.216046  3.769909       5.901583   1379.605957  241.682709   8.621227  2.795180  120.962448
475  12.276457  25.447859  28.838867  0.172448  3.296924       7.267234   1800.378052  210.484177   6.848759  3.781900   62.012272
476  12.316209  35.288704  27.582409  0.280206  4.219671       6.730879   1860.148804  174.115768   7.414351  3.850776  116.156265
477   3.020276  30.314009  26.819281  0.243430  3.627836       5.532061   1403.950073  114.591499   7.774577  3.262956  234.331100
478   5.479800  31.816486  42.702251  0.193774  2.752819       7.023057    870.394714  113.324837   7.244360  1.863209  151.283844
479   1.325986  44.086823  32.162720  0.195940  3.961836       6.935399   1309.524414  220.472351   7.351716  3.194994   89.409348
480   8.831059  20.657661  32.025532  0.230800  3.285485       8.205656    986.267700  162.767563   7.678533  3.396014  223.609985
481  -3.669264  43.179466  41.210125  0.210604  2.563878       6.393184   1823.990479   87.581558   5.631304  3.327610  103.194160
482 -11.692799  33.366871  40.232162  0.170361  2.657055       5.014565   1309.335327   56.618496   5.790992  3.616586  156.813400
483   8.867628  21.728718  37.914906  0.197575  4.011176       6.762506   1759.989502   69.640488   5.047826  3.747010  151.515381
484  -0.389750  29.735338  38.762314  0.272385  3.387498       8.026564    720.618835  164.846512   6.982681  3.785229  250.851501
485   5.356143  39.189999  37.229309  0.299554  1.854945       6.257852   1343.972900  110.797363   8.411023  3.467807  318.891632
486  -6.951380  30.422174  48.657665  0.241192  3.729872       6.234608   1252.103882  144.036224   7.886390  3.337687  209.823975
487   8.924710  35.055214  20.155201  0.277679  4.947927       6.091872   1204.438721  217.635910   6.608342  2.828356  149.564240
488   8.080763  23.776953  11.984735  0.154051  3.407681       5.291847   1473.623779  216.269745   9.367146  3.080409  106.765923
489  13.497268  15.759616  12.962376  0.236960  4.053182       5.407086   1438.786499  146.812820   7.996441  2.431991  209.706451
490  -4.209009  25.342697  42.976707  0.219379  4.707590       5.655069   1626.304810  149.906509   9.063494  3.666330  211.919724
491  10.625080  31.975298  36.578865  0.266174  3.722636       8.110874   1229.330078  228.316803   7.156608  2.856248  107.490959
492  18.804119  17.938282  37.428329  0.200260  2.565503       8.491781    793.578247  103.674591   7.510141  2.385542  164.871201
493   1.051955  31.455721  31.944006  0.215424  2.830730       8.632975    794.624634  110.311996   6.286151  3.792084  229.267166
494   3.304298  26.634003  31.795584  0.252907  2.772428       5.022821   1251.948486  131.702179   6.048273  2.423854  111.411095
495  12.268109  26.092159  32.154972  0.278083  3.806565       9.278301    704.952576   61.962605   7.412858  1.972554  247.694458
496   5.835055  39.189808  36.465088  0.218429  3.857785       6.803728   1257.301392   99.829048   6.370858  1.925177   94.780334
497  14.905855  37.290295  12.852071  0.250838  3.263354       5.303116   1540.728149  229.595245   8.612924  2.564216   65.554268
498  15.004212  27.148735   7.797047  0.222641  3.246660       5.194946   1664.245972  147.663040   8.045597  3.880467  173.103424
499   5.550557  49.126385  41.171467  0.259848  2.546117       7.015944   1711.657227  148.613007   7.895219  1.899752  106.889252
500 -13.349639  39.097088  46.891739  0.208410  3.253317       6.128343   1242.348755  147.589172   6.536918  2.996664   59.405563
501   5.117533  37.864452  27.363350  0.166299  3.909319       7.510461   1201.268188  137.603317   5.950391  3.461497  100.185638
502  -7.699687  42.013687  44.912399  0.285180  2.437922       6.672415    849.925842   68.051498   6.552550  1.286548  127.520378
503   9.350286  27.678493  39.168934  0.233911  1.239264       8.671589   1422.767578   37.428539   6.889828  3.107585  146.238220
504   6.678382  41.695560  21.458933  0.156386  4.762529       5.636394   1471.278687  217.140793   8.037807  3.366920   90.290321
505  14.813936  30.382004  21.235441  0.265886  1.773692       5.834370    991.719910   67.808624   8.025132  3.305812  321.743164
506  -7.153471  37.099915  45.107849  0.263311  2.801721       5.548207   1398.769897  189.922760   8.279854  3.652263  154.395905
507   0.361117  30.822475  35.443375  0.258133  4.866467       5.298512   1180.571655  106.675987   6.055591  3.856173  238.558060
508  10.758002  49.360558  34.010895  0.279304  2.445607       6.259475   1772.328247  151.671356   8.530416  2.844119  180.287750
509   8.670849  39.517452  33.318657  0.264213  2.007741       6.036842   1279.347046  116.963692   8.215710  1.900809  207.909225
510   4.707419  43.391750  31.390198  0.234485  2.111210       7.829695   1110.708618   88.325897   6.067962  2.899458  103.108467
511 -19.810369  42.042374  46.208054  0.217509  3.343611       7.137393    754.415161  234.127487   8.197680  2.851850   96.335907