           lon        lat         inc      D1AU     delta  launch radius  launch speed    t factor       B1AU     gamma         vsw
0   -14.492606  20.028353   26.518953  0.287184  4.034596       6.973368   1118.774536  223.823883  10.455094  3.957726  129.804764
1   -24.362638   2.901893   26.326262  0.296686  3.751447       7.250450   1003.163818  219.621567   7.688226  2.179557   70.583443
2    -3.448740  21.382547   33.164478  0.308820  4.077717       6.249791    704.174683  214.947937  11.457318  3.704748  239.638641
3    -6.736983  19.091763   30.562250  0.285372  3.112722       5.750409   1341.996094  227.308990  11.146157  3.720346  160.830490
4   -21.779966  10.017993    8.088354  0.292868  3.155264       9.138237    959.451477  244.589584   7.340464  2.622426   68.656960
5   -28.410900  31.667299   62.656414  0.290974  4.539724       5.523267    944.281860  205.309586   7.846125  3.908235  109.615852
6   -13.318637  49.317486   48.095642  0.325471  4.173982       7.431651    986.855164  239.049484   8.947672  3.848431  110.277954
7   -30.833010  35.469707   67.641533  0.337530  3.612307       5.497351    909.731567  160.789108  11.164545  3.231864  116.660690
8   -15.690431  -5.686172   30.593145  0.271178  3.613128       6.207084   1036.124268  245.843826   7.664179  2.745382  145.143936
9   -18.979303  33.451431   13.695516  0.344866  4.263818       5.806758   1123.855469  229.309677   6.972971  3.796982  146.722656
10  -12.575269  32.381100   38.510796  0.305665  3.597617       6.258567    884.529114  154.643234   6.771638  3.127771  101.979919
11   -5.407559  14.396483    8.208932  0.263576  4.660600       8.835590    968.339722  244.600800  12.744432  3.674493  100.284210
12  -15.799630  33.606922   47.950699  0.346955  2.969733       6.589200    941.272827  161.824539  11.006322  2.686687   85.387466
13  -22.881142  36.359013   68.417587  0.323653  3.162766       6.413418   1472.263794  183.559204  10.880978  3.503975   78.649246
14   -9.941926  12.415436   38.864689  0.272287  2.887200       6.071548   1178.191040  234.292053  11.673745  3.509670  105.157005
15  -26.602135   8.785825   14.250440  0.338032  3.717773       8.842814    924.000671  212.061661   6.572020  2.747194  170.069458
16  -23.532019  22.186626   28.451729  0.321603  3.674404       5.678648   1667.522949  221.763306   6.731977  3.786097  119.689232
17   -7.923829  40.641327   32.082626  0.319046  4.393216       5.829692    754.433899  131.739319   8.741908  3.082521  153.529068
18  -15.513670  27.320900   34.820202  0.315117  4.417052       6.664294    704.828003  108.912636   7.036860  3.432473  180.856262
19  -16.231741  25.916853   59.826832  0.299034  3.092998       5.056697   1155.286011  244.069977   9.643357  2.678376  115.489304
20   -9.642345   7.550023    9.356565  0.309796  2.826620       7.306179   1229.188843  108.806999   9.572323  2.785367  121.873413
21  -15.628977   6.319286    1.436170  0.222878  2.214800       8.612148   1200.160767  241.894928  10.443453  3.782994   55.785686
22   -9.335170  20.478203   22.862028  0.343815  3.854122       5.709412    733.902161  230.723999  11.868908  2.972672  305.498657
23  -13.140866   0.525374   23.702427  0.320129  2.157525       5.282954   1346.174805  129.844009  10.700028  2.960369  207.223038
24   -8.867791  31.867960   39.637867  0.295010  3.064127       7.829555    782.297241  195.179794  10.744605  3.268315   71.102158
25   -7.290790  20.806955   34.934395  0.269668  3.086261       6.448658    827.983398  111.056831  15.006304  2.460918  109.628036
26  -16.781107  36.545925   57.603477  0.336697  3.051605       6.005709    999.723083  204.188232  10.743581  2.781725  104.588463
27  -17.935072  28.388054   36.682304  0.323352  4.060684       6.332060    871.259216  205.453705   7.320088  3.712996  156.201111
28  -23.062565   4.626178   25.844236  0.349599  4.429567       5.690052   1375.042969  117.574463   7.439175  1.755193   87.088112
29   -7.538582  21.541376   41.323322  0.304685  3.759174       5.822008    987.875671  147.923080   7.939417  3.718454  198.818893
30   -2.809169  31.489223    7.759038  0.339775  3.763011       5.905042    744.091675  221.216568  11.730394  2.606404  201.942947
31  -12.805857  38.915524   49.788685  0.341014  3.537748       7.837131    779.523743  157.070877   9.611782  2.408850   92.565948
32  -11.753735   9.203907  354.458099  0.324171  2.494485       7.236693   1168.476440  201.910416   8.334793  3.686332  209.504364
33   -7.687003  40.642223   29.168200  0.326921  4.078182       6.441772    767.043823  169.605774  11.225086  3.156159  132.462143
34  -13.014850  -3.186792   18.708969  0.290526  3.937856       5.719730   1344.249512  223.845718   7.285953  2.374888  124.474930
35  -13.581182  21.278938   57.363247  0.329941  2.154167       9.541281    709.827026  109.925423   9.900578  3.801435  141.014862
36   -5.228780  24.159107   25.170860  0.296927  2.292267       5.436018   1580.735474  144.577011  12.791982  3.801675  139.559708
37   -2.571541   8.706892  344.290802  0.341412  2.543795       5.403486   1030.579712  241.078720  11.488912  1.675557  142.522491
38   -5.278067  41.149002   28.147102  0.336481  4.168003       5.369580   1007.945190  212.322296  10.211313  2.593520   86.926979
39   -6.870839  37.673790   35.209976  0.346714  4.152142       6.457556   1290.786621  207.552734  11.819310  3.360457  100.495712
40  -16.107151  24.308584   38.556786  0.286019  4.438262       5.795131   1063.130249  199.605026   9.058144  3.305452  100.492058
41   -8.271718  31.629852   45.776165  0.318414  3.326102       6.123637    898.618652  202.511856   6.723494  3.347015  166.479858
42  -17.697706   0.585919   28.566523  0.317663  3.415930       5.263768   1565.168701  198.966431  12.056405  3.519875  207.032532
43   -4.761605  16.244923   27.052099  0.282980  3.485241       6.878239    912.244568  247.597992   9.731820  3.942564  190.889557
44  -10.497722  31.483747   66.274773  0.342279  2.636952       5.370867   1626.127930  222.211227   6.424629  2.646606  126.082130
45  -16.773554  18.903662   35.357738  0.285801  4.295288       5.968054    924.761780  162.235794   9.265965  3.105651  127.163605
46  -12.778012  21.527288   18.585896  0.305522  3.694690       6.632339    837.305420  230.284332  10.224562  3.142631  139.834763
47   -2.359350  36.868683   40.061367  0.330393  4.047386       5.586066   1742.399658  239.756424   7.846183  3.656260  153.314301
48   -0.934019  30.003204   38.149178  0.332295  2.426666       8.293411    806.760803  103.512619   8.988601  3.070201  127.007057
49  -12.067945  10.282857   30.361429  0.305522  3.335794       8.374294    776.386414  183.777084  11.229509  2.610718  104.797447
50   -0.284301  33.321774   41.327888  0.340097  3.256120       7.586628    800.177124  207.060623   9.274561  1.478905   88.884224
51   -9.619272  14.297793   33.917759  0.260249  4.223283       5.988112    822.581848  123.564949   9.518013  1.889716   86.966164
52   -6.441714  21.352160   22.040575  0.266171  4.972730       5.297423   1068.957886  206.505814  11.757722  3.318062  142.930252
53  -14.504052  31.515028   54.574921  0.343567  3.280225       6.816283    726.535339  179.849365   9.933334  2.703217  157.718811
54  -14.980563  37.410805   46.695629  0.340338  3.710134       6.022802   1275.035522  136.214661   7.730705  3.988786  137.402908
55   -3.633272  28.088911   39.387188  0.263473  3.023600       6.554056   1495.302124  183.386230   9.931461  3.942108   75.212479
56  -12.610454  21.862680   54.000160  0.268934  3.453773       6.427913   1119.697021  124.609879  10.204635  3.744621  104.555634
57   -5.123179  32.943832   28.143951  0.328169  4.219215       5.007400    942.551514  148.568268   5.515886  3.000321  185.826767
58   -3.047819  43.271450   37.898140  0.305783  4.256133       7.857525    702.578796  239.403366   8.006738  2.648198   75.861557
59   -1.540107  22.214466   31.407164  0.301208  3.063887       6.929527    850.849731  176.500656   8.955896  3.571225  163.120270
60  -17.567003  43.395233   57.184074  0.316606  3.862686       7.632174    935.994629  216.561752   6.802164  3.321685  105.374283
61  -14.445798  39.180305   55.969574  0.308496  3.083672       9.278833   1056.509521  184.782654   7.430172  3.943859   67.513519
62   -5.754723  39.453342   36.593792  0.339066  2.917105       7.559409    756.278687  192.609451  10.067791  2.551049   69.984802
63  -16.515038  20.311970   49.268593  0.302160  4.052895       8.552280    731.401978  125.743019   9.911309  2.991103   98.141151
64  -11.996866  -3.681854   24.413004  0.345790  2.966490       6.293502   1537.265991  160.201706   9.024767  3.171638  184.405151
65   -1.400291  38.117100   40.699810  0.327407  4.124571       5.448769   1256.020752  161.173294   8.049922  1.913522   84.692017
66   -2.669929  37.923267   24.812092  0.306998  3.994846       5.105665    977.065125  232.320938   9.403872  2.735604  120.845299
67  -15.480406  11.395750   11.667557  0.338341  3.362769       5.614661    997.760315  179.589691   7.109977  1.372076  110.540863
68   -5.408130  31.402290   41.561092  0.335933  2.312627       7.309589    798.067383  131.611923  12.337122  3.611381  185.611969
69   -5.312592  32.655590   37.235165  0.332819  3.335532       5.240865   1724.744507  153.987869   8.465716  3.169342   93.743202
70   -3.881490   3.881267   11.187158  0.300851  1.682414       6.974844   1042.078125  208.495361  14.002004  3.998245  214.181091
71  -27.451021   8.217061   14.067637  0.319654  4.032410       9.507611    879.317505  196.946838   9.595267  2.451753  106.985329
72  -11.065088  21.396168   50.056683  0.267898  3.005808       7.799139    822.118042  117.060844   7.453843  3.486780   77.836205
73  -27.845148  35.295738   62.091183  0.329101  3.679452       6.537159    755.618530  161.184814   7.029264  3.474705   88.057106
74  -16.685598  -8.016696   22.211561  0.271855  1.975808       7.740199    728.795105  218.230499  10.292632  1.913269   72.716263
75  -18.188702  15.440354   36.709526  0.275440  3.954742       6.260387    837.145325  168.108719  11.208207  3.778689  167.325943
76  -10.412056  12.475967   14.209275  0.334919  2.968876       6.750305    929.169373  229.009827  12.625026  2.157049  160.583847
77   -9.862393  44.452568   38.008892  0.325477  4.263186       5.379470   1905.829956  152.452988  10.009010  3.709397   82.194412
78   -7.952562  14.915449   50.058002  0.273613  2.607191       6.656568   1232.505493  152.761765  10.831623  2.673299   56.267708
79  -19.824039  10.808162   45.162674  0.333862  3.737725       6.419337    886.600525   67.952827   7.244517  3.085253  179.078461
80   -6.634815  32.765594   39.461739  0.336730  3.262310       6.392314    906.120056  146.639557  11.444316  2.316789  104.416901
81  -12.857555  15.018198   38.632389  0.311574  3.194824       5.430988    975.524170  162.516708  10.360503  2.731045  161.901154
82  -23.602242  41.190796   52.379707  0.347559  4.665942       6.548222    832.650513  132.530472  10.167951  3.184821   91.800148
83  -19.050961  18.605612   71.315834  0.335718  4.371273       5.314679    823.993286  178.080444  10.111011  3.608105  241.056717
84  -13.483911   4.689066   25.107367  0.278457  4.331163       8.587589    862.075256  224.759048   9.556958  3.199288  109.997681
85   -9.966089  21.367275   26.342607  0.322784  2.460301       5.955216    816.738098  145.018082   9.316449  3.315351  196.766647
86  -11.488836  29.040188   43.850487  0.317183  3.358855       5.007426   1075.320068  162.343826   7.722005  3.142741  143.580032
87   -7.964241  26.398787   42.183277  0.266292  3.253142       7.335892    854.570801  168.079041  10.581236  2.952101   58.239754
88  -15.972590  35.052975   45.205231  0.277384  4.394268       5.433547    922.459595  198.196442   8.695414  3.747142  129.782379
89   -8.739531  21.730124   10.555572  0.259800  4.206283       6.201296    880.466614  216.602829   8.675543  2.797487   95.840889
90   -9.766315  13.533387   31.839851  0.297141  3.231580       7.221692   1278.281738  140.129730   9.104718  3.806596  162.441299
91  -23.149961  18.348911   31.655844  0.279810  4.694473       5.173772   1489.285400  179.010147   7.825724  3.034630   70.581512
92   -0.951895  10.638838   32.643414  0.325906  2.551610       5.966216   1056.921143  109.730209   6.647620  2.237262  138.535324
93   -6.306429  27.047108   51.835003  0.273894  3.934326       7.406140    812.232849  206.745316  12.285140  2.821895  125.032402
94  -18.070059  11.457287   37.908592  0.320475  4.960773       5.079059   1240.791138  214.528030   7.856016  3.703460  209.088089
95   -7.279097  18.410322   21.039867  0.318366  3.794207       7.530338    755.708618  189.537842  10.301502  3.933615  190.093109
96   -3.322075  28.806313   47.953598  0.348581  3.078133       5.795897   1274.499878  166.153503   9.772964  3.264725  174.469452
97  -15.491336  20.079386   26.301508  0.321455  2.731615       6.515379    971.736877   75.432945   7.537058  3.606221  177.317245
98   -7.014173  17.168924    8.595788  0.333097  3.143766       6.840217   1007.457581  196.272537  13.424476  2.787664  162.319427
99   -6.448991  13.617904   27.838249  0.294272  3.031572       5.966288   1634.847168  163.772354  13.309681  3.751709  129.273361
100  -5.259580  17.645266   14.091541  0.323089  2.709314       6.149628    997.986206  107.953148  10.459302  2.141227  154.173996
101 -17.988998  29.027031   60.739090  0.300139  3.267658       8.307821   1110.354492  202.659912  11.949864  3.649320   57.922276
102  -5.999014  22.167234   19.098042  0.316684  3.679915       6.059060   1242.350342  241.566772  15.629289  3.488022  152.914108
103  -7.493865  21.406445   40.471924  0.326259  4.410483       5.270399   1104.139404  194.107758  13.412195  2.340600  128.050430
104  -1.944996  11.190548   38.223866  0.291251  2.539079       5.575331   1689.850830  124.397354  11.306038  3.615519  123.435280
105 -11.113151  22.727297   26.247667  0.288254  3.501058       6.515121   1269.401733  114.317589   7.434352  2.599485   67.024536
106  -3.032077   5.705434   13.495473  0.268629  1.298243       5.275598   1329.023926  154.724838   9.459838  2.744183  113.828751
107 -20.236359  29.568380   56.212311  0.334362  3.149952       5.588581   1749.774902   94.992500   8.381937  2.867731   73.596542
108 -12.070312  41.442272   47.848225  0.308588  3.578631       5.476979   1276.837891  176.525162  10.701990  2.743299   70.255356
109 -12.425112  24.130463   23.734587  0.294371  4.275484       8.086738    738.344299  145.590134   9.807756  2.172682   69.789848
110 -12.851077  19.536543   21.026245  0.336405  4.503920       5.968967   1341.883301  241.223602  10.196483  2.950903  140.995239
111  -3.176271  32.274040   26.024469  0.329850  4.102900       5.369297   1119.608398  249.476913   7.160111  3.199201  149.428589
112  -9.638022  47.447426   38.871010  0.344765  4.647264       6.541065   1039.900391  246.945862   8.353333  3.320396   92.990547
113 -28.533077  20.859808   73.436974  0.291284  4.556902       6.673434   1004.523560  153.185471   9.725801  3.418066   70.936951
114  -6.728009  23.284498   26.463982  0.293038  4.068807       6.306853    806.362549  169.238846  10.950343  2.786619  140.920441
115 -18.484058  17.060572   18.700832  0.262457  3.909644       7.250875   1562.380859  183.653702   5.050079  3.697183   60.225128
116  -5.517712  18.512112   43.680645  0.319599  1.891490       7.055624    737.076233   80.077576  10.031989  2.133713  122.243469
117 -10.903375  47.859058   33.181374  0.340922  4.518173       5.781504    826.111206  221.126740   7.330175  2.816666   56.594704
118  -6.477697  37.538136   27.799500  0.316356  4.790959       6.798332   1000.439331  192.171112   7.737161  3.374181  108.399452
119  -5.807014  23.112606   48.158661  0.259339  3.759062       6.114499   1497.130737  201.557968  11.216256  3.188658   85.923035
120 -10.105939  21.345749   28.596954  0.314201  3.735135       5.229274   1058.161011  227.387878  10.447567  1.940319   71.094719
121 -24.327272   8.692459   16.578129  0.305277  3.660207       5.657039   1727.410522  195.178528   9.470517  2.413795   69.740372
122 -11.568466  -8.286097   40.010845  0.257014  4.673799       8.853774    929.135071  207.371567   7.187913  2.794597   55.541985
123  -4.304833  19.444519   20.180540  0.282045  2.552946       6.565701   1076.719360  140.216934   8.822797  3.358198   94.563141
124 -21.061403  29.338394   60.481113  0.311704  3.505237       6.852240    879.312866  155.415314   7.779346  2.413631   54.447136
125 -14.262937   4.112780   33.454376  0.298421  3.460722       6.659104    857.257812  147.049774   7.337233  2.148458  159.801727
126 -10.044589  21.649427   40.477757  0.292502  4.818262       5.808845    942.922058  241.812668  12.097527  2.858300  141.947098
127  -4.086758  26.217295   20.367075  0.315814  3.786571       5.967623    956.378418  149.211197  11.708668  2.429480  108.785881
128 -28.550556  42.498772   61.949471  0.334813  4.580793       5.502498    940.704346  187.194458   9.170387  3.115790   74.266586
129  -4.354598  16.307911   15.286261  0.265036  3.999014       6.657085    977.831604  203.912338  11.816403  3.734860  136.952393
130  -6.083409  29.040266   26.099279  0.331268  2.721515       5.117565    973.301270  153.464828  10.243320  3.992173  243.164978
131  -0.037196  38.961697   35.619827  0.286786  3.385433       7.395831    866.487915  153.479858   8.427580  2.527454   72.016663
132 -17.169228  21.043619   49.970005  0.272629  4.816199       6.142110   1063.136597  186.017624  11.448500  2.894584   71.954323
133 -12.866642   4.859276   45.701225  0.219071  3.574102       8.135417    980.258301  203.887146   7.956456  3.892537   55.689827
134 -14.814443   5.903634   33.799744  0.327313  2.938105       5.300069   1019.495361  215.451523  11.541074  2.849902  233.236877
135  -1.936674  27.011206   51.730915  0.280465  2.966343       7.115024   1461.533691  215.337616   9.203159  3.042866   79.155907
136 -11.767558   5.892187   22.364117  0.346659  3.787198       6.608159   1365.544800  245.559113  12.811856  3.078069  185.141876
137 -19.187752  24.880453   48.901772  0.306126  2.600572       6.849551   1451.798706   60.896465   9.662546  3.433629   53.622837
138 -17.917156   0.485620   41.368618  0.349866  3.968135       6.080969    951.893494  179.366547   8.075078  2.846488  230.530518
139  -9.344287  35.480770   42.116890  0.311449  2.934823       6.787823   1443.786133  147.407532   9.516094  3.232093   57.799789
140  -0.058885   9.317581   10.095824  0.340611  3.521174       5.452587    740.643433  207.151581  13.656549  0.927300  126.848450
141  -7.856516  37.001186   33.687637  0.320196  3.061049       5.422930   1333.663940  164.228302  10.679243  2.737012   75.962883
142 -14.791262  23.293682   39.125923  0.273983  4.450077       7.458895    747.287170  146.663025   8.747319  2.730700   95.915215
143  -9.579684   9.769735   17.665726  0.270632  4.823631       5.343112   1871.523315  200.498993  12.148355  3.212485  115.829414
144  -4.183033  43.975761   23.055054  0.336587  4.093438       6.166598   1139.790649  150.024628   5.389072  3.865208   92.101685
145  -3.056627  29.936392   52.481686  0.337997  2.386013       7.676548    705.251892  199.770447  10.950795  2.001532  145.247604
146  -0.969213  31.356321   26.397352  0.336641  4.496841       5.182895   1493.418945  228.689575  10.418290  3.452208  192.578156
147  -3.987811  31.486647   39.656174  0.340567  3.434203       6.852367   1495.027466  215.429581   9.259207  3.696341  128.438583
148 -11.567522  32.408379   43.974434  0.307645  3.588705       5.861809   1190.178101  228.090897   8.032836  3.932046  140.435486
149 -17.404676  40.703911   44.490658  0.347757  3.459648       5.938289   1516.003784  145.691833   9.511929  3.562871   58.064217
150 -19.960875  19.197464   36.756271  0.321569  3.809029       6.933603   1047.001465  246.319397  10.999880  3.179331  113.531799
151 -19.340206  13.313593   21.826508  0.335513  2.785465       6.196066   1306.728516  249.254425  10.913647  2.791992  139.356689
152  -7.871179  15.334302   19.339764  0.335648  3.086652       5.683100   1451.399658  128.932114   7.419139  3.005515  144.427704
153  -2.968692  29.813879   38.735771  0.310300  3.067883       8.802247    708.144592  181.404327  10.784208  3.920514  138.360291
154 -18.882101  35.294098   51.710484  0.287571  4.101315       6.170470    927.325928  172.749893   8.038161  3.266089   95.798767
155  -0.235421  29.302479   14.250250  0.268231  4.560877       6.043881   1599.563843  244.802750   8.853580  3.898663   73.092133
156 -28.113592  28.462568   48.197979  0.277720  4.669672       5.027991    920.401489  224.365555   6.424824  2.974303   78.955521
157 -20.420322  29.290070   68.971260  0.308690  4.563325       6.789458    743.504761  240.653305  10.562288  3.423713  150.734558
158 -11.076434  37.038879   47.393623  0.341808  3.524171       7.687669   1009.664978  233.130234  10.834692  3.395203  110.141022
159  -0.664820  16.948164   12.139030  0.300536  2.040494       6.035460   1479.483398  242.012436  13.188676  3.572253  155.223877
160  -1.839267  14.078983   25.797174  0.307113  3.442664       6.686293   1009.838745  138.960785  10.155374  3.465495  156.519241
161 -26.726698  15.717446   46.934040  0.276426  4.429789       7.121737    971.784668   95.645233   9.933532  2.583605   50.246838
162  -8.864892  15.809629   47.528732  0.288469  3.743721       6.593766    954.051392  225.934052   7.861899  3.641069  147.246704
163 -12.188355  14.482491   43.604191  0.291488  3.665942       6.241937    838.824524  136.064423   7.140561  2.560771  122.017883
164 -20.514585  39.361492   40.057190  0.307325  3.908070       5.453124    781.179199  224.788986   9.245027  2.941867   66.725815
165  -5.707332  10.845656    8.022026  0.319715  2.862758       5.021445   1446.225464  221.712555   9.420043  3.682589  233.909668
166 -12.722793  22.191708   50.099922  0.319818  3.723965       5.886368    956.229309  158.672195   7.863136  3.510316  159.908920
167  -3.308293  36.520679   28.906700  0.277360  4.703737       6.063007   1148.394653  208.653030   6.630232  3.803255   97.860603
168  -4.243068  31.614948   46.074913  0.296420  2.779524       6.623335   1332.328857  133.935547   7.065660  3.115014  106.130920
169  -6.931423  -9.264531   36.021015  0.253813  4.739773       8.460102   1046.133789  220.609299   8.108563  3.130605   94.236206
170  -6.118484  21.518084    7.977814  0.324255  3.901653       8.052727    747.124634  212.346680   8.199026  2.718392  154.774918
171 -14.256002  26.728243   67.372009  0.334351  2.837771       7.065574   1309.326538  141.822876   7.877260  3.618331  135.223343
172 -16.124275  10.391321  355.897369  0.340700  2.097969       8.127237    869.868591  249.846680  10.522227  1.871498  112.709068
173 -18.751358  31.359621   75.687263  0.293633  2.952476       6.821727   1480.311768  149.655960  10.763695  3.670445   88.367462
174  -4.623111   7.334883   39.630123  0.250438  4.113481       7.880283    836.204407  201.441559  10.010976  3.606994  101.881859
175 -11.002084  18.678276   69.144470  0.340536  3.604816       5.481645   1072.640259  114.067474   7.313588  3.596667  228.714081
176  -2.686143  29.403322   12.564377  0.284249  3.885322       5.302728    958.687195  153.120178   7.472035  2.799393  124.785431
177  -9.030315  23.045809   25.313248  0.319870  3.493648       5.821865   1302.736694  217.331726  11.694512  3.583944  195.316330
178  -9.937114  23.271963   34.511818  0.308599  3.434971       6.788363    718.076843  144.208710   7.685787  2.944495  141.549011
179 -12.866066  34.020054   34.322437  0.319548  3.140503       6.386031    859.528320  133.565079   7.168078  3.886087  164.543671
180 -15.167940  28.681696   64.102554  0.287785  2.910467       6.863111   1474.295532  202.437042  11.993387  3.510634   69.193954
181  -7.301725  32.355846   40.181053  0.308931  2.591290       6.772593   1972.572998  174.184921   9.785115  3.998236   87.874268
182 -25.782164  -9.089766    7.635536  0.327923  1.865308       6.396935   1166.497437  111.179314   6.762139  2.492230  223.745163
183 -16.370220  26.881550   60.976631  0.340239  2.453157       7.657963   1068.505127   88.964943  11.485493  3.374460  126.244148
184  -2.883742  38.445499   22.863478  0.328888  3.369171       5.692885    934.546448  189.079834   7.137290  2.582613  104.287071
185  -9.811997  22.474588    9.153749  0.283003  4.219299       5.181998   1965.181641  181.146729   6.740738  3.720417   98.720215
186  -4.044764  30.286928   27.160076  0.316377  4.455536       5.512646   1166.101074  223.023849  10.117811  3.772916  150.486679
187  -9.487450  27.539619  357.751770  0.318535  3.558988       6.690435    740.045715  212.040695  10.547064  2.187168  150.240723
188 -21.114634  22.511692   24.643198  0.298295  3.793650       6.419872   1230.598755  131.344772   8.676060  3.150040   67.191643
189 -17.590000  18.289667   32.509777  0.296671  3.818399       5.759391    992.279785  188.025482  10.422207  2.325570   80.545013
190 -11.393787  23.596554   30.778599  0.273212  4.860308       5.941765    788.976807  147.430435   9.343866  3.834301  179.862900
191 -10.960206  18.751526   41.704865  0.299072  3.683735       5.812401   1549.001587   50.329021   6.805693  2.434565   68.155907
192  -2.665370  21.720167   36.329479  0.348316  2.297012       7.474158   1358.840942  166.523590  10.210725  3.655478  184.739685
193 -17.723330 -24.413725   31.930401  0.329974  2.471086       8.814640    711.417786  214.735245  10.375035  3.479423  232.168793
194 -16.701580  43.714611   55.952557  0.335158  3.499009       8.395041    771.497009  189.474091   9.623239  2.929450   82.075401
195  -5.581892  16.377443   26.915375  0.345363  3.295290       6.641777   1039.206787  161.733948  11.814696  3.370248  210.795090
196 -16.254307 -12.968904   28.915146  0.342874  1.689386       5.469980   1281.894409  214.427551   6.495555  2.520033  223.105621
197  -5.581849  31.932810   23.477142  0.347259  3.652280       5.216455    848.319458  219.281387  13.097844  1.964503  142.908325
198 -10.461946  20.387205   14.204805  0.345228  3.536941       5.834857   1154.609375  152.580521   7.620093  1.783060   83.014496
199 -17.915583  20.338438   23.170805  0.332586  3.814144       7.383004    758.181763  216.470505   6.385011  2.608396  174.533005
200 -22.499710  36.804375   64.357750  0.288584  3.746473       5.751362   1536.872192  204.742416   6.950610  3.882673   73.969284
201  -2.359564  18.396364   15.184492  0.304074  2.466523       6.993468   1096.047485  116.257248   9.001574  3.439620  150.311066
202 -20.715019   4.767985   44.048031  0.310414  4.586796       6.586347   1026.793945  140.231705  10.364057  2.988066  136.387100
203 -12.501642  23.455925    5.517777  0.345706  2.815479       6.605171   1107.962769  157.077499   6.936916  2.636835  130.486832
204 -11.221839  17.625078   19.704750  0.289948  3.279323       6.260859   1624.507446  237.683975  10.021575  3.091843   64.555183
205 -11.272862  28.861130   12.506362  0.268988  2.943848       6.064934   1201.510376  123.714233   7.734802  3.282871   63.145252
206  -8.670379  33.241989   47.519390  0.286758  4.182515       6.844359    917.694214  193.984955  12.465703  3.454219  138.960510
207 -17.377188  23.696016   22.406305  0.313481  4.144167       5.434189    986.802429  219.977356  10.533296  2.722948  137.460022
208  -3.622836  19.631744   25.178856  0.263472  4.145545       8.606742    885.361511  242.987045  10.634526  3.620457   70.600731
209 -13.588199  41.131355   54.887966  0.335580  3.769699       8.730435    959.939087  229.603592  12.861886  3.905987  124.709373
210  -1.295720  20.804029   16.155123  0.314533  4.164928       5.854409   1488.645874  209.137024   9.993917  3.620780  158.270584
211  -0.795257  28.937500   24.171537  0.277074  3.207613       5.789485   1194.320190  212.142075   9.255921  3.805737  134.411072
212  -8.584247   0.171353   17.197025  0.285956  1.753638       6.268162   1283.444702  180.076141   9.448896  2.600996   85.350761
213 -10.407605  24.849297   40.671432  0.320517  3.642138       5.002079   1251.149902  190.290756   9.499202  2.560026  131.125900
214  -3.116601  18.718676   17.927176  0.330774  3.084928       6.584264    785.873352  201.099899  10.293397  3.406537  205.013092
215  -2.245588  27.616148   21.070217  0.338736  2.795267       6.104666    830.745056  180.994919   8.477357  3.564323  236.640137
216  -5.242426  20.343647   19.955973  0.260467  4.516733       5.284636   1177.801147  120.943916  11.053509  2.387765   68.484467
217  -9.265158   7.993551   28.639154  0.297617  1.457514       6.467472   1303.691772   57.022144   8.436289  3.959839  186.520203
218  -3.938946  28.659155   23.951303  0.261876  4.705070       6.383678    825.990234  168.114639  11.188134  3.009747  109.604698
219  -4.892906  15.752417   46.234703  0.327790  4.626742       7.551651    944.533691  205.227890  10.772831  3.822205  209.726730
220  -9.092250  44.612202   29.424606  0.284848  4.463679       5.288902   1155.760010  178.150391   8.969036  3.880409   70.094048
221  -7.754197  25.552517   24.657555  0.260183  3.727177       5.779500   1492.311279  175.464218  13.875209  3.706798   75.132469
222 -10.661384   9.675451   41.565540  0.299046  4.125584       5.517453   1033.952393  135.276672   7.300359  3.107278  152.300400
223  -5.671077  35.423035   39.919609  0.303481  2.858330       5.609201   1400.995361  157.689117  10.368443  3.302604   93.701271
224  -5.994110  23.173927   32.898651  0.336239  3.527097       6.022473   1102.837769  171.280823  13.025002  2.420361  119.868248
225 -25.459936  12.937966   55.431664  0.339942  4.447985       6.364349    724.185547  161.379547   7.875788  1.993639  136.073135
226 -17.304726  -3.650482  353.570709  0.296825  3.048972       6.983556   1691.105103  133.796875   6.488435  3.471793  151.862335
227  -3.757532  25.464909   44.438042  0.303107  4.215519       7.833889    972.664551  142.241318  10.178926  3.912342  147.313599
228  -1.132163  24.720657   12.807408  0.322092  2.867237       5.623866   1399.848755   76.122559   6.695254  3.166638  147.465759
229  -9.311430  34.474636   56.027096  0.329837  3.981202       5.239258   1034.370728  199.495651   9.985168  1.977242  118.152550
230 -10.764660  39.961819   38.525532  0.323272  4.078803       6.100974    850.094788  195.565750   5.877002  3.687133  144.142883
231  -3.913392   9.050317   23.673262  0.261272  3.228533       7.378627   1054.804443   52.593197   7.501738  3.143785   88.098534
232  -9.406084  36.149948   49.847317  0.332273  3.889024       6.325832    938.994324  246.754639  12.635798  2.019475   73.448845
233  -2.032862  27.151039   44.743721  0.272857  3.197024       8.767822    797.206238  115.036827   9.745961  3.936483  137.316360
234 -19.090437  21.274658   65.410355  0.280753  2.693127       8.338255    733.303345  183.963089  10.511366  3.646745   94.026657
235 -11.823434  21.916880  351.523499  0.302040  3.514261       6.987889   1137.589355  245.728500   6.841456  2.775693   92.960419
236 -10.871966  19.890778   65.114777  0.339877  2.400778       5.384898   1729.470703  109.510971   9.144474  3.319045  152.849075
237  -9.217812  29.868507   50.301380  0.319096  2.781093       6.114233   1182.462158  128.607101  11.885633  2.980070  101.988548
238 -11.199424   9.813049   11.190068  0.234953  3.192231       6.251283   1719.750610  161.184311   8.676147  3.680178   70.481453
239 -13.769588   6.349161    9.348307  0.301653  3.054995       7.525705   1177.047241  124.255638   9.505272  2.081593   78.148888
240  -6.614363  -4.465381   52.786449  0.304078  2.994568       7.564507    740.989685  121.268906   5.534156  2.851815  219.074768
241 -25.249798  20.873354   36.304779  0.271553  4.390747       5.984246    996.425598  120.052719   8.700912  3.722435   97.293373
242  -9.062201  23.116266   40.385880  0.337071  4.469463       6.671693    789.985535  192.103348  10.744733  3.980251  228.227386
243  -8.653317  33.065735   44.636513  0.329859  3.261169       5.003916   1388.138794  146.110260  10.735224  3.089829  144.514435
244 -10.648799  -8.012169   16.384310  0.266018  2.202497       5.400743   1413.643677  163.271729  13.286864  2.680836   77.222061
245 -11.271312  33.272984   54.693535  0.321294  3.287975       5.179161   1265.432983  181.757339  10.143826  2.145845   81.925514
246 -21.386852  42.396828   52.491814  0.337625  4.378418       5.963927   1082.188965   86.305374   6.800561  3.032690   84.603699
247  -5.559691  38.750195   46.746513  0.333394  2.989998       5.984840   1544.198853  142.829163  10.367918  2.851465   84.746986
248 -17.395330  35.803410   38.477192  0.331154  3.410573       6.399155    984.847473  153.708496   7.143251  3.131541   85.882454
249 -12.610561  28.193468   63.648079  0.320273  2.999077       7.355592    958.272461  227.959412  10.562858  2.838475  111.782074
250  -2.026594  30.174110   20.280968  0.335553  3.158849       7.465402    973.801514  169.470810  12.074721  3.108654  132.283356
251 -18.727142  35.808464   52.527111  0.335072  4.269923       6.196227    780.087830  215.147507   7.174117  3.802801  161.857727
252 -12.724959  28.611446   14.912779  0.344129  4.714178       5.933156    956.695312  199.008682   8.514401  2.685369  167.516464
253  -2.666582  23.116955   55.740757  0.321006  1.976415       6.681159   1310.741943   51.358616   6.361012  3.875618  164.018127
254  -8.732147   2.973426   12.248983  0.293506  2.821239       5.361652   1445.071777  177.394028  11.460883  2.849920  129.626328
255 -24.211634  31.970898   62.342529  0.316773  4.696226       6.346558    733.649536  245.636673   7.223936  3.615773  135.386673
256  -5.587355  24.686283   26.813375  0.317905  3.259937       6.079598   1074.704590   86.192764   9.862165  2.738922  109.618584
257 -17.378351  26.983294   48.124779  0.286594  3.493691       6.130026   1262.679321  163.209900   7.084441  3.574150  104.417633
258  -5.449715  10.471245   36.798344  0.293475  2.371846       5.639268   1757.656006   58.253471   9.349472  3.183350  126.071129
259  -8.169373   7.552197   29.880718  0.295170  4.059584       7.076343   1038.231079  157.373077   9.993352  3.820861  165.666641
260 -10.510015  24.652328   31.630850  0.341872  4.554383       5.335112   1126.347046  248.138260  10.560459  3.707187  213.928360
261  -9.954911   5.436904   56.806614  0.292872  3.361985       5.054453   1387.080811  152.223648   5.866026  2.740868  131.338074
262 -13.617419  28.849644   50.171974  0.329002  4.083609       6.822226    931.028625  183.206711  10.204762  3.220605  186.752014
263 -17.891846   9.269505    8.577435  0.257501  4.242668       6.907944    943.178650  147.990356   9.889623  2.033016   69.358673
264  -5.858133  32.609768   31.981064  0.320987  3.175580       5.460720    941.595093  243.131134  13.786025  3.228501  161.914307
265 -22.857824  28.978601   57.751095  0.293645  3.757998       7.489409    812.410095  145.554977   8.527966  3.374036   85.587822
266 -21.777239  31.873039   65.238083  0.317446  3.785523       5.380286   1426.407959  229.932877   8.206551  3.766441  109.238579
267 -24.098782  26.569815   53.836819  0.323770  3.136252       5.914701   1061.987305  158.127151   7.457195  2.464233   65.974365
268 -28.761194  19.043367   17.256977  0.344344  3.402284       5.609469   1134.448242  227.651489   6.084037  3.206577  199.066360
269 -12.365738  27.187754   12.601639  0.297677  4.083941       6.341389   1261.067993  223.940277   7.604636  3.706527  138.278351
270  -1.101343  41.355503   41.306793  0.339840  3.009300       5.718369   1747.450439  164.034851  10.822806  2.687298   78.487816
271  -6.207810  15.180404   39.130806  0.284425  3.145933       5.167823   1348.273438  110.970680  11.850163  2.863078  107.675613
272 -13.805705   3.454558    3.433282  0.308121  1.494697       7.787150    984.074890  221.255875   9.644975  1.851788   60.029030
273 -30.550165  39.629936   62.569973  0.322057  4.515638       5.193288   1111.624023  150.836761   6.886707  3.241537   64.093712
274  -9.593950  35.479393   36.448792  0.320706  4.185628       5.899310   1238.560425  175.850357   6.433993  3.146934   84.790108
275  -0.869926  19.567038   18.091177  0.284046  3.908396       5.680643   1028.269043  212.634399  11.014358  2.179945  113.888191
276 -24.322041  25.847292   59.298172  0.315716  4.443186       5.500254    967.222900  204.280212   8.257716  3.061700  120.810257
277  -0.756650  41.337784   39.032631  0.333397  3.088495       6.875052   1126.735962  130.022781   9.417739  3.827808  158.024933
278 -14.342620  25.499514  355.162842  0.349418  3.025322       8.496380    747.876465  237.916367   8.185599  1.237265   51.250408
279  -0.266865  16.511133   30.570820  0.249536  3.555108       6.640687   1565.616699  226.328903  13.017405  3.557520   61.493977
280  -9.572560  36.158405   37.381279  0.318037  3.228216       7.962230    757.485718  127.471024   8.838753  2.863239   79.063744
281 -21.023453  26.255232   33.914467  0.316457  3.630170       5.672778   1164.629395  199.219437   7.223479  3.966040  120.186111
282  -1.311564  19.346725   33.971031  0.246388  2.252003       8.071897    958.989685  154.620056   8.653788  3.504492   70.107086
283  -3.121214  22.883804   50.981915  0.341905  3.624756       6.362887    808.671448  140.684357  12.602945  2.701420  209.211990
284  -6.871277  36.084000   37.385551  0.317003  3.788353       5.222602    972.261108   92.525711   7.904602  2.460445   97.126717
285 -17.313473  32.874058   50.750652  0.309529  4.419173       5.710291   1225.075928  143.443222   7.672782  2.994841   69.859322
286 -14.128188  20.127819   20.098467  0.278661  4.812589       6.401974   1238.825195  245.847641  11.683472  3.070159   86.502022
287  -2.835605  18.386202   41.341080  0.231139  3.309372       7.008518    947.624023  160.190125  10.077591  3.446199  102.207306
288 -12.804887  21.750973   47.226841  0.297746  2.185348       5.677400   1658.826416  117.686050   8.633287  3.442636   83.532661
289  -6.604684  21.761993   30.544827  0.336837  3.502389       6.352771    860.815796  212.934341  10.163433  3.451845  203.454727
290 -12.311920  31.644419   38.628319  0.326190  4.292079       6.217793   1314.769165  157.030075   7.276114  3.197487   93.810013
291  -9.110929  12.310714   35.405788  0.312726  2.385984       6.347752    892.078125  142.783661  13.279627  2.044822  116.279633
292 -16.281199  -2.502451   43.411060  0.297639  3.310484       7.304537   1214.368530  185.205658   9.106362  3.991941  145.531494
293  -6.496169  24.581753   19.427456  0.324117  4.580426       6.066446   1049.499878  209.843918   8.098301  3.677995  195.981445
294  -5.672601  16.572813   64.000992  0.278160  3.607540       9.013036    881.294495   64.740707   7.078001  2.692769   68.162956
295 -12.180888  -7.933850   54.916847  0.272025  2.934907       8.701260    778.927124  130.775482   9.100058  2.426078   87.964211
296  -1.493751  30.263048   40.263851  0.301779  3.274482       8.359775    765.537048  205.856110  13.095590  3.861528  166.983978
297 -12.647353  -1.285326   12.384224  0.287099  3.628507       6.854852   1057.514526  174.228333   8.217134  3.784338  203.364426
298  -3.856590  37.070290   24.305059  0.333669  4.894670       5.095927   1027.399292  238.649445   9.808466  2.144879   84.768692
299 -17.419712  29.822073   45.396160  0.279563  4.600205       6.701644    720.953369   79.356285   6.384577  3.356594  102.949661
300 -15.295775  34.399975   38.518383  0.320818  3.980086       5.824268   1003.863464  143.737320   6.517924  2.426361   78.757790
301 -13.361868  16.783194   30.971832  0.329663  4.333082       5.014292   1255.301392  115.640572   9.055084  2.837937  198.209122
302 -16.773890   8.819012   29.724598  0.341972  4.022118       6.466241   1121.436157  245.375641   9.282458  3.878962  224.377884
303  -0.460956  31.577818   17.215134  0.279387  4.823257       6.251960    968.997681  180.273788  10.795464  3.960884  139.943329
304 -12.538098  27.524948   26.967289  0.328318  4.671254       5.689077    704.001343  193.659454   8.075453  1.659390  101.127289
305 -17.626749  27.386925   64.364967  0.324804  3.489159       7.733831    761.978760  115.943497   9.734735  2.062878   76.148239
306  -3.594069  32.103775   15.039542  0.319852  3.945160       6.212512    813.794495  146.629456  10.460612  3.911595  202.589294
307 -14.746675  26.621122   42.616566  0.256785  4.471475       5.071868   1126.465210  213.956238   8.283794  3.273362   99.321449
308  -0.806891  34.289677    9.443858  0.290949  3.570282       5.834191   1128.531128  155.578003  12.959549  3.448049   99.910995
309 -19.997890  29.584642   55.715008  0.316668  3.443995       7.110582    826.795715  158.634583   9.330235  3.336877  100.783455
310 -15.401180  32.842316   57.591469  0.347946  2.988446       5.010652   1767.560913  183.012009   9.606191  3.074355  103.512367
311 -17.976278  28.649736   50.951969  0.311295  4.355793       6.718673    978.997314  158.013199  12.241546  2.664982   79.769356
312 -16.404673   2.140079   47.285896  0.296038  4.163124       7.783823    779.754883   78.286812   7.468174  3.168626  163.486404
313 -14.309483   2.724879    9.856845  0.322402  2.514503       6.276488   1437.896240  212.950333  11.317352  2.281267  108.723679
314 -10.538774  36.869198   37.685131  0.303894  4.634606       6.227969    820.316833  240.632751  10.860497  3.085682  109.482018
315 -30.360836  19.468662   32.130615  0.296104  4.056454       5.402302   1677.048340  136.837173   5.609595  3.171542   63.617355
316 -17.258053   2.743365   14.771334  0.288461  1.751777       8.680540    720.628357  161.144211   8.077216  2.115705   73.297012
317  -2.271088  13.085181   20.195967  0.302062  2.657986       6.374348    968.734985  214.198288  10.111483  3.343198  217.857269
318 -17.504133  42.751629   44.935234  0.318832  4.088004       5.456082    987.895508  135.534668   6.947408  3.254933   81.072258
319 -35.434326  26.461292   64.300743  0.295676  4.997754       5.511281   1059.267822  141.622757   7.108816  3.953258   63.658867
320  -2.024637  29.860081   42.630760  0.311545  3.585757       5.509788   1287.248047  157.000443  11.408125  2.916501  123.410507
321 -19.552111  36.167404   66.202141  0.324105  4.582213       5.319026   1571.495728  226.082947   6.216612  2.499231   59.851189
322  -0.428523  29.689486   49.258430  0.307740  3.006658       7.762782   1958.399414  169.070404  10.285748  3.944214  100.345268
323  -5.519520  25.639099   17.799303  0.337831  3.315138       5.208469   1641.547241  135.920059  11.007765  3.763113  169.006073
324  -0.622637  40.775890   33.589245  0.314067  4.011448       5.873017   1078.301147  185.515488   9.818550  3.038207  114.760399
325 -16.713499   0.699397    3.629502  0.318080  3.390519       7.207380   1390.130127  208.672409   5.363337  2.788785  116.835609
326 -15.229798  36.815983   48.414673  0.294439  4.698999       5.373149   1101.674316  167.608154   9.020463  3.632566  102.198715
327 -11.642745  20.427328   45.162384  0.321354  3.467581       6.769437   1018.295532  119.464134  10.559236  3.083539  138.310165
328  -3.121463   2.435873   22.104868  0.314544  2.868158       6.154219    990.712830  236.617004  11.750880  2.651192  179.440933
329 -20.420099  15.881701   27.389872  0.329446  3.813887       6.720252    879.193787   83.182655   7.966980  1.873354  138.389526
330 -11.870020  12.676211  359.744965  0.329464  2.779479       7.459313   1155.963745  233.273087   8.428800  1.961292   61.551296
331  -2.912865  15.225909   38.940575  0.324953  3.633290       5.986452   1310.380615   95.236572   9.696728  3.369313  196.645676
332 -11.253963  11.084645  352.896393  0.294449  3.130798       5.792714   1436.571167  199.853867  10.478064  2.314783   93.685768
333 -12.126062  25.150793   50.046303  0.317326  4.745611       7.132058    781.121399  240.446808  10.212167  3.542785  152.990738
334 -11.364596  18.085989   29.013329  0.274366  3.393512       8.350057    836.853149  120.947838   7.911485  3.717179   96.973991
335  -7.281826  29.242945   13.238550  0.293063  4.736300       5.937662    783.806580  246.281387  10.594376  3.914609  141.543365
336  -4.885497  35.096527   41.325672  0.314298  3.746376       5.003335   1621.098999  165.996338  12.086683  2.495027   78.619827
337  -7.623574  18.750170   38.075832  0.287635  3.172124       5.442792   1571.645874  154.396912   8.749398  3.409811   94.992661
338 -15.020808  23.655066   45.436241  0.342241  4.270881       6.152627    997.441467  122.827927   9.834292  2.803752  180.773422
339 -10.047868  26.355608   54.503349  0.336852  2.902075       5.354029   1456.728027  163.661697  10.229117  2.021552   66.849220
340  -4.077899  37.775867   37.840191  0.343389  2.767470       6.671410   1314.270142  195.680481  11.311687  3.633421  106.367455
341  -6.081485  30.211903    8.951172  0.305112  3.700329       6.038380    744.930847  222.981750  11.833153  1.857310   80.537537
342  -8.266415  35.454067   55.425861  0.304331  3.894002       5.227387   1344.701660  243.474686   9.642981  2.290968   80.299744
343 -13.032542  37.594364   19.675926  0.347321  4.838678       5.853533    859.979675  200.087555   6.635379  3.298426  188.952179
344 -16.788113  25.127861   53.896244  0.280287  3.687681       5.504529   1270.153442  187.408813  10.268256  2.856040   56.294266
345 -17.050854  43.838051   63.259560  0.346449  2.791408       6.249586   1929.764526  129.750732   8.737870  3.595929  114.617302
346  -7.525509  28.612148   54.280579  0.303907  4.322913       6.060761   1523.550293  190.845123   7.076564  3.796082  165.995544
347  -0.854843  25.434006   33.494907  0.327721  2.003911       7.291678    803.428284  213.687958  14.179456  2.567172  117.314392
348 -17.644991  23.330734   24.324850  0.284091  3.232572       7.599555    851.575745  137.690231   7.447807  3.840076  123.646774
349  -7.475859  15.042394   37.883030  0.296978  2.910395       5.132754   1178.963135  200.788803  13.985910  3.363174  169.243668
350  -0.321765  29.145079   38.363888  0.340217  3.568596       5.623877    922.590332  151.269760  10.448040  2.397282  212.152832
351  -8.906041  14.582203   58.934208  0.288458  2.284865       9.592120    740.868958   46.877373   6.975886  2.489313   83.398819
352 -10.622859  19.045507    5.075218  0.267079  3.024937       7.541529    993.716064  226.279175   6.838137  3.643565  123.223366
353 -20.120024  27.844788   48.433846  0.320404  3.203340       6.336644    937.515625  158.557556   8.359548  3.385709  123.837189
354 -13.923168  41.714592   44.402386  0.321403  4.636769       7.002516    929.378967  214.634460   5.931466  3.347133  106.054398
355  -6.432234  23.285124   34.231400  0.311822  4.668334       5.082328   1189.615845  175.422562  11.433192  3.610752  164.316895
356 -14.917896  24.935896   50.821693  0.247441  4.827439       5.077152   1328.017212  209.310196   7.728330  3.703761  105.328568
357  -4.781267  20.771133   40.853298  0.288368  3.058679       6.738620    936.226807  179.915375  10.136964  3.152251  115.336052
358  -0.919429  13.779658    6.927936  0.323204  3.795113       6.440846    741.955505  234.093536  12.122027  1.421644  144.477646
359  -9.141976  18.995655   28.203812  0.273191  3.920964       5.796852   1164.861328  182.818390  12.207708  3.387069  120.856361
360  -3.908699  -3.546410   29.108652  0.309210  1.363818       7.701821    908.253723  130.589828  10.058559  2.580089  127.503281
361  -1.225515  36.145420   26.805527  0.319774  2.871327       5.499692   1076.672241  225.043747  13.185607  2.173072   57.190323
362  -6.770142  28.286558   50.978443  0.275831  2.281639       9.609399    805.337280  110.954887  13.017557  3.605520   58.537975
363  -2.128148  21.296333   41.497059  0.277953  1.796253       6.425563   1612.659790  108.314880   6.560520  3.476692   72.407295
364  -6.251107  29.285122   40.855747  0.296954  4.380210       5.323683   1436.409180  148.072327   9.459605  2.581035   58.069996
365 -11.014474  17.828672   27.853386  0.300614  4.214658       5.467981   1078.257080  233.304520  10.554900  3.078027  142.594696
366 -17.720924  43.425938   50.491661  0.301594  4.446043       6.885029    724.081543  171.429504   8.388633  2.951074   74.985596
367 -15.664530   8.103451   43.406055  0.348160  2.349577       7.522790    774.126404  145.545044   9.954079  2.826998  190.491516
368  -2.922094   5.578596   44.283642  0.273061  4.176603       7.184383   1013.761658  181.562485  12.298700  3.716696  137.331390
369 -13.777588  17.337967   41.570900  0.299295  3.721495       5.304144    998.053101  209.941483  10.199831  2.835942  125.833572
370  -8.449493  14.439894   14.734658  0.287527  3.488571       9.046147    852.427856  164.705719  11.694117  2.937636   66.538963
371 -15.461319   3.050505  354.400299  0.287979  2.336974       7.684309    917.896545  235.415771   7.671298  2.602388  148.398788
372 -17.197859   4.055461   32.067619  0.289668  4.994153       6.495135   1045.497192  234.166000   9.413000  3.440062  176.774109
373  -7.362963  38.287704   37.457317  0.294114  4.602709       5.577879   1146.197021  211.161514  10.868712  3.034168   64.089439
374 -23.246832  31.526981   53.717899  0.312167  3.665216       5.634339   1313.874756  232.676392   7.494982  3.411892   84.265549
375 -11.427412   3.461474   35.555042  0.311706  2.833293       7.258425   1412.886108  137.671555   9.796690  3.503753  151.184921
376 -14.590874  23.033773   32.845768  0.292561  3.126923       5.585090   1384.414551   92.018684   8.984920  2.764662   52.224812
377  -7.908232  35.039482    6.295934  0.342222  4.085572       5.225710    743.627869  159.166946   7.084922  2.358254  177.568497
378 -14.616733  -4.426493   35.671680  0.296835  2.444045       8.649087    983.060364   71.661888   6.397677  3.049576  102.054657
379 -11.064582  23.754934   34.461147  0.315738  2.932117       7.532114   1154.699219  121.327942   9.959824  3.506502   98.111366
380 -19.634836  -8.896096   28.012737  0.288895  2.880046       8.542408    886.453064  155.211609   8.012440  3.946179  155.204605
381  -1.344597  16.580153    5.614979  0.296551  2.303314       6.746202   1154.580444  231.602371  14.088314  2.830527   97.582886
382  -3.839936   4.881646   33.861431  0.257964  2.931807       6.696486   1218.442261  172.688583  11.075575  3.208904   90.584358
383 -10.635397  42.160015   44.168629  0.272329  4.475328       6.744096    983.290222  196.029495  10.081143  3.299428   62.619045
384 -13.568528   3.939386   21.437458  0.313430  3.255679       6.003232   1434.010742  236.369980   9.096940  2.549078  105.861702
385 -16.146868  33.627094   11.530752  0.338105  3.922654       6.567032    724.495605  132.866623   6.584458  3.224622  166.258286
386  -6.321066  -0.493786   31.103832  0.253015  2.644177       7.817889   1187.630859  249.975601  11.314775  3.648714   85.466431
387 -24.653700  20.526192   42.914158  0.347231  4.926219       5.242483   1300.256592  124.619507   5.928257  3.879612  208.490768
388 -12.042814  18.151043   11.046738  0.319050  4.328189       9.025805    708.332520  153.359711   8.811810  3.972353  198.763428
389  -0.050247  28.036985   28.864519  0.292371  3.489960       8.366013    701.880554  197.691452   9.483194  3.852384  116.000885
390 -11.651218  31.405811   31.402020  0.335500  3.173242       6.252776    855.807373   59.955166   6.828614  3.773473  194.243484
391  -9.182331  15.698636   23.485878  0.330473  4.002779       7.194242    930.538086  186.710724   8.644832  2.266659  120.936638
392  -9.040233  24.258884   30.645002  0.346320  2.671581       5.354231    968.070190  116.407249  11.872558  2.990071  211.802322
393 -12.067642  35.854546   52.044231  0.294816  3.865342       7.910626   1181.239502  212.938354   8.499930  3.090363   61.313206
394 -10.168111  18.716740   27.912981  0.277751  3.843230       5.531540   1657.791870  227.852661  10.374249  3.927938  108.552734
395 -11.151734  40.436054   59.802372  0.328156  2.801769       5.531026   1758.447388  137.182602   9.653130  2.721736   83.661385
396 -14.385029   7.471935   27.244013  0.248631  2.486573       7.433358    866.019043  111.621490   8.869846  3.333617  126.715706
397 -15.001646  14.679257    3.300503  0.338904  2.885431       6.184721   1086.909668  227.060471   8.634186  2.081438  109.517761
398  -0.964374  36.114944   38.020802  0.341834  3.105166       6.604956   1400.240112  159.968735   8.775915  3.239874  110.750702
399  -3.865560  29.061825   22.971479  0.348881  3.072826       6.142583    762.430115  126.661934   8.852494  3.472062  255.632294
400 -15.774894  25.575684   42.327991  0.258215  3.931801       6.020938   1063.309570  229.383530   9.340271  3.065150   60.723545
401 -13.617081  33.048378   77.014709  0.294892  2.465884       8.998952   1652.299072  210.211288   9.248136  3.967166   78.496796
402  -6.850281  14.944570   20.119249  0.284652  2.977299       7.443578   1004.739807  248.268539  11.052434  3.286361  135.144775
403 -12.757056  26.210085   53.012409  0.314024  3.055741       6.789052   1124.156738  123.209343   8.815466  3.031859  106.990791
404  -8.781759  34.779568  356.675537  0.332074  4.923712       5.029935    725.185791  218.329941   7.802970  3.409838  247.413757
405 -20.820618  10.716222   29.892527  0.289017  3.073707       5.719926   1377.183838  134.734772   8.378598  3.893007  154.933655
406 -18.269238  16.883667   58.686436  0.347368  4.183809       5.024930    730.163330  122.300774   7.733410  2.593416  239.685471
407  -6.526726  28.268497   52.509552  0.333863  2.009007       9.174293    753.941162  192.450562  10.612731  3.355348  119.371445
408 -12.959507  10.155680   36.192509  0.254676  3.793651       5.903525   1228.258301  223.589630  10.998767  2.890404   82.872772
409  -4.839114  22.931236   23.537207  0.298404  2.401944       5.687494   1024.170410  125.037956   9.814091  2.668376  143.194260
410  -1.150511  20.004404   40.344902  0.330594  1.491115       5.051052    983.597534   59.763081  11.461034  1.556233  136.948120
411 -10.098530  42.893448   29.864681  0.277700  4.313737       6.046972    756.311768  204.922623  11.408510  3.136031   56.100250
412 -15.909459  18.462814   17.712446  0.331465  3.252850       5.626008   1012.721436  132.604675   8.831182  2.108314  115.623215
413 -17.928429  21.177776   43.638824  0.294852  3.177479       7.188232    937.142151   60.039970   7.579617  2.870718   65.767792
414 -15.055314  28.904427   47.484722  0.329509  3.846385       7.809805    858.790100  188.778076   9.898108  3.678642  145.225189
415 -17.553989  40.598274   60.484463  0.336260  3.698193       5.343128   1174.111450  129.888046   5.496208  1.882500   66.315826
416  -6.538230  15.532368   15.366775  0.287952  3.123044       8.408848    957.848633  129.038422   7.262818  3.883172  123.804123
417  -6.565219  17.521460   12.433242  0.319723  4.368068       6.840172   1182.523193  242.020325   5.707243  2.574920  118.482826
418  -0.533208  30.532740    3.132684  0.348442  4.274134       7.107040    782.576599  241.217575   8.776328  3.206254  169.189926
419 -16.585430  19.072285   19.306141  0.344418  4.955976       5.494614   1039.067627  238.538971  11.767681  3.673993  233.090134
420 -12.977547  29.561510   39.620125  0.330916  4.276562       5.516503   1132.758789  164.138306   9.551576  2.390872  126.718018
421 -14.784216   5.770787   30.605299  0.289436  4.159898       6.736656    774.420837  127.557594   7.405690  3.395916  208.225739
422 -13.356152  24.764029   46.980965  0.284812  4.016221       6.219364    850.539734  154.422806   7.955943  2.924153  140.156677
423 -11.674455   7.739631   31.093897  0.257872  2.573902       7.352794   1016.852112  228.687271   8.647225  3.283023   98.452606
424  -0.736181  33.326309   40.516148  0.334026  3.902096       7.924264    982.738831  191.707932  13.049586  3.503698  170.820984
425  -7.817913  45.115849   34.407024  0.312988  3.687546       5.177157   1340.346924  221.749374  10.933381  3.155716   65.683563
426  -8.060098  23.465813  348.045868  0.320064  2.924187       6.257426   1333.717041  201.451309   7.319963  2.753443   98.008369
427  -5.191054  13.491633   35.112621  0.305323  3.085892       6.055056   1075.620117  161.291702   9.942499  2.626923  127.096687
428  -4.372253  16.651987   31.692501  0.309061  2.808055       5.443161   1842.355103  191.074966   8.693666  2.849167   85.566925
429 -11.144277  29.287563   37.910362  0.344741  2.161973       5.072405   1309.085571   34.549263   6.996211  2.105569   91.090469
430  -9.120339  29.971195   37.154293  0.323312  4.153177       6.988184    814.496765  201.317291  10.542873  3.055701  140.509705
431  -9.815051   9.650214   16.879898  0.294407  3.675598       6.993489    744.614197  241.337067   8.988761  2.186906  148.882614
432  -4.771079  25.764372   45.323948  0.324452  4.798467       5.578627   1234.053101  222.157196  10.800283  3.179367  161.351654
433 -12.650861  26.025026   37.573154  0.315962  4.186920       7.239301    879.200623  197.818222  13.087208  3.302134  132.655060
434  -3.997033  39.304386   49.608669  0.318724  2.976376       7.674793    991.890198  187.411453   9.141470  3.109862  160.867233
435  -9.413626  22.345152   36.099396  0.270429  2.953075       5.135139   1953.339844  118.760536   8.454453  3.941076   77.006927
436  -9.755419   4.107582   13.756508  0.306566  1.210663       6.563115   1292.228638  163.137680  13.960069  3.915226  188.711594
437  -7.032333  45.330418   48.314972  0.327382  3.177033       8.859262    869.716003  181.309586  13.096779  3.523124   93.153862
438 -22.330761  10.588315   24.747490  0.297726  3.202703       8.277808    725.569092  151.496201   9.430696  2.798569  108.930939
439 -22.092682  24.174566   42.347111  0.327561  3.735539       7.293837    855.888672  141.321426  10.118790  3.420143  116.995071
440  -8.468501  38.166611   44.566719  0.283743  4.383107       5.236793   1659.332764  211.757401   9.483620  3.961382  102.550957
441 -15.720734  13.883016   16.284700  0.259746  4.263852       5.283438   1757.273315  213.103210  11.527722  3.419173   96.974884
442  -9.446207  32.478413   41.236805  0.332587  3.716931       7.881835    873.313477  113.059227   7.153088  2.499424   74.978722
443 -10.496996  26.117098   47.723957  0.334849  2.827632       8.503473    834.733704   81.890587   9.188212  3.281412  116.001251
444 -12.741523  19.136082   33.299904  0.341242  4.771206       5.989511    976.682739  225.610077   9.625101  2.043157  126.237137
445 -15.855413  26.981495   62.035694  0.335141  2.583209       9.275593    800.752869   65.082306   8.830952  3.206102   99.090431
446  -6.991569  46.303307   40.829086  0.321841  3.683184       6.195860   1013.094177  225.218887  10.193394  3.135672  105.003944
447  -8.712344  25.401709   53.210350  0.313449  3.327682       5.442551   1612.050171  130.479004   8.120814  3.360782  120.627815
448  -5.439390   7.631358    8.931083  0.322832  1.923363       5.891704   1200.969727   91.149017  12.984698  3.688809  213.967499
449 -12.916467   3.821539   19.100977  0.321171  3.229794       8.266812    721.455933  228.997330   9.019095  2.375804  164.531845
450  -4.932773  20.487980   46.190079  0.341311  4.071838       6.794846    882.005859  119.799294   6.343638  1.405493   51.789722
451  -9.947779  27.144762   52.783489  0.348280  4.078134       5.212193    871.717712  231.927109  10.119008  2.677139  197.984940
452 -12.925341  38.360886   36.921360  0.306448  4.457303       6.399262   1132.826904  179.894516   8.296984  3.191041   58.932667
453  -6.094906  17.342575   51.398972  0.262260  3.529936       5.638549   1342.053955  147.256790   9.655917  2.724048   54.879726
454 -16.329193  18.369772   43.131851  0.265811  4.513875       5.930295   1568.998535  149.910477   9.761735  3.624461   66.786812
455 -18.232428  -7.603525   34.328838  0.290802  3.268750       5.601254   1623.211548  198.112640   8.600344  2.932741  135.937622
456  -3.387466  30.657345   11.354588  0.308571  4.742177       5.481947    906.934021  243.749435   9.760409  2.713757  144.305038
457 -32.224598  34.925262   81.846504  0.339424  4.461598       6.039901    907.982605  186.496185   6.404586  1.984386   88.158089
458 -12.195229  19.526476   39.962322  0.334277  3.455674       5.713419    865.640808   98.295494  11.114222  2.895300  180.551651
459  -1.522014  37.050484   33.238235  0.319475  3.548845       5.364086   1158.130737  163.913223   5.533873  2.477492  109.289383
460 -17.941788  25.366894   36.874542  0.299178  4.443642       5.957062   1002.631226  156.982697   8.932012  3.126363  129.529846
461 -18.895945   7.245042   27.229654  0.288397  2.219509       7.681966   1350.175903   92.640572   8.584844  3.725207  130.505356
462  -5.635092  24.874325   35.747147  0.335243  3.617394       5.882137   1144.756836  169.977570   6.959190  3.406216  203.194748
463  -3.520097  33.909599   42.221458  0.302788  2.975395       6.759797   1191.626221  240.921753  12.101785  3.339645   89.371803
464  -5.720853  26.939901   48.309410  0.248944  4.699633       5.707187   1756.616943  221.515549   7.673481  3.906133   83.064400
465  -8.743055  27.418522   26.405556  0.307437  4.004917       6.509500    734.788940  166.468338  12.348702  3.247614  159.212433
466 -16.661650  25.408024   20.231636  0.305670  4.873398       5.271376    837.247437  179.148560   6.998448  2.342881  160.939835
467 -18.418877  45.728527   53.363781  0.336118  4.740169       6.150241    925.630737  249.638779   8.685480  3.656320  149.794586
468  -7.971195  17.579025   25.701523  0.326972  2.318727       5.771582   1336.434570  144.996048  10.104319  3.307514  188.201645
469  -8.610294  39.644215   39.503651  0.338537  3.686050       5.634695    894.397766  168.094513   8.083101  3.149098  168.632401
470 -19.238543  32.578564   52.971241  0.307332  4.200994       5.408509   1310.925171  134.112274   6.793500  2.971452   96.925774
471  -4.474488  11.471601   21.509449  0.329436  3.534354       6.338642   1753.501953  231.223343  11.568311  3.436067  153.080521
472 -25.274195  37.231319   48.883316  0.279861  4.597446       5.849686    882.407349  140.219589   8.122847  3.496404   54.354885
473  -8.081259  30.321203   39.361626  0.247007  4.184417       6.696446   1115.000122  195.001999   7.897493  3.483955   70.044205
474 -12.864087   2.905262  359.482666  0.302680  1.374754       6.254227   1773.287354  139.270111   8.314135  3.310829  156.453690
475 -19.565466  13.647054   48.738247  0.297712  4.461478       6.780818   1089.600464  223.651169   9.400782  3.572621  111.523796
476 -22.015423  25.749353   21.167040  0.283223  3.431388       5.028835   1589.665283  157.124557   7.466112  3.941328  100.774864
477  -1.313069  25.167677   25.745735  0.328081  3.896704       6.946815   1000.852051  189.328949   9.108826  1.850227   87.953461
478 -11.672413  28.607227   50.451656  0.316651  4.734901       6.400413    891.112549  194.490097   7.941891  2.714700  108.949844
479  -1.292036  32.995087   24.311825  0.347174  3.460655       6.808702   1061.384033  192.224396  10.646251  2.998533  169.187027
480 -13.557949   5.964357   26.760796  0.280821  3.358404       7.691324    853.413513   70.882858   7.785982  2.967633  132.346024
481  -9.732833  20.444712   48.979748  0.268846  4.143931       5.480349   1668.641479  212.206833  13.176022  3.064677   59.592899
482 -16.065163   0.983027   36.034401  0.214670  4.156118       7.447882   1276.062500  242.304489  11.230381  3.795854   73.368614
483 -21.264524  21.799704   39.405510  0.317756  4.810120       6.606118   1050.479004  232.855667   7.638044  3.306643  108.001289
484  -0.715981  26.579746   34.901562  0.270797  2.985341       6.261940   1600.883789  147.774673   9.722412  3.947966  103.101990
485 -15.430171  37.716347   52.811337  0.335695  3.517710       6.774509    981.456116  212.850449   9.664033  2.448663   56.502689
486 -22.022148  16.164402   28.550743  0.280704  2.959947       6.622859   1237.746094  227.490494   8.420678  3.039605   89.683678
487 -12.886412   6.587515   54.740658  0.214537  4.366041       7.776392    777.895386   67.455414   8.286406  3.614697   93.730652
488 -17.287283  27.416832   42.330681  0.320207  4.371051       6.733429    758.976440   41.572601   6.877651  1.947211   61.847931
489 -14.486290  40.414211   47.376869  0.328022  4.230823       6.496675   1060.398682  108.395264  10.897777  3.808282  146.605301
490 -14.313242  10.908614    2.167915  0.324952  1.984744       7.927473    877.575928  200.364441   9.014930  2.470593  163.455597
491 -13.749323  26.008085   23.806635  0.329611  3.857226       6.565507   1110.226196  160.688995   7.843680  2.821248  125.894562
492  -7.147160  38.093842   47.176319  0.337591  2.572680       5.011365   1320.305664  102.486092   6.258377  1.978858   70.256447
493  -0.378151  25.707788   50.440632  0.312528  2.795427       8.167505   1127.757446   81.220734  10.009128  3.542630  125.014030
494 -21.389120  34.154011   55.540924  0.306674  4.063872       5.982711   1215.267456  187.314484  11.192269  3.619411  110.296822
495 -10.747096  40.208107   25.514997  0.328459  4.110286       5.731421    978.378174  186.497452   9.931396  3.091805   76.609413
496 -14.790096  19.471434   25.853174  0.308157  3.713859       5.872767   1075.369751  171.583237   5.090122  3.396717  165.885269
497  -0.727499  20.202061    1.012383  0.329068  4.180362       5.876133   1059.151001  217.090927  10.015943  3.031937  194.943130
498 -11.846970   7.187213   25.489021  0.310784  3.570466       5.714257   1566.925537  238.353104  10.223043  2.924519  115.472107
499 -15.302390  26.361340   26.093960  0.312709  2.916593       5.138761   1247.125977   90.570396   9.256013  2.914639  108.200394
500 -25.053589  -5.651495    5.832202  0.286807  2.783308       7.316810   1653.452881  233.744873  10.842596  2.667159   99.614296
501  -7.865467  18.124035   10.261622  0.258689  3.536440       6.100313   1355.767944  233.507385  10.497604  3.398875   86.425491
502  -1.209805  21.876427   27.086765  0.307731  4.770730       7.781729   1024.554932  220.638580   9.939912  3.668550  140.676727
503  -7.922110  31.523830   51.814407  0.322474  2.507893       6.402173   1505.532227  178.264511  11.674504  3.458110  102.591064
504 -27.431171  26.931721   63.888908  0.260616  4.989864       6.641221    725.382446  225.058441   7.816807  3.418571   55.895672
505 -20.601007  -3.057811   43.846809  0.259580  2.728065       8.788270    703.856201  179.347900   7.904925  2.357162   67.004135
506 -11.767364  26.410124   25.391207  0.296402  3.948391       5.961480   1063.997559  174.940018  10.907100  2.855279   74.175659
507  -6.433182  16.539013   16.718832  0.332879  4.476935       6.467823    810.569641  192.958939   5.990460  2.216644  215.484238
508  -7.650608  34.628826   22.622185  0.312153  4.344618       5.433177   1248.305542  236.479675   9.918159  3.517150  111.166794
509 -10.456669  31.049278   48.302998  0.306765  3.920913       6.811687    811.916504  222.235687   9.721504  2.441808   87.921150
510 -16.257870  20.459309   15.306018  0.333756  3.486468       6.217069   1017.050598  201.790955   9.143930  3.796521  192.734390
511  -0.509971  25.029379   13.639585  0.303372  4.159959       6.160683   1023.045410  213.799744  13.192129  3.407497  160.659866