           lon        lat         inc      D1AU     delta  launch radius  launch speed    t factor       B1AU     gamma         vsw
0    -7.374695  30.856131   42.623589  0.279514  3.504972       6.378810   1179.500366  218.886337  13.410205  3.266508   69.927032
1   -21.650970   9.508141   46.284805  0.283903  4.560768       5.140052   1194.782959  242.419235   5.374913  2.471646   93.378960
2    -4.247846  23.262367   28.604401  0.251809  3.438661       5.496126   1444.606201  230.966797  11.139236  3.089636   50.269932
3   -13.051622   6.065543   42.361488  0.269123  4.399920       5.190699   1256.176880  185.622452   9.681417  2.970103  113.109680
4   -29.269314  19.198265   33.006771  0.294820  4.929981       8.134694    936.216675  198.320816   6.859226  3.357494   70.602501
5    -5.170414  37.379204   39.050598  0.349486  4.536153       5.049181   1274.225586  235.550858  10.196017  2.872667  125.901695
6    -0.192476  12.446207   34.051361  0.261881  2.386142       5.859554   1813.946777  193.567612  10.183084  3.963528  100.557419
7    -4.868442   6.241843   25.440775  0.222245  2.503912       6.209849   1863.921997  153.094238  11.469204  3.687813   52.612652
8    -6.303572  16.703020    7.011472  0.258076  2.996645       5.505330   1872.831421  176.125473  11.063641  3.829686  105.165634
9    -5.373601  22.701313   30.148891  0.316836  2.756837       5.514458    928.029907  130.048477  11.465053  2.319575  123.081123
10  -12.070589  18.716936   29.644867  0.265513  4.351076       5.295431   1581.916016  204.667023   9.435618  3.561504   91.719070
11  -14.120578  19.653992    9.622594  0.343742  4.005732       6.426898    771.219421  242.831238   8.245198  2.044605  205.240967
12   -7.962698  24.915640   24.779058  0.317488  4.030353       6.876642    880.033142  156.829376   9.451187  2.962127  159.722977
13  -10.285263  34.119362   40.071384  0.301072  4.503755       6.159410    734.714233  191.161728  11.353313  3.003801  156.403015
14  -11.159841  33.219292   39.984001  0.314794  3.819642       6.840006   1095.315308  188.984787  11.740843  3.422154   89.104271
15  -14.163292  42.778145   50.055828  0.334408  4.026502       5.938983   1194.582275  228.794846  10.285621  3.172669   87.000870
16  -16.346991  13.781256   44.992844  0.268847  4.351355       5.081414   1675.568481  246.074219  11.465133  3.857976  101.455795
17   -1.449092  24.657570   20.279482  0.275093  3.526918       5.086081   1242.786621  210.368683  13.323621  3.740105  159.461487
18  -24.506704  24.669653   58.112930  0.329489  4.002924       5.201661    791.241028  194.207443   9.053403  3.763734  195.457657
19   -3.934834  33.607822   52.780087  0.320461  3.582157       6.447037   1321.806519  226.109497  12.018296  2.793420  116.027939
20   -8.349877  36.391003    0.720386  0.318106  4.428632       5.229698   1083.165527  141.987595   6.327282  3.006293   97.243187
21  -34.675945  20.037935   87.436562  0.312919  3.431298       7.015376    881.129211  141.256699   9.829146  3.586607   84.849876
22   -8.051287  43.072773   41.671776  0.335727  2.966483       7.133820   1538.992310  116.778580   8.369225  3.431794   66.495125
23  -10.558490  20.631472   10.288054  0.327942  4.024659       5.126628   1012.552307  156.134995   8.197881  1.790832  147.812622
24   -4.793947  19.562773   28.039167  0.313195  4.378566       5.807265    925.215942  208.626175  10.638457  3.202030  207.096375
25  -10.652092  14.873031   29.496134  0.233196  4.578274       5.736758   1399.733398  234.176224   8.664255  3.760343   98.956169
26  -10.111314   6.753375    3.671990  0.272928  1.630792       6.970146   1189.856323  207.805511  13.963663  3.106261   97.153488
27   -0.662506  35.244278   36.006790  0.327374  2.796014       6.925545    865.773254  148.647552  10.462913  2.844342  146.638199
28   -2.862852  16.984894  355.733124  0.285411  3.316067       5.145899   1156.404419  212.625092  10.653985  3.757531  196.276047
29  -30.112518   3.020160   15.996076  0.280232  3.183398       7.041918   1713.154419  218.498642   7.047532  2.303262   67.422806
30   -2.416267  24.132275   32.480194  0.249717  4.397465       5.645444   1482.413452  244.798096  12.436530  3.565124  100.758339
31   -2.420429  33.936230   33.847988  0.330193  4.296115       6.164995   1096.860474  172.514633   9.851341  2.505735   92.845963
32   -1.322234  15.031477   10.991961  0.266742  2.473247       6.701615   1139.433838  138.968521  11.037514  3.373523  112.073074
33  -10.530931   6.742404    7.247467  0.290868  2.454290       6.257227    981.771362  208.404846   7.244931  1.637398   83.450096
34  -14.477962  -2.107881   26.911753  0.262569  1.720008       8.013675    803.002991  137.767853   8.330319  3.340196  127.462135
35   -4.878055  21.058596   16.145477  0.301152  3.432858       8.612933    749.498474  170.515137  10.931984  2.447206   92.856773
36   -4.424339  29.349924   29.987961  0.283809  4.270165       5.318498    944.052734  188.969055  11.207862  3.459976  166.210587
37   -2.373392  38.953339   39.450840  0.329469  3.749931       5.222050   1991.479614  171.807327   9.258855  3.204246  122.012756
38  -18.312222  19.567720   45.244312  0.326091  3.876853       6.723858   1300.792480  194.801514   9.033416  3.268049  110.990227
39   -8.218634  30.334074   37.985161  0.322621  3.991021       6.263988   1183.763306  150.631119  11.303934  3.603090  121.567284
40  -13.261348  29.185781   49.180183  0.320861  4.313039       5.375792   1340.834106  213.559479   8.325974  3.223877  117.563370
41   -7.147028  28.466198   55.126564  0.292914  4.030677       6.773482   1326.844238  247.329895   9.716499  3.509475  108.311501
42   -4.119216  42.153915   26.492270  0.315462  4.160318       5.929485   1094.257812  233.514282   7.746303  2.861431   78.192490
43  -23.458950  39.815777   55.980755  0.327996  3.595769       5.899512   1118.719238  194.020767  11.164726  3.336157   60.075294
44  -14.373889  29.499647   35.081429  0.244910  4.981234       5.711161   1439.837769  191.883392   8.351840  3.883699   56.750782
45   -3.618206  21.163071   22.665493  0.267341  4.007163       5.064748   1548.833740  237.155060  10.441524  3.495165  120.538422
46   -9.059105  16.175104    2.749722  0.307039  4.247490       5.381271   1286.195435  194.093826   9.584284  3.700703  204.281738
47  -11.955147  23.307995   25.682970  0.318720  4.983391       6.683165   1197.983765  234.191254  11.454659  3.994883  157.975754
48  -10.593774   5.947528   47.641140  0.234659  3.881102       5.869122   1365.079712  168.154846  13.155022  2.971160   58.192001
49   -5.029016  23.044331   29.751892  0.312422  4.291143       5.619133    783.163757  209.048737   9.085889  2.019789  141.021271
50   -4.797958  35.640755   23.145721  0.302671  3.137139       6.295823   1032.535278  217.172714  12.763963  3.012456   73.756149
51   -5.637730  42.540356   41.474407  0.287259  4.612891       6.300515    844.840027  245.242920  10.027164  2.167598   68.447464
52   -0.141147  35.806187   12.784492  0.318517  3.577634       7.034393    735.088806  179.369949   7.578498  2.756702  105.294502
53   -9.145383  17.244524   34.738209  0.284114  4.772728       5.601660   1557.017090  189.792953   8.583827  3.095163   85.669960
54  -14.782152  20.653868   26.100168  0.299281  4.667087       6.683366    810.838013  185.684769   7.596079  3.289350  130.389969
55   -4.451486  22.757746   31.619453  0.327994  3.096179       6.246535    870.712402  192.653976  10.494643  3.014307  188.154602
56   -2.424801  28.349909   48.659641  0.336830  2.417143       6.207892   1696.547119  175.191437  11.652977  3.782455  157.256210
57   -1.150636  27.160986   18.874922  0.300937  4.749480       5.976524   1131.823364  194.841370  11.587599  3.490858  139.211624
58  -19.814669  23.965855   32.562695  0.325582  3.549137       5.634797    842.843323  133.080154   6.560296  2.056222  127.920303
59   -3.901132  36.086777   21.786518  0.345025  2.779536       6.656318    815.820557  104.146118  11.080653  2.854844  149.443008
60  -13.867622  34.830872   39.090057  0.329712  3.225263       7.455095    884.561157   87.623283   7.624796  3.164012   85.618301
61  -21.613367  24.975660   52.931705  0.272651  3.849053       5.539154   1652.381470  167.529526  11.711183  3.741668   50.652008
62   -2.794903  31.014513   40.140583  0.267835  3.088110       5.765454   1728.657349  187.752762  11.440763  3.213955   54.819469
63  -15.393002  46.641327   44.394669  0.341458  4.214509       6.778584   1007.960266  163.016113   6.899207  3.472212   88.165314
64   -8.129443  30.634897   29.535986  0.275937  4.190899       5.077412   1105.545532  220.145554  10.235041  3.194574   94.725861
65   -7.049698  35.906609   26.154930  0.305006  3.812145       5.836528    746.688232  108.882423   8.628116  2.605596  110.739616
66   -5.476979  32.598137   37.449017  0.285378  3.626289       5.961184   1203.420410  220.272888  10.004460  3.037694   63.361542
67   -2.586867  27.594257   29.538778  0.277140  3.613261       5.279979   1126.524292  196.592743  10.351251  2.573816   94.353928
68   -7.178193  34.677895   33.638943  0.340130  4.538963       6.230031    995.070618  231.292831  12.224133  2.523629   89.395462
69  -20.911415  40.663605   66.839745  0.325401  3.698029       6.466129   1722.208252  189.946640   8.815228  3.685097  100.615524
70  -12.687467  39.150860   35.808273  0.290100  4.127672       6.034919    998.259033  173.097351   9.255333  3.573694   67.043488
71   -7.154084  27.366343   32.668407  0.293311  4.702476       6.179641    740.780579  218.883804  11.072472  1.776415   62.289845
72   -6.155666  13.264151   18.097601  0.283275  3.444284       5.954140   1175.854492  182.982727   9.686247  3.814341  157.022736
73  -10.055092  33.879047   40.896252  0.326905  4.966287       5.365013   1077.690063  197.894623  10.414513  2.679260  109.637497
74  -12.109814  19.008404   21.853268  0.275750  3.665901       7.607198    956.375000  206.433014   8.832930  3.655810  127.348091
75  -14.015862  12.481601   30.658226  0.299982  3.807549       6.879290    871.508606  133.320465  10.712093  3.679165  184.689957
76   -8.580194  25.306992   31.296360  0.297387  4.479759       6.991199    995.685425  194.315033  11.044212  3.853639  157.575607
77   -2.494877  18.629099   34.068638  0.301923  4.019603       6.698654   1065.957764  199.088150   9.985371  2.636691  102.157677
78  -13.427395  11.477194   42.202969  0.255507  3.884501       6.032353   1322.609741  232.450317   9.072444  3.949842  124.245979
79   -1.735787   7.840925    7.038955  0.322556  4.049430       7.461360    920.388367  159.113739   8.323168  1.803272  131.974884
80  -14.398665  48.604179   40.842850  0.322470  4.345088       5.257425    890.790955  148.110306   8.007467  2.811212   71.994476
81   -0.233499  31.923527   25.895798  0.321703  3.987076       5.769846    760.572632  211.886307   9.297902  3.900452  239.687164
82   -0.220163  14.059998    9.589656  0.309303  3.298648       5.320808    814.354248  187.477249  12.344661  1.424319  149.156128
83   -8.083877  17.447054   20.673880  0.271506  4.109940       6.266053   1753.446655  191.687195  11.389549  3.323181   62.417431
84   -2.037244  26.419542   28.877195  0.291542  3.215768       5.782021   1300.600952  193.865494  14.497874  3.955818  140.114304
85  -26.846085  35.959732   55.342365  0.327838  4.290292       5.954705    774.188538  209.910629   8.483511  3.596740  118.905273
86  -30.135777  38.506573   58.553066  0.279782  4.959225       5.449733    989.297852  208.209152  10.297294  3.939582   57.755577
87   -9.356387  47.767056   39.272953  0.327123  4.530683       5.429895   1082.585205  235.995239   7.441865  2.514516   71.502296
88   -6.204000  17.559698   17.502375  0.250904  3.067743       7.200312    924.964539  211.358597   9.827325  3.171234   78.921112
89   -6.358038  12.586390   26.913876  0.340028  2.184156       6.833522    926.482727  193.311325  12.255445  3.560453  235.273987
90  -11.096469  42.385323   41.254425  0.303837  4.082957       5.369611   1097.659424  235.156235   8.336016  3.009930   87.874138
91  -11.074312  28.034479   31.809502  0.236202  3.943165       5.544511   1491.387573  199.209747   8.076532  3.822800   53.780895
92  -11.068079  35.134872   40.399384  0.276265  3.614397       7.264763    788.782898  167.718979   9.027546  3.879280   86.402573
93   -2.585353  37.057007   34.506676  0.308372  4.803969       6.261635    843.260071  209.952576  11.478257  3.719361  171.981827
94   -0.538472  23.086727   44.790440  0.256751  2.457765       6.041262   1942.355713  246.347549  12.837696  3.533396   53.505043
95   -6.638452  32.611923   45.115852  0.295583  3.322515       7.380669   1007.030273  231.147705   9.194398  3.344982  107.238503
96  -25.257936  -2.817164   23.587656  0.302441  2.821306       7.004497   1252.331177  148.635223   7.490194  2.663236  137.192963
97  -13.473354  37.032429   29.819641  0.336273  4.342535       5.038841    733.431091  167.805252   9.148456  2.197172  127.151711
98   -0.827366  21.061666   26.621510  0.309656  3.553039       9.211067    727.028259  157.996368  12.217632  3.846803  137.241638
99   -2.254940   9.211831   39.260059  0.279321  2.072528       5.515989   1164.358154  144.864349  10.330155  2.456081  119.226562
100  -6.127287  26.107731   20.365017  0.286178  4.381672       7.821221    895.120239  191.487686  11.361465  3.233726   73.836472
101  -3.179558  26.413698   41.229721  0.260457  3.419461       6.707795   1217.034668  173.189514  10.963213  3.598475   85.829308
102  -2.393716  36.299744   30.095991  0.253701  3.782240       5.940639   1286.109253  231.138565  12.272785  3.881036   80.837517
103  -4.152872  36.911266   37.796371  0.311588  3.240995       6.585353    807.490906  133.494614   7.491874  3.257646  167.581314
104 -11.825062  38.115574   32.021587  0.322011  4.756312       5.744415    884.893921  192.972305   9.830185  3.064743  121.732002
105  -7.213764  24.950090   40.642925  0.256316  3.559834       5.013218   1649.050293  185.226273  12.554914  3.439996   77.441765
106  -5.288777  28.879906   49.938465  0.332974  2.504815       6.322351   1031.621338  126.451996   7.405343  3.361886  189.766663
107  -4.561615  22.846872   30.042852  0.280341  4.573582       8.478035    833.695984  207.052414   8.683293  3.705406   99.488113
108  -4.540864  34.828159   40.852093  0.296426  2.857101       5.113886   1421.481201  151.350891  12.475639  2.831955   88.042320
109 -18.622662  26.116858   34.940788  0.331313  4.441083       6.148103    770.139282  128.531357   7.312899  2.991713  162.865616
110 -10.271228  23.803978   44.989944  0.250763  4.199936       6.284038   1307.897705  185.802841   6.300182  3.450740   64.981941
111  -7.002436  20.229063   29.845203  0.313911  4.835410       5.468799   1136.985474  160.393311   7.255452  3.344963  151.877640
112  -7.835438  31.285055   40.640820  0.255809  4.210721       6.181148   1464.128784  243.671204  12.883834  3.960623   82.405563
113  -4.510351  13.336244   31.782726  0.333540  3.609766       7.022205    814.915649  178.044479   9.063993  3.006539  214.415359
114  -2.614386  34.306763   41.348213  0.279256  3.872988       7.853421    746.485535  249.430878  11.224908  3.498940  134.340195
115 -10.845039  25.760704   56.913139  0.299960  2.839931       5.864775   1003.194885  185.896805  12.382916  1.788140   52.642075
116  -6.255905  16.581150   39.416973  0.219337  4.584696       5.082070   1585.505981  244.762863  12.513536  3.319225   67.562889
117 -16.190405  30.869081   47.516350  0.320825  4.660213       6.222614    854.730286  132.156891   8.706927  3.307716  129.258606
118  -2.502734  22.450489   19.732792  0.343455  2.893644       5.275616   1765.586060  133.480362  12.608287  3.682938  209.872360
119 -22.213882  24.106552   37.986362  0.300947  4.962009       5.611102   1220.352905  243.980972   8.701998  3.069546   69.990265
120  -7.981952  33.568424   42.386414  0.259064  3.928329       6.366407   1312.066040  152.839096   8.964413  3.843677   83.358818
121  -0.835744  32.963074   26.748930  0.344433  3.819837       6.057727    959.367676  197.043823  10.597099  3.594239  192.147049
122 -23.487024  31.851334   60.924786  0.347586  4.679718       6.117765    832.068726  241.369583   8.358706  3.865373  183.053879
123 -11.182864  27.155361   22.797274  0.259873  4.228065       5.431110   1236.605347  224.880829   9.002091  3.583359   92.301575
124 -18.272617  33.826782   45.999207  0.285763  4.425790       6.287159   1138.510376  191.116196   7.871051  3.630865   51.252327
125  -6.776632  26.557417   40.854733  0.348199  3.840337       6.159532    774.165710  111.059875   9.455500  3.541990  286.146881
126 -13.562318  11.833127   14.499737  0.296310  2.816144       6.734931   1099.268066  207.180603   8.579101  3.512373  177.946732
127 -11.224648  30.557581   29.389002  0.323099  3.743428       5.389203    753.055481  161.339615  11.955227  2.629839  142.181763
128  -6.227978  28.786617   33.505821  0.272554  4.761956       5.066407   1648.916992  168.652420   7.081667  2.891268   64.583595
129 -10.707587  16.992222   25.842468  0.246548  4.585197       5.189135   1625.771729  208.675278  10.699161  3.857370  103.317245
130  -9.728820  32.247322   44.258991  0.336700  3.857511       6.225952   1041.782959  174.610107   9.670585  3.265084  132.935623
131 -30.823240  20.357767   39.846539  0.340260  3.496853       5.691988    854.236206   92.236641   5.137302  2.275772  134.317490
132 -14.027081   8.190274   33.013130  0.309406  4.597393       5.508986   1754.937378  211.724960   9.773583  2.641710   83.229218
133 -15.148275  37.370411   48.635136  0.323796  3.706508       8.471950    721.905273  190.872726   8.094592  2.857157   73.376541
134  -0.033401  21.167747   19.378359  0.273914  3.466304       6.151690   1316.658203  211.423157  12.446994  2.621300   54.115078
135 -11.598852  23.256485   32.308628  0.306105  4.704003       6.824609   1131.267822  210.742294   8.189851  3.875185  124.487549
136  -6.554403  41.707958   37.102707  0.335801  4.090022       7.569684   1006.351868  223.551102   8.903872  3.499534  102.386490
137  -4.059376  17.068125   26.462337  0.314831  3.185810       5.902530   1295.706177   59.898510   7.477426  3.652942  191.085953
138  -2.350295  14.853118   17.883780  0.275688  4.026917       6.815092    885.548645  202.298447   7.997724  2.639840  128.980301
139  -1.220137  29.797224   34.704842  0.269278  3.029664       5.974642   1745.557983  164.455185  10.721542  3.505645   65.550049
140  -5.458248  40.028236   43.472809  0.342757  4.126619       5.658820   1306.391113  233.634506   8.738013  3.761811  175.522079
141  -9.230848  24.367859   27.614582  0.272695  4.906243       5.694344   1074.720459  174.833298   8.773114  3.844674  130.689865
142  -5.896081  15.359693   32.407639  0.273972  3.779726       5.407670    932.831482  197.747482  12.329411  1.642503   68.716019
143  -9.455698  20.369345   32.010807  0.339359  4.958033       6.501551    730.424255  216.497406   8.529740  2.997006  204.640030
144  -3.492201  18.968296   22.580622  0.285232  2.806855       6.737261   1152.468750  194.719788  10.057196  3.620968  105.827858
145 -10.100518  23.159410   26.527821  0.286391  3.894960       5.365623   1639.489014  184.735794   8.932895  3.024298   59.998802
146 -10.292391  28.190825   49.520046  0.276326  4.324856       8.457718    789.447815  140.897888  10.552535  3.615353   91.277023
147 -11.307650  26.973970   16.517355  0.326277  3.745475       7.456821    888.417175  189.644058   6.458646  3.284930  117.320496
148  -4.928381  26.288059   26.327820  0.264124  4.645875       6.916780    892.962769  212.240189  10.290855  2.789258   55.298923
149  -9.166240  17.320501   30.180197  0.316179  2.820749       5.369520   1230.590942  213.590179   9.016976  2.680899  141.999481
150  -1.143624  19.794014   23.984880  0.290917  3.825968       5.802157   1418.638916  183.374390  10.619693  3.901716  153.914154
151 -14.160834  29.083466   36.400143  0.313666  3.517120       6.929978    786.220764  205.258499  12.542034  3.158884  124.326195
152 -11.125437  17.335884   16.164776  0.329134  4.436433       7.196577    980.781921  223.376190  13.228926  3.111706  168.274551
153  -1.438161  23.899477   30.521450  0.338698  3.592646       5.236223   1244.465576  203.654373  11.635731  3.789491  193.931900
154  -2.637440  26.012005   23.657831  0.288273  4.792033       6.403679   1161.336914  168.183182   6.787400  3.323848  106.650444
155 -10.074602  20.233276   56.198391  0.284295  3.526572       6.772416    844.477661  163.089783   8.782572  2.166107   58.745098
156  -3.331094  34.872963   37.392269  0.314569  4.079118       5.857828   1092.939209  247.187851   9.777838  3.122727  167.625717
157  -8.706180  19.830694   22.945318  0.286244  3.326150       6.542453   1333.329224  171.330719   7.390488  3.515673   98.809021
158  -3.360879  38.664379   49.108494  0.334120  2.370958       8.663025    915.941833  244.582703  12.042797  3.254469  120.658569
159  -7.803125   7.423836   34.966373  0.279244  2.474379       6.923406   1028.261841  112.138908   9.075244  3.291170  141.663620
160 -15.675393  32.042370   53.179089  0.291494  3.599601       8.731293    700.190735  187.741028  10.777128  3.351529   65.232269
161 -14.812557  17.182234   19.872065  0.285060  3.408590       5.204371   1282.577393  220.947983  12.013467  3.369592  128.086548
162  -0.987611  29.465145   38.796921  0.294972  4.639530       7.439030    754.296692  179.233047   8.857197  3.608872  180.873199
163  -1.642170  31.583990   37.304821  0.295591  3.369728       5.627925   1207.231445  231.086258  13.823981  3.383235  142.418716
164  -7.672169  42.944447   37.484310  0.343874  3.720685       5.871487   1279.352783  192.488174   8.321668  3.229594   97.302933
165 -11.939756  21.103834    6.773400  0.301737  3.453296       5.940117    959.413696  235.659973   7.745193  1.932829   95.450104
166  -4.700403  30.467802   31.296534  0.266425  4.619616       5.371246   1260.917969  208.311966  10.140052  2.838030   69.763260
167  -6.818937  16.199373   20.691301  0.264644  3.058730       7.068373    937.923218  132.867584  10.003275  2.895512   82.339828
168  -2.660946  28.953836   47.045429  0.285105  4.982282       5.036962   1486.564819  211.470551   6.725557  2.479137   68.035301
169  -5.704206  19.976328  355.885956  0.327321  3.370651       6.103936   1095.070923  185.315079  10.419001  2.935523  168.248306
170  -2.098597  16.387445   25.204325  0.311902  3.266374       5.469032   1214.961060  192.249329   9.228453  3.613780  212.789215
171 -37.652344  30.839602   82.291000  0.325674  3.587670       6.251354   1276.081299  240.888153   9.950630  3.518732   61.781792
172  -2.498416  31.542776   20.599596  0.329851  4.018600       6.209897   1071.975464  236.581360   8.139590  2.594994  108.744553
173  -9.012022  32.052696   33.712009  0.300122  4.213516       5.077095    992.425903  212.600418   8.092276  2.904058  113.178650
174  -6.751947  28.537424   21.663309  0.287164  3.859108       6.154603   1643.028198  197.844849   9.613894  3.523441   70.622177
175 -17.095440  19.965605   58.336140  0.265144  4.106990       5.308435   1149.939209  179.670837  10.726468  3.057463   92.122955
176 -11.268360   9.006796   28.577269  0.296446  3.214108       7.078389    844.994385  170.924637  13.479353  3.217787  151.731201
177  -7.038402  42.827003   41.850910  0.327930  3.276306       6.906437   1176.149048  141.730057   9.061831  2.742025   69.879250
178  -5.203004  46.458321   45.232735  0.347522  3.083760       7.888821   1075.643677  207.141724  10.131022  2.716818   73.398911
179  -8.451804  40.564850   43.595985  0.319837  3.172441       5.256319   1692.891235  132.629303   7.366902  3.453332  108.660934
180  -7.320662  28.688402   23.800974  0.331215  4.042930       5.471831   1059.082886  157.045395   6.127173  3.235456  155.772110
181  -1.980970  32.149414   13.480656  0.309685  4.181992       5.989557    824.502380  245.490448  11.408963  3.509239  147.700058
182  -0.131821  37.263386   37.761223  0.341303  2.808338       5.388762   1574.041260  237.560547  10.909822  3.469053  140.654785
183  -9.840933  31.750227   32.506065  0.295888  3.890512       6.164255    839.049316  180.993668   9.785882  2.407814   61.082180
184  -9.625939  34.793968   46.773518  0.306178  4.067518       5.006117   1195.172729  249.755859  10.134787  2.850202  105.879196
185 -10.915192  31.806833   27.513779  0.321217  4.961323       5.264236   1204.580078  186.405807   9.151898  3.598718  153.325378
186  -1.410065  38.514023   29.927383  0.320863  3.742163       5.399232   1400.387939  145.762161   7.742864  3.024131  115.426575
187 -15.085287  34.899906   41.334362  0.321650  4.537596       5.703926    827.885437  231.355438   9.746141  3.534523  150.585205
188  -3.763271  15.211300   32.517506  0.243602  3.579925       6.097258   1248.825195  146.443497  11.192967  3.783382  106.031464
189  -4.134209  19.248983   18.444702  0.319947  2.611218       8.017121    838.980103  147.411423  11.562414  3.282547  190.323135
190 -27.835398  33.521370   70.367302  0.330338  3.173795       5.773264   1223.268066  163.745850  10.752010  3.026166   65.247330
191  -3.363358  22.585335   25.780012  0.337452  3.718259       6.458298   1214.491943   95.687195   8.959377  2.632282  126.441422
192  -6.313345  27.089798   18.669159  0.248825  4.068935       6.149341   1292.775757  208.982086   9.560473  3.964720   67.480652
193  -4.591182  41.891365   30.782421  0.317105  4.921440       6.338681   1132.349243  200.804016   9.431467  3.134830   80.509674
194 -26.273266  31.952364   51.393345  0.339792  3.963586       5.145487    771.638184  126.385704   5.950566  1.965491   91.484161
195  -8.401723  27.019186   53.522373  0.259567  3.462526       6.303536   1455.676270  180.516617   9.896125  3.699620   95.462692
196 -15.416447  28.921503   33.696751  0.269588  4.461379       5.143154   1021.720886  203.476013  11.995560  3.645136  118.005653
197  -5.655118   8.429238   33.280487  0.330693  2.964770       5.236198   1251.819336  205.243698  13.194033  3.353669  241.325226
198  -2.310606  26.648382   15.170356  0.297206  4.227726       5.011804   1250.386230  183.602478  11.339490  2.734826   94.580795
199  -9.700414  46.759571   47.841240  0.323703  4.039510       9.290127    948.059814  179.399170   9.082330  3.410554   53.578339
200  -4.045682  18.402061   12.283280  0.332790  3.905003       5.653358   1608.227905  193.062195   8.881409  3.742632  225.020813
201  -6.605943  35.263268   32.293762  0.277478  3.479628       5.673548   1249.267212  163.472946   9.548388  3.355412   58.760441
202  -1.900368  37.806629   36.934891  0.336768  4.123241       7.055420    867.099060  193.076309  10.782904  3.595298  181.267960
203 -13.201761  27.672817   37.533569  0.281637  3.977280       5.637178    910.535583  148.074966  10.094296  2.272259   63.496235
204  -7.575122  23.966648   40.393742  0.255456  3.910513       5.411890   1640.025146  228.726135  10.501276  3.683451   75.665092
205  -6.047503  49.959293   45.340267  0.349973  3.548679       9.698628    889.552551  185.755051   8.971032  3.406930  117.830269
206  -8.514422  37.745396   36.042713  0.321993  3.896893       6.995275   1289.696289  171.927750   7.409451  3.706272   85.285812
207  -8.788589  23.304478   48.414589  0.296390  1.947652       6.382399   1404.801025   65.561455  10.371443  3.403143   94.181000
208  -7.809196  19.685238   21.855436  0.271559  4.853717       5.664002    886.614990  219.812012  12.030599  3.834364  191.372360
209 -16.304773  30.401300   44.708462  0.324104  4.361074       7.461512    812.493958  211.697891   8.038077  3.380911  133.158142
210 -13.684051  29.659418   44.061527  0.286857  4.208856       6.813960   1036.084106  206.668579   9.720160  3.466131   69.178734
211  -1.920921  15.797252   47.666874  0.261227  2.571541       8.602525   1079.832153  145.732895   9.857398  3.886830   72.794609
212 -17.705448  33.781616   43.488785  0.308696  4.194902       6.702695    804.449951  241.588226  10.723574  3.532030   90.558495
213 -13.201038  38.148914   39.572350  0.278250  4.849446       5.361534    743.156982  231.204971   8.087826  2.270865   65.285515
214 -16.603006  22.888269   53.475925  0.309658  3.079236       5.692814    957.529419  164.910095  10.048079  3.352109  143.731903
215  -6.080800  26.435757   29.121033  0.304861  3.323393       7.544350    756.466064  151.214737  12.067470  2.960756  152.852066
216 -14.486627  39.113575   35.635418  0.328494  4.850680       5.456977    921.800415  234.422073   8.014563  3.180430  110.579460
217 -11.549193  31.926455   27.297636  0.267527  4.000818       5.653488   1199.835693  177.555984   9.825872  3.872773   77.367554
218  -0.464283  40.364170   16.192619  0.322826  3.758206       6.260368    987.023438  216.407959   9.539316  2.722126   52.881470
219  -3.698411  27.694265  350.366730  0.311375  4.014317       6.301975   1174.378418  238.103394   7.168909  2.687202  109.477722
220  -5.485934  35.911709   24.542171  0.260115  4.772246       5.064244   1458.450317  224.261826  10.196436  3.792647   63.210323
221  -2.561862  10.996709   32.812714  0.244264  2.437890       7.098421    928.646240  165.590622  10.545791  3.588611  128.095062
222 -11.179377  27.026985   17.025488  0.322189  4.700119       5.193173   1491.125122  236.309540   9.545527  2.484150   85.030899
223  -2.762834   8.815993  346.235016  0.274022  2.496185       5.839249   1356.514771  169.701370   9.580536  2.778523  108.850708
224  -7.410714  33.305595   36.875252  0.312984  3.460017       5.059311   1163.621704  192.033264   9.935699  3.362057  152.354462
225  -4.554201  38.179714   40.746487  0.320107  3.306979       6.024002    981.554626  181.434128  12.700908  3.203556  160.524765
226 -12.930059  23.381779   24.236485  0.335288  4.017645       5.708985    875.495178  168.713699   8.480497  3.453121  234.303558
227  -5.238228  31.767750   30.588015  0.342905  4.156759       7.377829    752.437561  150.419876   6.784679  2.260680  142.238388
228  -3.076813  28.336323   15.740579  0.310705  4.617928       6.248388    987.375488  207.436874   8.537292  3.666564  187.948288
229  -7.450454  39.587864   33.750679  0.312330  3.919406       6.798396    857.685669  179.575394  11.944578  2.529171   57.278992
230  -7.087226  28.938791   33.335014  0.281160  4.571728       6.491217   1292.150146  193.089905  10.473485  3.621428   79.105026
231  -4.313393  11.271194    0.047370  0.339385  2.531001       6.776861   1033.947510  164.636398  11.868167  1.905066  125.946198
232 -24.241446  33.191273   65.283112  0.314877  4.824444       7.749758    898.692993  194.874176   7.982760  3.581556   80.979965
233  -3.640733  37.424332   35.528240  0.323822  3.868268       7.308174    935.521606  205.924515  12.209311  3.531543  131.275040
234  -5.984459   9.965440    7.342844  0.337273  2.441785       6.015192    816.506470  242.931458  13.309084  3.583805  283.297516
235  -7.926776  16.951260   42.990776  0.322587  3.308883       7.021563    869.193542  165.288773   8.115972  2.089860   98.167351
236  -9.193568  13.735905    9.009274  0.245402  3.204164       6.098301   1062.599976  249.648041   8.832612  2.231542   50.301914
237 -10.178391   1.910639   23.845463  0.347984  2.027324       7.026812    753.665405   89.606308   8.324346  3.001287  234.259384
238  -8.527390  23.469320   20.666706  0.299860  3.794213       7.362417    814.537903  211.283890  10.854079  3.407630  136.905548
239  -1.202038  27.440540   36.875610  0.252750  4.846039       6.616069   1195.835815  212.749512   8.444028  3.685169   94.484344
240  -9.522981  42.430840   37.937943  0.349714  3.489676       6.362209   1065.658691  104.325752   5.502011  2.628563   68.177505
241 -13.177090  41.983234   50.602516  0.341963  3.483467       6.334491   1597.352173  248.351105  11.587636  3.544630   78.212517
242  -2.861127  40.031780   37.996387  0.285084  4.694355       6.417957   1314.227783  198.543304   8.030413  3.199714   65.035049
243  -3.296754  22.758265    0.687057  0.341717  3.030165       6.953782    827.173523  213.465149   9.861478  2.677562  203.807678
244  -2.030021  18.304539   26.221722  0.258053  2.817611       6.249427   1366.302002  207.759293  13.491839  3.135712   85.417130
245 -28.696180  41.773540   67.364906  0.306124  3.809363       7.314547   1080.228271  188.916245   8.723829  3.818260   56.644119
246 -10.723918  13.853912   10.175461  0.228469  3.641758       6.443981   1673.802979  246.440918   9.532761  3.513747   57.808502
247  -7.598795  23.060110   26.026546  0.343310  3.729568       7.160073    994.748291  209.547531  12.925900  3.868339  180.943680
248  -2.203785  41.849888   30.112261  0.325827  4.527893       6.734857    812.683350  195.204285   9.046131  3.007776  119.886276
249  -0.479673  30.139126   22.237625  0.257916  4.931425       6.654532   1560.926880  229.194427  11.215088  3.997282   57.364464
250  -0.306417  22.493174   42.697319  0.280609  3.189821       5.753635   1740.228394  163.419006   8.888415  2.711521   50.224453
251  -9.136564  37.604729   38.789703  0.291946  4.760430       6.213585    831.267456  214.936279  11.249530  3.167938  107.069427
252  -7.042931  18.928749   41.683708  0.289317  4.358844       5.390193   1636.913208  162.366486   7.396487  3.236815  121.361320
253 -14.233500  35.800774   43.478638  0.337873  3.654473       5.681618   1654.994385  134.652603  10.550556  3.162413   79.468582
254 -11.949931  33.367054   25.510204  0.279403  3.996019       6.230705    844.328674  210.529449  10.679935  3.373608   88.555717
255  -0.494859  32.590900   16.895790  0.332274  2.808258       5.498943   1792.627319  144.869843  10.498836  3.609603   94.394737
256  -2.730393  30.506536   42.479042  0.321148  2.838599       6.943297    960.617126  169.013367  12.903290  3.076401  121.899040
257 -18.434484  10.102925   44.917294  0.251656  4.359478       6.187723   1606.699097  128.104813   8.787289  3.731603   74.394608
258 -13.534932  26.148771   14.204010  0.252452  4.505376       6.063869   1265.799072  237.044632  10.571283  3.427503   51.824944
259  -0.061067  33.731373   31.055517  0.312864  4.505325       6.078980    804.460388  239.842224   9.644600  1.689756   85.938034
260 -11.547074  39.183861   18.235825  0.349479  3.817820       5.154250    709.022583  149.426880   5.987670  2.770745  173.237030
261 -19.770407  20.022928   22.597481  0.345249  4.964872       7.249365    754.228882  229.849304   6.508225  2.788995  173.911591
262  -9.266571  41.819767   36.814548  0.299678  4.909517       6.869350    823.009460  243.700043   9.571222  3.865633   95.282639
263  -1.782288  25.087202   21.080360  0.292267  3.506955       5.665032   1250.618774  206.150146  10.068372  3.803161  147.559814
264  -0.592187   3.262926   16.878429  0.317702  2.900336       5.907656    981.509644  184.348938   8.399279  3.516754  271.799500
265  -3.972818  20.732639   11.156441  0.335169  4.566494       5.069103   1131.629761  175.092453   8.141015  3.691535  247.105728
266  -4.688217   7.508283   14.236705  0.314608  3.805722       6.812871   1290.883789  228.276154   9.740992  3.076119  140.586548
267  -8.126891  27.126347   34.582436  0.272327  4.348121       5.364834   1716.681519  246.729843  11.380725  3.577588   93.427155
268  -2.318693  39.259823   35.851505  0.303137  3.027492       7.942704   1328.820679  199.677933  12.285525  3.728002   58.618839
269 -10.542021  41.403069   35.580906  0.333346  4.904191       5.155484    808.608459  205.053772  11.624865  2.263185  101.961403
270 -10.772831  26.298111   33.613636  0.335003  3.283084       6.645842    907.778931   81.162460   8.603025  1.930604   81.701157
271  -9.473248  30.212542   32.277050  0.285675  4.145936       6.159466    858.758301  165.968048   9.386723  2.812559   79.689980
272 -17.517572  36.436363   52.829048  0.316317  3.476140       5.819219    978.005554  179.747208  12.750815  3.790651  141.133743
273 -15.845082   5.707847   18.449133  0.261127  4.741217       5.485653   1393.161011  190.349091   8.057456  3.644542  149.555634
274  -9.111546  33.584095   42.260281  0.343140  3.993639       7.113023    861.311035  183.824600   9.105080  2.581092  100.444641
275  -5.717274  20.645304   27.080530  0.318069  4.093280       6.315441   1037.458618  126.206680  11.012123  3.949681  223.930405
276  -2.429884  24.805180   52.035908  0.318819  2.358392       5.378422   1340.967896  159.173599  10.793511  2.830028  127.352974
277  -2.852704  -2.888905   35.101482  0.333591  2.703588       5.330826    854.041687  241.469696  15.322117  1.826276  200.848602
278  -9.946492  36.648388   30.833002  0.314122  4.628291       5.514959   1215.397949  226.649811  10.318335  3.898857  105.392700
279 -10.699712  30.738985   46.013649  0.271224  4.434419       7.888710    900.296265  188.174698   9.207633  3.608611   73.776176
280  -1.746642  38.996185   24.819103  0.322144  3.085547       5.093941   1467.733887  141.278458   9.085124  2.780238   59.606606
281  -3.545528  32.445641   53.628540  0.328829  2.318712       6.724506   1590.208008  117.954453   9.157182  2.889042  100.097649
282 -19.979027  33.182022   62.459198  0.307489  2.802199       5.063020   1768.010010  150.131577  11.645344  3.029614   51.935383
283 -10.371917  26.533140   15.299110  0.319010  3.982547       6.506494    921.481445  241.945496  10.050191  2.077424   82.740440
284  -0.184902  26.888323   26.092525  0.294513  4.261312       5.381878   1666.449707  216.490311   8.904122  3.715546  115.026825
285  -7.404962  24.239384   36.530476  0.308967  3.844624       6.864701    840.517883  229.871246   9.852583  3.797220  168.661560
286 -23.157572  21.157623   67.399651  0.337179  3.192722       5.816148    844.536072  119.442993   8.615716  2.752237  143.236679
287  -3.382276  35.535881   42.037422  0.329808  2.848989       5.247988   1928.776489  227.316254  11.862525  3.545703  126.404396
288  -0.676347  31.182055   37.940861  0.331271  2.322876       6.761171   1134.293091  132.071259  14.685366  3.856417  187.583099
289  -3.419067  28.285204   21.175453  0.346621  2.712254       5.782508    754.396423  165.293472  12.234508  2.117831  144.378647
290  -6.501646  40.557625   45.649555  0.309101  4.300975       5.414405   1754.987061  242.852722  11.868916  3.101982   73.842300
291  -1.009476   9.767830   53.223335  0.343412  1.544583       5.777206    933.726868  101.988754  11.808305  2.570940  196.517059
292  -1.796918  41.422077   37.451004  0.303725  3.466184       6.739033   1239.337402  204.290222  10.569016  2.808990   74.205009
293  -6.068951  40.816120   38.552692  0.324972  3.843530       5.095404   1620.114990  181.639648   9.368237  3.874989  126.352806
294  -5.682949  34.980186   35.252411  0.308945  3.429116       8.126761    833.358826  202.219116  12.327345  3.879498  119.298790
295  -5.673254  30.284700   27.377581  0.280865  4.869632       6.064778   1135.726440  224.724319   9.298448  3.194600   89.177025
296  -4.681953   6.064166   13.245217  0.281263  2.166358       7.267830    999.491882  197.670959   9.969241  2.687498  137.258133
297 -16.592831   8.079851    6.245792  0.306819  3.288925       5.360143   1187.748535  237.043869   7.712142  2.308644  147.434921
298 -12.239836  37.255211   41.692993  0.306409  4.813871       5.195394   1092.924072  191.271362  11.424482  2.847341   90.305000
299 -11.736295  28.259375   37.055061  0.318521  4.343860       5.595092   1623.838257  192.563156  10.422849  3.999095  127.511505
300  -5.463231  21.149389   26.496553  0.311494  4.922946       5.973924   1319.198364  244.424515   8.329872  3.843164  156.297562
301  -1.291645  30.353661   13.995918  0.316148  2.789175       5.515955   1213.312378  135.050385  10.586322  3.414701  155.225906
302  -7.693179  29.312689   34.913898  0.280998  3.225892       5.534011   1308.098389  139.222672  11.341401  3.539150  103.316505
303 -14.465636  39.406113   55.333111  0.331978  3.809013       7.354082    764.006165  220.606842  10.024569  2.223031   91.415367
304 -16.332190  34.044632   46.618008  0.335551  2.186008       6.672881   1523.862793   49.235088   8.899462  3.445509   53.467899
305 -12.382418  43.811985   51.178211  0.315922  4.234235       6.330266    984.367371  190.517990   9.519667  3.646475  145.396500
306 -13.527077  20.494715   31.422363  0.249740  4.486733       5.801123    948.024963  229.357101   9.053984  3.039481  105.125854
307  -9.017126  34.409737   34.974655  0.311250  3.934810       5.964885   1473.257324  190.822906   9.981783  3.666588   89.345940
308 -17.055540  27.560818   57.247444  0.251545  3.642909       7.098764    948.346436  227.165787   5.823404  3.504082   50.600708
309  -0.275740  25.334616   30.547073  0.268353  3.542410       5.860026   1955.184937  243.239655  12.317308  3.618330   87.163200
310 -12.975688  29.298367   18.948889  0.310003  4.285778       7.075219    861.635681  227.913651   9.912878  2.345351   57.191692
311 -16.061878  32.569427   54.998966  0.285194  3.508081       6.760473   1393.099243  207.403748  10.523820  3.818767   50.863441
312  -3.032559  36.702496   30.899870  0.340542  3.079791       5.378812   1206.251221  133.012024  10.711875  3.702023  196.065292
313  -8.379707  14.242489   14.052567  0.347449  3.532472       6.318957    769.886108  155.023071  10.897413  2.824168  247.881592
314  -8.663105  34.175770   31.514202  0.312469  4.467295       5.207481    752.207886  229.086182  10.392721  1.589978   84.708687
315 -13.055983  41.237572   54.089409  0.313175  4.473636       6.180624   1480.247070  224.866501  10.430202  3.838678  118.016113
316  -3.385386  21.542774   40.146725  0.275700  4.137794       5.431452   1725.268433  208.153732   9.501747  3.108606   92.943565
317  -2.200371  34.589016   16.744173  0.308534  4.669482       5.868460    791.837402  237.891205   9.431850  3.784091  186.375626
318  -2.094591  34.186954   32.545731  0.280506  3.735105       5.372892   1684.146118  238.906906  13.701410  3.822643   96.951843
319  -1.673239  20.889193   10.197973  0.224041  3.598137       6.129173   1463.628052  231.063095  12.744127  3.587296   51.015503
320  -7.130493   3.217419   16.816681  0.323311  1.503445       5.119745    813.051575  128.872818  12.311312  1.083304   95.010132
321  -1.650115  23.264145    9.991350  0.286906  3.450036       5.654497   1036.240234  196.864777   7.342142  3.470616  169.703827
322  -5.617522  28.220692   39.598759  0.272947  3.727230       7.064585   1473.881470  181.373993   9.501483  3.721904   51.892826
323 -11.083838  32.550529   33.682735  0.318500  4.683999       5.291477   1216.797974  204.208420   8.513720  3.408092  126.213181
324  -0.840542  29.629101   19.826437  0.337816  2.646178       6.814724    950.796448  139.832672  11.355300  2.539166  123.247116
325 -18.898960  36.112999   51.517773  0.338973  3.169394       6.217759    797.467651   98.367744   8.310759  1.811881   51.917210
326 -19.773230  28.825287   50.083660  0.326573  3.390652       5.358243    905.285828  119.399620   7.811721  2.066313   57.491512
327  -2.335204  29.475246   28.845108  0.333833  2.901594       5.381807    822.919128  216.183884  12.513395  2.718018  202.638916
328  -8.867931  25.069450   34.721996  0.345240  3.728761       5.774174   1376.952637  191.097809   7.632849  3.195319  154.148972
329  -9.331525  29.486835   39.196815  0.291140  3.958596       5.211523   1714.404419  220.375565  11.312810  3.634818   88.377594
330  -1.615200  26.944099   24.085358  0.253945  3.814373       5.604780   1136.061157  207.753571  12.201571  3.766025  129.920944
331  -2.126041  41.661808   33.275696  0.345177  3.262738       7.222810   1064.567505  155.956787   9.873741  2.604347   82.326012
332  -7.756756  37.703465   48.022625  0.341739  4.956186       5.316853   1359.199585  203.886475   9.380104  2.585006  123.474251
333 -16.488724  29.944765   34.787548  0.315468  3.556555       5.098226    827.357605  109.287155   8.355642  2.587376  126.208313
334  -9.753796  24.394873   36.171574  0.258735  3.640398       5.290228   1714.091919  216.056839  12.888318  3.607576   66.895470
335 -10.466883  34.658192   34.543903  0.288831  4.872389       5.992685   1010.980652  179.168427   9.317563  3.257687   98.550690
336  -4.611298  24.980589   34.268970  0.293525  3.038125       5.882565   1168.856567  190.045807  12.840718  2.434870   89.960175
337  -1.902016  16.528702  358.548340  0.257148  2.407960       5.170129   1842.042847  238.275146  14.379158  3.741144   99.519318
338  -1.939292   6.940162   18.337032  0.275528  2.889000       7.570054   1395.301147  170.759491   9.306867  3.944458  113.873795
339  -6.926466  29.640305   48.375290  0.331301  4.149444       7.632975    798.708862  219.671387   8.339373  2.480711  129.787354
340  -3.352498  30.450588   33.097790  0.294611  2.927403       7.734621   1293.866333  207.448898  10.818630  3.314160   50.129124
341 -14.456438  17.120722   41.836845  0.339677  4.132932       5.170160   1243.625977  168.053482   8.364284  3.532862  191.490814
342 -12.744401  32.163490   31.170786  0.273097  4.534205       5.099621   1197.808960  172.112885   8.080825  3.771219   77.480743
343  -9.276644  11.767438  359.941223  0.336857  4.514085       5.823657   1149.264038  174.500397   8.161676  2.073691  147.298996
344  -4.486088  42.537788   31.534622  0.345613  3.925604       5.519756    927.713867  106.509895   8.186565  2.544090  128.860031
345  -9.295172  40.312130   49.977901  0.331190  4.134422       5.661081    989.873169  240.305161  11.613905  2.850751  155.091797
346 -19.568451  34.173855   46.061619  0.294885  3.514066       6.461300    784.166626  229.210266  12.291080  3.729424  100.207161
347  -1.841661   3.646933   10.324618  0.292861  2.717431       6.469519   1121.277588  172.363800  12.078175  1.866333   52.611618
348  -8.226834  38.196064   48.463383  0.334452  3.481576       5.586826   1010.644470  162.528610  10.479728  2.261564  132.895157
349  -2.500885  21.547173   44.087006  0.293768  3.269523       5.362853   1363.522461  243.396545  10.733375  2.414553   93.892792
350  -3.516415  25.355640   28.739046  0.347553  2.232813       6.014400    722.402527  154.222168  12.136643  2.386157  234.494049
351  -6.981283  43.401722   32.849895  0.322588  4.809149       6.514359    769.998657  193.609161  10.121708  2.605389   89.351601
352  -2.625924  26.637020    7.492106  0.332247  3.450351       5.426318   1156.762573  222.361115  14.563940  3.021045  178.844894
353  -2.505442  27.555403   13.876394  0.326702  4.262270       5.549584   1141.403320  202.881378  11.892144  3.541872  211.831253
354 -15.992694  14.558123   27.559059  0.302161  4.440070       5.996309    827.430420  233.915787  12.427495  2.981572  173.818665
355  -4.890506  16.875746   18.981352  0.230949  3.557087       5.696280   1649.414307  139.830063  10.445365  3.594705   50.881424
356 -15.700608  35.672195   26.757832  0.288343  4.789196       6.702582    776.892395  236.445953   9.781046  3.687581   76.385506
357 -10.372485  26.552050   26.573910  0.336991  3.779794       5.333560   1249.461426  143.532867   6.915504  2.069905  116.686790
358  -4.364066  41.997883   21.844582  0.322063  3.429942       5.832215    853.728760  185.153473   8.994852  3.560766  127.883087
359  -7.799850  24.219334   41.980988  0.262979  4.676457       7.009054   1263.175293  204.640533   9.528018  2.981594   62.413670
360  -3.480334  26.091225   36.067387  0.312725  3.794978       6.679907    967.035828  178.895172  11.101052  2.829238  143.203690
361  -0.098708  19.291485   20.824453  0.318196  2.903212       6.619850    796.480530  209.031418  13.248693  1.428429   62.287235
362  -0.309510  17.422445   12.948861  0.317268  2.566498       5.963983   1342.395142   83.290138   9.073124  3.320197  192.700882
363 -20.095713  27.444004   55.986397  0.324744  4.816556       5.438089    734.160217  153.340042   7.713689  3.373271  191.302750
364  -7.641051  25.068893    4.267868  0.328359  3.048202       5.898904    916.774292  162.854797   6.963327  3.599332  213.045013
365  -7.973260  32.645924   30.576805  0.282659  4.911646       6.246278   1507.795654  216.405533   9.020848  3.625334   72.407524
366  -4.212236  33.226154   34.534634  0.329683  3.426005       5.809780   1329.655640  161.387695  12.418876  2.729609   94.356445
367 -19.406301  46.175735   55.862587  0.349965  3.630061       6.398878   1281.744873  165.429855   6.344202  3.414582   83.941338
368  -9.460261  17.611452   25.305168  0.327614  3.282878       6.814366    906.872559  222.546097  13.892376  3.372824  200.109100
369 -10.540381  17.557543  345.119904  0.328984  2.656090       6.677148    955.629089  244.454651   9.625264  1.758477  116.745766
370 -30.264708  42.441898   70.467819  0.328788  4.943562       6.298148    828.681458  208.721954   7.177490  2.595526   86.764641
371 -11.608785  35.844368   45.123577  0.305660  3.637500       5.288369    948.186584  215.559601  12.143270  1.961215   62.659927
372 -18.930624  33.878651   59.781544  0.314177  4.200820       6.154980    811.880554  235.581268  13.087271  2.542341   92.068321
373 -11.645856  32.219978   20.658312  0.335312  4.976884       5.522963   1049.418457  210.721420   6.952703  2.372352  129.489731
374 -28.296230  36.881844   60.093281  0.319825  3.615023       7.525041    823.504883  153.034698   8.351930  3.937496   62.937485
375 -15.073281  30.124012   48.588230  0.299642  3.802698       7.221700    718.362305   74.223450   8.838586  3.172804  120.818718
376  -7.044029  31.929506   22.092190  0.313595  4.205541       6.021829    808.241943  213.546021   6.501011  2.900208  150.448578
377  -9.467230  -1.665538   39.908592  0.262909  4.227111       6.894511   1432.757935  197.183273   6.966254  3.926468  113.854660
378 -13.907159  36.059341   56.557327  0.309822  2.903519       5.485628   1372.647461  163.276291  11.489388  3.186066  119.305168
379 -16.072481  12.754766    6.929561  0.334073  2.822476       5.125543    833.319946  186.048203   9.779398  0.893529   88.264481
380  -9.581692  34.979019   24.210228  0.330773  3.334604       6.057096    966.865601  125.856857   8.336834  2.377246   71.252228
381 -12.177915  38.907200   46.307625  0.321300  3.128685       6.547350    778.290222  194.753479   9.829623  2.136358   63.672668
382  -4.223870  24.796200   49.716541  0.274147  4.203931       6.501088   1265.468994  195.233231  10.288292  3.066494  109.930321
383  -4.521437  23.213427    6.545355  0.302824  3.952008       7.547431    918.064697  190.115463   9.307033  2.697272  100.593575
384  -4.083792  25.004158   25.174946  0.277813  3.653862       5.822837   1231.150024  248.415909  14.546064  3.760686  132.791595
385  -2.311693  11.081625   25.327301  0.324944  2.716552       5.952182    860.837341  141.081497  11.289625  3.657030  236.816559
386  -9.349389  37.182484   32.702007  0.303666  3.897254       5.210935   1587.574341  217.827774  10.137401  3.631681   66.449745
387  -7.098567  23.550573   26.358288  0.329621  3.547051       6.301471    870.689453  150.736740  10.637794  2.596772  155.394608
388 -16.090366  18.168633   35.509926  0.262438  3.565374       7.046627    774.666748  185.252640   9.882988  3.051877   73.083359
389  -9.381265  37.993423   39.050587  0.333977  4.828311       7.334603    717.094238  197.204117   8.956945  2.146093   68.580467
390  -1.861509  27.312172   36.935116  0.309686  2.954482       5.276835   1194.175537  128.042114   9.126762  2.824004  126.323334
391 -15.127579  36.216686   37.311340  0.291811  4.746241       6.053114    775.942322  205.044907  12.173550  3.910347  113.757652
392  -5.443701  36.355396   39.177185  0.314193  4.021877       9.063502    727.809875  221.885422  11.080893  2.811723   61.443413
393  -6.822517  34.616421   35.563019  0.284709  4.898823       5.155535   1309.904785  186.755157  10.332654  3.874980  134.117828
394  -0.858755  33.519642   23.305910  0.304105  4.035953       5.199954   1305.809326  160.063797   8.198318  2.704369   66.923515
395  -6.079661  41.256580   44.401516  0.312239  4.089444       6.518890   1279.283203  217.989716   9.521985  2.752540   77.091629
396 -16.698387   5.867341   11.905327  0.229194  3.387664       5.523449   1993.044800  140.470932  10.806758  3.919926  114.634789
397 -11.072986  28.084642   44.203823  0.312618  3.502974       5.047657   1303.678589  168.625000   8.411746  3.098414  119.122055
398 -16.661823  36.818298   53.331863  0.290999  4.932314       6.079885    810.679871  193.966507  11.078183  3.719202  155.242493
399  -7.559570  31.739040   28.653736  0.251175  4.136663       5.486615   1157.117432  187.325943  10.485189  3.812204   94.461555
400 -15.576689  40.741207   39.822365  0.316199  4.329015       6.455820   1060.447754  185.949921   8.843119  3.480538   81.377884
401  -6.987885  12.738173    2.114602  0.336590  1.801255       5.079222   1226.267944  221.138107  14.637550  2.156331  177.625412
402  -7.928630  37.289715   40.551586  0.339574  3.428238       6.144992   1333.063965  141.095261   8.539601  3.237469  127.522224
403  -7.304558  13.772880  358.609009  0.332647  2.801155       7.788197    935.479370  147.664948   8.871520  2.835377  192.338181
404 -17.015417  29.466784   38.287933  0.307370  3.620559       5.974672    951.939209  115.636566   9.103762  3.217470   88.194923
405  -4.736163  14.551237   30.483046  0.246640  4.222888       5.429039   1726.354980  150.286606  11.257398  3.344569   64.063759
406  -7.482604  14.034834   22.057648  0.300579  2.791913       5.628561   1171.244873  209.655380  11.197215  2.989766  163.890839
407  -2.935748  23.562237   29.243673  0.253595  4.285098       6.057034   1277.520142  179.534180  12.497691  3.504661   76.521614
408  -4.878989  26.357086   23.837553  0.326212  4.116532       6.014844   1069.609253  193.385712   9.128150  2.960276  145.170456
409  -1.298338  31.588509   38.003689  0.325952  3.075564       5.193398   1365.398071  115.700035   8.093222  2.107296   99.657585
410 -10.542115  20.974613   32.042713  0.263172  4.864963       6.019058   1460.218994  194.240417   8.236801  3.983203  115.499573
411 -12.319838  20.574320   23.254305  0.349444  3.291282       6.693942    779.420044   96.997421   9.636021  2.455495  200.203140
412 -13.515542  31.581594   16.637934  0.282857  3.500320       5.780210   1230.968750  161.085846   9.800384  3.192854   61.065685
413  -3.139202  40.952114   35.220947  0.333152  3.300140       6.086921   1870.023438  209.444717  11.970956  3.271153   55.978706
414  -8.125580  13.680938   22.598717  0.281289  3.639376       6.714780    767.396179  225.523148  11.823068  3.607136  203.721893
415 -12.859845  14.844480   51.780273  0.259248  4.770782       5.298497   1428.171753  209.100891   9.628584  3.637838   97.784370
416  -3.834176  29.473738   32.433502  0.267624  2.983088       5.581093   1357.339478  212.911163  13.263205  3.099226   79.273438
417 -15.174690  29.695841   33.622044  0.300199  4.592084       5.034147   1054.741211  169.396790  10.115410  3.107604  113.123940
418  -1.399015  41.065277   23.054638  0.335863  4.836934       6.197687    817.571106  208.047028  10.479661  2.241453   84.393700
419  -9.125690  42.865837   25.981367  0.302915  4.931365       5.025253    770.630554  218.727493   9.194292  2.579228   86.961052
420  -7.178598  22.147726   44.633472  0.321186  3.078969       6.724415    883.318420  244.763489  15.186629  2.778225  165.011337
421 -17.892538   0.434456    2.193069  0.299536  2.059985       7.376844    847.585266  207.008652   9.874878  3.931355  254.507797
422 -11.921565  18.062983   36.054253  0.247556  4.377576       5.008281   1484.094971  247.332977   9.468786  2.956923   54.524982
423 -12.403578  33.020340   33.133804  0.298814  3.808193       5.101082   1362.506714  161.687912  10.181153  3.406277   84.929237
424 -10.959631  20.218029    7.561125  0.322949  4.203810       5.663743    876.210999  209.186661  12.335470  1.587894  118.477303
425  -1.063442  27.106676   19.528463  0.340802  2.729418       6.469473   1100.869995  120.353989  12.669158  2.404204  102.827087
426 -10.345514  45.892220   44.365616  0.322999  3.415896       5.762973   1284.018066  187.627182   8.041813  2.766672   57.203362
427  -2.033719  32.750057   10.596951  0.344743  4.288130       6.657770    908.053589  187.777237   8.460197  3.904177  195.185577
428 -12.785253  22.502012   36.356201  0.270584  4.544050       5.721632   1425.467529  243.536697   9.705275  3.730538  102.890755
429 -17.593218  46.775749   53.489227  0.330123  3.645599       8.396188    834.052979  225.188446  10.141139  3.201707   61.202980
430 -20.712051  27.168613   44.609161  0.294980  3.795979       5.650288    770.123169  214.755981  10.364302  2.387707   83.398354
431 -11.384686  32.912331   35.155762  0.284232  4.454493       5.140932   1378.160278  226.153091  11.539762  3.206147   80.710106
432  -0.121033  41.244011   36.937546  0.323925  3.729103       5.863636   1356.511963  205.467667   9.078714  3.218668  148.131561
433 -10.921533  16.370409   24.662170  0.336751  4.211166       5.649538    795.354797  193.103577   8.895683  2.847911  212.803970
434  -8.239403  27.390642   36.933437  0.326415  4.235535       5.619702    730.703308  173.395889   8.963635  1.447740  105.051117
435 -11.337659  34.127094   54.225819  0.283455  2.809047       7.058220   1733.840820  172.338287  11.287245  3.919791   54.888744
436  -0.001305  16.102825   21.199106  0.318370  1.642634       6.667583    885.975037  128.902740  15.354424  1.565878   54.666588
437 -15.727806  26.247002   22.485344  0.328546  4.108807       6.257838   1168.441162  193.488571   9.769538  3.553106  148.339462
438 -20.206886  34.291031   35.490265  0.305312  3.976779       5.338876    816.014587  145.701706   6.169740  3.112407   95.251411
439 -15.288318  22.488806   53.525173  0.271261  3.340445       6.465554    954.594849  172.863770  10.317329  3.900153  120.388680
440  -1.733430  39.259399   34.311985  0.329632  2.985235       8.418602    765.561035  169.114883   9.508107  2.558657   66.035484
441  -2.359949  25.048040   17.365042  0.244579  3.221494       8.236538    958.893188  217.754990  12.447455  3.720598   52.105621
442 -16.306143  33.460964   25.587635  0.287023  4.594183       6.340342   1170.177124  196.607697   6.329152  3.263480   55.333023
443 -21.465706  34.251060   51.773727  0.285656  4.901885       5.926404    785.930603  232.984665   8.453062  3.056499   85.421700
444  -4.779156  30.943502   38.900604  0.335824  4.081841       6.768210   1031.872437  217.277802  10.153766  3.791130  184.135300
445  -2.302009  39.137993   28.107779  0.274210  4.336689       5.887504    822.088745  235.269806  14.660387  2.759963   90.495193
446  -3.020425  17.366951   18.289577  0.333395  3.500685       6.815037    973.249023  146.665848   9.328263  2.438310  136.369400
447  -6.982280  27.889595   24.589577  0.319899  2.925458       5.200023    785.307800  186.494766  12.849418  1.913246  140.041473
448  -5.171231  31.773373   40.848896  0.323614  3.340748       6.077583   1287.271484   96.839386   8.847869  3.204691  119.395576
449  -4.571973  21.815081    4.438408  0.330635  4.159441       6.464017   1190.863525  208.290039   8.764296  3.272726  146.767624
450  -3.753549  17.198427   28.123135  0.328996  2.461664       6.090407    870.158875  223.968430  12.807925  1.468574   60.775562
451  -5.946872  28.797264   18.030645  0.261593  4.523037       5.894610   1152.280518  234.575455   7.815749  3.838537   98.826431
452  -4.670609  24.738953   22.327259  0.268379  3.670891       5.590319   1572.356934  247.844604  13.362566  3.416909   68.375259
453 -17.096064  28.700888   61.543015  0.299608  4.108487       6.348921    977.070923  244.125763  12.462185  2.651364   86.329918
454  -1.450206  26.740612    9.931919  0.284143  3.870391       5.379864   1568.603027  214.821838   9.818029  3.682354  119.748863
455  -2.038697  32.633389   24.402943  0.338866  4.676304       5.154468    715.063660  242.861206   9.801600  1.959267  176.319641
456  -4.563542  16.939232   57.721153  0.247839  4.504396       6.482890   1331.065918  139.508743   9.917782  3.998076  104.026939
457 -27.960510  31.947491   59.864075  0.319868  3.499639       5.904134    812.575073   96.833244   8.266118  3.923251  147.847458
458  -1.756229  31.010069   12.234355  0.336254  4.487082       5.952137   1202.967529  223.189941   8.964058  2.606812   93.330276
459  -4.056517  16.285145   35.512775  0.272117  3.473853       7.772619    805.942566  159.976517  10.594371  3.493742  143.574188
460 -14.955059  24.047672    6.576030  0.330900  3.217400       5.390593   1348.654907  227.322449   9.362020  2.529608  123.915520
461  -5.264670  21.492039   44.124046  0.338425  3.673264       6.644041   1293.146851  110.590378   9.298157  3.129873  187.182434
462  -4.693671  39.134850   21.280336  0.339768  4.282969       5.615695    948.353210  216.777649  10.432111  3.365732  134.459869
463  -8.884615  13.078800   30.030672  0.311571  4.514807       5.487195    875.298706  153.164246  10.358775  2.200452  176.797958
464  -5.881363  42.608177   41.149506  0.341608  3.863699       5.850306   1682.353027  218.966934   8.930026  3.124005   91.708824
465  -6.016963  20.902428    3.928638  0.308673  3.977003       5.220910   1148.044556  243.863312   9.354549  2.371078  136.192978
466 -29.433214  42.786110   62.095982  0.316550  4.404254       5.834353   1065.637573  159.941483   6.160844  3.765940   70.541656
467  -2.681862  34.046410  359.187469  0.302734  4.327934       7.225104    753.987915  182.068161   7.042588  3.499483   91.868896
468 -10.066968  40.826462   43.572308  0.336350  3.896230       5.717975   1884.604858  136.865707   8.251271  3.528893  105.934464
469  -3.744931  27.550579   31.730755  0.332080  3.083751       7.125849    703.738159  124.156029   9.106579  3.311287  168.740280
470  -0.367147  17.665937   16.334181  0.329537  4.081497       7.570896    891.853699  152.115738   7.884804  2.350442  148.299561
471  -9.261297  27.131817   28.332087  0.327942  3.889029       7.080732    972.589355  101.812706   8.652000  2.719452  113.658760
472  -2.184487  17.182388    8.981142  0.349071  3.362808       5.632307   1126.267822  152.375977  12.174922  2.138137  214.151596
473 -22.801048  32.126755   56.054810  0.313512  4.938070       5.114296    761.634033  176.983154   5.868015  3.624667  167.818924
474  -9.260523  32.843941   48.171070  0.300912  4.183162       8.485034    779.554688  216.149475   9.665648  3.786518  111.005157
475 -20.110582  37.491428   50.556278  0.336502  2.904571       6.614319    895.186218   73.929550   8.753909  3.107283  103.941475
476  -1.113538  30.587908   31.932301  0.314576  3.550413       6.327958    787.125977  197.787674  10.471642  1.600000   86.949898
477  -9.598832  33.958046   50.035465  0.316470  3.547789       6.959289    802.686584  196.037125  11.875128  3.344463  154.371567
478 -12.845172  33.859505   32.431881  0.286049  4.117411       5.133334   1285.722168  210.721497   9.141722  3.332255   63.523186
479  -6.714053  14.137136   35.483448  0.238409  4.428434       6.591584   1236.832153  214.872650   8.204412  3.161022   70.280334
480  -6.381841  21.927727   13.621232  0.305138  3.871750       6.323366   1174.274536  224.164597  13.287910  2.844692   86.504051
481  -6.850830  21.567408    6.234600  0.337154  2.954159       5.480811    969.637817  142.122314   9.525079  3.974526  277.609619
482  -7.115147  38.679111   36.828369  0.324558  4.175495       8.010731    711.766724  206.311554  10.978536  3.839536  143.174179
483  -6.358277  42.699818   36.611187  0.287826  4.844708       7.163408    938.083252  222.595581  10.462479  3.838047  102.130013
484  -2.258464  29.952209   25.084377  0.283760  4.564192       5.276694   1211.545044  207.259842  10.300282  3.407641  111.982635
485  -9.019764  15.320221   30.257477  0.285106  3.849326       6.839877    831.070190  243.939621  12.791500  2.145395  107.752563
486  -0.159975  13.551799   17.213840  0.278759  3.293510       6.893906   1246.625854  225.886765  10.284884  3.444439  125.634636
487  -0.976256  37.297714   39.289410  0.331839  3.080834       5.394820   1435.161377  171.661560  11.582291  3.858149  183.556183
488  -5.403456  27.283766   32.617573  0.322932  4.926985       6.304136   1064.595093  217.743301  10.592931  2.770405  105.916504
489  -9.041728  26.470455   28.487894  0.347593  3.904886       5.871057    743.149902  200.588089  10.829526  2.171922  169.062851
490  -4.352971  33.782116   25.714064  0.297574  4.148005       6.503010   1497.992310  167.410461   9.097026  3.808642   69.750122
491  -5.239947  41.969421   35.365871  0.341729  4.914429       5.297463   1149.064209  222.120636   9.057372  2.822152  137.655136
492  -6.070404  17.281914   27.333864  0.276015  4.493943       5.020958   1822.592285  213.906723   9.746621  3.866592  127.828674
493  -7.700585  25.448790   32.904961  0.347888  2.922862       6.203302   1226.066528  109.952194   9.847575  3.560219  175.972641
494  -6.300558  39.891098   40.439053  0.348497  3.505155       6.512708    803.163269  238.771255  12.948203  2.132913  105.469276
495  -3.507701  29.509047   26.267164  0.311660  4.891378       5.345145   1061.221191  235.812454   9.197865  3.505799  146.942657
496  -6.027790  23.737995   35.929001  0.241002  4.190723       5.344247   1496.680786  239.460709  10.197507  3.838140   97.864334
497  -4.689781  34.553238    7.954387  0.315116  3.819784       5.669740   1421.837524  164.973053   6.971729  2.997775   52.571362
498  -9.904444  36.695442   46.360455  0.317559  4.407855       5.543770   1386.661255  186.440521   8.703225  3.512165  112.828644
499  -0.986316  20.055401   20.071211  0.264590  3.084373       6.208858   1567.530029  207.803604   9.512405  3.288183   78.429199
500  -9.641444  41.032429   48.971603  0.292392  3.377573       7.466390   1143.354126  211.331360  12.923469  3.753699   71.015450
501 -10.453029  20.530241   48.986320  0.265538  4.186594       5.067714   1384.992310  176.965347  10.085895  3.389631  106.692856
502  -4.189691  12.126271   24.214966  0.327706  4.290815       5.268752    989.511169  231.745224   9.630635  2.409759  197.788422
503 -13.407906  40.932770   45.224091  0.340892  4.019528       5.624781    756.232361  171.718903   8.623297  1.586801   68.298241
504 -15.351217  39.782642   39.820843  0.319663  3.794675       6.893809    736.626221  175.230484   7.592912  3.791141  116.856705
505  -0.737552  41.054398   47.369442  0.338590  2.893436       9.443081   1104.358765  247.462494   8.621915  3.608724  123.192673
506 -12.195992  14.408857   23.685802  0.308627  3.735812       6.208468    805.988098  195.664078   8.804967  2.294124  189.907974
507 -10.563301  25.084579   13.672712  0.297065  4.441240       5.488461   1344.677490  203.898972   8.776337  3.984064  135.069244
508 -10.700685  17.303242   31.216156  0.320700  4.283255       5.562660    973.099487  111.469048  10.740983  2.402101  136.168503
509  -5.865028  43.128098   23.554089  0.340099  3.297521       5.832868    928.380493  159.463348   9.767157  3.044893   93.779182
510  -1.325059  44.200970   44.485580  0.309031  3.762006       9.640218    954.387817  226.372589   8.618947  3.473766   98.984085
511 -13.190427  36.357288   40.392593  0.294147  4.587865       5.120650   1098.389771  191.119247  10.554889  2.839111   52.140491