           lon        lat        inc      D1AU     delta  launch radius  launch speed    t factor       B1AU     gamma         vsw
0    16.999258  48.609905  34.924934  0.672877  7.694539      12.901634    806.130737  132.056381   5.895015  3.631422  311.689056
1    42.314548  26.561321  20.756371  0.617553  5.050449      13.760672   1658.442993   99.059952   8.260500  2.844827  240.077972
2    29.201662  13.514097  17.555525  0.659214  2.311769      11.444339    799.538879  174.773163   8.360900  3.944413  275.216370
3    36.409428   2.605380  21.642851  0.583321  4.079303      12.501986   1104.359985  137.897766   6.378765  3.390399  125.895767
4    24.361984  36.999531  44.188198  0.571495  1.873296      13.147764   1274.187012   65.106522   8.712723  2.986901  157.362228
5    23.321819   4.644080   3.028579  0.522553  5.422793      10.778004   1061.141724  220.937851   9.667022  3.560066   81.287079
6    34.111301  32.187473  23.023766  0.657265  2.056911      12.788379   1431.389648   59.918694   9.797980  2.209059  166.229050
7    45.420483  24.305864  15.215931  0.641010  6.965507      12.065531   1630.921021   16.505604   6.931222  1.316277  153.747910
8    29.100302 -12.405846   2.501086  0.662180  5.399821       9.230138   1420.609009   37.579708   8.208407  3.552557  214.285110
9    30.198769  36.157059  18.038715  0.696446  4.106794      11.563625   1611.340820   44.577854   6.818318  3.069392  236.491440
10   18.852833  15.963379  41.175289  0.656040  3.172633       8.631319   1583.474976   39.552315   5.120347  3.515866  210.633469
11   18.837841  42.753609  36.797565  0.699472  7.116829      11.252124   1217.689087  127.056572   8.973167  1.383608  129.374573
12   21.131927  27.492081  16.812893  0.647536  7.741855       9.163336   1430.424805  229.197495   8.928411  3.222334  162.904068
13   23.891104   0.253317  19.965698  0.612508  1.822062       9.028917   1184.938599  107.621902   7.891469  2.665087  119.256554
14   44.782566  22.697334   1.936019  0.586089  6.301345      13.011744   1710.221924  211.541443   6.839402  2.863993  173.729187
15   50.837521   8.801170  25.185869  0.667784  6.571092      11.823793   1808.028320   37.601406   6.192684  3.066127  354.469116
16   30.056427  21.989613  29.916496  0.630971  6.358678      10.982689   1065.068237  153.482147   6.261495  1.761599  133.689041
17   43.625069 -22.434822  19.433306  0.598339  6.120430      11.695289    976.301514  146.568893   6.979423  3.838379  134.415604
18   29.871191  35.099926   9.288643  0.689150  5.595337      10.465661   1036.884277   97.737114   5.908659  2.288583  195.414978
19   44.155060  -3.230880  10.684068  0.583301  5.662871      10.440179   1650.492432  183.891068   6.437896  2.013758  116.025978
20   25.925695  29.892088  23.255899  0.675939  6.853304       8.963326   1352.235962   50.133591   8.340671  1.372143   80.818687
21   34.175255  10.601239  20.652647  0.683166  6.621641       8.642561   1497.705322   30.034182   6.885193  2.018989  203.320297
22   32.808636  15.732677  14.853796  0.696918  6.438240       8.995738   1478.183716  127.961937   8.868862  2.853580  292.787994
23   30.276867  27.836485  22.954304  0.664773  6.851158      11.167227   1481.336426  172.227997   8.601930  3.174415  236.934723
24   36.058731  11.269312   9.859984  0.677696  2.635187      13.739647    701.160095   61.192829   6.420352  3.569834  306.818115
25   15.947455  42.304924  45.509422  0.531929  6.677427      13.326403   1071.248169  183.406281   5.042346  2.735887   96.520096
26   36.886868  31.768707   9.136236  0.647339  5.968040      11.951381   1507.622070  142.727478   8.066481  3.697865  255.780533
27   22.838230  37.166203  33.727886  0.617893  6.797525      10.151402   1789.334595  224.058105   7.505072  2.432445  136.413986
28   37.159290   2.404528   5.408285  0.582429  3.363898      10.409324   1797.489258   79.126984   8.644166  3.072614  148.766479
29   23.031403  26.303352  38.604404  0.670622  7.227190       8.881227   1936.067261   77.891823   7.837437  2.276792  153.522705
30   33.410694  44.191410  19.899784  0.699398  3.709606      12.447945   1824.747314    2.600024   6.964928  2.819426  273.870026
31   24.908951  26.343582  13.517548  0.693002  7.542004       8.864493   1899.164429  219.708786   7.120255  2.998681  188.879730
32   33.082054  19.809700  16.617445  0.643228  6.074523      12.242813   1056.762451  111.030174   7.205460  1.676126  104.692116
33   13.364266  32.246262  37.393848  0.604811  6.553180       9.188362   1729.557129   36.490875   9.095762  3.299300  134.095306
34   14.963040  37.747887  21.513481  0.636098  7.059805      10.025396    817.041199  170.394348   8.943532  3.764254  176.154938
35    7.141340  22.719404  12.372920  0.684027  4.799393       7.432412   1679.062988   17.263224   7.990054  3.942751  198.246399
36   13.572219  28.684145  49.349415  0.633006  7.900544      11.714498    853.706970   76.042809   7.261035  2.398700  148.937683
37   30.015211 -14.382349  12.761173  0.658623  5.657237       8.076236   1377.463013   84.704079   8.994562  2.332078  123.388031
38   24.657139  29.387581  13.959700  0.656014  4.867249      10.661945   1135.429932    6.380194   6.603908  3.310745  177.590515
39   36.571777  30.695288  19.790323  0.680143  5.646588      13.684573    997.694763  111.386513   8.429461  3.680361  351.315491
40   25.848110  15.178881  45.574436  0.631818  6.300154      10.887094   1054.630127   25.035583   8.334081  3.301429  180.237595
41    6.045961  43.736225  30.406338  0.697729  6.623736       7.855851   1402.312744  205.271027   8.404739  3.409891  166.399841
42   -0.663451  35.801376  33.850216  0.636408  5.269846       9.966619    782.180359  144.272842   7.022035  3.080243   85.645042
43   39.647316  17.483252  18.974371  0.652641  6.966351      11.097751   1329.529907  111.270271   5.268692  1.534030  150.293442
44   27.754118  27.691179  25.933043  0.480207  7.982579      13.488014    849.669373  126.583084   7.942936  2.939322   58.761162
45   13.483902  14.230829  26.408237  0.685157  6.914470       8.270557   1819.623535   20.320755   6.525433  3.767953  214.512756
46   11.921614  44.846909  40.227982  0.685368  7.197788      11.120399   1388.000610  224.798492   5.285374  2.747058  196.530960
47    2.006250  48.233746  44.478138  0.669007  7.397001       9.243605   1273.238770  146.176132   7.485084  3.585613  212.028809
48   37.940781  24.329771  10.347945  0.696690  4.531505      10.754546   1568.446289  215.624985   9.236281  2.550524  268.077606
49   35.447758  18.702961  23.633095  0.600147  2.971590      12.108070   1133.361206  100.181870   5.929860  2.898515  196.247635
50   35.209015  -5.540725   9.322450  0.574679  7.662683      12.438828    785.819519  208.027283   8.760583  3.886112  177.716629
51   12.809870  32.374462  32.445896  0.666258  7.526802       9.718801    890.385193  199.357437   9.992278  1.323939   69.194527
52   44.203426 -21.083485  19.766188  0.615174  5.948239       9.284802   1385.609253   50.435745   5.394042  2.022150   51.798195
53   14.342604  20.712402  36.720413  0.686967  7.117764       9.678780    882.627869    8.868793   7.731638  3.111681  258.044189
54   41.103565   1.247305  19.239056  0.644122  7.884700      12.185703   1167.529907   92.006310   5.867830  2.362416  177.059998
55   40.094883  21.552927  22.724922  0.620956  3.132452      12.409329   1670.517944  184.222778   6.843820  2.945024  223.884338
56   40.331387   9.137383   5.061037  0.601156  7.523924      11.501030   1582.513672  128.015015   7.905282  2.945037  184.334732
57   39.768471  21.390209  15.190065  0.665197  4.609014      12.118459   1606.853760  129.781296   8.472862  3.975674  323.918762
58   44.747734  14.935685  10.847960  0.641239  7.031143      13.490280   1644.203735   97.597191   5.397090  3.675739  292.824921
59   43.357475  10.478747  25.147001  0.638605  4.069329      12.673926    986.355103   34.496174   6.632556  2.097772  217.077393
60   25.393307  45.445923  18.069510  0.650509  6.197123      10.013152   1612.505493  222.372665   7.527422  3.745827  215.791428
61   35.436066  34.368866  29.921234  0.661123  5.461421      12.076584   1701.341797   52.958347   6.673936  3.445024  351.499084
62   25.608780  30.418837  26.253830  0.621060  5.038904      12.468370    856.235596  151.752884   5.770079  1.756644  102.285339
63   23.720020   4.520186  44.460403  0.584028  5.097881      10.472796    951.965088  190.472458   6.013713  3.083419   92.498589
64   21.904219  36.589539  36.387085  0.678164  3.450004      10.563914   1567.190430   69.366913   7.899438  2.515698  211.135056
65   37.137512  27.025305  17.172867  0.640370  3.636561      11.416530   1380.420532  160.560165   8.071089  1.733845  145.546494
66   29.253386  24.821344  24.869837  0.663846  2.787534      11.787242    831.428345  108.583046   8.296925  1.128700  116.549385
67   33.104626  30.018709  27.607023  0.679539  4.337680      10.454792   1906.497681  121.175323   6.324422  1.935966  180.063873
68   22.589775  33.993420  29.798592  0.594690  4.723393      11.334750    987.758362   89.717155   9.142376  1.934772   94.487892
69    7.659754  42.964474  35.023029  0.672743  7.707456       9.427110   1235.559692  211.085876   7.944496  3.608007  183.964111
70   35.053833  23.102724   7.018896  0.530813  6.067357      12.664949    963.071411  169.497253   5.877109  2.435024   67.084251
71    6.431233  27.246401  48.428120  0.670546  3.056525       8.984969   1631.992554   17.089403   8.925817  3.708425  191.746216
72   14.160400  36.520069  40.924767  0.667598  6.488752       9.175615   1763.192261  125.654175   7.414721  3.724008  247.216278
73   20.317175  19.304424  13.465054  0.664323  6.447536       6.767928   1826.899170  198.581955   6.193505  2.646966  162.219910
74   25.748388  14.515608  38.332584  0.646067  6.114150      10.443397    984.911987   31.971476   5.125527  2.823296  193.740387
75   13.262802  25.285349  36.850639  0.620985  2.809858       8.742824   1959.343750   74.935974   7.382755  3.776813  154.068024
76   27.781017  30.649656  12.076722  0.699096  5.728923       8.640959   1276.302979  175.264450   8.942823  2.078526  199.102600
77   31.844204  23.263069  27.817175  0.643237  4.045776      11.055492   1355.599487   33.236526  10.113360  2.375341  184.564941
78   23.648952  34.200504  46.243080  0.599818  6.349223      10.606195   1791.583862   70.457359   7.172849  3.532137  217.407516
79   28.197727  15.352714  11.000501  0.612201  3.106267       9.439266   1211.689819   69.945641   9.082963  2.055988  104.486794
80   30.612284  17.798771  39.237911  0.624177  7.866305      12.238487    815.419006  184.745743   9.098469  3.271386  210.741257
81    7.584227  30.376347  33.698559  0.660410  3.290277       7.705092   1653.932373  110.597008   7.322333  2.365915   76.570740
82   43.270767  36.173584   7.263012  0.688427  7.615197      13.122731   1537.810425  180.775436   6.814110  3.021962  355.336761
83   38.109486  28.205652  17.085972  0.539071  2.372565      13.937187   1508.389404   42.356560   7.592211  2.619675   70.881348
84   39.123737  29.379255  28.966967  0.666635  5.820909      12.683597   1710.923462  212.998734   6.479292  2.620701  292.430176
85   24.025642  21.566227   8.392221  0.593019  5.886707       7.350302   1853.287354  223.315491   5.899817  2.678703   95.666481
86   24.402317  32.118256  39.562916  0.562833  4.561567      12.632592   1030.539307  142.024063   8.014997  3.136024  160.389023
87   21.797153 -11.507236  28.717934  0.651100  2.402565       9.273235   1285.945801   88.488205   8.317623  2.682573   56.479820
88   23.833691  22.914299   5.699315  0.695519  4.150690       9.914416   1137.664795  162.995987   5.789525  2.431141  150.698059
89   12.173684  31.401834  28.235540  0.590723  7.542676       9.493342   1489.892334  173.570099  10.056426  3.116344   73.778191
90   43.623611  26.712505  18.585894  0.627653  2.399827      12.041029   1888.012817  100.375488   5.874230  1.373490   94.871284
91   20.548138  29.529663  39.286564  0.611954  7.578073      10.722158   1284.902954   76.668480   6.635310  2.990445  172.604004
92   13.627638  34.913826  31.765739  0.697220  4.089487       9.805122   1426.426880   38.501209   6.161786  3.226506  190.035904
93   31.981300  33.268410  19.127649  0.677061  7.785104      10.830361   1674.102539  205.361359   8.781030  3.632660  298.849365
94   37.990475   6.777263   3.239300  0.652836  4.465273       9.797573   1883.757202   87.680283   7.242066  2.861242  210.132935
95   34.920601  19.366159  12.726145  0.679901  5.073738      10.228249   1674.452393  159.895355   6.868235  2.215804  186.199387
96   30.225246   7.194821  30.698092  0.597966  4.406662       9.577118   1618.457397   77.013107   5.231724  3.450248  139.664124
97   36.983208   1.988424  13.901281  0.653380  3.160144      10.525824   1656.757324  181.894104   7.884256  2.947848  188.070282
98   33.020134  28.479250  16.267134  0.672560  3.068597      11.531084   1260.584473  201.772964   8.049238  1.969607  162.418839
99   22.870592  48.109734  26.345158  0.647702  7.886203      11.243462   1239.276855  204.763412   8.470701  2.445609  206.342072
100  15.278186  26.689499   0.466213  0.551745  5.251712       9.328794    981.516052  116.455185   5.804709  3.587572   54.916840
101  13.815288  46.649769  38.709572  0.666820  7.887841       9.025205   1789.532349  186.316345   8.452644  1.574624   71.244194
102  26.251261  30.694876  42.712582  0.632614  6.856531      10.626826   1378.898682   96.413467   5.646652  1.520994   79.005013
103  26.276470  27.919165  21.762421  0.664324  4.247221       9.303205   1470.431519  167.464401   7.198912  2.658256  200.216095
104  25.325466  17.203712   6.793014  0.568719  7.921705       9.661917   1407.624878  212.212448   7.874708  2.625589   56.551701
105  40.012863   9.368086  38.683918  0.579927  7.980632      12.251637    844.629578   10.322421   7.620610  2.975615  148.732803
106  36.119911  23.687344  25.402309  0.654472  2.651478      11.095940   1666.928589    7.774488   6.417626  3.850997  311.683746
107  46.398384  -7.012446  19.797705  0.567652  5.287920      12.737095   1060.828857   40.834503   6.114077  2.674256  126.999023
108  21.244692  20.102732  14.111456  0.694131  4.648591      10.431081    852.573914   82.530411   8.062016  1.549413  123.738106
109  22.502539   3.241071  11.636279  0.662502  6.710315      10.167339    989.537659  223.068787   8.347028  2.128066  132.274063
110  -4.713091  37.361526  42.306923  0.572781  6.203830       9.421153    916.802917   72.796700   6.808227  3.947093   79.416985
111  23.741512  42.372501  28.629322  0.665927  6.419136      12.590893    909.477295   26.802942   6.917623  3.977324  313.343994
112  48.630131   2.540126  13.815549  0.667427  5.469227      13.163381   1567.839111   52.576977   7.601653  1.750034  191.752213
113  44.070194   7.544525  18.543779  0.682617  4.319675      12.645383   1121.839355   64.001289   6.882211  2.130707  263.707489
114  40.334061  16.725439  22.496504  0.695013  7.731804      12.113148   1374.890503   88.858597   7.465582  3.107638  334.498474
115  26.447763  40.466679  19.046692  0.695129  4.469688       8.420287   1716.779907  193.164368   7.511009  1.762926  121.749725
116  14.037015  34.336899  25.603947  0.665882  7.469408       7.972308   1488.547974   67.362221   6.909855  2.815609  153.839935
117  45.810726  28.470730  36.392288  0.692513  4.338286      13.902407   1690.730347   22.787941   7.985691  3.857723  455.149902
118  40.471565  17.303913  18.453070  0.617660  5.524760      12.832123   1124.659302   92.823227   7.587935  1.295079   75.312790
119  15.322948  -4.569359  31.594927  0.675643  1.158161      10.145532   1181.254517   54.996098   6.381974  3.429864  136.047791
120  24.729485  42.491604  29.366320  0.620697  5.250448      12.615695    908.018311  223.461868   5.596653  1.320822   96.127945
121  29.125919   5.009803   2.308135  0.615094  4.639773      10.558683   1513.839478  119.015518   9.403896  3.541033  155.642593
122  36.955673  28.518539  20.359882  0.599422  5.517273      13.416490   1664.289062  165.105377   5.259783  3.509752  201.744659
123  10.618664  34.445457  44.979229  0.686707  4.034997       7.566767   1803.976074   84.885483   7.059056  2.809288  214.699341
124  34.452877  27.955263  27.525774  0.593169  6.789947      11.438629   1833.094482   94.914116   6.165195  2.635800  154.448471
125  36.520557  29.468363  24.383114  0.619436  6.697361      12.856865   1767.752197   63.468647   7.012431  3.899257  262.670197
126  32.255356  16.882359  17.351570  0.632231  3.397219      11.469210   1157.063599  134.116043   6.076771  1.874363  100.153809
127  31.946203  23.334198   7.915380  0.690815  3.755652      10.567122    979.361450   43.124004   8.367503  1.677003  170.175232
128  27.801249  21.079493   9.046819  0.690848  5.948307       8.230769   1748.313721  160.679413   8.463045  2.939506  223.463409
129  37.151115  30.093197  11.458951  0.688530  3.854512      12.757833   1102.638916  133.516266   7.704425  1.704686  188.432053
130  12.315492  29.271753  32.013027  0.608494  7.724681       7.075227   1859.474609  193.587418   6.067568  2.407895   78.892509
131  37.617092  38.121658   2.355122  0.673526  6.067626      10.405998   1819.846680  244.666519   9.660359  2.326557  137.111343
132  11.613781  45.003483  26.723705  0.599325  7.172060       8.857173   1446.351685  163.106415   5.230107  3.214357   82.131889
133  40.178711  -2.735793  26.025028  0.698268  5.944456      11.216690    943.093811    4.082252   6.940736  2.833391  248.286850
134  21.370628  48.431789  31.925343  0.677450  6.397546      11.652940   1597.711304  100.987923   6.515547  2.704307  237.223160
135  22.141087  32.864803  42.692928  0.634771  5.380250       9.208283   1916.728027   52.212994   6.997897  3.157928  228.604523
136  17.021118  20.890114  28.158945  0.640729  6.709145       9.654068   1351.128052  146.697723  10.952194  3.673452  181.437454
137  28.057930  17.527021  24.032993  0.640921  7.749957      10.001423   1820.364014  135.351517   7.177378  3.207229  173.167252
138  17.869724  39.387371  30.945072  0.613422  7.859885       9.171790   1831.736694  121.466408   6.514997  3.911258  200.993301
139  18.398270  20.329718  29.558624  0.656729  6.332528       8.093431   1787.364624   67.506721  10.193661  2.386321  125.191368
140  29.221035  13.229514  11.893912  0.636035  6.056709       8.933917   1454.737793   49.782330   7.183252  2.219764  135.692215
141  38.795784  14.341279  28.501894  0.543288  4.779414      11.963572   1289.227661  127.651314   8.764321  2.844970  122.757156
142  16.026165  37.920235  28.937574  0.640552  4.926513       9.641454   1653.776855  166.730087  10.199420  3.831529  170.487717
143  21.570061  39.896576  35.020767  0.573652  4.022425      11.939567   1359.661377   98.577850   8.914230  2.843175  120.170135
144  13.969827  34.936333  34.991650  0.632696  3.238710      10.059902   1330.277344   63.904835   6.662379  2.255153   70.612610
145  -0.708442  46.590263  34.095730  0.653474  6.484769       7.872529   1003.250977  112.858124   6.851466  2.581265   65.061371
146  30.891090  10.848462   8.820878  0.617011  5.902875      10.061873   1529.570679  224.637680   5.937234  3.881530  199.039154
147  25.090624  22.063105  21.500652  0.661307  7.088428       7.757429   1865.375854  204.626999   8.026284  3.071341  217.970764
148  37.185501   0.217292   7.774099  0.620035  1.620103      12.386952   1024.455933   36.733707   8.232375  3.860039  224.390411
149  35.956352  30.496777  12.659505  0.689969  4.872369      13.899117    935.483826  184.314651  10.052803  2.419157  256.014038
150  14.608473  27.261753  23.461803  0.596576  4.424799      11.135326    720.674805   67.698883   7.338720  3.238690  127.080444
151  29.233088   6.166423   9.681202  0.686378  6.669405      10.398694    800.878479  161.722519   6.226673  1.530683  197.034225
152  18.642197  14.879220  18.540117  0.643182  7.360335       9.637395    798.751770  227.183533   7.583986  1.448972   97.168526
153  41.001282   3.637680   2.428781  0.616472  7.832197      13.251803    999.727722  221.355286   7.088307  1.963951  148.433624
154  21.906143  33.080681  12.510708  0.584352  7.560838      10.019070   1127.834839  109.163643   6.955795  3.706832  116.773735
155  23.207392   0.154985  10.724872  0.656590  4.963304       8.918311   1531.733765   45.071472   9.331677  3.352902  188.925507
156  18.947756  14.170905  44.394276  0.677105  4.430609       8.196856   1456.125732   20.807861   9.167797  3.151208  223.733063
157  22.103035  30.321411  20.255867  0.654023  4.677880       9.075044   1982.689819  155.649048   9.129737  3.622716  177.902695
158  18.642494  43.585556  33.304375  0.613759  3.924750      13.323663    917.740906  118.646362   7.746429  2.943726  143.348648
159  38.282482  12.301168  32.838398  0.665698  6.804580      11.081260   1222.122192    1.479733   5.292157  3.138456  258.443848
160   6.530014  25.100246  42.244274  0.671927  2.031042       6.382486   1910.516357    5.648411   7.661950  2.221059  100.209732
161  40.735912  34.648750   6.759454  0.663313  5.043409      12.340396   1867.567993  105.510490   7.785203  3.063391  247.952148
162  43.671181  22.226316   6.502010  0.674066  2.899606      13.375544   1616.328491  211.560867   6.676139  2.283489  210.710983
163  22.695107  26.904242  42.533142  0.598162  4.679049      12.410066    981.445374   82.592186   6.105209  3.790677  189.529480
164   9.822083  33.640594  26.878010  0.671466  7.432916       7.088243   1178.984741  221.312225   7.362491  1.521410   52.667953
165  39.291832  10.630756  18.268465  0.631534  6.950418      11.198442   1320.624512  165.803482   8.412980  2.242688  184.360916
166  23.351299  24.322134  17.576834  0.572960  5.003860       9.926668   1693.284790   63.251347   8.915137  3.165935   84.021622
167  33.705746   4.989573  27.954248  0.665729  5.174638       9.855904   1188.406860   56.022865   9.208261  3.176470  231.812347
168  26.982471  34.706425  30.774349  0.669085  7.836714      10.440407   1427.718018   30.353292   8.283135  2.609670  259.641479
169  15.465034  28.263098  23.172035  0.685660  5.276147      10.583036    977.731506  138.780136   7.262290  3.278204  191.054535
170  37.208187  20.966442   8.900690  0.696699  7.538339      10.057521   1327.354248   86.869720   8.061776  1.612277  196.519577
171  13.969677  44.591724  29.513123  0.657453  4.946206       8.856383   1740.574707  151.045212   5.662818  2.998607  132.429428
172  37.243160  12.673272  23.478748  0.602759  3.915249       9.571860   1959.751221   81.668900   6.854666  2.255532  105.728683
173  40.669273  -1.442095  12.248894  0.619713  6.277935      11.102328   1516.088013  163.376328   7.983671  2.293686  139.084946
174  42.304585  13.429464  12.737932  0.644352  7.188784      13.417215   1428.838013   27.438778   7.529043  3.392246  257.593018
175  19.475475  22.555140   7.446602  0.618079  7.137775       7.933182   1542.274292  218.119751   9.268312  2.349148   60.639130
176  29.802036  20.555445  44.159737  0.549921  6.695965      11.929407   1020.114319   88.318130   6.159297  3.276235  129.244431
177  18.707481  28.738476  39.296169  0.600473  6.010716       9.366187   1884.263062  144.443604   6.719940  2.578023   93.549110
178   1.626236  29.184105  44.869568  0.667592  6.011747       7.494647   1814.806274  168.284927   7.449176  2.552793  104.872437
179  36.353565  -8.578111  17.542746  0.672078  6.881043       9.327521   1492.807251  100.840698   7.710520  2.903610  194.473007
180  25.494926  12.717951  27.389488  0.632867  6.181324       9.322554   1796.198120  143.562531   6.191083  3.595353  178.461548
181  17.254217  43.385017  31.382473  0.637052  6.629583      10.947806   1358.001709  153.433990   8.093388  2.659215  135.431534
182  31.494181  28.575504  15.568347  0.669967  3.522960      10.174829   1440.791992   52.757957   7.766132  1.746360  118.033463
183  34.922371  12.174488  20.445875  0.628640  6.229019      10.478471   1510.648682   26.796204   8.596192  2.063461  113.523643
184  23.289940   1.715657   6.841293  0.685054  1.476172       7.575547   1438.963623   55.732300   6.589147  2.432496  192.603500
185  36.085629  -8.097762   3.611663  0.629553  4.969684      12.050703    886.668274  140.398132   8.439176  3.881160  250.191757
186  28.193270  22.226364   5.911481  0.658174  7.260119       9.589190   1518.698242  187.688812   8.090976  3.179429  179.193756
187  44.532978  23.694181  35.427139  0.651088  7.916283      12.872224   1793.975464   96.366425   5.427231  3.780843  338.314880
188  27.130743  30.916662  26.199837  0.692912  4.763202      10.508517   1967.875366   47.175171   7.381936  3.813594  276.100983
189  35.642879  26.976114  15.866768  0.693758  6.559553       9.815585   1772.633423  169.413559   8.495449  3.401542  339.328644
190  35.474758  18.728136   8.196403  0.648733  5.830202      10.945143   1351.416382  116.641609   5.487592  3.321932  245.281616
191  12.675749  38.855957  23.065243  0.603477  4.666234       9.300289   1421.069946  108.520874   7.275013  3.658418   77.209747
192  44.875237 -13.865365  13.160128  0.662402  5.946094      13.556187    912.442810  147.009323   5.097430  3.856426  281.060059
193  39.838261   3.513137   1.789922  0.665373  6.154217      10.222695   1409.677979  166.246078   6.936155  1.762714  172.070465
194  34.359333  -0.149455  23.547308  0.632810  2.647341       9.664442   1299.675537  179.451736   6.414608  2.554227  131.568390
195  -4.081283  44.412411  30.792095  0.674124  6.090637       5.444448   1856.526245  114.161469   7.546685  3.244553   63.758793
196  25.161158  36.871845  14.352019  0.587010  7.721035      10.310571   1539.044189  168.441040   6.348289  3.765668  127.796104
197   5.572745  36.301113  33.671276  0.673777  7.536009       6.757186   1690.609253  209.643890   6.326969  3.166858  168.415421
198  21.922827  27.784910  29.355408  0.694494  7.213314      10.529970    868.988342   86.213051   6.867181  3.529189  307.616302
199  34.850388   4.574492   4.642998  0.632513  5.542802      10.018550   1373.883179  169.311798   6.916325  2.742436  195.935852
200  22.272490  30.217793  27.406187  0.684037  5.361361      12.398846    779.248657   15.640371   5.881579  3.972943  273.982269
201  33.152500   6.534437  11.459325  0.582453  5.461315      12.156427   1025.465698   14.505034   6.710484  2.208654   76.219643
202  23.124634  39.848442  28.326828  0.647456  6.792356      11.730104   1493.633057  233.026550   7.472461  3.170427  193.022339
203  36.469830  28.305637  29.133204  0.639149  5.436280      11.674572   1879.082886  150.579941   5.429147  2.417597  208.165710
204  34.798744  36.621201  40.070419  0.694214  6.427170      12.279850   1412.752930   83.285889   7.759343  1.772334  311.969543
205  33.305939  14.251390  30.556490  0.560829  3.975546      10.444124   1899.095703   97.216415   7.415916  2.642577   59.586826
206  13.790355  29.096119  38.066231  0.678719  6.009943       9.938060   1411.845215  178.995941   8.489187  3.188647  197.605103
207  32.163013   2.753215   6.755287  0.600172  7.760074      10.799044   1601.932373   22.633236   6.202144  3.199360  132.205276
208  40.384624  30.627596  11.693202  0.626079  7.666214      13.010971   1255.406006  208.391907   7.148157  2.040372  194.170929
209  47.867920  -1.749726  18.539080  0.609623  7.385125      12.341681   1116.226074   26.094044   6.752492  1.732903  157.073441
210  24.721663  43.640331  29.011017  0.592060  5.022394      10.785383   1946.648926  131.640442   8.412507  2.537070  116.156296
211  25.438480  19.540758  18.616943  0.694237  5.541086       9.477432   1559.293823  126.429245   9.066408  3.222040  227.646240
212  32.161789  40.522720  20.553900  0.654614  4.542287      11.878986   1581.659180  110.651497   7.889894  3.882775  297.004791
213  28.848570  36.940731  34.251587  0.679178  6.661075      12.241694   1646.960083   12.656813   5.044911  3.230345  303.412842
214  37.286964  40.798512  20.513681  0.687836  5.111467      13.167862   1330.726196   29.519934   5.756291  3.970009  443.606903
215  21.383780  11.995700  20.295921  0.655806  6.089672      11.434420    737.676208  149.852905   7.275995  3.564813  222.226608
216  25.658823  31.135727  19.456530  0.644037  7.876583       9.031413   1937.189941  173.284393   5.271109  3.484944  203.454727
217  40.312984  40.058792   4.706684  0.685670  6.923078      12.875455   1564.123657  223.187210   6.594173  3.099324  267.844757
218  33.428738   2.780247   6.004257  0.679318  4.001165      10.265079   1008.796997  146.383896   7.308173  1.175444   95.832680
219  32.067226  39.970535   5.598467  0.676387  6.718647       7.937815   1894.750977  207.823364   7.070587  1.786039   63.324505
220  30.129124  10.890509  47.420284  0.636201  5.815403       9.602360   1155.770142   43.622452   8.143278  3.896600  204.288467
221  21.389311  31.242975  10.256408  0.655894  3.863584      10.653300    845.271423  174.961166   6.691676  2.563850  109.850800
222  15.478633  32.722969  35.595261  0.574682  6.176091      10.182381   1448.933960   57.522457   7.703400  3.026172   93.069099
223  33.936588  16.919458  25.734510  0.652395  4.844145      12.421256    931.715942   15.494851  10.403363  2.353534  203.527298
224  37.132004   0.874652   8.041874  0.667383  5.265388      10.823013   1320.645508   93.624771   7.422422  2.814961  232.734222
225  35.646652  21.062927   2.586283  0.689761  2.525590      12.851996    814.091370   91.782082   8.843364  3.702915  268.823517
226  23.499062  16.480564  17.640039  0.609066  6.478395       8.890053   1551.531128   85.265678   8.336475  3.516724  166.346466
227  18.227112  -2.975148  22.624006  0.631762  5.014526       5.660727   1925.919800   75.132240   7.273975  2.246974   94.122467
228  34.096657  16.152010  24.634232  0.566542  4.861720      13.775862    792.756409  131.684982   5.824546  3.521095  165.998566
229  40.835373  15.482533  19.805647  0.672364  6.922491      11.136630   1544.306030  171.953156   6.164718  2.544144  275.907806
230  25.617002  28.821753  28.460453  0.646953  7.578050      11.625216   1376.006836   47.852570   6.166398  3.888237  227.396027
231  23.015856  26.448174  20.969511  0.557237  7.775727      12.607041    725.507690  122.906494   7.421434  3.064605  108.007889
232  15.826226   4.187889  16.906553  0.627084  2.576119       8.771710   1021.395020    5.816181  10.000279  1.883621   84.237030
233  15.891944  19.589413  20.968172  0.662734  6.718979       9.954635   1235.740356  168.906509   7.177608  3.932527  196.969894
234  22.767473  42.626556  42.426010  0.572326  6.730802      12.406514   1676.455200  101.848000   5.886118  3.838519  233.264969
235  34.509686  35.833359  22.762522  0.670408  7.014001      12.638249   1394.220947  111.111115   8.872862  2.799615  291.953735
236  37.745190  19.559530  29.770536  0.610958  1.316587      12.566802   1115.807129    3.080293   5.502522  3.168598  219.711868
237  34.625595  27.454317  14.976753  0.562860  3.681000      10.918471   1537.371338  154.186508   8.233871  2.240988   81.155220
238  15.256516  42.192863  17.119137  0.638083  6.906372      10.760355    760.704834  205.273331   8.574602  3.312851  107.896927
239  19.864180  44.144657  30.337679  0.662379  5.815237       9.515512   1529.811401   43.151524   7.458760  1.924678  138.242508
240  47.907326  15.687707  15.587130  0.585891  6.407197      13.473567   1922.299683    0.795208   5.081901  2.160816  151.026810
241   8.605685  27.061464  42.378082  0.521352  6.881829       8.670027   1843.629272   22.109486   7.620803  3.631284   71.607109
242  24.545338  27.197149  17.903902  0.661238  6.354244      10.723395   1178.899658  123.702126   6.919651  1.853135   88.204880
243  15.142144  27.323275  30.674320  0.599960  5.304221      10.923638   1104.224609  148.191956   7.738486  3.059956  100.677261
244  30.127163 -10.301271   4.979196  0.578534  5.191063      10.764778   1214.427856  133.585571   6.072163  3.782202  139.395355
245  22.757442  32.229752  45.669628  0.625581  5.302835      12.173702   1183.757690  110.258675   8.591195  2.794042  189.598099
246  43.938629   6.400846   5.493793  0.579628  2.940329      13.796794    873.852112  147.248871   7.746214  1.696573  138.133026
247  10.920372  15.618377  27.405720  0.694479  4.019457       5.296175   1789.106079    6.365005  10.430893  1.532474   68.902367
248  45.779392  22.955303   3.423448  0.600980  3.752863      13.665628   1788.729614  133.006943   6.312181  3.015092  193.592484
249  28.162018  48.776241  17.047699  0.657424  5.705755      10.896479   1636.236450  245.857788   7.684410  2.772998  179.923828
250  19.193573  33.258858  40.368931  0.675247  3.907858      11.958342    750.366760   88.364113   9.393806  0.953310  104.517159
251  38.969944  22.729836   5.694603  0.601141  4.584881      13.108902    847.634155  150.904449   6.362466  2.255571  174.535858
252  16.674482  21.618101  20.855717  0.612096  3.861045       9.896168   1183.139404   56.414017   9.092508  3.501510  142.081970
253  21.556641  34.784473  46.279465  0.552209  5.530159      13.059419    969.853149   96.213242   8.064894  3.667885  177.781982
254  33.130741 -15.384657  13.831691  0.654076  4.802079       7.737222   1682.494507   66.811852   6.160533  2.241277   96.933655
255  26.619411  29.962458  27.652687  0.678580  7.137261      12.240887    949.440186  222.716354   6.917662  3.061311  262.302521
256  40.017078  14.542808  36.547619  0.646877  7.715377      10.364484   1520.970337  118.969345   6.826151  2.287561  172.777039
257  33.945042   8.325885  10.706790  0.660269  2.947431      11.008857   1320.299805   37.025532   6.195714  3.238869  232.857986
258  34.957375  22.167446   4.668291  0.686515  6.011715      10.439310   1750.661255  159.684708   6.945076  3.115684  222.615219
259  55.556362  18.545029  44.544125  0.634014  7.683455      12.202537   1758.697876   21.572035   5.389678  3.062332  277.231201
260  12.411814  21.301189  28.609587  0.597997  7.288952       9.471721   1281.893188   61.311165   9.103283  3.829331  142.273361
261  32.700203   2.064164  11.904624  0.695538  4.597896       8.154884   1291.266357   68.299232   5.878986  1.340696  125.537376
262  16.338428  19.637352  30.024303  0.699696  7.593208       8.831070   1327.792114  108.432373   6.655104  3.110953  236.409958
263  26.123020  33.022343  12.074892  0.687572  5.257294       9.761910   1108.149658  221.732285   6.817222  2.618701  194.162201
264   8.443236  42.800213  46.227684  0.646259  3.389726      11.690688   1266.589111   47.647808   8.719419  2.862152  131.521454
265  12.004939  43.800964  32.364521  0.694628  7.377817      10.375299   1142.249023  151.091888   6.219326  2.883510  186.941956
266  19.867565  30.017300  47.492580  0.573814  2.400455      12.332194   1355.805542  206.534073   6.777139  3.771947  138.693497
267  37.634613  11.595761  32.921612  0.656575  2.478354       9.851301   1503.723999   58.834896   5.644809  2.175905  145.978424
268  36.823715   3.137943  19.653738  0.572367  5.003590      12.494475    787.382874  155.860580  10.305770  1.663644   63.094379
269  36.916275  36.480972  23.820511  0.696922  6.045489      12.105711   1658.960205  243.977448   7.997398  1.035775   92.999359
270  39.378056  19.587849  29.167641  0.626286  4.772074      12.039473   1773.947876   72.603668   8.558619  2.423977  155.599182
271  34.940304  -2.539234  22.208664  0.677647  6.680950      10.137884   1094.004150   36.327629   5.408608  2.682704  208.200607
272  16.075708  37.216045  34.229237  0.575375  3.642723      11.918484   1013.439575  125.640671   8.687638  3.010248   92.832855
273  28.281536  32.407021  16.142075  0.695852  6.587194       9.470946   1101.086670  178.847260   8.292394  1.515210  170.600906
274  20.173840  39.415810  26.408031  0.631316  6.287885      11.160911   1178.982300   37.834225   6.748135  2.374330  111.703568
275   2.401685  37.190041  45.809975  0.687422  5.673843       8.821603   1556.744385   47.493008   6.016564  2.621510  130.450409
276  26.371910   2.367891  35.876209  0.679928  1.902001       9.728585   1388.143433   24.614132   5.589282  2.845572  132.501389
277  28.490891  27.683239  18.640093  0.594851  3.401219      12.938124    900.254517  154.525864   5.025907  2.756338  125.056816
278  44.770405  12.592060  10.539781  0.663070  6.361703      11.665273   1903.926758  115.298073   5.336328  3.552475  339.122650
279  35.971905   7.436397   9.736990  0.692491  7.955136      10.161240   1692.453247  102.673676   7.644797  3.588596  292.767517
280  13.697132  28.166088  29.089491  0.651825  5.502934       7.256216   1946.722046  158.647263   7.444204  3.547067  193.803619
281  39.536659  11.604251  13.642093  0.663352  7.410638      13.585971    895.626465   48.080730   6.857968  3.014121  285.175476
282  19.836960  42.705467  36.014481  0.654506  7.755630      10.850668   1551.974487  184.824844   7.666502  2.243136  173.596130
283  31.632799  21.638924  14.704734  0.657731  3.778172       9.784440   1477.392090  142.398117   8.964804  2.535867  199.104874
284  40.614738  23.132196  13.125863  0.671922  5.721367      11.626944   1951.224243   89.741325   7.932205  2.372253  224.988480
285  34.712944  21.508715  27.747269  0.648279  6.654537      11.734648   1388.411987   27.033834   5.616902  3.487605  256.951416
286  30.304565  12.816812  28.970654  0.614635  5.204017      10.984642   1194.031494  197.888840   7.542672  3.291551  180.142197
287  29.142981  32.064022  23.499519  0.694736  4.151710      11.234017   1102.273926  138.469223   6.140819  1.508333  169.634644
288  21.849369  10.625813  21.055721  0.624587  7.125124      10.886262    746.841064  188.044983  10.506806  3.364628  201.013000
289  32.300117  19.309654  20.523762  0.693850  3.697641      13.041001    720.075623  152.014023   7.297150  3.061072  310.970306
290  25.446224  37.804943  24.793819  0.665425  6.598966      11.496497   1364.408447   94.648148   7.192227  2.732673  200.858429
291  22.115643  10.909223   0.657780  0.662663  6.317216       8.682650   1329.280884   88.387497   6.490915  3.100756  192.877579
292  13.323792  32.857651  30.119291  0.560175  7.610802      10.406084   1052.139526   21.670740   7.384872  3.597539  104.351555
293  36.915718  22.049036  24.343977  0.654588  2.424717      11.649911   1102.633911   44.411606  10.190875  2.277374  260.417725
294  27.940382  22.000942   5.261176  0.661982  4.383869       9.053136   1410.083984  144.660339   7.381472  1.962988   91.919205
295  31.202578  22.945763  26.928659  0.679807  6.899414      11.169041   1779.112793   79.123840   8.737857  3.583965  252.605499
296 -10.628446  42.800724  41.593613  0.685040  7.018494       5.346276   1737.324341  165.418365   5.376860  2.781561   60.055412
297  39.158962  10.811446  19.368568  0.565557  5.830024      11.686087   1809.854492   20.442593   5.265679  2.877717  111.483582
298  11.242055  45.062778  41.396259  0.598739  7.871620      12.750990   1072.206787  191.056290   7.986909  2.824182  114.062157
299  34.132275   1.488468  21.026632  0.676924  6.574446      11.618054    869.056274   91.147964   7.250717  1.892619  166.107971
300  16.172812  45.446083  23.871273  0.660764  7.000100      10.020039   1150.602783  231.574966   6.444923  3.193480  156.493790
301  42.368526   7.985291  14.862988  0.676697  7.580345      12.172923   1753.681030   23.601416   6.463955  3.649408  294.142883
302  28.519825  32.554096  18.482685  0.608426  5.483801      11.923720   1149.067627  185.920441   8.284315  3.359286  177.783478
303  19.240099  18.599081  40.689114  0.644370  4.908153       9.998236   1052.111328   82.484436   6.108919  3.792790  229.317215
304  45.563625   7.907136  23.878714  0.623741  7.086073      11.428164   1604.899170  177.165573   7.846327  3.397101  270.693481
305  23.916874  28.593475  37.853676  0.688556  5.743817      11.989634    826.798462   76.709236   7.677533  1.985832  237.901855
306  36.485859  22.634787  20.964132  0.675742  3.252868      12.850093    948.774475   11.376656   6.269223  2.148732  266.610840
307  -1.563913  43.566895  28.571516  0.684501  6.782513       6.730494   1663.019653  204.031830   9.218489  3.397637   74.056534
308  36.680161  12.275028  12.102776  0.576017  4.886258      11.772157   1076.197998  232.841141   8.153646  1.614614   53.088249
309  13.218751  43.846497  25.114529  0.641504  7.595105       9.819977    966.524780  223.254684   7.547170  3.959524  176.201843
310  23.115751  31.166019  11.656316  0.637110  3.844109      10.060306   1447.013184  132.986862   6.130275  3.768274  136.532135
311  42.810947  11.590340  29.006708  0.659100  5.256638      11.398838   1078.840698  194.978668   5.567310  1.146268  104.430222
312  26.046516  42.209618  39.897537  0.613534  5.691087      11.778993   1494.200195  244.465698   7.996330  1.681250  146.097931
313   5.755198  35.847992  28.068830  0.690742  5.968566       6.547914   1642.491333  103.324333   5.048581  3.750984  193.914169
314  29.678413  27.826376   4.826809  0.641976  7.267715       9.922784   1220.076050  192.205566   7.669689  2.185968  105.800377
315  24.301512  29.177475  39.104298  0.661695  6.549615      10.675345   1615.720337  196.979172   8.608861  3.226123  230.747009
316  38.239361  23.244671  35.370098  0.658930  6.799405      13.649888   1099.205322   75.808281   8.538387  3.198023  281.769104
317  44.874454  21.322504  32.407516  0.672152  7.800652      12.865692   1732.246826   39.977688   6.562508  3.388391  344.021820
318  18.476673  32.492874  18.824818  0.572747  6.704179      10.659432    791.655579  201.689697   8.156689  3.196419  118.015549
319  43.504311  -0.141699  15.537450  0.651407  7.163151      11.544209   1201.036255  149.179993   5.993280  2.133134  216.822372
320  26.273523  23.842754   5.171267  0.615924  6.812881       7.868425   1979.051758  195.108414   8.452548  2.824435  103.095596
321  22.272326  32.614902  26.468229  0.557505  6.830234       9.104965   1843.767944  150.692200   7.321341  2.917453   94.704094
322  39.075020  38.188168  15.051618  0.663004  5.371246      12.486012   1595.272095  190.087524   7.846848  2.262539  262.336823
323  13.431147  41.554733  44.113964  0.602184  7.818374      11.009187   1537.354126   28.267200   7.555171  2.874058  142.532318
324  44.695625  10.527387  12.353106  0.561114  7.971107      12.508825   1633.684448   70.795235   9.201662  2.898906  174.652634
325  30.216469   1.742988  22.310705  0.617463  6.724434       8.987176   1350.664307   89.347610   5.195989  2.794647  151.737350
326  37.940563  26.074245  44.238583  0.697798  4.645013       9.599757   1927.663574   42.688625   5.542268  2.324263  268.541534
327  38.556942  -9.102946  13.874295  0.627366  7.885803      11.392130   1101.849487  101.640915   8.124024  2.260280  126.754875
328  33.323666  22.059795  34.023827  0.683302  4.719013      11.053940   1694.843628   51.774532   6.902146  3.223650  258.430145
329  26.161171  24.367298  49.057110  0.570328  5.776681      12.235986    759.762756  162.694504   6.309402  2.895005  165.771439
330  42.446838  18.546528  24.032682  0.570126  4.331204      13.810082   1339.742920   21.786350   6.073661  3.053705  180.132462
331  23.539724  43.276077  31.194256  0.674800  7.585584      12.859612    855.063965   19.879438   5.408857  1.228315  177.790756
332  10.595098  44.091312  26.438101  0.680890  5.539611       9.510216   1055.882080  160.366562   6.019834  2.267135   82.893799
333  38.394852  23.422741   6.668810  0.637010  6.518694       9.167905   1855.691528   52.994003   6.805648  1.855802  126.025833
334  33.123470  23.640995  21.603367  0.518369  4.136557      13.388806    981.162109  137.775452   7.531919  2.489745   67.307037
335  15.701243  28.959263  21.488699  0.698183  6.398220       8.290206   1682.280518  168.766602   9.539576  3.663561  215.587540
336  22.701656  24.484444  17.747385  0.680047  4.783507       8.844289   1302.171387  103.596802   7.836079  3.781723  263.288544
337  37.081196  38.068932  15.442918  0.680986  5.826793      13.968243   1246.238770  141.123627   7.693081  1.892851  206.890045
338  40.840034   4.632473   7.324114  0.591433  2.619932      11.181836   1790.398682   96.992310   8.905264  3.583205  208.344254
339  23.811094  34.930428  29.232599  0.623925  3.650511      12.710566    787.031494   69.351288   8.269180  2.942056  201.443146
340  32.780117   9.131419  25.886148  0.625557  4.758260      10.638431    883.791138  147.375290   5.009575  1.221915   55.892475
341  26.583208  20.076317  39.400242  0.665750  7.447730       9.004375   1762.742065  111.139015   7.055774  2.099821  130.068665
342  12.015450  36.592709  42.724934  0.517473  7.098477      11.186513   1172.812378   15.742723   6.868923  3.253954   75.806396
343  35.357460  12.145836  28.219822  0.643381  3.304516      10.601698   1592.874878  110.940926   8.198632  3.594101  222.703613
344  31.291838  22.447914  20.003473  0.665023  7.579438      10.794202   1456.418213   80.571320   7.387736  1.862313  117.369080
345  29.571369  25.941717  31.008678  0.658213  5.748187      11.823776   1382.039551  117.006355   9.900492  3.602304  254.394745
346  28.456190  24.719736  24.375505  0.651212  4.035584      11.320121   1371.831665   95.438309  10.349184  3.225561  204.966797
347  29.123299  30.248564  29.081564  0.523294  5.878325      12.917753   1276.162720  162.229401   8.068800  2.957655   83.339104
348  39.641106   7.552158   0.453259  0.675759  4.377013      11.306208   1635.013062  124.916069   9.097296  3.849002  288.335449
349   8.779269  46.344677  33.898697  0.570883  7.717978       8.822970   1871.096313   43.491276   5.049839  3.483358   76.283264
350  46.022881  11.372714   5.930337  0.642019  6.234822      12.540992   1531.589111  115.640961   5.992007  3.934914  345.736969
351  14.569281  28.392582  32.417217  0.683049  7.366067       8.619326   1205.519409  177.865906   9.847521  1.710214  117.844147
352  43.138699  27.818443  30.756866  0.692599  7.360825      13.560112   1420.492798  102.069466   6.758495  0.919420  104.575813
353  36.701057   3.035225  28.738239  0.694776  5.602516       9.843617   1086.431396   58.514877   6.844960  2.189009  211.229034
354  15.869122  17.106049  24.985699  0.674918  6.925265       7.081777   1584.311890  182.088547   5.929893  2.181355  144.279541
355  25.771917  31.572193  27.000113  0.693983  5.429406      11.028082   1424.830078   94.662598   7.425038  2.615000  214.448608
356  22.595787  34.933403  21.315168  0.685922  4.951899       9.394497   1347.623169   98.871323   6.214242  1.742323   98.963707
357  10.962391  13.378078   6.630733  0.675856  7.858003       5.705630   1887.799683  148.665268   7.308463  1.864426   75.488464
358  26.253708  35.947525  32.162697  0.675181  7.149355      10.950072   1170.674194  131.534363   6.514276  1.632488  195.715256
359  26.568010  20.178062  32.551460  0.576355  7.497840       9.720632   1921.756592   41.563015   6.574984  2.858052   95.272118
360   2.095046  49.896175  31.058186  0.673911  5.934383       9.440289    746.999207  227.251938   6.679152  3.132164   96.862549
361  35.537323  14.567088  23.741800  0.533303  4.666018      12.978717    892.530823  135.189117   8.441592  2.845218  119.939842
362  29.035583   2.248098  18.693016  0.664980  4.486835       9.452562   1037.022461  116.031898   7.598255  2.119314  175.365540
363  26.630251  10.122547  17.183907  0.686985  3.606163       7.933595   1696.844238   27.684401   6.990805  3.024318  242.453415
364  33.725002  23.022722  13.277235  0.658212  7.417655      11.607241   1314.735596  172.787369   5.033628  2.102322  147.799149
365  41.369362   7.594328  17.373472  0.616262  5.249671      11.204638   1437.673828   62.874901   5.975729  3.518872  259.850677
366  21.211445  38.998852  36.057430  0.552907  4.019401      12.702226   1159.763916  214.876663   7.256131  3.164546  119.253189
367  24.165730  29.458513  33.620434  0.588640  4.480365      12.162889   1149.704590   23.914843   5.513951  3.254029  154.306168
368  42.975227  17.822567  14.605289  0.663935  6.916924      12.827392   1107.517456  135.889496   6.812360  2.128276  293.765839
369   8.994822  18.377394  40.280643  0.663668  6.093648       7.680143   1109.747437   84.018120   7.421398  1.657406  111.572304
370  37.863430  11.860361  17.104202  0.535638  2.977999      13.337399    897.121399   33.921116   7.021009  3.375114  148.255829
371  15.733756  41.006153  26.824482  0.629089  5.265610       7.600068   1957.498291  109.619911   8.765619  2.276027   54.094891
372  40.250679  19.073772  21.172348  0.655139  2.028650      12.086932   1609.720215   18.399282   7.938529  1.911572  157.841797
373  34.437492  26.689871  28.163252  0.658138  2.258704      11.736307   1363.108276   11.085747   6.290237  1.461874  107.337387
374  24.164000  21.718052  29.333420  0.608397  5.910390      11.299983    865.816895   88.343063   7.355177  3.935025  218.597900
375  -7.725087  27.791729  38.000061  0.585713  6.483133       7.352570   1611.229004   67.536415   5.588842  3.725050   75.914421
376  45.053123   3.825179  18.647575  0.698455  3.682911      12.721178    866.078674  113.996223   5.165252  0.811198  151.775146
377  28.988211  10.829534  13.862912  0.606638  5.826055      10.735541   1184.206177  111.956734   6.714643  3.662825  184.834778
378  32.295490  14.268537  43.510204  0.679478  2.078181      11.653595    989.334473   12.239764   9.946473  1.777262   99.417160
379  22.287403  42.958317  39.051170  0.614714  4.567999      11.167488   1994.034180  109.589745   8.245910  3.485594  235.124680
380  28.302469   8.700994  38.647999  0.569447  5.641504      10.992924   1034.875122  131.743027   6.232202  2.570701   66.066605
381  42.707722   7.630327  32.504181  0.699603  4.726595      11.852106    988.502869   75.534660   7.798276  3.953579  330.537567
382  42.486198   0.134276  21.245668  0.538118  6.157808      12.171988   1482.814087   69.523346   7.497074  3.667669  127.048157
383  38.174164   4.646308  20.250971  0.600624  3.446177      13.639445    744.212036   26.123800   9.269013  2.247556  133.937073
384  18.497200  26.994989  22.437613  0.672455  6.523878       7.126458   1694.746216  178.300613   8.730599  2.748044  186.750732
385  32.433205  42.232147  25.333775  0.610008  7.174481      13.418650   1115.355469  178.287537   7.997635  1.618069  166.419739
386  28.309893  14.197507   3.122487  0.698820  6.239873       8.062334   1869.255981  163.157639   7.601301  2.560236  183.219162
387  25.592478  16.486444  12.062300  0.687534  5.941193      10.348433    791.828552  111.794235   8.190971  3.140713  284.380951
388  18.430349  24.352003  43.234768  0.590553  6.865377       9.939273   1866.896606  109.725372   9.123910  3.803516  139.658890
389  29.270136  22.850981  11.324489  0.679715  6.721927       8.828160   1992.798584  176.529404   7.700361  3.263086  217.823044
390  47.633144   6.024344  22.672009  0.651574  5.524152      13.597684   1470.843140  191.872787   7.474250  3.414608  278.033569
391  32.198277  34.508430   5.351031  0.657572  4.566683       9.785862   1740.633301  104.504318   5.504573  2.862306  136.514511
392  32.156395  22.429329   3.252254  0.636289  4.518549      11.845778   1086.867676  235.573532  11.792757  3.621625  177.446838
393  21.291166  39.381790  25.912939  0.670943  6.409891       9.604479   1708.154541  204.393875   7.542062  1.733960   52.483189
394  29.889143  19.758839  31.629940  0.581433  7.073443      12.103034    844.499146  125.946068   8.973166  1.762161   89.429367
395  27.617979  26.313229   9.064079  0.559011  6.078460      11.277325    962.602356  134.030746   7.783559  2.632198   68.866310
396  28.499170   3.403820  25.440157  0.682092  4.067345      10.505793    703.785706   19.670469   7.559206  2.129126  229.506119
397  39.948891  20.014360  20.874498  0.678329  5.691112      13.093554    985.465027    4.191869   7.469295  3.158325  354.722565
398  24.266222  29.573774  26.901566  0.678618  4.644457      11.651212    841.545288  162.834412   6.534520  1.706616  177.354889
399  36.525410  29.590681  33.609276  0.617623  7.310198      11.485242   1812.237305   39.978580   7.888618  1.803774  126.183517
400  20.659536  26.981178  47.729961  0.684518  4.951870       7.831801   1609.463135   21.817282   6.739048  1.406346   90.365570
401  15.134716  34.366489  46.783386  0.615323  7.951046      11.812218    986.641052  102.491661   6.373902  1.990399  113.449913
402  40.133121  23.015589  28.331343  0.542822  6.824993      12.908560   1271.703369   58.196110   8.165750  2.065830  104.158165
403  30.630980  18.458549  30.992945  0.661245  4.977084      12.074046    965.552612  139.605316   6.939812  2.000252  168.014038
404  35.431469  10.496609  12.322574  0.536003  2.807950      11.819753   1184.885498  105.370506   7.533995  2.564875   81.686974
405  12.320035  31.709522  29.205252  0.598747  6.453563       9.346617   1136.889404  236.399796   6.943192  2.361313   67.348648
406  38.087032  20.153366  18.138361  0.620146  4.052012      12.592941   1281.617432  129.971497   8.647079  3.612412  248.310776
407  32.963921  -0.940750  28.632341  0.685476  5.935373       9.650388   1682.937378   20.456850   8.183623  3.780098  206.394302
408  17.282246  44.982956  20.286278  0.651479  6.853561      10.627013   1015.710083  137.441895   7.220806  2.216341   57.519356
409  25.517454  13.397331   7.573726  0.643942  6.768754      10.491989    734.261658   95.641350   5.593852  2.279140  196.724564
410  16.381041  39.283001   9.080450  0.664195  7.977440       6.688110   1649.520142   40.460716   5.676658  2.777270   73.701118
411  39.988987  14.906151   3.090034  0.643044  4.775433      11.322835   1800.738159  157.322311   7.319339  3.263886  223.065506
412  25.513418  11.831539  33.698418  0.678772  5.685824       9.339113   1440.943848   74.640800  10.333427  3.099930  210.039688
413  26.818125  16.983656  10.817166  0.567339  4.233175      11.262938   1309.022217   35.841476   6.960256  3.492103   96.588280
414  29.961023  17.702240  11.701599  0.619937  7.239345      12.021832    957.430847   31.043695   7.960070  3.676549  194.524033
415  38.322063  19.483704   2.997909  0.624273  6.327569      13.266796    945.243225  173.573639   8.495300  1.510762   75.238052
416  30.374084  23.580978  16.614233  0.639108  7.117160      11.387536   1108.196411  105.041092   9.494587  2.333037  162.835083
417   7.018282  41.574673  29.822693  0.620478  5.333956       8.382598   1506.858765  232.131821  10.898256  3.140833   67.216309
418  33.263477  14.186192  17.282682  0.675949  3.410469      10.798606   1055.260132  166.112335   6.075248  2.635410  255.195984
419  41.159336  13.408082  23.093781  0.636594  4.202170      10.378433   1952.428345    9.564898   8.610458  1.578433   65.144806
420  44.791237   1.587761  16.253084  0.550866  5.634737      13.725595   1127.608643  129.724030   5.984293  3.812220  187.989136
421  48.547005   4.496608  15.456408  0.579507  4.633410      12.824209   1796.765137  143.905777   5.601786  2.583432  175.141708
422  19.839178  23.629499   7.178829  0.629093  4.509789       9.933944    862.324646  182.244629   8.725004  3.134567  150.071960
423  36.631237  25.587187  27.299456  0.620766  1.980527      11.019407   1485.604614   32.375736   8.795700  2.093313  182.456802
424  36.661930   9.655843  10.348328  0.680247  5.761825      12.071520    871.195190  114.943703   7.935704  3.387980  324.660767
425  15.402438  39.529087  39.406353  0.552469  3.039417      11.237040   1866.079956  144.345078   6.984160  3.548184   72.641533
426   8.759220  29.990578  43.993748  0.610124  4.904853       8.978010   1785.872681  147.318085  11.022490  3.640760  141.211639
427  33.156937  17.642145  18.662430  0.691383  6.178999       8.213219   1910.163574  188.835785   8.284443  2.109933  197.131180
428  42.619633   3.238689  10.356642  0.630716  6.322314      12.523241   1165.188599   69.072716   6.873301  3.413899  273.459412
429  44.692501  22.475079   8.352418  0.636119  7.465856      12.543721   1464.490479  216.699783   7.636883  1.972028  214.216583
430  33.058449  41.529076  36.975887  0.669888  7.171384      12.471775   1951.098877  125.065910   6.989865  3.124279  382.747528
431  36.955597  22.304499  21.948444  0.655082  5.982018      12.390102   1369.102539  129.338928   7.234637  2.058057  177.946198
432  30.886337  19.059368   1.500672  0.655771  5.838336      10.763894   1033.148926   53.105568   5.558457  1.849166  102.997932
433  30.578760  27.416218   8.275521  0.696212  3.827777      11.137206    919.329956   83.533134   6.904015  3.298441  265.708130
434  23.734644  -9.031845   4.168825  0.648063  2.427533       9.913181    874.792908   95.132103   6.797435  1.841590  113.795082
435  42.218376   1.590496  18.278111  0.560176  5.980395      13.881145    875.475586  176.435410   6.951273  3.407238  168.481277
436  -0.331646  45.457550  29.302967  0.671516  7.470562       6.037287   1565.029785  139.183517   8.499471  3.387840   98.597496
437  35.430145  13.190991  16.298071  0.681909  4.957082      11.589964    963.011597  137.711166   8.074373  2.879878  299.458435
438  31.818281  27.669151  36.410511  0.606949  7.736330      10.737711   1556.497925   81.473068   8.473127  1.694888   74.933296
439  39.371323  10.302790   5.983617  0.659330  4.753364      13.391612   1031.314819  100.392815   8.487300  3.781451  281.746399
440  35.626568  24.099495  10.773354  0.620632  6.287105      10.626542   1644.640869  226.421417   8.459241  3.290897  213.870438
441  31.574989   6.770060  11.291689  0.676414  7.677558       8.600034   1483.210571  209.644882   8.164585  2.283026  193.703232
442  16.361301  37.478813  30.714485  0.674804  3.308427       9.341106   1641.240845   75.523529   7.972346  2.807823  152.893417
443  24.210756  19.448450  20.438759  0.654221  4.112444       8.393753   1357.061523  156.072418   6.896504  2.276141  164.414688
444  27.613682  24.187380  36.236034  0.636303  1.320335      11.180985   1107.682251   15.672632   8.274435  3.134547  230.266556
445  43.638283  25.020636  19.565672  0.579334  7.994766      13.928728   1679.719971  218.824020   6.666120  3.462558  250.512695
446  40.537704 -31.986866  17.413824  0.699422  5.479575       7.681882   1960.702759   56.791607   5.627145  2.819047   98.562630
447  54.304848 -16.869436  18.794687  0.674195  6.010618      12.214133   1403.067261  193.035583   6.089819  1.488853  171.287857
448  32.665852  29.114502   6.652612  0.611414  5.387432      13.525332    709.907104  201.470230   7.173946  3.329226  169.551529
449  19.688089   9.293709  35.353386  0.587549  3.645017       9.022544   1450.769897   52.959152   7.072580  3.686174  139.359360
450  22.586130  28.620504  41.194527  0.691926  2.354497      11.379470   1013.759766   52.130291   6.973322  2.296289  235.591385
451  21.789015  10.838821  32.056828  0.687621  5.291351       9.221174    954.808899   87.129921   7.197994  3.113570  270.744019
452  42.903896  15.609113  24.042768  0.646283  2.688251      11.301043   1457.998169  116.091202   8.694541  1.861516  198.326080
453  47.821911  12.372420  19.292686  0.692481  1.458544      13.217390   1842.407837   66.290367   5.256323  3.539526  356.395172
454  30.745674  15.296506  13.893690  0.567319  5.822704      11.306154    910.711121   83.361702   7.469085  1.766033   59.708076
455  33.962376   9.465343  10.609287  0.539702  5.208589      10.811462   1798.754883   36.234386   9.106343  3.855528  126.957657
456  34.962990  -9.386539  13.375608  0.578862  3.053882      11.089789   1758.351929  227.869370   8.103137  3.551533   78.089935
457  32.030319  11.814743  18.649586  0.550400  6.845092      12.286708   1072.033691  184.370804   8.241895  3.408349  116.959282
458  38.992912   6.568130  16.276867  0.678090  4.247241      10.801645   1251.627686  210.705353   5.873594  2.416204  245.109543
459  34.452991  12.577888   7.193140  0.680492  7.122733      10.654384   1737.966064  216.288452   5.522921  3.751459  255.848083
460  20.646784  10.712865   6.874488  0.609237  7.177813       7.929356   1744.585938  201.482880   7.601034  3.310812  145.090286
461   0.631599  48.419899  28.981098  0.663530  7.880445       6.951263   1808.609253  246.586517   9.401967  3.825636   75.023201
462  10.102779  40.428471  48.213066  0.677348  7.135680      12.431526    920.932129  215.478561   7.757751  3.040191  236.530350
463  18.205296  29.764578  45.283958  0.667890  4.127346       9.731615   1673.764404  109.493042   7.322195  3.159617  219.134399
464  22.463955  30.206745  37.964104  0.669306  4.769786      12.291548   1018.388611   97.153236   6.122305  2.706651  215.543137
465   8.636266  39.922291  45.739769  0.608320  7.985650       9.819077   1479.457642  224.884827   6.805458  3.307453  162.722916
466  19.340347  40.572136  30.972017  0.684162  4.920809      10.392637   1251.631958   53.386993   7.691386  2.464359  210.318909
467  11.344774  39.075310  29.182522  0.646328  6.151639       9.983522    990.901917   88.278328   6.841412  3.829942  173.914612
468  28.017920  15.349597   8.796811  0.589623  7.112532      10.175460   1119.583130  124.003693   9.446189  2.394746  106.684013
469  36.177330  21.016338  14.538149  0.594536  3.539045      11.186291   1595.904419   53.329735   5.596970  1.981908   68.085876
470  37.769127   8.311236  15.833669  0.460458  6.188832      11.760179   1841.955933  114.896011   7.582211  3.930978   73.363670
471  28.882364  24.642534  17.538969  0.689601  5.205313      10.701689    942.186401  245.060699   6.914953  1.687292  187.947891
472  38.376343  21.503258  24.195154  0.650233  7.358822      11.810481   1076.020264   19.070518   6.174191  1.048021   94.088837
473   0.590487  39.860367  44.487339  0.629384  6.590285       9.074430   1220.097656  184.685913  10.106505  2.386144   63.984531
474  13.228981  41.761600  39.045433  0.654810  4.860829       9.252688   1856.395874  147.356842   9.238303  3.145864  183.576294
475   2.867189  44.275211  45.688171  0.692003  5.129269       9.245274   1661.913330  168.448456   7.044484  3.855963  213.588715
476  48.092964  -5.322080  15.105839  0.613521  7.492794      12.690276   1509.310913    9.883618   6.202515  3.215595  233.379639
477  43.413212   9.746094   0.199399  0.655036  7.763933      12.405730   1223.823853   99.682533   8.565136  3.880731  330.085632
478  13.174495  46.467808  46.179535  0.674172  3.572205      12.742014   1052.228638  119.117462   7.083697  2.536725  234.878616
479  14.641591  30.121899  22.057627  0.644429  4.992120       9.662918    977.426147  109.045853  11.025578  3.604156  178.749420
480   5.309273  27.009350  48.641068  0.665566  6.461666       7.263250   1774.867676  140.095291   6.920969  3.641180  216.686798
481  22.347261  19.043983  38.573803  0.601258  6.456043       8.999527   1878.774292  104.561256   7.325622  2.591423   84.873711
482  26.309217  18.601448  41.171352  0.634383  4.926707      10.604079   1068.926392   27.132675   7.967854  2.178551  134.352020
483  29.287767  32.194759  36.506821  0.556955  7.436656      10.802485   1861.724365   95.356804   7.537672  3.104162  166.984085
484  36.123341  16.667871  24.482622  0.626189  2.546557      11.964025   1041.137085   86.039246   5.263191  3.958601  279.026672
485  14.059969  37.619148  23.856667  0.638735  7.459557       9.420885   1082.861572  114.544998   5.979480  3.770288  172.284027
486  35.171246  27.452816  24.939882  0.646781  5.532395      13.090045   1269.617798  208.573120   6.804248  3.331066  270.520630
487  29.073202 -12.217841  10.387535  0.619031  5.744029       9.356091   1908.816650    6.479388   6.223913  3.645304  124.871727
488  42.546913  25.499620  30.221020  0.674902  7.416190      12.974021   1018.236816   72.295341   5.537212  1.131459  250.100906
489  31.329802  35.061069  19.029490  0.594072  6.084766      12.448658   1437.881592  180.871933  10.362308  3.459794  178.177628
490  13.562786  39.396626  41.246483  0.665877  5.471806      11.161348   1291.112549   52.133049   6.166751  3.576744  222.453033
491  23.393839  27.778076  11.657373  0.630537  5.928341       8.933233   1912.267944  130.267059   6.030667  3.612952  142.412598
492  26.924055   6.557562  35.935623  0.630189  7.231829       9.264839   1501.638550   57.712742   8.666670  3.710176  174.155273
493  14.312539  48.148987  29.468569  0.662818  3.920258      11.463434   1218.312134  129.993805   6.120925  3.319012  118.822693
494  22.044456  22.800003  31.890787  0.674265  7.541716      10.528020   1239.668457   20.947628   7.398496  2.729132  191.562195
495  26.332228  42.378113  11.286260  0.618469  7.401509      10.395422   1487.421875  190.883499   5.784274  3.553049  119.084564
496  43.247654  -4.015976   9.784124  0.665700  5.474921      10.344461   1586.695801  142.486221   6.392448  1.334119   79.524628
497  34.911312  31.922989  34.049488  0.668123  5.839654      11.790619   1424.013062   53.153183   8.192564  1.371950  151.461761
498  38.981468  13.491427  25.298397  0.588224  7.683048      12.866780   1185.704468  127.625252   5.729172  3.536434  196.090668
499  39.947666  18.501343   4.200495  0.614646  2.143704      13.128436   1430.433228   17.949709   6.316267  2.489650  101.284027
500  46.829525   2.331313  25.454561  0.585359  7.949426      12.130803   1695.538086   45.660259   6.408805  2.122396   64.430946
501  11.134041  43.493980  37.435528  0.632125  7.026691       9.807262   1360.786621  108.145058   6.178567  2.332363  104.244301
502  27.351942  36.113152   5.742171  0.654737  6.456775       7.546672   1572.138306  175.914169   7.425477  2.372475  111.839874
503  31.595015  29.434010  32.129951  0.622459  7.442817      12.435557   1000.708801   20.345150   9.545632  1.274137   91.306335
504  27.401949   2.555128  31.509453  0.636744  3.995468       8.226800   1622.922974   89.551254   7.988514  3.717995  189.610062
505  12.998220  38.487015  37.719379  0.659643  6.662437       9.742790   1648.814331  154.870438   7.181608  3.801856  208.350616
506  -0.709635  27.103928  41.807362  0.671780  5.539571      10.084094    789.137024  243.437561   5.730700  2.809639  161.803467
507  29.456575  -2.558010   9.172710  0.593851  7.178878       9.333523   1610.613647  103.360764   6.916934  3.672222  160.513397
508  25.252956  27.898708  29.565598  0.539352  1.930357      12.454888   1432.359131   63.763336   7.458319  3.785305   86.775490
509  17.816450   4.711113  21.874218  0.627898  6.347178       9.786739    952.515320   89.039955   9.671891  3.344723  179.406754
510  23.400572  30.224335  27.179178  0.646809  5.033655       8.603092   1975.588623  134.810318   6.171135  3.258540  202.055023
511  44.784397  14.460094  16.960264  0.497888  7.072186      13.885280   1844.699341  132.809952   6.466747  3.688634  132.833710