           lon        lat         inc      D1AU     delta  launch radius  launch speed    t factor      B1AU     gamma         vsw
0   -52.664558   7.591969  351.721558  0.328438  1.767949       5.944324    971.129333 -109.330284  6.796260  0.691824  392.906952
1   -52.436035   8.531580  350.926849  0.316842  5.097959       9.484648    965.451294  -87.630669  6.787417  1.182212  348.934296
2   -53.593140  10.057214    0.711469  0.316251  4.879629       9.343196    979.036438  174.997055  5.165020  1.920220  355.699738
3   -49.055386   3.720036    1.878898  0.295795  1.996761       9.097115    760.589417 -205.137985  6.658641  1.019955  305.540375
4   -41.040825 -22.287037    5.586715  0.314427  4.369045       8.677032    634.740173  196.066833  7.330601  1.013989  321.305969
5   -54.964523   4.965574  355.976746  0.286424  1.607101       9.886519    913.440369  188.247223  5.555325  0.699230  332.625488
6   -43.215931   9.030951  352.301086  0.341061  2.238131       6.233012    834.870239 -154.299789  5.410984  1.081515  324.339447
7   -49.333076  -8.089828    0.829439  0.328319  3.659658       4.447067    853.449585  -22.910162  6.350140  0.310376  417.133759
8   -43.299412 -24.688046   10.782887  0.301463  4.906174       5.818347    860.620605 -168.787216  6.332231  1.275731  392.571869
9   -47.087791  20.132996  350.778229  0.270337  2.769461       9.341028    751.575867  116.505844  5.161919  1.646315  362.144135
10  -42.521999 -14.732734    7.605291  0.333104  3.147381       6.814563    716.331543 -104.954033  7.610393  0.868540  335.193909
11  -56.062706  -2.377020    4.014565  0.291630  1.831978       9.693249    906.422485   48.040264  6.881007  0.692990  363.336792
12  -45.289593  -0.021266    2.682993  0.349710  3.144241       8.563629    721.778992 -145.594269  6.941076  1.213284  331.221100
13  -49.191006  27.352274  357.865448  0.342273  5.413289       6.757835    864.692200 -144.238251  6.815598  0.340554  270.457581
14  -50.433220   5.890349  359.311066  0.342082  3.718173       8.383598    939.554077  140.750412  5.497056  0.695565  292.265839
15  -38.737690 -34.775635   19.529604  0.281249  5.279047       7.221165    868.040833 -198.135086  6.901128  0.992244  272.511627
16  -48.558449  -4.016803   10.825113  0.345592  5.511680       6.832762    818.542847  200.402679  5.322154  0.865088  368.096710
17  -44.672749   9.547327  339.876495  0.348340  4.325216       9.991360    506.814484 -188.958099  8.877720  1.104313  402.162689
18  -51.978161   2.418014  356.580536  0.339282  4.231110       7.949747    810.391052  -47.457218  5.302079  0.450331  436.803894
19  -52.568874 -15.362157    5.671208  0.293027  5.708378       9.736899    845.519165 -153.188904  5.511965  1.208466  331.317505
20  -49.250698   9.242564  358.566742  0.302902  4.042528       9.866804    737.556946 -189.942108  6.055291  1.590106  347.621216
21  -35.568771  32.812176  346.513428  0.328337  4.979475       9.957767    593.884399  146.845963  6.118147  1.796868  325.028076
22  -43.392498  17.011646    3.714365  0.344359  4.767684       8.786362    610.054138 -162.684982  6.294034  1.759793  381.165283
23  -52.555275 -29.457096   12.958906  0.329009  3.484864       9.666124    969.754761   34.219540  7.756785  0.625222  408.279846
24  -51.263340 -24.122915    2.906013  0.332763  5.448875       7.548668    937.868286  -78.846130  5.093185  0.528335  323.779358
25  -47.928234  17.894197  345.885345  0.308965  4.211865       8.618876    802.499756 -107.086464  5.397976  1.457699  330.829803
26  -48.272137   8.755378  350.225555  0.328482  5.743640       9.039515    724.058044  -46.095070  6.592656  1.180935  279.524536
27  -44.934593  -7.649851    2.193895  0.341792  3.387657       8.404018    663.843384   58.466537  7.296919  0.715532  441.926819
28  -39.612946  16.630671    0.333390  0.322138  3.955870       5.666371    771.491821 -226.415604  7.622355  1.925508  359.245850
29  -55.873955   1.952892  356.992981  0.308765  4.142427       9.640731    921.565247 -165.393372  5.525890  0.590481  334.588409
30  -51.605846   3.846657  351.131134  0.345546  3.278952       8.042123    831.141907 -123.760292  7.443389  1.023797  420.504913
31  -44.088696   0.106048  355.848511  0.314269  5.679227       7.766819    808.288513  -12.947556  5.223294  1.991456  277.903107
32  -50.542381 -18.299032    8.062449  0.315842  3.038875       8.848496    880.381897  178.000320  5.762202  0.833887  306.008759
33  -48.727325 -11.545693   16.114399  0.335036  4.004713       6.724746    862.055664   53.657028  6.005913  1.238891  398.419586
34  -53.626984 -14.388653   19.574141  0.308320  4.822686       8.065789    943.953979   27.063837  5.862236  0.618553  306.390625
35  -54.240585  -5.174848   10.913323  0.337199  4.641701       8.909100    951.582336  123.899170  6.779360  0.986880  403.232819
36  -39.387638   3.355577  356.246796  0.259681  2.830690       5.929210    668.909668  -10.339539  5.767398  1.102840  323.222595
37  -46.357895  -5.522150   18.528292  0.340072  5.568387       5.750491    938.425171 -194.828186  7.050970  1.211387  289.990906
38  -43.417816 -21.801661   20.464834  0.341185  4.868884       5.100829    945.065613 -247.782104  5.856272  0.710418  276.069580
39  -44.273396   3.479582  351.392792  0.324851  2.322045       6.430429    854.577759 -203.154114  7.361568  1.649863  316.170563
40  -53.951904  -9.723896    3.663091  0.285619  1.659622       9.099259    887.904541 -211.234116  6.520405  0.684673  311.352814
41  -39.445724   2.355121  347.779388  0.312551  1.613896       9.538701    471.089111 -139.294037  9.170712  1.706062  372.118164
42  -33.561661 -12.603511   29.513472  0.349282  5.389545       9.367049    526.810059 -148.502579  6.311135  1.603732  268.702850
43  -46.244770 -14.941550    6.415525  0.341584  5.320207       9.105171    650.918030  174.880417  7.562658  0.808766  339.886780
44  -52.805191 -10.490184    7.182625  0.297766  4.147737       9.456656    738.246155  -98.841843  5.730397  0.293795  349.395172
45  -44.216034  11.288300  335.533783  0.348277  4.270631       7.704375    635.781616 -152.809219  7.322526  0.641007  331.411896
46  -41.054813  14.846759  332.558014  0.341594  3.038141       8.561700    634.330994 -183.241714  7.618422  1.893450  309.569122
47  -42.154789  -9.365242    6.737043  0.331863  5.306711       9.490252    555.025757  139.669754  5.234920  1.513092  322.530792
48  -49.983521  15.386258  359.394073  0.343566  4.910244       7.413460    834.985474 -207.561020  5.933758  0.817891  352.653229
49  -42.528694 -30.451345    7.808652  0.343005  4.680815       9.173867    736.361084  -54.373512  5.259631  1.763033  344.402008
50  -45.618629  -0.402739  344.558624  0.336354  3.542910       9.197598    702.730530 -245.771912  6.912701  1.386704  299.935455
51  -51.953926   0.208313  356.444916  0.311957  4.635773       9.200590    988.946655  -87.310501  6.588522  1.460009  298.480560
52  -52.086308  -6.266997  342.964783  0.348137  5.873775       8.104401    844.825684   10.108728  5.681575  0.682586  272.346863
53  -53.324196   3.368803   10.521200  0.333148  5.235279       9.141953    858.675110   47.912754  5.874970  0.704873  337.406982
54  -37.077469  12.893324  340.900757  0.305979  4.144350       8.927498    488.681366  -48.243446  6.972022  1.261650  410.294464
55  -51.331135   5.976004    6.169212  0.313157  4.662917       5.544156    924.533508  175.482559  7.839542  0.852041  407.010803
56  -50.538826  10.017498    8.142712  0.332940  4.240009       7.745612    919.892517 -201.501434  6.767363  1.559228  381.278748
57  -52.885571  -7.633044  352.821259  0.305167  5.456766       9.848365    753.907410 -188.292679  5.163212  1.047307  373.440155
58  -46.994087   8.923532    0.300529  0.343147  3.670765       9.613953    645.220764  197.111359  6.331966  1.726322  310.081390
59  -50.065338   9.928306    0.548538  0.342751  5.855676       9.809345    738.142456  142.576309  6.856558  0.904219  302.188141
60  -45.930138  -2.766549  354.091370  0.254618  4.460287       8.726565    587.927979 -226.100479  7.716482  0.730268  346.288208
61  -43.050297 -10.459091    6.720505  0.311857  2.764774       9.619223    595.230347 -195.568619  7.380158  1.659534  327.186829
62  -52.617123  -0.277780  355.200165  0.316093  1.691806       7.527124    836.930115 -216.619827  6.468973  0.581470  441.120880
63  -44.926399  12.907925  353.256592  0.330101  3.975680       9.739595    750.681641 -155.762711  7.772071  1.499709  322.600189
64  -47.448151  -4.343904    1.684658  0.320238  1.149144       8.057044    832.430603  -77.267975  7.101166  1.532021  306.898773
65  -49.185276   8.578507    0.978271  0.327924  4.949295       6.641519    906.066284   66.561447  7.585503  1.749413  417.146576
66  -57.944679  -7.827739    1.749935  0.313637  2.897951       8.142453    976.468445   85.989655  6.815063  0.419745  404.756805
67  -55.353874   8.964469    7.435081  0.340756  5.894879       6.770148    921.041687  -14.938413  6.575594  0.532451  397.191650
68  -44.663746   3.828561  359.580933  0.295678  4.458858       7.372408    744.645386  -97.183098  6.823050  1.656774  352.069275
69  -47.109570  17.797165  351.846436  0.338200  5.562172       6.666291    951.541077 -194.157364  5.483043  1.105175  287.322754
70  -53.487419 -19.172878  351.862335  0.334177  5.934715       9.401707    902.837524  -87.795296  5.752312  1.049095  315.990570
71  -49.309887  -7.064559   16.098825  0.276877  4.520200       9.184288    995.363525 -226.767014  6.015238  1.967304  297.748138
72  -40.981350  -6.731182   10.738781  0.331158  5.566253       7.618748    601.240601  114.464828  5.853054  0.533038  358.176208
73  -48.333538  15.418445  346.531158  0.296935  2.606219       8.641548    833.468323  -95.377563  6.458859  1.189399  317.838837
74  -47.989220   0.471725   10.972084  0.336923  5.037222       6.096204    838.210083 -167.848648  5.716760  1.064532  426.811615
75  -46.291130   7.657856  354.129150  0.328914  4.562800       6.197666    820.353088 -160.872070  7.008822  0.690881  343.650787
76  -49.087986  19.830864  359.860016  0.325987  3.476642       8.813189    823.203796 -184.328064  6.253521  1.020024  297.087921
77  -40.213737 -23.178396   10.841871  0.349769  3.305382       5.811908    949.052368  -94.417686  6.907349  1.730700  364.441315
78  -42.557911 -14.968954    4.147903  0.322356  3.762580       6.295340    954.418457 -120.292931  7.250572  1.720624  310.851990
79  -54.024925   2.969009  346.486359  0.298224  4.318366       9.856561    841.414185   45.505119  5.623121  1.751925  407.828827
80  -52.514076   2.077850    1.198070  0.287158  2.801713       9.897680    781.154480   -6.321312  5.993689  1.393704  334.238464
81  -39.487247 -32.001556   27.452845  0.324003  4.488788       6.315418    782.203979  139.502991  6.603009  0.465922  355.441345
82  -48.034870  -5.326491  359.275574  0.314051  4.949047       8.773380    767.500793   89.201660  6.424666  1.053861  281.011475
83  -52.659321  -7.838040    8.951102  0.331062  2.615662       9.417038    977.835266 -238.506699  9.221790  1.246951  394.913208
84  -52.351330  -0.970028  354.629333  0.312759  3.766701       7.013829    922.951782 -111.973526  7.004362  1.204523  445.908417
85  -43.477806  -4.710817    1.428956  0.330137  2.043317       8.892619    601.464539 -169.142517  7.611496  1.469478  396.587677
86  -47.090851 -16.962662    9.554266  0.342034  1.906061       8.377765    903.257324  -47.845299  7.759084  1.338938  393.954010
87  -45.857815 -15.666533    7.040853  0.325424  3.692538       9.186810    622.564392   21.372616  5.113808  1.393640  374.752869
88  -47.017361  -4.231047   11.683426  0.304384  4.697821       9.578350    841.493286  -84.417931  7.527739  1.614280  256.908875
89  -48.272778 -17.304342    8.346065  0.293780  3.319015       9.125427    834.730774   89.981178  6.861365  1.477231  327.868225
90  -48.695572 -17.879150   21.754734  0.334608  5.073992       7.963934    803.745117  -91.658791  6.133599  0.543895  365.877716
91  -50.456356 -11.678775   17.368263  0.341287  5.326630       7.708044    998.643311   86.583122  6.199978  0.853850  252.283066
92  -40.305584 -10.483885    3.837814  0.303883  2.066083       9.925644    494.713562  -10.217194  6.525716  1.788509  333.714081
93  -45.883686 -10.496585    2.093421  0.323243  3.960494       7.104670    752.090576  172.496155  6.449061  0.554155  294.991821
94  -48.113663   5.437135    8.304709  0.289422  5.198816       6.181947    958.983093  158.550369  6.657372  1.443236  321.110901
95  -50.265270 -10.037712  353.788513  0.331385  3.639089       9.504971    685.712219 -195.846252  6.426213  1.162757  394.894470
96  -41.950752 -12.473251   10.950327  0.278698  4.437554       8.518933    584.145142  -74.145882  6.365113  1.839982  404.835938
97  -47.221954 -22.256329    0.678177  0.307531  5.136943       8.433055    782.450012 -166.735321  6.457046  1.948572  399.673431
98  -47.782902  17.915842  343.729218  0.338681  1.280255       5.991717    935.774292 -100.084404  5.262103  0.709486  302.099609
99  -53.887806   6.419552  358.022827  0.317739  3.761138       9.477323    932.047485 -212.191208  7.944217  1.622246  398.971466
100 -47.655418   4.228437   17.364847  0.324052  5.760422       6.538615    876.394287  -76.388466  7.152271  1.939151  380.067230
101 -47.606628 -10.137794  350.700531  0.343928  5.923992       8.846723    627.777466  154.510681  7.102945  0.546832  360.019226
102 -44.614632  -7.639131  352.463715  0.279406  4.780074       9.447482    518.841614  -13.322922  7.410884  1.084906  383.249939
103 -47.201622 -11.666832   13.166389  0.323833  4.158218       9.063222    865.046326  225.393250  6.756008  1.888239  261.304688
104 -49.175369  16.596930  339.272430  0.344253  3.233099       5.970589    931.121521  -93.038261  7.533113  0.842708  432.604584
105 -50.533627   2.369513    4.887998  0.280034  4.998317       8.349920    739.188171 -179.061752  5.980996  0.941110  425.307007
106 -47.852055  -9.256039  358.466675  0.323018  2.624152       6.122143    918.121033 -202.129715  6.742111  1.666138  404.192383
107 -52.708744 -14.267289    8.780497  0.282614  2.648834       8.354178    870.306885  -88.559517  5.744241  0.586546  289.553284
108 -52.422447 -15.572605   11.995986  0.260518  5.961193       9.875146    864.523499 -212.305466  5.694153  1.387530  357.759735
109 -48.086578  22.923008  344.922302  0.342724  3.444974       6.956258    876.404846   58.384884  7.105894  0.575337  306.269653
110 -37.292328 -16.878220    8.586696  0.306638  3.794171       5.211951    813.266602  -80.375168  7.341568  1.742551  333.928864
111 -46.249256 -24.592878   16.576025  0.346485  1.639980       9.597973    781.422729  199.215363  5.886061  0.810126  265.698120
112 -50.829876  -7.609130    5.929709  0.272047  4.130480       8.091985    974.407104 -194.479568  8.066333  1.529578  354.960022
113 -46.080456  -2.344335    5.703921  0.343379  3.860788       6.653261    750.879150  140.823212  5.989731  1.645023  409.528534
114 -51.785652   2.550904   12.100379  0.313449  4.260623       6.646644    992.541016  -64.746590  5.430336  1.745902  399.141693
115 -47.077541 -11.792359    8.810091  0.235592  2.759727       9.014473    634.923218 -219.374176  7.909233  1.799771  435.763641
116 -54.453762  12.357891  351.068939  0.276252  2.922498       8.773063    863.783447  -22.110605  5.773298  0.365152  317.576416
117 -50.285965  11.618735    7.405509  0.303637  5.221141       9.515778    767.711121 -199.036636  6.070199  1.386731  314.013031
118 -46.193741  20.659540  338.130981  0.331517  1.112206       9.980150    653.696350 -196.659668  7.074550  1.559746  409.638885
119 -53.328228  -4.772295  358.471252  0.280353  3.425955       9.394519    756.015442  229.388229  5.094669  0.397014  252.877716
120 -57.661137   5.925299    0.561617  0.276813  5.981505       8.379665    981.388916 -195.325287  6.475111  0.476983  376.529297
121 -52.028904   1.873968    3.141086  0.309809  1.802427       8.413643    950.426147  -11.613414  8.141828  0.945509  301.066071
122 -49.217937   5.362413   10.332761  0.298476  4.791730       5.853098    969.324280   -2.641805  6.934564  1.810583  399.792389
123 -45.222828  -1.902673    0.356483  0.324458  2.456429       7.551756    758.376282  -24.885023  6.667180  1.044315  368.954376
124 -49.736767  16.296156  353.789459  0.307469  5.599959       7.716681    857.350281    1.525302  6.798131  0.681392  287.261810
125 -54.985912  -6.856704    7.610327  0.318311  3.748648       9.918826    933.773987  227.271988  7.099530  1.385397  412.465790
126 -39.953560 -16.924303  357.570892  0.306586  4.879016       9.351190    506.794098   71.908516  5.701748  1.059674  287.930084
127 -43.492775  -8.150415    7.047485  0.340132  2.953155       5.998163    751.042725 -232.641571  7.340061  0.781462  419.956543
128 -53.911621  -6.954870   23.580101  0.336506  4.602014       9.303067    937.359253  -95.381203  6.306680  1.512970  370.422852
129 -52.271721   9.705281  349.567047  0.322055  3.669055       9.372993    932.234558  129.875992  5.991744  0.880767  361.485199
130 -48.385159 -16.203350    8.941176  0.337068  4.489697       8.890115    724.193054 -200.690048  6.043101  1.398188  434.390900
131 -45.843262 -20.353668    6.678627  0.329987  3.822344       7.530930    860.391052 -169.183197  5.479044  0.648703  256.899872
132 -55.269588  -7.572275    3.385154  0.314058  2.825558       9.240681    982.279419  -53.701786  7.466052  0.563741  314.410156
133 -41.283447   2.048299    8.674597  0.341184  3.196093       4.606791    924.410950 -118.140160  7.565165  1.353756  340.518921
134 -47.423340 -12.916143   11.272371  0.333849  4.827063       8.947484    962.945618  119.801025  7.725519  1.691560  256.594696
135 -51.249222 -20.332594    5.212806  0.267615  4.182506       8.327696    880.464111 -152.985336  6.705189  0.788514  320.481384
136 -53.444874   2.243900    1.525772  0.297414  2.691627       9.502436    947.493347 -109.342667  6.217890  0.699153  257.677521
137 -45.964207 -19.813139    7.389668  0.328134  2.526642       7.328289    850.756287 -249.795135  7.381709  1.796340  426.415283
138 -51.605530 -18.591934  358.848297  0.327119  4.533677       8.055576    860.071777  206.369110  6.653168  0.993950  411.676605
139 -51.543167  -2.391925    5.734866  0.338648  3.167716       9.955803    764.808838  -31.362844  7.970734  1.905646  429.667053
140 -43.469364  19.326162  349.357117  0.313967  5.676110       9.215014    697.284485 -110.504776  7.503419  1.253895  360.102417
141 -41.772987  -1.964064    3.089541  0.322430  3.770487       6.615814    613.582214   17.909472  6.025449  0.397622  308.364929
142 -49.519245   9.916296  348.240601  0.300430  4.745488       7.028726    988.330750 -200.738602  6.798658  1.238072  297.395233
143 -48.036629 -10.153090   24.482798  0.342195  4.966870       7.269459    984.120422   28.331076  7.063267  1.752304  318.535065
144 -47.725971  -8.185607  357.184967  0.300069  4.714333       4.414909    924.790100 -218.251907  6.135615  0.824862  356.422607
145 -51.189461  -0.505738  350.157562  0.341350  3.795354       9.071345    849.161560 -208.277115  6.696455  1.200786  316.397186
146 -45.767208   1.734973  355.248169  0.300018  1.310918       5.039309    847.813354 -231.606628  7.424062  0.786546  333.621155
147 -51.066425   0.738072  358.324890  0.290890  1.086996       9.105852    781.088318 -202.346634  7.020275  1.286543  388.235504
148 -39.840374   5.653122  344.083069  0.342502  5.010622       7.801229    583.595520   70.136749  8.668828  1.071261  433.494263
149 -53.086529  -2.422007  352.672577  0.327459  4.743838       7.508244    814.973022 -219.308548  5.895570  0.302592  416.777405
150 -40.571651   0.801061    4.907173  0.298517  2.226651       9.909915    464.147919    4.611263  6.673199  1.248149  444.800354
151 -52.764965   1.117175    3.301492  0.280152  4.892430       9.408356    827.189270  -50.145668  7.528233  0.767897  302.107117
152 -47.316170   1.572762   10.080122  0.332471  4.028988       6.520825    969.518555   68.111946  6.113308  1.474601  294.073578
153 -44.664280 -17.435181   32.570324  0.312873  4.377416       6.242151    815.176086   49.224358  5.731802  0.782984  282.202454
154 -50.666851   0.272686   16.315716  0.334912  5.966198       7.922840    833.210388  189.018311  6.004373  1.225092  372.485962
155 -43.272198  -4.465507    8.387865  0.341780  3.262716       5.774148    796.475281   55.335087  6.452986  1.035550  285.935883
156 -48.031906  21.462000  358.455017  0.331560  3.729151       9.578905    895.555725 -144.540680  6.373236  1.543047  300.812927
157 -38.650860  22.461983  348.976593  0.332125  3.986176       9.554993    666.561768   50.608208  6.709239  1.658118  298.887848
158 -49.012753 -19.966684   19.182962  0.347365  5.332946       7.650381    853.871094   40.959190  5.661968  0.762294  297.057007
159 -44.478767   2.571868    8.363974  0.323026  3.224516       7.423341    906.659241 -207.589706  6.201999  1.758350  274.943634
160 -54.154190  -6.114671    0.362061  0.307258  3.647920       8.765960    928.945679 -225.970734  6.765125  0.820807  333.678131
161 -44.831974 -37.759029   14.877069  0.344301  5.766649       6.340471    959.401123  -83.582603  5.719067  0.569865  356.664978
162 -50.846943  -1.039993  355.026550  0.325568  3.771517       8.626360    814.063293  -95.016342  6.647262  1.560061  358.224854
163 -53.792149  19.422804  356.378967  0.314609  4.072452       9.065970    956.753540  113.106033  7.649693  0.763371  277.724243
164 -47.256832  -1.592010    3.394819  0.264869  2.657997       5.328568    954.584595 -176.250336  7.641417  1.085476  302.056854
165 -41.268806  -3.938501  359.751587  0.310236  4.674170       6.906958    681.794861  -66.070793  7.982881  1.592171  407.102844
166 -53.142696  -2.435862    6.869164  0.322454  5.841959       9.720555    837.822083 -189.726105  5.761665  1.637333  418.601257
167 -46.896858  -5.739273    1.048516  0.302866  3.200855       8.261047    687.258057  -16.213970  5.805408  1.281102  444.844696
168 -53.734779  -7.200987    6.540047  0.331058  4.785218       9.431751    958.636230  -17.898041  7.259370  1.358528  357.495453
169 -46.078876  13.380204  342.060547  0.340926  1.788692       6.050363    916.963074 -207.875214  5.779024  1.279520  424.262146
170 -40.107635 -23.709948    5.523877  0.341982  5.683047       6.469176    844.134705  -95.813652  6.740770  1.113328  275.338226
171 -48.878075 -14.866908    3.533769  0.331301  3.842926       5.091659    957.640320 -242.886810  7.457525  0.609134  366.947723
172 -47.592091  -4.621595  356.643402  0.337604  5.025706       7.159201    787.507996  -39.124275  6.061124  0.821921  441.225006
173 -51.480900  -8.120018    5.824957  0.343864  1.627005       9.928118    957.877502   14.812533  7.602124  1.135961  283.671509
174 -45.092808  -4.705362    1.023062  0.327242  2.722996       9.929102    682.894043 -232.728317  6.931302  1.481550  255.113007
175 -43.113060 -20.278034   11.433895  0.332201  4.968142       6.404624    911.749634   73.662918  5.715321  0.948654  280.345428
176 -47.151497 -16.919214    4.619772  0.321646  3.585484       8.097739    856.929626 -165.436005  7.668710  1.788587  378.723846
177 -39.603069  16.968363  332.512390  0.312920  3.536687       6.668962    662.836182   12.431958  5.609000  1.195118  379.891388
178 -45.656044  -1.881836  357.650940  0.303568  3.631468       9.112215    587.941223 -115.288475  8.919775  0.438526  408.056610
179 -52.748844 -20.361753   19.354719  0.279749  2.971468       9.660406    772.684021   -9.733414  6.028825  0.210653  391.139435
180 -51.681103 -10.903640   17.236536  0.324295  5.446952       9.041039    816.802856 -180.941513  6.474826  1.141506  373.382477
181 -45.755638   3.903784   17.029188  0.333555  4.858675       8.762766    557.187500  128.276779  5.891645  0.426264  392.310516
182 -39.813068  17.695787  333.446045  0.322702  4.722920       3.385457    983.267090 -216.730331  7.105914  1.196027  307.249939
183 -53.641186 -15.164678    3.890586  0.341811  3.004425       9.941042    900.760071   20.905039  7.105148  0.984920  431.022430
184 -38.576481 -19.436525    7.970711  0.330996  4.458313       5.117602    748.309875  106.119682  5.474862  0.616808  292.247620
185 -50.532730  -1.468897  354.133881  0.278456  4.492688       9.583364    863.950867 -165.562744  6.112988  1.185652  290.142242
186 -56.433941  -7.219183   11.122784  0.304584  4.029088       9.623499    880.273865 -221.835541  7.026694  0.260411  310.634583
187 -53.739075   7.130260  354.219177  0.343125  5.584146       9.353456    842.457153 -191.750870  5.171159  0.874076  403.913269
188 -45.098850 -31.213844   14.225593  0.339893  3.948125       7.352115    822.071533  -84.092873  6.360925  0.227876  289.924500
189 -45.069126 -18.498392    4.899934  0.308171  5.658009       9.346499    674.761047  182.780289  6.482818  1.139714  273.862518
190 -48.316898  11.840932  337.950714  0.323139  4.504827       6.276577    895.250549 -164.397461  7.153144  1.093747  323.791290
191 -50.123226   4.082972    5.169962  0.345473  4.282638       7.712252    915.468262 -163.855545  7.841904  0.889952  250.944397
192 -47.277966  -8.839435    7.502481  0.258600  2.537479       7.765322    875.818970  178.926804  6.323733  1.370610  264.360718
193 -40.123943   5.006870  339.154114  0.308394  3.869790       7.412577    715.380432  -53.057892  6.139061  1.974417  287.117035
194 -44.311962 -18.409519   11.778354  0.292323  4.232736       8.939399    697.361023 -103.199936  7.179900  1.480860  382.060669
195 -48.300594  -1.636866    4.896053  0.348025  3.752282       9.885106    776.376343  -13.892670  5.928185  1.831469  375.798248
196 -49.143948 -14.768106   12.855944  0.292759  2.661666       6.915724    859.441772  240.917099  8.263778  0.660973  276.136078
197 -40.566124 -19.761160    2.888944  0.344325  3.142954       6.204002    871.356750 -172.155869  7.274087  1.541218  287.808838
198 -56.474682  -6.686512  359.567108  0.340896  4.108130       8.717342    979.211365  -86.806030  6.577574  0.789674  351.024536
199 -51.980701   3.486040  355.769562  0.244163  4.700906       9.679308    847.872925    7.979662  7.844179  1.469821  321.754059
200 -45.820904 -17.451645   11.687112  0.339931  5.048073       7.806111    881.074463  239.166336  7.382223  1.068596  313.351715
201 -58.105946   5.358949  355.173920  0.302081  4.805633       8.157342    992.978821   79.800034  6.437486  0.304117  295.414703
202 -48.954895 -25.888493   13.366549  0.312797  5.088061       9.824924    848.472412  -51.024529  5.448285  0.805301  379.478302
203 -53.963741  -2.463814  354.994354  0.333648  2.591832       8.515901    891.897217  117.596870  7.070082  0.979078  360.480133
204 -47.911663   0.544339  345.017273  0.314188  2.959635       9.497357    681.978210    4.987370  5.281331  1.841851  335.294281
205 -52.385643  18.994299  352.281006  0.316747  5.742288       8.897966    851.261902 -240.932770  5.560551  0.950187  435.894165
206 -56.090679 -14.167483  356.216034  0.329459  5.595510       8.802067    850.014526  -77.359238  6.781122  0.223512  376.810638
207 -44.920914   5.639030    3.695415  0.321842  3.412219       7.413674    868.994751 -178.202820  7.127151  1.326931  269.026031
208 -39.203854   5.844288    3.818318  0.284114  5.088239       8.125023    565.123169 -195.979843  6.773218  0.833363  286.650360
209 -52.719040  -5.724053  345.897736  0.305332  4.745131       8.717927    728.784241   60.544563  6.884389  1.035189  416.858246
210 -47.645309   5.765275  357.939484  0.294402  5.489924       9.494261    716.561707  126.298561  7.577159  0.996156  321.577728
211 -49.274189  -5.491352    4.760250  0.321405  3.488184       8.732787    912.351562  -46.025246  7.330135  1.705379  344.946899
212 -45.259495   0.736179    3.721335  0.321186  3.060338       8.121408    883.687256   20.519850  6.906781  1.703689  285.396545
213 -52.262669  -0.181211  357.631134  0.336463  2.556175       8.958264    735.932434  -99.919556  6.194983  0.460463  318.268951
214 -46.412521   5.481491    6.117551  0.311978  5.971128       7.103563    919.143860 -139.115662  6.228571  1.674889  329.295349
215 -53.397079  11.195593  350.189301  0.295106  2.125051       8.609167    913.139709  -89.671150  6.135682  0.932007  420.530090
216 -46.649109  -1.376526    4.807427  0.302018  3.184344       8.283825    916.337585 -158.449234  6.860213  1.273095  252.175171
217 -52.514542 -18.730536    6.629265  0.318562  3.959892       8.576100    954.725891   56.764351  7.511183  0.733518  397.228180
218 -45.174023   0.267181  358.809906  0.330772  1.353266       6.235593    820.835083 -227.970703  7.264790  1.683383  422.256683
219 -46.890556   4.877823  356.963867  0.334103  2.599979       8.956637    674.020935 -221.784851  7.299647  0.433749  339.069885
220 -51.331524 -11.595510  355.445557  0.320596  5.840539       9.567429    786.850952   -6.904663  5.925972  0.577747  271.880310
221 -40.609131 -25.436361   15.380672  0.328866  3.755325       9.008723    618.493713 -130.995316  5.570387  0.855894  446.441071
222 -42.093521 -12.269831   13.040982  0.331743  4.199934       6.185396    864.125732  -24.495239  5.528003  1.099644  250.334259
223 -42.748047  10.941219   10.218281  0.339562  5.980288       8.447528    623.635193  210.051285  8.181581  1.738115  326.755035
224 -48.945389  -6.983428    0.641506  0.330075  3.516986       9.549490    698.175964 -206.347076  8.142087  1.165428  302.380219
225 -41.880222   2.087663  354.420990  0.334104  4.025745       7.478460    631.930847 -133.661118  6.306556  1.957264  416.858337
226 -54.143002   4.917195    7.986924  0.347224  5.020743       7.100255    962.504150 -124.919807  6.215718  0.767020  437.695343
227 -50.751011 -12.677018  359.691101  0.328429  3.872246       8.999224    932.204407 -228.091492  6.262514  1.313277  361.037750
228 -34.038361 -23.629053   34.634689  0.331676  1.510039       5.111182    757.506836  -87.104240  7.663833  1.957864  421.344513
229 -54.972847   3.716767   10.644617  0.343359  5.637260       8.636794    982.449219   87.925560  6.328372  1.080071  323.923737
230 -43.367367  -4.531723    0.305676  0.281131  5.623098       7.013408    779.810730  219.616882  8.011800  1.244315  280.191071
231 -43.902557 -11.726556    5.257925  0.327915  2.382710       9.812099    564.644958  -90.187279  7.510105  0.519348  387.562225
232 -44.912731 -18.156694    1.833435  0.320465  4.825459       7.235682    806.684509 -123.596336  6.998818  1.115098  289.721191
233 -43.941593 -13.035226   15.223667  0.337706  4.853970       8.640331    605.296387    2.971597  8.416892  1.623201  443.530518
234 -52.442188 -11.122581    7.466995  0.290194  2.240959       9.702747    841.475891 -165.412064  7.377937  1.259393  341.792908
235 -50.695400 -14.424128    6.515291  0.328732  5.814809       8.936213    995.593140  140.542984  8.154489  1.730231  420.548340
236 -54.274769   1.563047    4.073936  0.276675  5.809275       8.435840    894.605591   46.175499  6.936803  0.951416  431.088196
237 -50.458210 -11.057033    3.097977  0.340807  5.439410       9.631170    886.334290 -192.879501  6.599167  0.778896  251.625397
238 -38.754047  13.296596  353.621490  0.296449  4.198689       9.906293    517.448486  -75.554672  6.503008  1.322931  289.784393
239 -42.447517  35.096809  344.797363  0.332192  4.801030       9.149187    793.253113 -208.011627  7.320479  0.864386  346.637451
240 -40.532215  -6.995715  349.737488  0.347222  5.839596       9.402742    463.919189 -229.592804  7.447963  0.926320  329.583160
241 -54.001968   4.476125    0.648049  0.322760  5.605112       8.047865    991.073364  -70.804680  6.806614  1.245278  369.732880
242 -44.174980 -28.610277    4.411633  0.333732  4.067888       9.509301    685.633423  -51.972286  6.271812  1.739584  359.371246
243 -48.404644  17.365501  348.797668  0.299421  5.096990       9.285610    857.660522   93.238899  6.859884  1.495755  325.567993
244 -38.824810 -15.069678    6.947116  0.345701  3.548660       3.226098    905.511292 -130.835007  6.422303  0.652678  282.188171
245 -47.973927  -5.161206    5.744978  0.344041  4.298080       7.808738    708.565430   -1.382249  6.346171  0.329823  349.143494
246 -59.414406  -3.271373    7.235756  0.296694  2.333247       9.507988    990.349854 -176.721558  6.676631  0.334332  290.386292
247 -45.525551 -26.083939   31.643824  0.339525  3.588923       7.605881    885.340698   75.532684  7.511988  1.148949  430.385498
248 -51.056896  22.392344  349.949554  0.324168  4.289556       5.250869    951.042114  -33.084503  6.723305  0.322114  423.051117
249 -54.208851  -2.983635    2.155630  0.328933  1.814444       8.631335    941.117615   26.929037  6.553043  0.612489  339.072601
250 -46.369785 -11.438703    5.116451  0.321491  5.589406       9.216468    926.116272   93.008125  6.067650  1.649014  280.668030
251 -49.099396  14.736646  352.861267  0.326831  4.784153       6.624807    798.846985 -146.325531  5.986506  0.266712  277.113647
252 -46.409351  -5.895074  343.332336  0.306483  5.367062       9.709187    591.963135   23.223124  6.488599  1.620875  308.191193
253 -47.821815 -26.819967   21.984901  0.329246  4.766449       9.379648    794.739319 -244.793030  6.527693  0.927223  341.109039
254 -49.131245  -1.028181  355.153656  0.323995  4.320063       9.038736    739.980164 -139.331207  7.184413  0.998795  258.367218
255 -43.790356  -3.966435    1.436121  0.300911  1.455645       7.947527    772.892822  -57.849216  7.136504  1.819259  344.647400
256 -49.189865  12.873270    3.783967  0.285283  4.690139       9.268666    681.991272   24.770573  6.300488  1.966334  400.359131
257 -43.152264  -3.229208   10.077721  0.289181  5.694369       5.504475    985.954712  150.245697  5.606070  1.819621  285.781464
258 -40.798973   6.623496  353.204956  0.345931  4.140549       7.889607    617.854065 -210.230621  7.773639  1.623871  331.454742
259 -44.606991  23.931650  334.764954  0.348816  3.896302       7.523276    916.038757 -235.093231  5.096112  1.956473  386.048462
260 -44.170002 -27.519777   10.721886  0.293905  4.127465       7.383869    869.943420  167.545197  6.152405  1.125656  325.842712
261 -45.926395   1.812865  352.483978  0.287700  2.747684       8.110176    832.452759  150.823471  5.048154  1.372457  261.047974
262 -42.067688  -3.044378    0.610846  0.348375  5.221663       9.125838    587.531372 -132.167450  6.835001  1.771953  342.879425
263 -47.720913  -6.574306  353.128021  0.316444  3.548265       9.799652    657.024231 -121.490593  6.154244  1.502400  349.900177
264 -49.542446  -4.555859  348.004211  0.318729  4.976783       9.878101    665.125549 -204.209656  6.518084  0.968918  362.401093
265 -43.881756 -20.646639   11.942746  0.317014  3.975093       9.082740    694.419189 -184.987640  6.604580  0.877320  322.092072
266 -43.980240   1.039856  356.610077  0.339130  2.487583       8.057364    655.725830 -134.197311  6.785486  1.063417  365.375061
267 -45.408985 -10.473766    5.651175  0.306089  1.889199       6.713950    693.742188  -92.439056  6.190842  0.449444  409.485016
268 -47.397964   5.404402  340.512451  0.319798  5.057933       9.494625    604.674255 -152.419159  7.445170  0.502510  256.348236
269 -48.175594 -13.203260   15.174895  0.305262  3.318201       7.782973    786.353149  113.277870  6.515927  0.561534  265.071655
270 -49.827568 -10.127370   14.101661  0.331913  2.914359       8.437592    839.758728  -84.089355  6.564500  1.125157  442.020325
271 -43.782181   4.660849  348.606964  0.334602  4.923945       9.228291    536.664734  249.890625  7.278101  0.578180  399.831757
272 -45.611359   0.325446  345.302917  0.332470  3.429489       8.980419    585.337524 -115.032127  7.553143  0.739758  267.688995
273 -45.597557  19.882282    4.130823  0.322110  5.880665       7.345603    754.404541  -57.097260  7.791707  1.198821  330.366943
274 -34.109123 -23.765459   16.383278  0.333458  4.803631       7.272626    649.895447 -144.613007  6.289533  0.771088  266.512817
275 -51.281624  -7.636278    7.138667  0.287880  3.365643       9.815534    737.742432 -119.250893  5.013327  0.532710  283.564972
276 -48.455143   0.405259    3.063398  0.344035  3.078011       9.746493    714.754639   96.720093  8.118580  1.022164  367.111023
277 -49.906506   3.766484    6.351492  0.289146  4.870158       8.303666    939.266418  189.380630  7.386419  1.157704  266.675995
278 -48.667351  -2.596440    2.384581  0.336709  1.494445       7.818616    971.634644   72.746971  6.316133  1.767313  393.518768
279 -47.146908  -8.199535    7.363647  0.332279  1.107733       9.074087    705.266663 -197.190018  8.719425  1.043457  445.752197
280 -55.572121   2.730037  349.225708  0.309563  5.197470       9.894202    971.322632 -102.609016  6.225761  1.037549  271.763672
281 -43.752605 -15.514877   21.387896  0.338568  1.215830       9.801565    651.080994  179.238449  7.710774  1.960244  333.956848
282 -42.614864  13.979294  345.074463  0.310521  3.025439       9.548614    582.709595   32.328838  6.225519  1.539506  429.003876
283 -50.396908   6.723690  345.352539  0.346790  3.611087       8.899181    824.703125   65.895882  5.842847  0.884457  301.947205
284 -51.835693  -5.674289    7.261940  0.267280  4.534174       9.853601    729.465576  -71.511398  7.817619  0.644768  251.317993
285 -48.831779 -25.801140   12.287712  0.324045  5.475893       9.453235    765.864441  -41.922878  6.199413  0.283801  339.609070
286 -47.426987   4.759462    3.228128  0.342443  4.469950       8.660938    628.054993   48.445774  6.573231  1.038733  411.617096
287 -45.686859  -5.056186  355.615417  0.321383  2.329174       9.671381    674.159119 -185.671249  7.516387  1.594952  296.690704
288 -43.687496   4.105200   15.829996  0.311960  4.531767       7.725183    638.970581  117.746948  5.752768  1.527790  308.824158
289 -35.981075 -28.830101    5.060229  0.337710  5.882246       7.307858    658.075012  -29.252827  6.103871  1.491022  253.596375
290 -59.384747  -3.290539  353.981598  0.302288  5.588804       9.563586    924.640930 -226.588425  7.156433  0.223558  395.875275
291 -47.692059  -0.752677    7.346024  0.322636  3.850980       6.204317    939.940796  158.993073  6.805194  1.593050  340.571167
292 -51.101753  11.652301  345.853973  0.315525  2.312057       7.970670    730.203186 -192.350601  8.421226  0.243590  441.042938
293 -45.647144   2.868329    6.148391  0.336548  5.118502       8.727027    713.433838   -7.409071  7.191669  1.324511  354.140717
294 -47.153404 -11.445765    4.485062  0.284878  4.422194       8.914440    699.818665  179.074905  5.756566  0.924050  316.223114
295 -42.421062 -32.589066   13.360065  0.327676  4.995200       7.870851    724.555969  -14.327741  6.258963  0.520184  392.603058
296 -53.621567  19.338919  348.320709  0.322042  1.799265       7.855680    944.177368 -195.299759  8.338907  0.388948  312.059967
297 -55.647667 -15.854318    4.220041  0.337037  3.990737       9.301975    959.193298   92.815254  7.374928  0.796957  366.963928
298 -51.855747 -14.700822    9.944924  0.271815  2.563735       8.608352    951.597473 -206.000717  6.590991  1.609805  391.943237
299 -49.977894 -18.748184    3.501503  0.333946  4.115820       6.852184    964.209961  115.172226  6.015027  0.632968  321.571411
300 -42.200512  -1.158125   10.523692  0.330860  5.305992       9.194410    483.271637 -168.850525  5.628192  1.291096  411.190735
301 -51.884132   5.715560    3.866452  0.296040  5.180118       8.175580    836.116638 -110.849762  6.503131  1.493484  449.612091
302 -44.678436  -8.900854    5.557101  0.334849  1.240975       4.187791    932.772705 -190.947388  7.721830  1.299336  405.495667
303 -53.317772 -26.402456   12.420175  0.291822  5.621535       9.042862    975.678467  201.140228  6.732251  0.600606  365.375122
304 -35.187515  -9.523285   12.766020  0.313866  4.574961       6.457347    589.169373  -43.636242  6.386831  0.984619  412.524902
305 -48.977783   3.999825  357.595245  0.272313  4.687870       8.511489    952.990417  186.152847  5.877589  1.705993  262.334045
306 -42.981991 -18.462635   10.004937  0.319712  2.041836       8.431328    619.386108 -215.196152  8.744802  0.699922  370.679810
307 -47.774906  -7.775775    6.364530  0.306885  4.852198       6.203955    897.963135 -147.423569  5.830897  0.607623  280.370667
308 -51.976864  -7.037635  357.607086  0.291366  4.216595       9.343069    921.216309 -192.619812  5.869696  1.492548  365.497986
309 -55.560768  -2.371104  347.500458  0.337169  4.451947       8.996665    933.391846 -124.820435  5.539596  0.738332  342.886444
310 -29.920689 -22.799105   21.717308  0.329467  1.900119       8.195601    502.440887 -107.221695  7.853998  0.315925  265.175446
311 -50.311256 -12.631253    3.951908  0.337157  2.023504       6.726591    855.956421   44.888100  5.479602  0.257633  263.989990
312 -56.116184  -9.716485   14.496763  0.311898  5.005968       8.583311    999.651794 -243.360870  6.216508  0.893975  374.123535
313 -44.393898 -17.883617   15.591999  0.340010  4.757536       7.354795    769.875000   57.057056  5.309399  1.621656  430.082367
314 -48.075680  11.387741    8.191530  0.330220  5.219914       6.738604    857.348145   -5.157510  8.209139  1.468029  377.986420
315 -49.418102  18.302656  357.850586  0.320157  4.175836       5.725142    986.869263  147.158508  5.670055  1.158434  424.087494
316 -47.210812   4.158206  351.782532  0.298918  2.479380       8.927659    673.878845 -125.896637  5.156439  1.468263  427.935333
317 -46.896702  15.234747  342.327850  0.282047  1.508167       9.615758    784.775024 -233.844376  6.708359  1.506262  308.289124
318 -48.465305 -13.235595   12.726912  0.231483  5.272983       8.677501    813.553589    6.562393  7.261162  1.506596  312.875946
319 -55.668591   0.715398   10.254929  0.326248  4.279532       9.185027    927.263245  -19.735203  6.285918  0.704295  349.498779
320 -54.165722   0.010787  356.871155  0.313242  2.678959       9.716877    975.986389 -221.699631  5.988580  1.068916  393.347626
321 -46.049519 -20.393995   14.355612  0.287515  2.188912       8.534994    730.511841  245.405869  5.492427  1.343841  386.250366
322 -39.882175  -0.934307  356.433990  0.338761  1.663603       7.694873    648.470581 -243.905258  9.432867  1.440047  359.388519
323 -39.611744  -6.868684  357.797546  0.289986  4.499912       9.760057    437.741394   20.005732  7.945812  1.098089  393.271301
324 -44.742611   0.262257  347.948486  0.327248  3.212677       8.905087    720.411560  214.276459  7.877358  1.467141  307.541382
325 -51.790489  -9.700627    8.808800  0.328166  5.029585       7.080250    949.847717 -174.798950  7.096567  0.498157  347.189087
326 -40.581825   2.135850    0.388357  0.344101  4.327517       4.897690    867.005615  -24.683559  5.776145  1.490141  353.222687
327 -49.318462   4.019804    1.231501  0.307400  2.138850       9.004762    873.541565 -163.440125  6.160965  1.768183  276.736145
328 -37.157261  -2.699980    9.548153  0.315908  4.178719       8.669227    504.747742  -86.972687  7.336110  0.662367  300.834808
329 -51.493626  -0.354289  352.173981  0.303909  4.897024       9.197577    906.489441 -200.454010  7.163052  1.038934  287.123779
330 -43.342594   2.844664  352.472626  0.314913  5.526518       9.637899    499.959625  -45.295254  5.711776  0.770100  401.299957
331 -47.210606  -6.763432    8.772054  0.287934  3.888262       9.106284    674.563782   -0.808091  7.314146  0.470761  297.443695
332 -51.066772  -8.325785    4.676891  0.312274  3.534782       8.360003    789.207825 -223.322205  7.686475  0.536979  321.106445
333 -47.439800   1.368441  352.373108  0.345742  4.171112       7.187796    761.552124 -215.294830  7.112869  0.605503  449.831635
334 -52.783501   3.083090  357.460907  0.284427  3.724564       9.440910    840.432922 -172.800369  5.317864  1.356060  352.634094
335 -48.405239 -17.153353  358.277832  0.327384  5.384702       8.897392    784.568359 -221.519180  7.463124  1.538253  310.531097
336 -43.629578  -1.028813  353.869965  0.335935  1.648921       7.431370    676.505371 -199.766312  7.681526  1.934913  409.898560
337 -52.998707 -13.268868    8.318900  0.275281  3.070076       9.556871    866.921021 -120.307541  6.006042  1.696984  449.959747
338 -46.522270  -7.238176  356.579529  0.301989  5.070929       7.772039    762.429565   30.297884  7.006240  1.176225  278.879852
339 -34.664062 -31.924335   21.364698  0.344809  4.629038       7.407452    652.378174  101.014030  7.450332  0.350089  335.883179
340 -46.429626  -5.486864    6.195953  0.330056  3.552777       9.150961    596.902893   16.311939  7.888901  0.289533  341.620758
341 -52.696735  -5.411960  356.014679  0.329799  4.955243       9.832856    710.813904   24.148672  6.800446  0.716425  378.915985
342 -46.006950 -25.788857   18.704004  0.313386  2.763669       7.523416    978.248535 -179.341232  7.422935  1.245754  324.841888
343 -39.100422  -9.531609    2.489388  0.341698  4.022724       5.158998    674.737183 -227.311172  5.104862  0.561050  446.716705
344 -48.581699 -20.540266    8.272239  0.332373  5.756127       8.638487    845.618103 -129.746689  5.845273  0.800455  345.600769
345 -52.476910 -13.965925  359.549438  0.302312  4.682789       9.408438    952.895447 -180.539703  5.564068  1.502902  320.937195
346 -43.289257   0.574423    1.411285  0.339533  4.528378       4.649665    996.956604 -182.440292  5.906658  0.914850  257.928009
347 -48.877567 -19.401976    2.733704  0.323308  3.900493       7.186413    880.401428  -59.768150  6.928806  1.036983  378.680267
348 -43.539230  -5.909182    9.542399  0.309178  3.049418       7.303208    740.378540  155.922134  7.352685  1.487783  352.425751
349 -46.995895  -8.466594   23.122093  0.349530  3.057130       7.341957    850.923767 -135.226074  6.153851  1.443348  349.106232
350 -49.052753 -14.450150   10.176608  0.324060  2.988070       9.572004    902.481812 -234.651917  6.864956  1.928095  373.837616
351 -44.623264  10.930503  336.907166  0.345727  3.077292       6.832573    741.134155  -25.693634  6.228959  0.812155  285.116577
352 -46.682003  -4.896749   11.546157  0.333393  4.368973       7.700866    706.070679 -186.188828  7.537798  0.835738  339.644073
353 -53.462708 -18.393162   20.452667  0.348112  3.752291       7.771809    966.156982 -178.042664  5.938493  0.483620  395.593567
354 -44.601112   5.542227  355.695282  0.310674  1.518856       6.475913    705.616699 -174.328613  7.912790  1.508059  449.626556
355 -50.383289  -0.326348  358.390472  0.307487  3.771442       8.330603    801.504639  -34.558105  6.403959  1.376525  438.479462
356 -48.311302 -28.510378   16.581015  0.313140  4.920159       7.361777    843.466675  -39.276218  6.456070  0.292964  394.050568
357 -52.466831  -0.135365  358.190582  0.311626  3.689753       6.810422    972.741516 -109.739258  6.064944  1.099253  368.711884
358 -48.557575   5.509953  350.484619  0.337637  3.435910       9.885207    632.081909  -13.819270  6.802545  0.381890  370.950409
359 -47.980797 -28.532171   13.772521  0.336355  5.678189       8.097471    778.172180  -84.801071  5.846251  0.467779  426.201019
360 -47.265209  -6.458272    2.173690  0.285327  4.526031       9.001751    891.530579  -53.903740  6.590340  1.566590  290.350830
361 -50.309933 -30.009333   15.695893  0.346052  2.449924       9.033813    994.769531 -221.456573  7.811554  0.697523  299.760315
362 -47.581001  -7.674973  351.942322  0.349411  3.854595       9.930259    759.322632 -106.910690  6.978829  1.186695  286.535004
363 -46.817768 -13.793943   11.060304  0.305043  5.099584       7.564888    765.677917  135.561295  7.650168  1.444799  426.291107
364 -52.849113  -6.823347   11.687562  0.297307  5.511226       9.637348    813.264404 -177.474777  7.498789  1.325746  398.418701
365 -33.055500 -20.316944    1.690647  0.301657  4.858914       8.401055    475.292786  -59.278332  5.403842  1.567023  290.556458
366 -42.114609 -16.650682    2.294920  0.327377  4.272815       8.409754    914.486023 -129.817627  6.473235  1.842012  256.545685
367 -50.347382 -14.383708   20.420574  0.347722  4.395431       8.024168    780.577087  143.740494  5.428338  0.867599  398.571777
368 -55.061901  -1.228366    1.688128  0.252568  4.017374       9.009074    975.967712 -116.577293  5.468870  0.894857  285.446869
369 -48.602180   3.696976    0.931181  0.268263  5.259460       7.743969    830.891357   32.779190  6.687179  1.251272  281.903381
370 -47.752758   3.988711    4.764906  0.335218  3.019977       5.510100    924.189819 -155.377518  6.077181  1.116563  351.994476
371 -52.682682   8.276268  354.999542  0.335802  5.711080       8.580997    969.224304  -66.777229  5.514963  1.244183  333.745453
372 -48.313122 -22.676853   12.491349  0.340911  2.727921       8.977604    866.094849  -64.646416  6.276218  1.587484  362.845886
373 -44.403843 -31.644051    7.603823  0.346927  4.365519       8.668086    782.982056  -38.448246  5.922554  0.972035  282.767761
374 -43.347786  -1.447640    5.078987  0.324199  2.652408       9.257765    598.990173 -149.579712  7.390598  1.933647  352.699127
375 -46.210636  -4.793218  354.495453  0.349330  5.860506       7.864200    657.007202  184.566254  5.844890  0.971934  419.989441
376 -50.171135  -8.954701    8.266393  0.290212  2.139018       9.451162    761.037964 -210.558258  7.385347  1.003430  380.743073
377 -53.169521  -8.928400    0.555686  0.316268  3.046218       9.663927    863.388977   50.136597  5.226352  0.797906  328.927704
378 -50.242466   2.420201    0.940385  0.338231  2.358477       8.936320    914.894043  229.397827  6.078557  1.492524  345.100525
379 -39.780525  -5.657706    6.102064  0.331764  4.988879       9.616907    489.118927   -6.741862  6.240800  1.397673  436.459991
380 -52.669228   5.261524    8.068357  0.337524  5.341096       8.479376    797.099121   39.077400  6.289517  1.521569  446.928650
381 -40.831348 -10.738770   13.720798  0.270988  3.956609       6.530783    756.371521  153.942078  6.307240  1.742702  317.629730
382 -50.119167 -18.470261   15.076977  0.328977  3.034330       9.232728    936.142090 -107.998085  6.397462  1.192402  260.993286
383 -50.019604  -6.415561    1.231774  0.345888  4.745955       9.068051    904.878296 -134.242889  5.767450  1.302999  272.544037
384 -42.875713  33.032211  344.708588  0.336125  5.992742       9.259320    801.099243  158.844925  6.553190  1.200922  310.197449
385 -51.907684  23.343210  357.607025  0.333718  5.784633       8.756610    874.655823  -10.630919  7.083447  0.969405  353.048126
386 -50.896397 -22.681385    8.940804  0.329203  3.443027       9.379949    841.154236 -181.878159  6.193422  0.742566  275.913147
387 -43.205189   9.619809  348.466064  0.336939  4.764383       8.456303    817.172363   84.840141  5.419277  1.832882  323.357391
388 -41.004467 -25.161482   12.127453  0.327614  4.923294       9.167500    617.015625  145.878571  6.933959  1.020661  302.810120
389 -51.344730  -2.726356   10.282037  0.348408  5.311042       7.105216    892.148438 -183.371979  7.612067  0.719857  424.859924
390 -46.475266 -23.266785   19.939825  0.332368  3.825605       7.073335    936.479492   67.915237  5.811606  1.751243  419.019592
391 -47.725876  12.934295  343.601837  0.311282  2.543326       9.494481    654.895569 -234.280289  6.517318  0.738514  330.350067
392 -48.607258  20.819666  340.636292  0.311602  1.911839       8.377770    856.189697 -152.838486  7.115425  0.842262  348.406464
393 -44.773033 -11.155037    6.280120  0.328013  1.882555       5.941898    938.892212 -239.447739  7.605159  1.966216  383.514099
394 -57.184784   9.356774  345.975952  0.320217  4.279665       9.458213    912.744568 -219.976501  7.199375  0.295989  377.068939
395 -43.064930  -7.592409    8.421722  0.344547  2.529521       7.828888    722.220459   18.171593  6.501323  0.974000  377.139160
396 -48.998283  -4.883310  352.712311  0.319186  4.968282       4.457532    901.646912 -128.313431  5.794724  0.869173  420.676086
397 -52.326107  -4.927544  351.608521  0.335035  4.552798       7.409676    944.299744  -67.839874  7.243982  0.978227  395.025513
398 -46.368660  -1.291587  356.648041  0.333409  4.347841       8.423532    734.235352 -174.674362  7.236837  1.207629  377.575684
399 -53.652164   7.425878  349.050323  0.321835  2.957134       9.296906    927.086304   75.495865  8.015800  0.486989  255.528168
400 -43.656349   7.943763  346.346893  0.325939  3.323778       6.059812    822.843506 -240.573166  5.390044  0.769047  274.631989
401 -51.736816 -15.512793    8.385728  0.249511  5.147569       8.792073    951.407471  -85.539879  6.090929  1.649225  351.856079
402 -47.675064 -28.934578   18.377205  0.348109  3.851295       9.029859    998.013977  -51.883507  6.679228  1.654344  358.979584
403 -50.571457  -6.024529   12.357432  0.334280  3.907929       8.902519    925.834106 -213.839310  6.887635  1.265129  271.335236
404 -46.874912   9.875304  348.423981  0.327477  3.292826       9.272104    788.383606   40.326969  6.749283  1.588114  266.002716
405 -51.669659  -3.543988  358.034973  0.314777  3.512194       8.094421    912.720642 -248.293335  7.478351  0.697522  319.892670
406 -43.582214  -8.330260    5.208576  0.345711  3.335826       6.619859    742.837524 -128.326370  8.236851  0.701344  320.726837
407 -44.904217 -20.775839   20.572857  0.282402  5.294786       7.072519    840.415344  183.957947  6.807375  1.223842  362.712189
408 -55.232578  -5.508329  351.313507  0.332240  4.412333       7.776549    919.324951 -122.862686  6.282222  0.568007  306.584229
409 -48.615429  -4.532442  359.513336  0.277900  4.481150       7.861773    875.246033 -172.178604  6.313004  1.233009  253.189743
410 -49.169025  -1.418677   12.195527  0.311170  5.434197       7.674757    794.025879   13.408139  5.989542  1.022588  326.597839
411 -40.111279  -0.476591  352.514252  0.344497  4.038058       8.430359    549.640686 -153.909683  6.365467  0.417509  420.948120
412 -43.987854  -1.599911  351.627899  0.269288  5.207077       8.952570    530.072021 -222.524323  5.611401  1.296262  387.731110
413 -35.333458 -31.702112   16.260250  0.326539  5.095199       9.615767    571.770325  -27.425032  6.945258  1.092696  289.588440
414 -45.338150  -0.741255   14.429522  0.349126  3.519894       9.829147    645.393311 -176.013062  6.870841  1.010112  317.711792
415 -51.314754  13.772906  348.238098  0.289219  4.791154       9.840289    886.805237 -224.143585  5.828255  0.828912  277.874329
416 -50.911983   7.884487    1.317332  0.292525  3.719556       8.546143    950.004761  178.931976  6.015316  1.744160  331.697266
417 -41.356773 -10.622403   24.769588  0.345283  2.455752       7.613357    751.423157   33.120239  7.542187  1.989107  265.329071
418 -44.005100   3.251125    9.106379  0.322210  3.939702       3.410175    884.564331  -48.375954  7.340193  0.729746  321.789673
419 -41.006126  -1.057011  351.084259  0.333201  3.876501       6.024136    823.787598 -168.128616  7.610353  1.540154  328.033600
420 -41.390106  -9.711326    7.759668  0.342407  2.985271       6.674897    697.323181  -28.452244  5.569310  0.873859  324.862122
421 -49.654362  -1.575786  356.903961  0.317146  3.391513       7.847253    862.288086   76.889641  5.507619  0.579070  267.545837
422 -52.384617   6.208795  347.874817  0.326547  3.143516       8.698487    860.731873  -29.663485  6.927304  0.881536  306.961426
423 -41.814251  24.704035  337.270294  0.310291  4.356562       6.250496    833.041992 -130.748886  5.363667  0.677561  272.389496
424 -52.704609   4.986988  358.400848  0.244677  2.694080       9.423404    778.859253  -31.054735  5.220870  1.542765  432.348145
425 -48.560989   2.616727    8.182050  0.329019  3.613462       9.305356    855.818420   67.459145  6.096799  1.815990  257.550934
426 -46.186344 -20.928934   12.346133  0.336198  2.563263       9.257968    698.993896 -244.772217  7.040325  1.255956  354.658508
427 -38.998573  29.052301  320.300781  0.329536  3.658643       8.879075    705.906189 -130.798935  5.766439  1.897389  362.786041
428 -46.701385  -8.969463    7.396929  0.312372  3.239909       7.656584    950.395264 -162.448318  8.385641  1.900486  342.171844
429 -47.210239  13.693450  354.936737  0.336239  5.726014       6.605311    799.293396  188.158936  7.216536  0.637918  408.922577
430 -52.822685  -4.271797    5.953967  0.331868  3.482749       9.272562    981.860657  108.223518  8.146066  1.407016  399.641449
431 -47.843464  -3.064404  355.793121  0.271761  3.691605       7.873490    708.114197 -243.839325  6.110488  1.433833  428.369385
432 -52.685837   7.906933    1.123492  0.306211  4.183921       7.099848    937.744568  134.805832  7.415921  0.781161  355.570099
433 -38.993862  -6.335275    8.027319  0.308170  4.518969       3.990086    886.732727 -111.909081  7.301381  1.043637  264.395844
434 -47.259304   5.083691  359.022064  0.325667  2.711846       7.879856    950.078064  145.056503  6.359371  1.293573  290.214355
435 -50.828159  -0.362598  356.106049  0.348588  5.408286       8.816527    919.345032  116.665031  5.527709  1.850002  338.163910
436 -45.299973  -5.093246   14.534027  0.333055  3.099458       8.074188    812.241394 -203.897888  6.803350  1.569909  257.538971
437 -47.587109  16.011654  347.585602  0.344641  3.880430       7.620662    881.120422 -101.981895  6.724187  1.176835  291.660400
438 -47.152588  -9.895521   15.849845  0.299473  3.497216       9.017189    852.225525 -141.746033  7.544308  1.805810  283.156281
439 -44.739086  -3.979620   12.265818  0.273262  4.917431       8.427343    636.706543 -244.750961  6.480431  1.636679  377.063751
440 -46.580875  -6.906883   13.286969  0.306674  4.190255       9.978402    636.799805   48.865726  5.833243  1.212768  363.055756
441 -52.853668 -14.927529  358.078156  0.315867  5.755986       8.717413    832.818115 -147.992813  7.431040  1.164040  425.903381
442 -46.743382 -17.056704   14.279524  0.341139  3.553135       9.225149    844.851440   53.838020  7.370625  0.929064  271.317352
443 -49.917236  -8.528970   14.960073  0.300193  4.500700       5.829106    991.061096  -39.640713  6.292602  1.315519  405.893494
444 -41.334297 -12.484785   19.488680  0.313410  5.946460       8.375915    733.031372   69.220856  6.475222  1.040744  266.172241
445 -49.440929 -11.702991   11.257267  0.346076  3.585498       8.486517    859.104248 -131.173660  7.244982  1.272161  298.845184
446 -39.877277  -9.008874  345.985596  0.336592  4.407630       6.944946    714.616272 -109.755142  5.943223  1.674732  279.391907
447 -48.747887 -11.083559    9.596938  0.336630  2.971435       9.895863    596.232788   28.399635  6.870837  0.773417  434.510712
448 -41.309509  18.780497  355.513763  0.337001  3.362561       6.314788    929.294128 -199.657913  7.608128  1.517726  294.841949
449 -45.928848  20.316484  338.927948  0.298735  2.975997       9.491220    622.933777  141.386978  6.778979  0.444483  320.897003
450 -48.580795  -1.406775    1.961288  0.297966  2.213178       7.531255    714.635498 -188.377930  6.788315  0.711331  430.524841
451 -51.508553 -16.434565    5.141922  0.324371  5.034792       9.846918    831.407104 -109.021278  7.357213  1.233461  307.340271
452 -46.568283  10.658763  339.673401  0.343681  4.679492       7.476680    682.089294 -222.022552  5.727941  1.326946  428.386993
453 -46.343880   2.015036  352.744537  0.339587  3.262851       9.624169    766.773438  -93.636360  6.351901  1.863946  361.513977
454 -51.274269  15.595556  354.729187  0.338265  3.036688       9.485053    722.292236   32.625259  6.889039  0.563871  377.763519
455 -48.482365  16.577787    0.627022  0.341062  5.329552       8.561614    762.184631 -165.962997  7.144455  1.561876  432.134308
456 -42.737198  10.107346  359.167847  0.316560  3.575232       5.561022    788.798279 -143.935272  5.622169  1.647190  440.658752
457 -53.364750  -4.583681    7.357349  0.338172  3.061923       7.866014    997.079224  239.710892  6.573854  0.928959  370.905090
458 -48.923069 -12.164382   22.680189  0.286610  4.982086       6.613787    976.039917   12.420299  6.006536  1.417743  312.604218
459 -48.961117 -22.620390   28.653383  0.274523  4.683839       7.715156    990.416992 -111.799850  6.799636  1.392098  361.594299
460 -52.482140 -13.961389    0.153773  0.286853  4.928247       9.364192    786.299561    3.352081  7.196547  0.884091  339.081940
461 -44.565338  -6.434911    6.790123  0.338522  4.541045       5.870733    871.469116 -130.867676  6.934969  1.148764  257.450684
462 -52.855209  -2.120158    3.181188  0.322484  4.421698       9.045424    929.585144   34.156132  5.064240  0.772850  281.339142
463 -46.290565   6.222476  345.113312  0.280737  5.251261       9.383229    729.640625   73.028999  5.970720  1.570976  290.491760
464 -38.062687 -26.969227   25.467892  0.338866  5.215363       6.364843    808.989075  -68.501526  6.991502  1.917116  374.085358
465 -53.005341   2.228595    2.081622  0.287789  2.837247       9.338236    846.823914  -82.228600  6.460935  1.296803  407.634125
466 -38.494656  25.294329  357.787323  0.336785  5.748024       5.009434    850.139038   49.818241  6.945856  1.952470  367.133667
467 -52.307995   2.308869  356.594208  0.309252  2.667082       7.994809    890.048645 -202.060059  7.374876  1.548142  419.369934
468 -34.197361  -5.740591    8.600114  0.317660  4.377007       8.220860    517.078186  142.096283  6.565106  1.584619  338.801147
469 -47.192417  16.123955  354.763062  0.326030  4.866405       6.824539    868.897705    6.259220  7.519513  0.636121  256.835785
470 -54.727383  15.714068  348.703033  0.307130  5.299900       6.028776    994.101746 -137.153687  6.472153  0.231547  348.289185
471 -51.465370  24.279068  338.879120  0.301775  3.536575       9.172077    952.137756 -180.698730  5.541815  1.189539  392.393768
472 -52.658421  -2.817332    4.916670  0.307791  5.799057       9.583078    998.936829 -227.697052  5.710876  1.246657  261.050415
473 -45.345303  13.451048  355.333466  0.313797  4.095883       7.806198    744.019714  116.432861  5.840650  1.780363  429.661407
474 -45.859592 -15.462299   22.117504  0.338671  4.098051       9.713860    561.145203  199.181519  7.724823  0.677350  434.871429
475 -51.195736  -4.808590  357.419128  0.332796  5.478864       7.874721    870.780945 -107.462669  5.301112  1.136788  406.366547
476 -53.827297  -0.185268  355.902191  0.250135  3.521881       7.506484    939.400330 -197.750412  6.659286  0.588380  272.494049
477 -53.457001 -10.150950   10.316812  0.340797  5.918750       9.886086    845.864014  110.778343  6.134630  1.612696  442.651978
478 -50.927658 -14.064572  359.275360  0.265097  5.941457       9.741929    816.534973  230.339859  6.301620  1.387229  318.653442
479 -45.393055  -9.868452    0.878563  0.268637  3.229004       8.410448    666.917603 -236.079987  6.493299  1.453411  364.258606
480 -48.718868  19.523415  350.347382  0.310789  2.589249       8.306796    864.435608  -47.623329  7.277722  0.839144  362.893127
481 -53.088352   0.450822    6.099861  0.338408  5.652320       8.453547    799.450195 -166.244461  6.576022  0.746813  397.607727
482 -45.596939  16.944481  350.230286  0.332155  3.251204       8.453588    760.803833   78.535606  7.219000  0.957689  273.865173
483 -50.915310  -4.133239    2.194728  0.310945  2.570803       8.101948    854.778809 -141.277649  5.938918  1.379884  406.363434
484 -47.125225 -11.403253    2.827262  0.318057  4.576864       8.745089    881.854187   81.919472  6.993920  1.067045  272.543335
485 -40.523315  18.988995  349.941284  0.283063  4.786579       7.532767    598.635254 -141.037506  6.113036  0.362494  382.984283
486 -56.206455  10.244236  342.090576  0.313808  4.034996       7.196864    923.184753 -210.086655  6.663128  0.287021  387.236145
487 -49.439423   7.039311    4.377583  0.309452  4.538881       8.313903    836.995178  167.469894  6.022030  1.732221  409.991455
488 -49.313461  11.935466  350.935303  0.331327  2.236543       7.431051    895.364380 -128.599838  6.152506  1.053112  285.265228
489 -47.283970  -9.667112   10.082270  0.294747  3.795379       5.674568    759.598938 -146.590622  5.452061  0.337249  421.580902
490 -45.565952 -13.055099   12.927805  0.307207  2.816732       9.733634    675.671021  140.124634  8.211591  1.775663  410.379700
491 -42.139153 -20.143517   20.412683  0.331379  2.315732       9.091650    637.563843 -140.462234  7.981379  0.313767  368.696167
492 -52.168316  -5.730428   10.600933  0.331733  3.027907       9.277193    867.955994   17.084167  6.378286  1.187595  438.454498
493 -48.160294 -16.550097   18.288088  0.319031  5.450722       9.269104    713.647156 -123.652794  7.721406  0.722993  272.980530
494 -49.447117  -5.871296   10.082954  0.327903  4.312005       6.890923    959.998901  -71.306290  6.295096  1.053533  252.764633
495 -52.174782   6.390170    7.026698  0.286672  5.623920       7.470463    900.338928 -215.256088  7.187660  0.906693  288.708801
496 -52.761810   0.966136  357.136139  0.318727  4.268158       9.829182    766.773804   39.229282  6.782412  0.602393  353.733002
497 -48.408112  -8.948070  348.044525  0.308165  5.926477       9.831487    753.974548 -215.054794  7.964613  1.851363  306.677307
498 -51.529118  -7.259236  355.036713  0.341250  5.171024       9.998088    776.519226  -85.504410  5.696964  1.193027  407.931610
499 -54.403091  -0.864766  345.646698  0.340927  3.745012       9.248900    819.717957  -38.381546  7.032370  0.733366  384.579376
500 -36.333912 -11.469739    2.459754  0.291687  5.507433       9.135459    477.050842 -127.362640  6.821625  1.862352  313.443176
501 -43.963848 -25.040070   15.516845  0.312825  2.740394       8.982518    679.495117 -141.457382  8.990438  0.402039  303.049164
502 -38.713436 -22.647120   16.285658  0.336723  3.968449       5.938497    876.606628 -145.907501  8.476824  1.011759  296.977203
503 -47.804722 -19.608313   15.080228  0.338123  3.757557       3.551030    938.351562  -58.384727  7.405446  0.214940  420.048950
504 -51.675972   5.302561    1.904910  0.261182  5.206611       9.201974    988.329834 -203.153488  7.159648  1.502250  303.660492
505 -48.419861 -23.952234  359.932495  0.329802  4.452624       9.778225    711.837036   10.280030  6.209399  1.176506  351.665985
506 -35.791538  11.243442    9.030666  0.349056  5.421531       6.696493    502.694336 -219.822617  7.430180  0.646710  342.184357
507 -42.597176  -3.319716  356.121490  0.320000  3.228874       6.732625    926.523804  -29.353022  6.232766  1.680037  266.449249
508 -46.426304  10.205685  356.386719  0.289219  4.806616       7.885814    947.330261  -33.327663  6.377889  1.617325  287.236206
509 -57.899189  -1.115190  345.645477  0.347905  5.642211       9.676417    966.990112  -13.454461  5.391820  0.929780  403.371704
510 -48.382332  15.933139    6.398266  0.348146  4.525244       7.772944    829.977478 -118.231041  6.851814  1.407825  304.010010
511 -47.173801   1.412895  353.919525  0.320190  5.989348       6.875146    908.451233   37.685314  7.880092  1.805479  345.621918