           lon        lat         inc      D1AU     delta  launch radius  launch speed    t factor      B1AU     gamma         vsw
0   -49.652538 -27.316383    8.444872  0.340917  3.110790       8.904067    872.920349 -210.477890  7.825942  0.944942  437.257812
1   -44.029716  -3.779374   11.049891  0.329228  4.972062       9.252615    528.674988   -0.000343  6.460107  0.557606  309.143341
2   -46.762383  11.353348  354.474091  0.345824  5.973115       8.454520    797.917053 -109.014969  5.809841  1.394462  282.085938
3   -37.361324  -7.362422  358.058258  0.327099  3.127813       4.089276    838.400757 -127.426514  7.163941  0.874165  255.712646
4   -44.718834   8.111085  350.080841  0.343532  4.323385       4.861924    944.746338  151.553253  7.067577  1.602344  358.384491
5   -42.434650   9.317806  346.383240  0.342058  5.709804       5.185623    858.654175  -91.239273  5.591431  0.975753  281.486816
6   -39.411377 -16.248734   13.604842  0.282332  4.716149       9.792572    560.028259  135.482407  6.793416  1.470686  321.132141
7   -51.081379  14.622046    2.021293  0.338436  4.361011       8.172345    831.313171   31.828461  5.413052  0.352549  254.541916
8   -47.830578  -9.508893    2.326776  0.286849  3.568262       7.255440    787.244385  -54.233047  5.027531  0.910263  323.008636
9   -51.161736 -26.012846    8.609124  0.342930  4.805573       9.112180    863.047485  -57.127945  5.950652  0.823873  352.915771
10  -50.295361  29.434145  355.380585  0.337596  5.155442       9.104262    893.622681 -232.244064  6.130400  0.767145  288.822052
11  -50.537807  11.050938    1.792287  0.287598  4.222603       7.314401    877.561279 -112.776848  5.856374  0.721053  319.501007
12  -48.123650   3.598624    5.814785  0.290114  3.689218       9.847242    647.267334  116.561676  6.346951  1.777885  373.789520
13  -52.228107  -2.122724    1.838290  0.289171  5.363717       7.781954    818.779602  -88.468796  6.179274  0.621684  343.561920
14  -40.442055   1.708547    1.090832  0.337044  4.613585       7.410611    676.670105 -182.029083  5.863582  1.374896  283.705292
15  -46.552498 -25.749634   24.309551  0.333483  1.954314       9.734805    835.123718 -113.711403  5.852540  0.865123  263.259155
16  -48.780602   6.874241  346.296326  0.333179  5.493559       6.830483    920.604736  -32.505657  5.809419  1.290587  297.199280
17  -49.979000   2.268245  352.349670  0.330512  4.715282       9.969681    795.969055  -39.953857  5.839610  1.086293  294.599060
18  -44.489376 -19.072630   12.660686  0.348732  3.064178       8.789943    682.365112   20.564178  7.470205  1.178358  305.430206
19  -53.695179  -5.019289   12.310383  0.334876  2.815401       9.452631    956.994141  228.002151  6.623456  1.309542  296.011200
20  -47.230461 -14.418443  342.165436  0.339055  5.210586       6.394913    876.877441  -68.686539  6.475274  1.864127  273.057220
21  -47.410145 -14.715953    3.234168  0.310443  4.755039       7.644448    687.937195  -74.080238  5.466788  0.349084  373.785126
22  -53.250256  -7.420427   22.676168  0.346955  4.302249       9.485727    719.124329 -134.904251  6.160361  0.895633  396.010254
23  -44.482803 -11.625114    4.634316  0.278256  2.532502       9.690501    554.610413   47.690647  5.789827  1.543838  368.438080
24  -53.247112 -12.315230   14.324168  0.316630  4.755828       9.546822    939.100891  -35.334763  7.390266  0.757759  316.579498
25  -51.280350 -28.986441   24.162457  0.283127  3.564439       8.031949    911.404846  -30.288193  5.727751  0.285061  441.419128
26  -51.206703  14.201427  343.080078  0.348629  4.078939       7.890526    980.274902 -222.298416  6.872428  0.621736  360.973572
27  -47.780392 -22.321741   19.087446  0.294979  4.089993       8.801764    711.431885 -143.416351  5.801071  0.200973  271.317474
28  -47.607040 -34.324036   28.202909  0.330286  5.009230       6.936278    965.189941   16.296261  5.595106  0.262356  367.343231
29  -50.561867 -10.665638  356.763489  0.336019  4.421821       8.056713    948.472778 -212.386475  7.175355  1.916466  419.722473
30  -49.077469 -14.909999  355.709076  0.309560  5.425033       9.174242    734.246399   18.430532  5.770405  0.931620  326.095795
31  -45.148342 -28.615059    9.168413  0.346347  4.660929       7.920671    885.476562  -31.174873  6.158852  1.545605  344.144745
32  -42.816986 -38.707561   15.688080  0.327720  4.372914       9.746431    736.689331  -47.901951  6.367331  0.715058  415.220398
33  -52.063873 -15.600090   17.664757  0.268427  4.820223       7.538189    987.989868   65.922691  6.606497  1.601532  429.069183
34  -52.196941  -0.363068    2.304838  0.300783  5.189812       7.120556    940.159973   85.076164  6.882401  0.950995  315.022003
35  -41.780029 -23.261032   11.948513  0.342417  2.711089       8.452186    662.387817 -168.399811  6.523835  1.133268  416.975494
36  -50.411846 -15.570477    5.135454  0.332527  4.646055       7.911393    956.738037  101.750099  6.508920  1.642625  438.761169
37  -47.112480  -1.415574  356.611084  0.288437  3.239923       7.408013    650.836975 -102.017258  6.670469  0.310203  412.403076
38  -48.740650   0.395941    2.774400  0.337157  4.037359       6.875367    898.981750  -79.448311  8.665490  1.279865  387.931946
39  -48.006283 -15.568539   17.120913  0.310238  4.664937       7.476243    982.110779 -172.244827  5.449126  1.125848  335.193207
40  -49.702076  -8.321325  349.897064  0.302534  4.748201       6.500766    941.076355 -231.202911  6.770692  1.261517  326.368744
41  -46.517414  -1.966555    9.784652  0.323877  4.853603       9.657273    688.195618 -144.180038  7.206506  0.728065  257.871185
42  -38.441753 -16.303261   10.808082  0.303870  2.243649       4.699726    839.145508 -106.534431  6.066706  1.566525  379.349335
43  -53.895664   0.571761  352.440857  0.296579  3.988664       8.297390    925.492920   16.572678  5.335750  1.039188  328.604736
44  -42.912491  17.713034  336.868439  0.291977  3.301847       7.782306    616.876221 -194.964203  6.116453  0.292363  417.610443
45  -40.699448 -11.818517    7.895135  0.335922  5.918793       8.000589    606.057739 -159.200882  7.173820  0.360095  295.530426
46  -52.412186  -2.087407  355.077667  0.345094  3.620168       9.385756    771.322144 -235.081055  7.611460  1.314677  402.446777
47  -50.984230  -6.420045    9.343719  0.282325  4.346122       9.052485    825.592407 -168.484406  6.140148  1.654693  370.076721
48  -48.677345  19.098028  346.819763  0.349950  2.024908       9.263995    971.219666   88.059967  5.532615  1.802893  276.882782
49  -37.077614   4.213346    0.962051  0.333646  5.695849       8.592857    519.872864 -110.419060  5.404625  1.436783  362.009552
50  -56.369377  -1.284838    6.657287  0.334857  5.952841       6.855600    980.883789  149.012100  5.573031  0.304678  366.039398
51  -48.517937  18.518190  356.593170  0.343505  2.767172       9.606653    846.365417   87.643616  5.898519  1.379342  272.197266
52  -50.128445  -6.039608   15.281522  0.323470  3.135385       8.139616    915.861267  -26.370165  6.941061  1.089207  252.591461
53  -48.165558 -23.288105   15.618441  0.311942  5.320062       9.638656    971.094482 -134.359909  7.530977  1.898932  357.994324
54  -37.927170 -16.004614   10.221884  0.327657  3.368820       6.951910    651.382751  -56.689053  7.711689  1.151882  282.813019
55  -53.814087  -2.232338  359.158905  0.304789  3.606080       7.550753    822.610535 -223.058136  5.289817  0.205974  328.007782
56  -50.717251  -7.776759    4.283891  0.339885  1.412709       7.827143    961.824585 -138.822083  6.899315  1.837277  431.837402
57  -49.541103 -17.620455    8.219179  0.305828  5.717118       9.296302    976.119324 -188.425873  6.823481  1.828341  360.053741
58  -47.175194   7.487833  354.090515  0.332720  3.643549       7.273726    873.669556 -176.259338  6.296843  1.310281  430.359222
59  -50.554466  -2.015488  355.129730  0.348755  1.974923       9.384661    684.009583 -193.488480  6.330780  0.327589  387.267700
60  -49.844887  18.916111    1.089851  0.332189  5.306358       9.920243    970.198608  -30.799078  6.964909  1.972836  262.932678
61  -47.579319  11.254908  348.702179  0.338812  5.321933       4.479645    955.818909 -169.813858  7.697222  0.826807  430.247742
62  -47.905766 -13.426991   16.690460  0.347668  3.606010       7.284890    758.816223   43.726078  5.827550  0.905292  414.483368
63  -41.122341   5.896133   20.785902  0.319986  4.624534       6.451267    684.227722  -21.434206  5.479380  1.976221  294.612305
64  -46.225262   5.951628  357.131073  0.306461  5.049436       7.279287    831.140930  124.467468  5.642860  0.812021  297.177734
65  -51.156162  -8.371019    8.688365  0.331436  5.481804       7.240583    834.279053 -224.685074  7.109737  0.282577  339.517975
66  -49.375141   1.814772    4.875377  0.337976  3.791625       7.014027    764.896606 -206.093536  6.233358  0.292326  418.904846
67  -47.434280  14.575032    8.110023  0.311618  5.726439       8.995540    796.095459 -103.228783  6.867490  1.733339  286.513763
68  -49.401642   4.737386  354.885132  0.326405  3.563417       8.631839    945.440674 -120.821869  7.325361  1.284632  329.724518
69  -45.827896 -26.652929   22.741650  0.267076  2.097779       7.110312    998.663330  172.953583  5.480196  0.956085  285.922974
70  -52.509239  -7.076492   18.488766  0.329311  4.645449       5.767136    936.179382   30.762726  7.549341  0.820099  414.519409
71  -45.579952  11.707874  353.930267  0.347680  4.998847       4.998379    975.716248 -176.335495  7.873203  1.005644  298.190247
72  -42.497707 -18.260860    5.042776  0.319736  5.980057       5.128910    920.210999   76.935570  8.973911  0.947271  273.658966
73  -47.276463 -17.431591    5.952597  0.256937  4.903613       8.908686    680.915894    8.141189  7.204007  0.537630  262.204163
74  -46.545792 -21.361113    2.844332  0.348339  5.326885       7.228647    839.176819 -185.297943  7.528044  0.531619  303.803223
75  -48.860443  12.762640  359.215637  0.331791  3.167061       8.640749    959.102417 -222.254059  6.231888  1.907775  391.525208
76  -54.523849  -2.508680    5.852121  0.293999  3.501119       9.056828    925.086182 -174.992966  5.901853  1.004812  413.218933
77  -41.258995 -18.072050    7.469743  0.301811  3.378524       6.942116    752.552795  -88.821938  6.295288  1.812473  385.636139
78  -43.943512 -20.391354   15.544230  0.300690  5.514963       6.551483    921.228455  -58.461445  7.184466  1.204151  359.941071
79  -52.772659  10.398194  359.833221  0.327203  3.942260       8.730266    982.790894 -138.429779  6.979007  0.685883  301.050842
80  -48.338943   1.099896  358.386322  0.317116  5.158844       7.799056    734.517822 -227.406799  6.682914  1.159370  433.875031
81  -39.585590 -36.778778   17.522589  0.327388  5.448757       7.318997    880.862366 -124.633049  7.092343  0.878863  253.393677
82  -49.395905   4.639553    3.130903  0.322970  3.545463       9.734051    623.099487 -234.325439  5.566248  0.328393  265.284424
83  -43.288181  -4.298110    6.869712  0.323625  5.141577       8.490542    702.359924 -108.813530  5.645395  1.617844  260.335632
84  -54.836689  -6.895652  349.862701  0.324053  5.955637       9.611067    833.925659  -81.356140  5.949525  1.313791  419.564362
85  -55.154930  18.181299    1.906590  0.337335  5.158555       8.608504    998.783691 -244.499832  5.286512  0.475666  283.279694
86  -50.303349 -19.045244    4.530351  0.311173  4.929663       9.373922    818.521057   99.472267  5.554584  1.171621  437.973236
87  -42.194145  12.580332  353.519897  0.317816  4.108435       8.327297    742.166260  166.398453  5.985272  1.546630  289.909454
88  -45.684631  12.706963  345.609833  0.348605  1.463174       7.129129    808.607300 -204.500015  6.797357  1.886278  387.268219
89  -42.946823 -19.728720   25.414989  0.332393  3.483285       7.827736    728.446228  -92.984093  5.048167  0.708084  312.859619
90  -51.314243  -7.172083    5.837212  0.287102  2.024013       7.908896    895.506714  -16.917738  7.294688  1.125801  330.953003
91  -50.739769   1.401424   11.432939  0.319244  4.218853       9.399224    902.500427 -107.216232  6.953373  1.880589  292.044312
92  -46.824715  -5.447025    0.447639  0.267230  5.438297       6.570938    825.526123 -110.438858  6.094692  1.588428  397.768799
93  -51.492260  24.144352    2.730887  0.338501  5.747771       8.608205    807.138245 -151.620758  6.106327  0.681772  310.353760
94  -28.966015  -6.621969    4.836338  0.294885  3.375343       4.750543    554.633362  -33.196445  6.221943  0.233035  328.238983
95  -51.924248   9.376332  359.204742  0.343966  4.806693       7.407597    861.331055  -93.998161  6.067476  0.867984  441.832428
96  -42.976448  32.195198  342.775848  0.343041  2.871246       9.092787    855.321960 -172.647827  7.948603  1.299046  307.887573
97  -52.355053  -3.811014    4.185142  0.224955  1.308574       9.320591    877.602722 -247.484604  5.586835  1.231992  303.064545
98  -48.538418  13.724122  357.915070  0.320414  3.746531       9.285023    738.406677   91.417740  8.015230  0.963530  273.787842
99  -48.545017  13.059351  345.436218  0.344418  1.358866       7.110243    943.620728 -188.055939  8.116951  1.010663  383.382294
100 -46.041729  -7.065406  352.434601  0.293569  5.008187       7.506306    735.961182    5.776276  6.888537  1.968697  418.630310
101 -44.650894  -7.987872    6.421420  0.300029  4.955037       7.151127    935.143616 -189.803192  6.029715  1.888006  254.227844
102 -51.651714  18.830048  354.510437  0.305862  4.332162       8.762219    872.743652  -85.667191  5.824884  0.969324  347.844543
103 -48.248409   7.187367  347.879730  0.328547  5.661483       7.967474    806.727173   20.022573  5.000368  1.209414  314.369568
104 -43.936699  17.825781  350.404541  0.334669  5.085428       6.920481    693.460327 -196.430130  5.793077  0.714734  386.257233
105 -39.276333  -2.992426    1.215172  0.281969  3.740661       7.470167    570.510498 -108.150009  7.515017  1.768051  352.500916
106 -52.784206   0.288307  351.955750  0.343234  2.693473       8.686902    880.535095 -244.572556  6.005163  1.169046  378.854370
107 -46.541954  20.743874  340.389648  0.319166  2.111392       8.428564    891.849182 -158.482773  6.349569  1.553631  402.528381
108 -37.525917  -7.227867    6.135146  0.295804  1.413987       8.418306    512.360413 -205.089310  7.434655  1.628240  358.494873
109 -44.470516   5.323939  353.879822  0.286368  5.806416       5.282128    985.017883  -73.868919  5.613284  1.187093  271.404327
110 -45.043762 -33.275593   15.855766  0.342472  4.960865       6.379103    990.365967  -44.686436  7.589300  0.644255  253.189682
111 -43.084862 -24.123260   16.448524  0.320140  3.747735       9.181356    686.799561 -198.427475  7.747760  1.174935  424.753296
112 -54.146420  15.699462  358.709045  0.314503  5.131704       9.638927    961.695557 -195.976913  7.621075  0.693608  304.534058
113 -46.527760 -16.198210   16.725861  0.320859  1.332332       6.336915    970.443115  200.930252  7.783839  1.439828  388.495300
114 -46.394489  11.903403  345.365234  0.345986  4.123064       8.312767    859.929749 -223.669922  5.647696  1.135965  283.688263
115 -55.089066  -8.806243  346.236389  0.324654  5.292654       9.493111    917.479797  -72.160568  5.249019  1.576730  348.226501
116 -48.822857 -10.601707    5.852266  0.302632  2.216388       8.444331    758.251770  -71.634270  6.415873  1.047433  339.660004
117 -50.742508 -23.134727   25.105059  0.297714  4.326638       9.126297    986.452942  -98.548050  6.885526  1.725922  411.474609
118 -43.587830 -31.294228   14.175917  0.322501  4.718604       9.445997    734.686035 -125.676720  6.661679  0.862118  287.098877
119 -34.999237  -7.541932   17.159945  0.315488  4.582072       7.839746    672.142395   73.774673  6.646680  1.815875  267.486664
120 -49.592472 -14.692116    1.235566  0.347419  2.536968       6.728612    927.127869 -150.198166  7.109293  1.204051  405.883759
121 -41.055458  31.261189  354.850250  0.322877  5.206590       9.075898    625.580383 -246.158768  6.315878  1.607866  333.507141
122 -44.123821  23.870018  348.571228  0.325097  2.863831       9.706031    617.572205  100.604584  7.492531  0.329985  286.393066
123 -37.237518 -26.246613   19.975500  0.329338  3.423961       8.510660    653.944458 -242.811768  7.503364  1.533555  305.734894
124 -41.502106  -2.201297  355.994781  0.305364  4.487328       8.504932    588.848877 -134.293976  7.484710  1.122219  258.412262
125 -49.503204 -18.505116    7.717313  0.328913  2.760088       9.321451    990.621338 -209.993347  5.978408  1.653628  302.285248
126 -48.573715  16.512228  346.188263  0.318140  3.980458       9.492694    747.497559  175.175461  6.529767  1.165780  391.638184
127 -47.253735  -3.886023    6.172626  0.349160  3.162560       7.628006    829.025085  -91.244514  6.184798  0.930721  312.129089
128 -53.004337  10.857347  349.771881  0.261602  5.735446       7.902240    971.583191 -163.690399  5.402143  0.858923  303.681976
129 -46.004295  13.737420  348.668304  0.306266  2.680559       6.092802    751.114380 -158.839096  5.421426  0.687630  427.845398
130 -49.510189 -14.265094  358.712952  0.309633  5.903832       8.943189    808.610168   25.326277  7.039034  1.984679  342.352905
131 -44.764355   1.363062    5.165636  0.331312  4.025773       6.385784    726.246399  -78.250435  7.199270  0.691543  388.215210
132 -46.551720 -11.703021  354.756592  0.313830  4.201182       7.434497    844.770874 -198.181946  6.677075  1.505021  323.996552
133 -50.062954   3.209034  341.863129  0.320287  4.644973       8.591496    945.179016  -94.377586  5.606622  1.998473  307.535034
134 -52.663013 -14.559430    3.936048  0.266605  3.728918       9.872154    942.962219   42.743397  8.327617  1.573051  332.344421
135 -55.141716  16.814495  355.065399  0.235301  4.071932       9.768126    961.961975 -218.969772  7.358645  1.360030  413.484680
136 -47.380051  -0.185009  352.828430  0.313467  3.475805       8.157230    907.582275 -111.057312  6.775438  1.418348  253.132111
137 -46.388645  22.308844  326.791260  0.294700  5.131636       8.683006    859.555969  -21.614513  5.603433  1.930864  348.232544
138 -42.168339   3.551774    1.691117  0.323958  3.232394       4.018395    817.984558 -228.011124  6.302470  0.520882  299.205963
139 -53.476433  10.064571    4.008686  0.319830  4.659903       9.611896    790.393188   10.115757  8.551459  1.081764  417.720734
140 -38.649563  17.123905  347.003906  0.333031  4.961804       9.285867    695.892151 -218.231537  7.418769  1.600490  255.832840
141 -44.369846   3.199415   14.893494  0.345885  4.258935       7.540324    607.208618  131.629364  6.441302  1.370551  420.485809
142 -45.768867 -18.285055    8.697299  0.347504  4.679643       5.541900    950.920959 -231.808380  8.131123  0.902771  291.563904
143 -51.642002 -17.920130   12.894772  0.243974  4.927362       8.642893    958.854980   61.276428  6.055153  0.821315  281.205505
144 -48.388279 -16.957838    8.460274  0.322692  4.272056       9.949606    922.179810  -52.748528  8.404506  1.944894  388.509460
145 -50.734966   9.624952  354.582275  0.284267  4.196772       6.798535    890.018372 -136.532303  7.069671  0.769036  364.803864
146 -45.155605 -10.178647    3.817763  0.264822  3.403353       8.179296    754.863708    8.820001  5.719068  1.328449  290.049530
147 -50.250957  -8.232679  357.679413  0.322947  4.187599       8.554403    838.513672 -210.507980  7.857468  0.627944  299.589111
148 -41.721031   2.731308  355.662781  0.343825  2.602625       7.993280    782.055298  206.456085  6.247111  1.780107  345.979584
149 -48.111450   6.158877  357.814789  0.316226  4.305741       9.185746    771.969360  -26.926733  7.441679  1.063514  355.086365
150 -51.831154  -2.670855  355.711182  0.320955  4.090984       8.966400    809.714478   -2.693340  5.805670  1.093951  359.261261
151 -50.745544  -1.494653  350.603821  0.305909  5.658591       8.915944    909.831787  -87.616150  5.415857  1.917255  311.092590
152 -47.208302   5.398208  347.490265  0.343339  3.909379       7.056298    861.279236 -111.761230  5.770390  1.348264  333.948975
153 -44.787632   0.871705    9.401799  0.294536  4.903279       8.402460    807.351379   24.904528  5.270385  1.485169  260.231873
154 -37.097908 -13.199985   11.145003  0.314943  4.232501       6.593212    714.557190 -197.162460  6.142263  1.649021  267.665558
155 -44.800854 -10.057657    0.834623  0.296601  3.604397       5.929125    698.479980  105.224457  7.038721  0.230569  297.102783
156 -44.877625 -13.298564    3.809643  0.295860  4.620121       7.140899    741.023560   -5.814849  6.804489  0.985535  389.288116
157 -51.074791   9.414372  348.601044  0.273911  2.094280       7.248096    867.261658 -171.638275  7.292557  0.897561  400.084442
158 -51.909977 -11.895495    4.009425  0.348131  2.727245       7.372842    934.801880 -240.368591  8.266849  0.609452  263.794373
159 -45.841312 -12.787993  345.609772  0.340362  5.546362       9.005717    502.674500   29.306805  7.518474  1.084130  412.910461
160 -53.698147  12.340528    1.537201  0.347252  5.353242       8.818460    921.111633 -102.975288  5.532948  1.637363  404.420563
161 -51.835262  -3.103478  356.955841  0.317248  3.692176       8.187415    758.978210  -25.295006  5.835921  0.259269  418.542236
162 -49.162735 -14.718211   21.410292  0.321100  5.129469       9.038571    721.957947  -12.546553  6.448645  0.967509  387.023529
163 -41.395187 -24.573259   39.400581  0.294369  3.611838       8.202846    764.873657  232.540543  5.623842  1.437303  309.544556
164 -48.785942 -27.842754   10.050042  0.328911  5.697216       9.352441    777.486816  -59.148567  6.225665  0.989225  399.595398
165 -53.524147   5.529830  358.009979  0.274164  1.774750       9.922938    911.236938 -150.813751  7.089265  1.991017  444.211487
166 -44.303120  -2.410590  345.079529  0.331549  4.369805       8.366364    715.138123 -179.433350  7.001150  1.434321  299.575836
167 -54.339058   2.795987   12.220045  0.340847  3.516793       8.931664    897.053345   30.093142  7.481806  0.689594  284.003387
168 -41.859749 -13.067419   16.501474  0.312808  2.652303       8.331029    820.139526 -169.961990  6.409176  1.647696  284.868866
169 -48.659710   6.054665  353.328522  0.328535  2.554376       7.330316    949.009766 -151.588531  5.168809  1.652600  412.161652
170 -47.466213 -17.965620  359.775177  0.337477  4.193842       8.755436    863.164368 -137.650772  6.206352  1.215486  278.768433
171 -41.877541  -2.152594    9.155938  0.293164  5.888672       7.986087    687.687317  -57.796871  7.202232  1.736496  343.187042
172 -49.225895 -20.522356   17.570301  0.333508  2.235500       9.712294    871.009705 -111.605865  5.840340  1.295827  361.286438
173 -51.032402  -4.086720  357.514008  0.324352  5.302242       9.616544    979.908508  143.269821  7.071969  1.552303  336.420746
174 -40.832306 -21.207695   23.040758  0.343229  4.027013       6.627235    712.571472 -171.843536  5.471492  0.603330  386.944336
175 -53.740379  16.185883    8.866349  0.313551  5.317268       9.406521    900.993835   -1.603356  5.812664  1.123314  316.171539
176 -42.839870 -26.311138    9.115957  0.286888  5.904058       9.862843    609.927490  162.714890  6.169054  0.841134  292.753540
177 -48.504398  10.823779  352.318329  0.317313  4.043245       8.556245    662.188904   -9.979509  5.194278  0.321261  364.570007
178 -54.239937   5.280237    3.747656  0.321019  3.583996       8.889681    965.272217 -224.785004  7.043814  1.151323  410.898102
179 -49.059319  -2.287172    0.476033  0.325660  2.129099       9.689692    769.026245  -12.677079  6.057180  1.742054  430.297211
180 -53.070126 -13.422286   20.085827  0.336694  4.426342       8.752686    887.108337 -212.183823  6.428601  1.083607  440.059631
181 -50.110409  16.454592  348.112152  0.327129  4.656840       5.590096    984.309570  -42.870316  6.781607  0.796790  386.381714
182 -48.237545   1.578307  355.216187  0.307190  1.306775       9.690409    762.766663   51.712345  6.671067  1.354882  317.000977
183 -53.546825  -6.767946  348.994171  0.345139  5.267338       6.937709    950.534851  105.245644  6.417438  0.929763  382.831879
184 -49.246651   7.988729  343.203156  0.317650  3.748407       5.659876    982.674988 -227.469421  6.679312  1.377392  439.662445
185 -42.574028  -2.070574    2.345249  0.339382  5.449559       3.508891    967.492981 -211.575134  6.879174  1.294997  410.613373
186 -47.675434 -16.300734   22.177362  0.328855  3.951682       8.638730    763.846558 -137.681519  5.524928  0.549323  360.447144
187 -52.056686  15.427959    4.816963  0.340990  4.655017       8.891132    976.898010    6.734658  6.730388  1.978800  412.393433
188 -51.450474  -3.138600  355.659332  0.347359  2.623404       8.667242    865.747498 -215.851044  6.851512  0.935996  250.875198
189 -47.013466 -13.560220  357.947449  0.347083  3.348453       9.422523    722.020325 -136.974655  7.016445  1.780549  381.766876
190 -47.388062 -12.145801   12.990565  0.279190  4.501460       6.504405    836.004028  -57.382492  7.295556  0.595258  264.537445
191 -46.603321  18.370100  336.779694  0.319927  5.534458       8.846815    714.315063 -128.771912  6.438122  1.283825  346.996094
192 -49.054146  13.692161  344.392944  0.304906  3.102464       8.553891    981.669800 -197.243683  5.338595  1.122527  299.964966
193 -46.424305  18.212570  351.185791  0.337434  4.230328       8.243896    978.738342  -57.336784  6.784795  1.542434  346.490204
194 -45.264610 -21.772322    4.203150  0.307685  5.799686       6.259802    873.315918 -110.551804  5.261457  1.186234  332.454376
195 -51.781460  -6.598864    8.378356  0.326158  2.992246       9.226531    910.939697   44.604584  6.284891  0.894506  261.938995
196 -43.138748 -27.099131   28.913965  0.344748  2.494414       8.467317    751.446167  -52.653069  6.003601  0.820019  404.246277
197 -45.790020 -16.837641  351.648499  0.330252  5.771009       9.021979    609.863525   75.963959  5.925451  1.342165  348.530182
198 -50.866810 -23.903891   16.107822  0.304252  1.743652       7.987264    944.975342 -167.976639  7.285825  0.525614  383.157410
199 -48.716805  -0.984657  349.068390  0.332291  3.823927       8.596800    689.654602  -87.543861  6.917964  1.215835  424.817322
200 -48.997776 -17.444281   25.686287  0.311407  3.755948       9.696144    905.942505  -59.945396  6.273849  1.718372  324.846466
201 -42.960480  24.897629  332.077057  0.319629  3.149271       9.666479    619.720947 -221.060471  5.003425  0.414309  433.051697
202 -47.334148  -6.459453  353.704346  0.333320  4.043323       8.528593    800.928223 -239.999557  6.245572  1.141930  331.370758
203 -37.954544 -30.698494   16.156084  0.338922  4.496192       5.093794    817.731323 -176.259445  6.801328  0.767555  347.301086
204 -47.796604   3.831860  348.920197  0.318663  3.921016       9.806540    743.977661  -47.270878  5.090242  0.989419  259.794800
205 -45.475822 -15.736814   14.368608  0.307349  5.913461       8.022700    984.981750  -43.353832  6.728615  1.590590  283.730743
206 -49.695915 -15.533003    9.873509  0.348002  4.995928       9.379211    872.905396  -87.885101  6.828724  1.567643  281.169220
207 -48.674747  -2.335222    0.536377  0.313436  3.000671       8.461825    946.720276   66.819038  7.485708  1.942320  269.819855
208 -47.866516  -2.669755    5.675844  0.323673  2.953218       7.229814    844.766174 -200.778748  6.122511  0.993584  283.586517
209 -46.811142  19.305651    2.099589  0.329901  4.930621       9.200205    704.455444   34.230263  6.136887  1.062870  336.945374
210 -48.493103   1.291479  352.120483  0.337331  5.448140       6.279825    932.866699  202.149658  6.540761  1.207681  315.858917
211 -45.076607 -30.722488   14.686837  0.325253  3.368148       6.865141    836.111206 -241.735001  7.660553  0.408122  395.003326
212 -52.317261   9.422763    3.843858  0.334249  5.904002       9.039520    935.809570 -204.461914  5.757476  1.143244  395.144928
213 -46.431976   8.915375  348.507050  0.288174  2.556100       8.137913    781.787109  -22.888899  5.013373  1.858977  419.778534
214 -51.008579  10.470088  352.693726  0.343827  2.782193       4.538126    971.106506 -188.879578  7.401315  0.259639  292.800873
215 -49.414013  16.868166  341.230835  0.303004  5.806049       9.022861    861.305481 -217.626694  6.700040  1.342665  359.303162
216 -47.486309 -12.995454   15.766325  0.299426  4.625239       8.405507    854.491943 -106.493690  7.353925  1.340031  322.312042
217 -46.116890  -0.491897    3.804589  0.299743  4.263117       7.364626    924.686829 -104.942848  6.607586  1.629287  251.198456
218 -40.545845 -25.270050   18.322836  0.308009  2.860214       7.622532    705.121643 -153.062225  7.262113  0.571305  357.586273
219 -43.178318  10.093585  346.990326  0.341302  1.941307       4.282664    908.257019  -98.457230  5.771036  0.757004  273.402893
220 -53.304237  10.439894  351.182495  0.342698  5.445369       9.321467    943.786438  210.968704  6.110915  0.620353  288.849823
221 -57.414566 -11.747201    9.258833  0.336689  4.794926       9.945684    954.660828   47.368385  7.694973  0.740294  334.443329
222 -47.394211 -23.623985   17.129292  0.316373  3.897394       9.967997    858.639771 -145.631790  6.114150  1.150986  387.035950
223 -32.772713  -3.830511   15.777739  0.316576  5.546930       5.301069    619.262756  114.146446  7.978743  0.988452  284.448059
224 -41.343311  33.520081  346.686646  0.345691  4.540617       7.718259    741.617065  -34.807526  5.854334  0.365568  288.956848
225 -41.779602  12.806874  354.696747  0.339323  3.731127       9.462825    587.839539  115.418922  6.247461  1.390025  411.393463
226 -52.959805  10.439749    4.368213  0.315689  5.245263       9.000079    926.533081  204.882111  6.263134  1.155481  372.542847
227 -48.434517   0.275085  358.314178  0.283143  5.047328       9.747596    688.249146 -168.338394  6.904277  1.299937  269.796051
228 -39.083080  -9.361463  352.746948  0.346964  2.930027       7.418325    652.983948  -17.906700  6.170888  1.328506  285.015411
229 -46.868221 -22.888742   24.487247  0.328311  5.886440       6.109655    813.829895 -221.648727  6.158023  0.234409  407.218475
230 -47.090820  -1.937655  358.714020  0.304898  5.304984       7.567393    854.358643 -177.828979  5.312608  1.743301  343.455505
231 -51.918922   9.754780  344.755066  0.331371  4.049861       7.938258    994.846375  -26.065516  7.618388  1.641561  419.648834
232 -46.958473   6.336522  357.138550  0.320596  4.872258       6.793374    852.583618  -87.958244  5.822883  0.923819  316.859161
233 -54.628563 -10.909037    0.035988  0.301942  3.435354       6.551097    977.805603   92.372299  6.450264  0.555088  410.749451
234 -45.238762 -22.226198   30.768099  0.326205  5.316606       6.869202    970.427368  -63.578484  5.772374  1.612299  431.482727
235 -54.990887  -2.558515   19.803873  0.325779  4.742776       8.899524    960.289307 -144.531357  5.645953  1.622282  371.930115
236 -50.827446  23.376745  352.309265  0.340405  5.379737       8.909488    861.503052  -63.780102  7.161129  1.234426  394.144745
237 -47.597404  -0.799246  358.312805  0.328271  3.120981       7.325202    913.953308 -225.442078  7.571851  1.452627  303.110504
238 -47.126999   2.804357    8.017699  0.348148  5.030107       8.340165    677.718567  -24.645563  8.078901  0.705661  406.018799
239 -46.235226  13.389131  353.184570  0.325131  4.255754       9.098670    803.195923 -221.384552  6.872280  1.375578  286.538635
240 -45.804054  14.104041    1.994413  0.308891  4.564425       8.129990    791.604614  203.096237  6.811704  1.734511  273.210175
241 -35.862843 -23.486454   24.207962  0.345322  2.267971       9.694555    599.002808  -98.286423  6.201933  1.195019  266.445892
242 -50.323589  21.551619  342.963684  0.332427  3.059180       8.639942    879.936279   95.351189  5.664846  0.559389  372.454712
243 -45.610573  13.008233  348.222504  0.344684  3.863708       8.692501    725.655945  -45.816216  5.569203  0.963304  344.565643
244 -44.705395 -32.790123   18.726784  0.336454  2.495614       8.268021    919.607910  -60.106541  5.572250  1.167086  441.920258
245 -38.532570 -34.929131   37.155407  0.341260  4.995584       6.685771    834.579346  -46.900661  6.663514  0.664417  338.085144
246 -48.412624 -21.002794   15.612211  0.349093  1.473605       9.716646    880.710815 -222.555359  6.873066  0.668491  305.941223
247 -48.758381  -3.630428   10.463329  0.311794  2.667711       8.724808    796.401794 -134.110413  7.061393  1.396061  341.862885
248 -48.638573   4.031633    4.165169  0.335917  4.629137       5.933486    841.580505 -249.859818  5.367639  1.245135  438.015472
249 -54.175156  -6.759664  355.263855  0.316454  5.364507       9.297820    964.954712 -169.086288  6.119025  0.692901  309.022339
250 -56.463238 -12.830785  357.231476  0.343968  2.883465       9.981572    839.335388 -109.662567  5.392169  0.468750  441.756927
251 -51.105476 -19.554295    6.055982  0.286057  2.629892       9.927655    941.804810 -119.243927  6.345851  1.226805  276.301483
252 -50.012352 -22.762222    7.521947  0.317312  4.253759       9.009103    814.366760  -61.612999  5.354218  1.136233  437.187592
253 -50.650398   4.984848  347.201324  0.293446  4.596389       9.030666    844.755005 -120.546570  6.412302  1.205291  256.245636
254 -47.510864 -20.020117   12.251503  0.340393  2.117785       9.054877    801.230225 -232.534302  7.693846  1.846444  419.986847
255 -47.863354   9.022434  358.004425  0.337228  4.895657       3.512344    971.466064   51.911915  6.981971  0.741971  424.339508
256 -57.328518 -13.128638   10.446091  0.294966  5.286914       9.891063    989.135986  102.031822  5.398067  0.648913  340.795746
257 -54.078728   1.543348  358.927490  0.349062  4.125525       8.940712    947.971497 -233.625824  5.950553  1.574621  439.546906
258 -54.855610  20.891724  357.894714  0.336114  4.050978       8.487198    985.054626   17.888933  6.883483  0.624012  384.164703
259 -45.133644 -23.013939   13.266951  0.348512  5.678896       9.850675    718.720032  -42.062656  6.367887  0.554981  259.028961
260 -27.417494 -15.473349   16.486277  0.315600  1.563121       8.142330    457.213806 -202.959808  9.777469  0.602035  312.857697
261 -52.000992   0.981867    0.106775  0.298165  5.755028       8.031626    870.005493   24.105755  6.607170  1.033638  447.535583
262 -45.558613  -8.041813   11.562382  0.293594  5.519322       9.251554    605.496704 -223.807083  6.559328  0.282308  388.790619
263 -35.466045 -36.179813    9.416415  0.342973  5.943385       8.973431    548.135803 -156.526230  5.483449  1.360120  323.492401
264 -48.300545   3.352623  351.706757  0.317202  3.792273       8.727904    844.510925 -172.870270  8.347851  1.820306  342.932892
265 -57.346695  -3.060913    1.510112  0.341909  4.914536       7.291411    973.642700  209.952866  6.353032  0.246570  328.086548
266 -46.805206 -17.961489    0.280227  0.332319  4.494393       8.507331    839.392151 -206.942215  5.369879  1.634964  266.322540
267 -53.100235 -16.281807    7.247562  0.344907  5.299597       9.994523    902.495300   18.984055  6.627049  0.765596  268.195160
268 -49.794994  17.553637    2.207427  0.280055  5.594793       7.734986    941.803772 -246.869019  6.272162  1.758561  380.383270
269 -36.843586  -6.995971  352.546234  0.310764  4.376399       7.756028    540.857666 -162.841187  7.182185  1.774790  358.698364
270 -56.468544  -4.520546    0.080611  0.326891  5.419087       9.880310    838.099060 -192.503738  6.141444  0.407851  254.725342
271 -46.689491  24.909822  344.551483  0.260430  5.148652       9.740918    734.614197 -176.372528  6.857079  0.645558  299.428833
272 -48.725803  -2.482102    2.166542  0.288206  2.594644       6.484115    988.016357 -198.548462  6.682862  1.259024  291.535919
273 -38.753883 -28.442379   29.135397  0.346605  4.659902       7.019803    935.730103   -0.048913  5.954003  1.454478  303.142853
274 -49.918201   3.253161  347.341309  0.313759  5.601016       6.784749    829.481628 -167.359207  8.113998  0.917923  426.416046
275 -55.663361   1.757064  353.671997  0.298553  4.354623       8.772754    997.130188  247.278870  5.541694  0.849033  361.420166
276 -46.831715 -24.396776   18.951437  0.339564  3.563222       8.818712    971.932434  135.102646  6.133338  1.188715  327.467957
277 -51.842796  10.151820  358.469543  0.258900  5.077023       9.199510    947.059448 -202.747513  6.007351  1.598453  364.027649
278 -52.923038   0.240757  340.359100  0.327214  5.463792       9.132164    936.189758    3.869521  7.198173  1.740362  283.263519
279 -44.679371   1.772274  358.312469  0.336964  4.838905       6.089911    850.318176  -41.776493  5.570574  1.056559  270.192688
280 -42.473495 -31.903069   23.570169  0.328177  2.554536       6.750395    800.722717  -26.579870  6.138158  0.487839  416.066132
281 -51.782703  15.975250  343.868286  0.295656  2.247955       6.213231    989.832214 -173.169922  7.592367  0.801260  383.620239
282 -36.318298 -29.674456   19.616922  0.344792  3.813104       7.354507    728.523315 -190.024002  5.658055  1.846673  370.997620
283 -37.992054  29.741257  348.451782  0.271639  5.671589       7.458059    756.259460  -85.721199  5.740524  1.809823  315.983246
284 -49.056946  12.694165  350.122437  0.319058  1.736500       6.329657    828.264893  -19.115122  5.642765  0.602352  358.634338
285 -49.244434  21.290100  344.579681  0.316313  2.160048       7.351299    874.507812  -59.680405  5.636508  0.479171  264.937683
286 -50.650753  13.103479  355.533539  0.304947  4.272461       7.865929    881.102295   61.822208  5.160279  1.062950  313.202332
287 -48.957851  11.810389    4.385612  0.337285  4.088766       6.210527    954.861511  -66.956261  5.511121  1.296965  354.211761
288 -53.229904  -8.417629   10.622432  0.324597  3.886182       8.375360    918.310303  186.827591  6.022480  0.732750  295.499023
289 -44.851967 -18.894594  357.243408  0.348181  5.614004       8.113264    770.605774  -16.853432  5.161363  1.200084  280.982880
290 -38.681381 -19.184904    8.961515  0.288569  3.899593       5.852942    790.621033  -82.532104  6.010393  1.816055  335.053375
291 -52.030712  11.114008  348.734772  0.341746  4.574343       8.984773    775.237610  -95.407753  7.793030  0.650976  445.345215
292 -48.997757  -0.464799  354.544342  0.345805  5.418490       9.284082    676.751282  -67.383720  6.386911  0.758843  381.328217
293 -52.753933 -10.557638   10.211952  0.303641  5.140836       9.919850    898.040527 -123.854149  6.165981  0.970160  286.242065
294 -50.701908  16.258944  345.798889  0.349222  1.288848       8.810199    815.304932    8.063140  6.518525  1.190008  434.647614
295 -45.596832  10.443753  349.633209  0.322426  5.172239       8.391804    841.303528  -13.247798  5.231357  1.094246  254.975006
296 -45.454731  17.441147  350.171570  0.338322  3.019572       7.593435    761.462952   99.536545  6.456438  0.638815  397.203369
297 -47.821228 -14.249003  356.679108  0.324720  3.590211       9.705410    661.973877 -235.828201  6.104864  1.159638  381.942871
298 -47.192390  10.065573    5.153587  0.320370  4.535825       8.865124    833.589844  208.032578  7.530594  1.981913  332.999329
299 -42.646275  31.941954  348.160492  0.344756  5.041036       8.669188    800.798340 -186.114426  6.153374  1.140700  279.561432
300 -50.060959  -4.047777  355.643524  0.335950  2.718810       8.164457    886.159302  -23.537773  5.241139  0.649812  274.884552
301 -42.844925   7.484845  352.324219  0.323400  2.177976       5.944479    789.056030 -148.968231  5.565027  1.852360  399.592712
302 -54.392281 -18.595222    8.233782  0.290708  3.887405       8.958583    971.775269 -208.292679  7.350122  0.738539  335.834808
303 -53.828148 -17.152670   13.852660  0.311111  3.513164       7.952202    917.551941  -80.553925  6.390423  0.720089  440.590302
304 -46.570801  12.414095  346.195190  0.333682  5.010314       8.375443    858.780701 -112.503700  6.535980  1.780299  381.701660
305 -44.758411 -13.201474   12.523492  0.320198  2.710760       7.119137    825.293945 -215.515350  7.558669  1.082954  265.138885
306 -51.385128  16.444530  352.077087  0.328389  2.554464       9.306833    835.512878 -129.578217  5.995648  0.615853  444.302887
307 -50.209820  11.952857  353.424530  0.276352  4.830968       6.590919    903.086792 -160.909744  5.468571  0.660690  305.735626
308 -53.108494   0.954729  348.046082  0.293659  5.346118       8.107905    849.483276  -47.306671  5.484932  1.286814  416.415802
309 -35.685162 -26.040892   19.984945  0.317174  3.258131       7.971790    602.328979   44.040939  5.473662  0.896971  376.091827
310 -51.382179  -6.014064  356.810486  0.298604  3.533267       9.868244    829.126465 -177.227753  6.397675  1.794748  320.065765
311 -54.827396   0.805947  349.192230  0.330806  5.123274       7.852573    961.891296  142.050613  6.009629  0.810156  301.461578
312 -52.634754  10.978644   11.278398  0.340455  4.947699       8.221932    997.744873  -45.588989  5.744345  1.360673  335.525726
313 -43.022747  18.599310  348.259369  0.283086  4.929770       9.672009    558.385559 -175.964783  6.402716  1.083483  325.038300
314 -49.120213  -8.088401    5.372511  0.298416  4.877763       8.670344    810.093689  137.208374  7.029348  0.853476  280.079437
315 -48.012703  -0.065166    9.970353  0.332645  4.331865       8.855278    824.804199 -152.617569  7.572681  1.867089  334.060028
316 -46.187080 -11.723554    0.458389  0.286454  5.429461       8.438066    608.397156 -152.630707  6.245892  0.506424  381.858246
317 -44.547218   5.673475  358.639771  0.312307  3.792751       7.700662    973.189636  -82.719429  6.682944  1.589027  279.131317
318 -44.439831  12.619433    9.416995  0.343399  4.506451       6.504177    772.169739 -245.619919  5.294386  1.139412  327.175293
319 -44.985134  19.694792  358.307953  0.319189  4.683158       8.170686    814.957275  169.915985  5.075026  1.657062  316.102936
320 -50.822491   8.812517  342.074646  0.307698  3.467148       7.377774    822.322266 -201.597031  5.999904  0.789962  387.615082
321 -35.041946  12.119159  326.583221  0.294591  3.925971       8.418247    450.624969 -245.374969  6.559947  0.438300  346.774384
322 -33.209381 -13.596026   13.996359  0.340962  1.156792       4.877328    683.551575 -235.749496  9.901525  1.506183  443.121460
323 -47.254257 -25.209145   14.917026  0.263068  4.897330       8.579064    811.258667 -136.852188  5.319609  1.796892  433.041443
324 -47.543644 -11.117437    7.105061  0.347779  5.399077       9.636077    794.434143   -8.366501  8.804914  1.468407  346.596283
325 -46.321987  17.236605  344.485199  0.349707  4.714197       8.126671    793.340393   47.862942  6.495280  1.926360  386.754791
326 -36.233658 -24.493725   24.117857  0.333050  4.873431       9.670173    595.906616  -92.435829  6.576724  1.535849  430.666565
327 -47.245564  -0.799977  343.392517  0.347927  5.856188       5.279162    948.540344  177.914749  5.302296  1.503770  316.350281
328 -45.390587  24.085299  347.244659  0.284941  4.771567       9.715317    706.267639   28.553280  6.226724  0.754672  275.663239
329 -46.254101  13.697820  341.662079  0.298925  2.660144       8.487153    674.249146 -110.478798  5.652671  0.498082  325.720184
330 -49.994171 -27.489571   12.874506  0.317761  5.022519       9.404376    869.535217   62.601131  5.700210  0.690589  322.583252
331 -45.585720   9.370516  354.446655  0.303058  3.218305       9.637483    619.854980 -187.415085  6.911410  1.940668  373.987244
332 -43.071064 -17.075199    4.655742  0.311184  3.439102       8.647141    654.037292 -184.330933  7.893260  0.872577  327.370026
333 -46.036148   8.593886    0.073908  0.347795  4.258575       7.497898    815.499756   38.701698  7.721503  1.676889  436.077026
334 -47.416840 -14.940924   22.057159  0.340532  4.949544       6.259572    867.458191 -220.459518  5.442257  0.877289  396.014313
335 -47.830776  15.527926  352.764801  0.254481  5.264872       9.772911    701.277283   27.377996  7.711107  1.450478  388.934601
336 -50.595058 -11.499887    8.403020  0.328713  4.252110       7.866015    903.613220 -135.053146  6.213639  0.477199  330.099426
337 -43.057159   6.441559   10.038229  0.347042  3.874143       7.109982    732.377136 -201.508026  6.320539  1.230341  306.292847
338 -53.876049  -4.026837  355.396118  0.333758  3.391456       8.173641    996.158875  154.984009  5.771981  0.544596  307.125732
339 -52.924610  13.103235  347.846497  0.345052  5.784131       8.885852    990.136536   13.660596  7.486944  1.133218  374.737122
340 -45.547096  -1.238024  335.471527  0.341495  5.436253       7.938148    569.224792    7.917444  5.593570  1.159668  401.821625
341 -40.531845  17.351328  350.910400  0.329662  5.744097       7.236780    654.675049    2.910621  7.027122  1.843629  434.078308
342 -40.314880  25.425814  340.762573  0.313875  4.109694       7.065996    766.477722 -182.016174  7.106906  0.970470  365.357178
343 -43.168053 -14.436572   12.132353  0.291400  1.212920       9.571214    829.903076 -100.267166  7.326475  1.781296  268.968689
344 -44.848103  16.448835  350.547638  0.281276  5.189791       9.643254    656.734863   14.382967  6.357330  1.215820  263.633606
345 -46.197269 -15.931567   16.829206  0.345705  5.604737       8.343997    920.692688 -172.342163  6.869025  1.310537  256.550751
346 -43.959106 -24.670139   29.144730  0.281708  3.823466       9.545997    725.505859 -144.299255  7.509936  0.633327  256.336243
347 -41.268059 -22.594202   11.768311  0.342764  4.216760       8.360810    679.111389  -97.916992  5.637408  1.319927  377.193207
348 -50.317513 -17.637653    7.281946  0.312446  3.187293       9.350619    795.866089   74.865517  7.823183  0.665888  337.161469
349 -51.086452   8.247046  329.586517  0.339777  5.497493       6.044011    880.492310   78.986061  6.826333  1.614055  410.442444
350 -43.270199   8.271214  340.696106  0.305204  5.384639       5.095826    927.170959 -123.066269  6.591794  1.540545  304.242889
351 -50.117321  17.939291    4.029508  0.327220  5.311752       8.260035    919.475952 -173.035690  5.788171  1.630719  400.695099
352 -44.065765 -17.135208    6.140647  0.324635  3.985132       7.212636    766.099304  -92.773201  6.612842  1.253440  422.610962
353 -55.254322  -8.960368    4.871709  0.321591  4.098832       9.997346    991.829651 -234.786636  6.849072  1.918452  400.021820
354 -47.884781 -10.134951    8.085581  0.260334  1.813570       7.170043    910.055847   25.755564  6.783183  1.305269  346.391479
355 -49.342747 -22.445116    7.278211  0.349793  5.863857       8.879650    737.540344   38.747955  5.013417  0.257987  331.417145
356 -46.352974   0.298484    9.490362  0.328631  4.096828       9.424495    675.841431 -242.511139  7.474334  1.092620  275.609222
357 -53.279636 -22.347651    0.727972  0.324573  4.628789       8.040319    975.995789 -147.545914  7.066206  0.730800  320.162384
358 -54.870575 -20.172031   10.280226  0.307575  4.634679       9.706889    902.186951 -115.356010  7.135115  0.243922  336.338287
359 -54.948654 -16.495796  355.756989  0.343236  3.961343       8.109172    893.404907  -76.137726  5.806946  0.331613  321.164581
360 -45.293976   7.349938  359.176483  0.324529  4.397584       5.651186    983.297546  -61.696579  6.498199  1.723302  403.318176
361 -52.126438   2.836199  350.898560  0.335540  5.119018       9.618371    911.244995  -67.792511  7.683821  1.576536  413.407745
362 -48.103920  16.359165  351.273193  0.320175  4.988256       8.298463    839.527344  -70.028366  6.400346  1.626711  353.746643
363 -38.658100  25.881674  340.045074  0.342339  2.813718       3.851828    892.199524  -29.308498  5.871342  0.597380  367.531067
364 -53.875858 -15.388751    0.576225  0.331559  5.017629       8.757655    952.017700 -133.961060  5.793833  0.729470  284.248352
365 -49.987045  14.480588  341.611450  0.300211  4.695524       9.603048    831.747375  -33.605633  5.090769  1.506338  384.674225
366 -38.914303 -22.953665   24.954325  0.344586  2.430070       8.176059    809.884644 -146.702316  5.662780  1.521049  357.449493
367 -54.314018  11.895880  356.332825  0.325279  5.860474       9.259306    875.390625 -124.647736  6.006124  0.644989  384.404938
368 -45.110085  -2.528188  358.148071  0.241725  4.093545       9.679987    624.280518   -9.353199  5.644948  1.997550  316.450500
369 -51.322678   8.849318  355.260956  0.342682  3.569881       7.862212    890.026001 -147.256775  6.908497  0.524527  255.194382
370 -48.853817   4.216847  345.579529  0.320717  2.047200       7.773707    945.152161 -223.116577  6.312960  1.468248  301.088013
371 -49.014282  -0.345661   11.821449  0.334185  3.316654       9.000863    876.911987 -193.095993  5.778104  1.861967  316.415253
372 -40.606728  12.601428  353.473206  0.341266  1.934429       5.969250    985.874634  -52.005325  6.441747  1.907213  255.090424
373 -37.138241  29.684511  342.370636  0.340416  5.614704       4.920288    869.505371 -180.845367  5.870881  1.000994  377.418488
374 -51.515381 -15.669607  355.494293  0.342594  5.967691       9.534736    931.610291  -72.273689  5.284722  1.473051  367.816071
375 -46.395229 -12.358911  352.502899  0.343019  4.568309       8.387094    615.726196 -126.804031  5.785531  0.386166  261.655670
376 -50.741539  16.435583  350.705200  0.345827  5.820353       8.133812    922.531006   77.887474  7.599403  1.311668  413.105499
377 -46.859596   2.792450  355.135925  0.322787  2.465091       9.034333    733.599854  -14.022216  7.356948  0.626544  290.953033
378 -46.622643   7.575596    3.096376  0.333561  4.863398       5.648207    899.409668 -106.812019  7.550118  1.838021  415.369812
379 -47.157627   9.644062  344.427246  0.338281  4.757158       8.291967    919.221558   74.397125  6.893116  1.204858  301.211639
380 -41.482990 -10.039519    4.813822  0.287003  5.719520       8.973380    537.379700  115.750046  7.185180  1.908173  397.264435
381 -50.645180 -10.375741    2.094763  0.338896  3.366384       6.594153    951.620911 -188.044968  6.445304  1.012553  408.627930
382 -55.654903 -16.784763   15.184824  0.337849  4.112988       7.775015    973.978943  149.655945  6.667334  0.512768  402.298065
383 -48.758034 -10.159536    3.072576  0.282075  1.571786       8.661168    912.193481 -154.893463  5.948980  1.416467  264.163177
384 -43.503078  18.441721  336.374725  0.334867  3.347259       5.179237    905.525940 -244.754852  6.804142  1.326959  370.653198
385 -46.787560 -14.261905  358.673523  0.340498  4.347171       8.753741    814.805298  -10.758142  6.486762  1.524200  312.328217
386 -44.605564  14.462194  335.324036  0.336125  4.001877       8.779943    610.855774  -47.716759  5.140086  1.454334  378.538025
387 -49.430645 -14.703443  352.219574  0.325786  5.017911       9.580498    613.186523  -54.485439  7.836973  1.089387  437.099487
388 -41.408016 -20.501701    4.995118  0.304720  5.530810       5.214414    778.458435 -236.531296  6.483236  1.194669  378.807617
389 -51.906254  13.804049  356.816833  0.317080  4.296949       9.112714    820.504822 -128.062317  5.324072  1.416907  431.573395
390 -41.684818   2.035063    1.589349  0.331292  3.926919       6.599910    676.088989  -42.106190  5.393544  0.670794  250.522186
391 -45.694317 -20.325125  358.993134  0.321406  5.915030       6.137482    941.440674  135.924713  5.508239  1.721738  357.128296
392 -44.736248  -0.683540    5.045227  0.343533  3.329938       6.941395    964.496277  101.426842  7.450605  1.415839  303.907043
393 -50.357002  -4.508554  353.742798  0.263815  5.295279       8.995168    786.339294 -186.805878  6.487102  1.074114  257.109680
394 -46.670101 -10.867510   18.922052  0.314127  5.463062       9.502117    743.629089  186.225861  6.546382  1.615946  360.023865
395 -48.349247  -2.854926  358.295685  0.344077  3.896518       8.083741    931.674377 -206.421265  5.671989  0.944628  324.774750
396 -48.174084 -16.291479   15.720243  0.326641  2.596479       8.045406    813.272644   70.504021  6.273140  0.371589  262.088043
397 -39.506947 -12.828426    7.680007  0.349066  1.306320       5.658761    830.201782 -149.155792  6.367560  1.173334  299.135376
398 -44.241299   3.916893  356.517731  0.316498  5.918536       8.878531    585.743713   77.506981  7.624084  1.600680  376.818634
399 -46.920166   3.323624  344.101166  0.340435  3.390055       5.047138    931.650879 -236.493774  7.028240  0.682677  253.616592
400 -49.321064 -10.727437    2.235422  0.313497  2.343924       6.888270    880.232910  -67.720978  6.361276  1.029377  349.272797
401 -38.303654 -17.043463    7.723161  0.330193  5.698275       9.287641    636.269043 -199.773117  7.088716  1.971307  332.983154
402 -47.246841   8.739928  341.778259  0.335472  4.251644       6.832725    755.800049 -160.685089  5.386128  0.694860  288.378143
403 -43.736992  22.326992  337.918152  0.301191  2.454069       8.185849    907.446838   -4.229519  6.499949  1.333705  254.839844
404 -50.089565  -4.785626   13.431045  0.329708  4.311300       9.471436    706.971191 -131.625961  6.312320  1.276299  342.869324
405 -43.112694  -6.557396    6.058688  0.316038  5.754028       6.473458    834.419006 -191.204254  7.385957  1.384321  294.144653
406 -50.468693  23.954828  345.888306  0.315367  5.688600       7.964337    883.101135 -146.599335  6.288495  0.877009  411.094788
407 -53.033272  14.980462  349.291046  0.321088  2.640206       9.816768    982.756409  -90.315582  5.927327  1.343836  260.806641
408 -49.363335 -10.454432    7.260839  0.267406  4.540067       6.501512    837.988770 -185.339325  6.579431  0.489759  314.902832
409 -46.150761  11.584964  352.395782  0.297866  2.473865       8.353986    778.960388 -138.888016  7.553237  1.376260  328.056305
410 -48.498104  12.219309  354.444794  0.343271  4.254131       5.893504    940.872864   36.106758  7.583649  0.931721  390.046570
411 -51.292358  27.764462  351.612610  0.320307  5.581415       8.041254    984.491272 -160.921036  5.054663  0.852896  393.676300
412 -43.310474  19.850628  348.973297  0.337028  3.711898       8.479419    891.598938 -246.189545  7.411247  1.436731  265.526428
413 -38.949936  28.247852  351.330902  0.347043  5.413246       7.117808    729.334717 -140.620102  5.825373  1.442481  378.298096
414 -46.338097   3.319624  358.037354  0.325781  5.675575       4.284162    994.446655 -222.132690  6.775971  1.112874  363.927185
415 -45.227543 -21.098927   25.767401  0.348459  2.884436       7.533751    789.089417  -70.326439  6.659287  0.934571  412.778503
416 -45.341419 -24.531500   21.449375  0.284403  3.180536       9.301094    876.431213  167.942764  5.626483  1.929885  398.034760
417 -46.408947  31.568085  357.191467  0.338162  5.389604       7.301829    811.911560 -122.993446  5.625993  1.143454  429.150696
418 -41.624954  17.246937  348.436310  0.277136  4.170147       8.958923    567.865723 -118.591766  6.950996  1.027851  358.282227
419 -48.647469 -26.466269   14.344698  0.310218  1.602154       9.776321    895.962524  -73.265289  5.980241  0.973075  302.111267
420 -47.628143  10.540419  347.817169  0.289742  3.428793       9.024544    749.128418  -48.533806  5.220910  1.067568  344.526093
421 -39.765846  -8.982463    1.701895  0.349017  5.025795       5.701190    782.927979 -101.431274  7.003778  1.101560  328.654694
422 -47.739727  17.247635  341.298706  0.321596  1.245260       6.752481    857.518433 -164.976715  6.036927  1.147863  410.836151
423 -57.722160   9.421116   16.200363  0.338802  5.173295       9.858455    982.940613  -88.063622  5.175715  1.495390  384.627136
424 -52.421711  12.618320  348.415802  0.309669  1.567017       9.374393    808.282593 -181.984955  5.832221  0.685168  445.049011
425 -46.435627 -27.709974    1.479037  0.348948  5.063198       8.287207    848.235840 -185.652802  7.123317  1.961485  355.941406
426 -37.674671 -28.301430   24.832355  0.328945  4.306592       4.764519    907.538818  182.382843  7.002552  1.114731  371.505676
427 -52.835705  -3.665277  353.354523  0.344445  4.456075       9.910828    717.300903 -145.550583  7.972620  0.599715  402.094238
428 -36.688145 -22.258785   17.412483  0.283754  4.960111       8.188953    616.029297  -11.543145  6.584455  0.779438  259.106537
429 -55.730915  20.883129  342.179657  0.333031  5.700366       8.488338    981.129578 -102.509789  6.784540  0.400122  284.249817
430 -39.332436 -34.706795   24.102661  0.279319  5.874607       9.584573    813.113586   72.813446  6.714459  1.378648  251.826141
431 -46.918411   8.132101  356.882050  0.281787  5.958049       7.696488    713.010864  -38.244438  7.062733  0.855473  305.047546
432 -49.498508  10.408909  344.857391  0.304617  3.904243       7.963884    840.307739 -198.780762  5.717566  1.698711  400.065918
433 -55.316296  -1.897985  357.288696  0.330770  4.389856       9.313357    959.812378   24.063288  5.063070  0.580677  318.574463
434 -50.504112 -10.538755  356.347412  0.346864  4.586494       8.766770    938.439697  194.537964  8.438578  1.804844  331.936401
435 -51.378574  22.050772    0.351137  0.337665  4.531427       9.299418    799.419312  -96.043320  5.867528  0.963510  362.110626
436 -44.851009 -23.972990    3.865631  0.346416  3.356052       7.050229    934.471619 -243.110352  6.704373  1.956404  369.138824
437 -42.297943 -13.068827    7.792553  0.348604  5.047501       6.510970    736.716492 -163.921814  6.189766  1.161945  401.545868
438 -44.443672 -24.174500   19.646032  0.288455  5.726515       9.746058    610.218628  -31.014021  5.603129  1.372722  441.242859
439 -46.144844 -11.600457  356.681213  0.340062  3.775181       7.053429    785.207520 -188.082962  7.862390  1.738706  438.663208
440 -49.807888 -11.343860    0.129321  0.326364  2.803427       6.589717    950.604370   15.013838  7.202994  1.293477  407.844513
441 -43.120918  16.413363    6.195047  0.346979  5.730312       6.729949    728.519836   48.020306  5.684883  1.121769  310.810028
442 -37.230179   4.597288  355.456757  0.268687  4.279125       6.963814    618.713562 -168.751404  5.521088  1.839068  327.702118
443 -41.748249  -3.631898  357.199860  0.347074  1.553064       6.910623    720.278015 -213.692062  7.764313  1.368651  347.255615
444 -47.252419  -0.062310    8.349564  0.333123  2.767970       8.074627    913.932068 -230.483917  7.467750  1.256216  307.037354
445 -41.959389 -25.991507   12.061757  0.310813  3.567746       9.962878    663.770081  -44.746227  6.848148  1.040652  258.004730
446 -43.662365   5.476467  347.549652  0.342592  3.524374       8.770494    556.204834  -47.629372  8.372699  0.356826  403.048645
447 -55.218067   9.622190  345.200165  0.331946  3.030144       9.662455    829.768311   28.626389  5.822964  0.484881  366.064148
448 -54.607033  12.906423  347.802765  0.342741  4.969393       9.857842    981.655151 -124.883514  6.708884  0.809850  257.487640
449 -48.970688   3.725503    5.264560  0.318264  4.032201       4.579330    939.771057 -211.865265  5.501402  0.810528  405.704529
450 -44.921955 -10.200486   11.888761  0.341344  4.832313       8.708343    618.869019  -91.849838  5.873000  0.627556  449.904694
451 -53.666924   2.432352  342.325043  0.304881  5.141016       9.652610    991.822693 -200.347168  5.078604  1.408796  277.052979
452 -45.849010 -32.102783   16.167282  0.310694  5.539743       8.826309    874.762512  -10.231014  6.308916  1.080437  367.168060
453 -44.926449 -32.550739   26.961319  0.287000  5.740237       8.500498    876.692078  206.749786  5.743551  1.039647  370.848724
454 -48.041862  -5.264875  351.240997  0.337945  3.377992       8.160092    783.029480 -134.562836  6.741106  1.412225  352.906067
455 -51.491924   5.043587   13.584602  0.339116  4.428103       7.201661    946.265930 -184.499283  6.851340  1.796141  382.262421
456 -51.756294  18.091602  355.743713  0.349606  4.044207       8.063632    909.729797  -49.543549  6.939981  1.034037  437.346405
457 -48.193478  13.851546  349.458282  0.296386  2.847440       9.441647    699.379761 -223.529755  5.273671  0.496192  295.875763
458 -50.699928  -8.419588    8.668363  0.300464  4.329041       9.638497    742.298706  -42.766174  6.468314  0.326103  279.939850
459 -50.533035 -21.067432   15.451710  0.331358  1.146170       9.316969    789.690674 -168.622833  5.646273  0.407149  356.535828
460 -49.870129 -15.085601    5.090802  0.318255  2.598514       7.118883    893.673889 -222.037979  7.882840  1.005099  358.454498
461 -51.110447  14.401102  356.016418  0.340277  5.347982       9.430721    995.081604   48.832039  7.580336  1.094595  288.222015
462 -45.605846   7.826389    1.639775  0.289281  5.254595       7.135100    665.308838 -120.995018  6.924961  0.381542  268.941650
463 -54.651981  -9.178402    4.411446  0.279108  4.892153       9.590136    852.518555  160.851166  6.928102  0.667862  429.952667
464 -40.950546 -23.215649   14.541021  0.347499  5.595816       8.877290    895.091736   89.781616  5.544926  1.797712  257.106354
465 -47.171097 -20.369734    8.200838  0.309330  4.849255       8.519663    852.959229  175.732559  7.035692  1.459554  327.573029
466 -54.804371 -11.250091    6.064161  0.284798  2.253166       8.781040    956.162903   15.157454  6.827529  0.649262  283.917084
467 -50.477448 -26.675556   11.770174  0.291633  4.866509       9.237959    956.271545  141.898209  6.564719  1.439288  369.681427
468 -37.418709   8.020235  340.201233  0.320272  2.311907       8.047514    542.239807  -53.472923  5.959144  0.911210  375.802307
469 -42.204781 -20.524879   23.093739  0.319058  2.861542       7.301673    709.785156 -242.699066  5.502804  1.085205  354.987335
470 -45.118599   7.050850  350.821838  0.305259  5.017827       8.997794    775.176697  -43.941437  6.670848  1.654411  262.961761
471 -52.648834  -7.713997    0.771798  0.277077  4.890616       9.560917    787.379150 -150.007843  5.313106  1.084234  390.705536
472 -43.836102  -4.969987  359.379089  0.329191  3.371754       9.191870    594.757141   19.046722  7.661076  0.202384  389.561768
473 -49.000847 -13.808851   13.923800  0.323762  2.526411       9.405674    669.103149 -239.174805  7.869958  1.416461  444.794403
474 -52.748032 -15.743937   18.246613  0.347748  5.673201       8.430583    894.566101  196.052078  7.721171  0.859095  325.347809
475 -51.310760   2.403140  357.307465  0.345347  1.896173       6.464125    885.609497 -154.117859  5.398537  0.274830  319.826508
476 -45.906918  11.570436  351.757812  0.299434  1.823721       7.925851    839.528748    3.796754  6.018312  1.459723  271.918549
477 -48.541988  24.788214  358.124908  0.316426  4.268944       8.584989    786.437744  134.334030  7.496261  0.635343  285.652832
478 -50.868675   1.994231    2.556651  0.292050  5.893503       6.580765    982.690125 -209.094574  5.914901  0.895269  312.762848
479 -45.864864   4.372103  353.748474  0.276299  2.471635       8.164495    764.475281 -225.247116  7.153071  1.082339  264.199951
480 -42.709583 -27.047676   22.440655  0.300104  2.081650       7.153620    929.338440  -85.048256  7.020827  1.448803  325.697906
481 -38.059380 -20.406229    8.305889  0.323405  2.441023       9.614196    509.698944  -81.952110  8.689801  1.093242  351.830750
482 -46.578129 -13.674938   20.484125  0.323731  5.906474       7.808431    653.841980   54.687634  5.952743  0.258771  438.951141
483 -46.522511 -25.361456   10.963005  0.280586  5.237157       8.289946    849.543213 -127.125252  7.167314  1.613621  408.222687
484 -49.432495  -5.833772  352.599396  0.293802  2.845006       9.178956    777.774292 -155.163651  6.622555  1.531127  325.137939
485 -38.599136  21.882334  348.828461  0.317517  3.925528       9.693912    541.737000  239.038895  5.863025  0.762209  380.771149
486 -52.874546   4.796777  353.659943  0.296588  3.615711       8.836125    814.421448 -211.257401  6.175098  0.661036  360.260895
487 -45.891663  -9.206015    0.873339  0.334433  2.024001       9.471494    662.306702 -196.884720  7.465905  0.968475  320.327637
488 -49.190117 -17.750717    6.586702  0.342757  3.365810       8.906041    779.598267  -24.991096  5.661180  0.742244  311.875793
489 -46.717869  -5.199862  355.542053  0.349883  2.859993       6.906391    999.841736 -241.753342  8.326565  1.935785  333.370239
490 -53.710510  13.049539  352.409119  0.331846  2.800631       9.163081    832.527954 -224.359299  5.681839  0.322824  435.309387
491 -54.595222  -4.825384    3.440675  0.301386  3.467172       9.346536    891.811768 -232.734589  7.545574  0.793833  389.486328
492 -48.690178   2.096637  348.912231  0.341194  2.891708       6.503782    869.384094 -175.243240  7.979854  1.022169  304.076294
493 -52.126099  -7.494519  351.358215  0.318512  4.651231       8.191397    834.740173  -85.182106  5.895655  1.082887  359.321167
494 -50.290577 -15.241992  357.718170  0.328656  5.816221       8.754474    671.058105 -136.864487  7.421871  0.256337  390.172211
495 -51.244793  10.313910    6.023798  0.316571  3.233710       8.555455    989.830627 -185.883301  8.242343  1.817533  326.286163
496 -48.003307 -10.516552    2.691538  0.337946  2.283940       7.358428    957.983582 -216.935242  8.074848  1.127823  292.640778
497 -42.274696  32.028103  353.120270  0.317189  5.989953       9.060687    670.152649 -243.344406  5.753918  1.178438  301.217102
498 -49.847908   2.831960  352.502441  0.247875  4.747688       8.672142    736.833374 -169.125931  7.155523  0.662078  269.621735
499 -44.391464  13.716451  328.183441  0.343919  5.778151       7.141998    716.366882 -180.688339  8.011544  0.982003  362.056519
500 -46.665501   3.478291  351.257050  0.302021  1.764612       7.439281    876.850464 -178.244522  7.373047  1.440545  269.684570
501 -48.678398 -16.989866    6.500567  0.296737  5.049901       7.766219    943.186584 -194.041702  7.446394  1.631051  371.340179
502 -48.045307 -12.427678    1.887156  0.310907  4.505839       7.412795    821.142822 -119.729729  7.513552  1.243020  333.091309
503 -53.492382 -15.329746    9.140390  0.339608  3.497926       9.081010    871.988281  -97.749954  5.323498  1.061086  443.485077
504 -47.784916 -20.929558   21.655764  0.304570  1.813110       7.746860    937.841919  -33.431480  6.333844  0.979028  329.783386
505 -48.912865  20.740685  352.599426  0.328441  2.753407       7.676284    872.144897   44.756542  5.234790  0.619038  256.347107
506 -49.105034   4.693394    1.926501  0.336540  5.040940       6.768707    990.139282   72.916443  5.896678  1.611705  346.898163
507 -47.764233  14.752441  347.691650  0.328862  3.358159       7.348841    946.194946 -219.524811  6.393391  1.004747  282.510712
508 -39.969036  -7.390464    3.543433  0.327386  2.239337       5.989161    653.911316  -28.886303  5.583138  1.143030  420.896362
509 -51.615150 -11.842529    3.359957  0.335901  5.817499       9.192131    873.411499 -196.635437  6.326643  1.401944  367.243408
510 -51.216084   4.585077  354.806885  0.290769  1.864349       6.344663    908.627380 -169.602478  6.637299  0.900151  371.020386
511 -43.346802  -6.065112    4.631763  0.287086  5.769898       7.358694    683.878845   -6.426709  7.886405  1.391555  350.553802