           lon        lat        inc      D1AU     delta  launch radius  launch speed    t factor       B1AU     gamma         vsw
0    38.746510  37.810040  15.546741  0.627213  6.452995      13.960737   1384.305908   69.872108   5.481256  3.968039  305.165405
1     8.244743  39.565865  22.557674  0.672156  7.388903       7.546917   1337.059082  242.476074   6.814743  3.252309  132.826874
2    12.695542  36.255039  18.953983  0.698201  4.568421       7.597600   1864.050659  148.281372  10.382251  2.784050   95.505478
3    26.652657  35.164333  29.103073  0.624360  2.887626      11.020234   1789.102417   48.488430   5.122920  2.232436   98.451889
4     4.135033  33.814716  32.457378  0.656193  5.153759       9.748620    843.436340  148.248154  10.295465  3.336618  147.717560
5    19.415154  -1.147384   4.379345  0.625043  4.848310       7.026759   1845.864136  118.254936   9.013976  2.709054  122.822296
6     3.696302  28.850819  29.609497  0.665482  3.858907       6.597712   1928.480225   60.564919   5.443060  3.816471  168.151443
7    29.592377  39.975929   5.862222  0.650132  3.477674      11.321778   1731.562134  247.353683   6.697426  3.489313   53.282848
8    23.778133  10.013613  21.961868  0.690341  6.544662      11.071421    782.198425   91.599281   9.123982  1.484473  147.442993
9    -0.916226  34.069347  32.549866  0.687193  7.994769       8.648823    912.498901  211.097443   6.718330  3.183110  157.247925
10   28.934385  33.804478  14.353229  0.609610  6.184946       9.620825   1670.636475  104.106499   8.228814  2.364112   95.233337
11   19.699785  25.594263  11.163986  0.665018  6.821388       9.870255    969.102661  234.742172   6.715915  2.455079  135.276337
12    8.744175  12.903750  26.567629  0.679548  2.270006       7.054503   1822.619629   66.044090   8.944613  2.579669  146.714325
13    5.884412  24.152962  40.006931  0.563466  3.166348       9.872017   1489.440063   56.198849   7.158525  3.586067   64.335098
14   -7.669738  28.033667  33.722008  0.686998  5.969375       7.989259    745.327576  170.725403   7.018632  2.008429  136.488235
15   16.167700  12.548453  32.367664  0.530261  5.342272      11.629555    810.099548  238.557419   6.358020  3.424782   78.075447
16   14.892083  -5.187259  15.807583  0.677964  6.398239       8.351203   1312.788086  105.333099   6.460786  2.679929  170.708939
17   27.131464  29.885344   8.200880  0.653297  4.751935       9.101650   1755.421631  216.357513   8.675303  3.440466  166.188324
18   -5.974463  42.291115  29.274067  0.669165  7.443262       6.602975   1306.083008  178.736954   6.558135  3.592964   80.644798
19   19.845694  22.091177   6.494679  0.628018  3.109639       7.311918   1916.849976   96.767464   6.669971  2.606978   68.746292
20   -1.182732  22.576654   3.762768  0.649260  4.449769       7.411563   1450.631470   80.983101   6.688152  2.332052   57.809605
21   25.750624  34.299568  16.214687  0.697350  3.574926       9.820410   1443.863892   85.828529  12.374194  2.237239  139.626816
22   27.050497  30.417843   6.029600  0.653125  6.572776      10.063890   1014.143982  220.449371   9.781195  2.295866  124.096718
23   12.917609  15.327188   8.161413  0.687887  7.158576       8.404070   1398.641357  226.434662   7.966809  2.589067  148.833344
24   18.956596  30.427282  16.142179  0.682185  7.647491       8.182251   1994.525391   69.767258   7.499137  3.598212  182.224655
25   39.069382  18.675777   1.981946  0.698872  1.533063      10.987243   1519.808350  131.761383   7.465789  1.700014   95.152802
26   38.405472  21.019192  15.604539  0.604307  4.434800      12.892094   1337.733887  146.824997   5.877392  3.155250  206.571396
27   -4.219267  38.492096  25.290169  0.678943  5.105652       5.702347   1581.893311  174.565384  10.195075  3.313123   91.726959
28   -0.067677  31.716637  14.775626  0.653903  6.461852       6.453362   1402.636230  122.833282   6.204401  2.470351   52.383724
29    8.876007  30.863577  42.326756  0.648968  2.522020       8.926632   1609.345947   43.858921   5.729889  2.811346  119.493553
30   17.769598  15.285231  24.972267  0.644717  3.315264       8.897636   1312.704956  165.625031   8.579630  2.878212  161.549866
31   21.169012  24.918444  32.442986  0.564594  5.348173       9.881605   1449.167603   98.560913   7.189064  2.375555   55.240921
32   38.543388  -6.570475  14.650781  0.672166  4.978256       8.970720   1760.174194   72.641945   7.227672  3.455726  255.190765
33   20.295174  35.089275   7.037107  0.649437  4.216948      10.267179    902.357971  233.332291   7.273710  2.693154   67.401825
34   34.475281  11.626113  13.400444  0.584912  6.949539      10.652359   1437.455444   86.607346   9.179340  2.653663  127.591644
35    5.413730  -2.612936  18.016581  0.654797  3.765300       7.139081   1786.955811   45.689072   7.183066  3.295979  188.498657
36   19.586750  14.431328  17.244274  0.674265  4.599436      10.981557    757.711243   23.489231   8.165046  1.921493  154.530502
37   13.598998  28.315739  39.202259  0.634345  4.962800       9.508705   1228.338745  131.622726   7.574274  1.980734   86.046265
38   19.756895  26.639551  19.945555  0.637054  3.469693       9.693724   1297.740479   78.842773   7.025336  3.691007  172.012894
39   34.193455  26.071756   9.262287  0.647634  6.542676      11.590995   1447.395020  218.755768   6.886417  3.351133  206.955948
40   15.593934  10.087101   7.845655  0.686215  5.442672       7.684981   1253.895508  140.104156   8.801604  2.704855  206.473541
41   24.843784  18.930342  11.865614  0.676357  5.279040       9.333896   1367.281372   68.140282   7.223446  3.793903  245.245941
42   25.407831  14.492888   5.351317  0.651563  4.065693      10.778995   1112.935303   54.902557   6.896718  3.698345  195.001709
43    3.433336  25.251205  12.907207  0.640573  7.889031       9.131824    762.864563  135.273697   7.677988  3.217410  149.595306
44   17.584658  37.887302   3.793611  0.671375  7.519727       6.798680   1864.582520  232.144073   9.870464  3.440867   91.242996
45   22.173754   8.435701   3.436264  0.596220  2.608976      10.477321   1226.462524   77.644402   7.413344  2.938461   86.514702
46   38.663952  -4.925739  16.586107  0.674682  5.763162      10.255754   1133.062988  114.083023   6.705455  3.302083  279.338531
47    9.621120  34.415390  23.911760  0.656716  6.333627       8.456043   1566.028931  245.130325   9.006502  3.474669  123.903709
48   15.431475  12.929310  23.979063  0.657490  7.645919       9.428791    878.026245   84.864258  10.863054  2.048389  154.379379
49   -1.832510  44.512974  45.100826  0.664076  5.171305       9.543179    991.493530  173.250015   7.040863  2.924689  126.694412
50   32.913696  -0.940951  17.104368  0.611710  5.479835      12.360154    729.212830   48.666767   6.187201  2.831424  157.105911
51    9.394611  29.358761  10.861792  0.697206  3.485659       9.272354    816.840576   94.240257   7.971119  3.710531  186.151169
52   29.994852  29.123486   0.929412  0.687405  3.543741      10.098247   1842.248047  119.491486   7.169824  3.770202  150.367737
53   16.453548  14.072062  31.294989  0.570154  4.025666      10.149583   1277.263672   45.134178   7.482435  3.747630  113.051125
54   31.529030  17.397003  25.281984  0.579670  7.551154       9.860874   1858.713623  161.845169   5.505514  3.067174  137.167084
55   37.360928   6.786754  18.248661  0.646408  6.985670      12.463395   1056.939331   98.997391   5.595373  2.712196  194.139359
56   18.631134  11.144020  25.271673  0.594533  7.099760       8.813049   1333.630493  207.444962   7.078100  2.169391   54.652874
57   14.739894  30.543390  25.238029  0.668647  5.541802      10.455362    707.517212  172.425888   5.887570  2.103687  162.193878
58   10.506916  31.752071  15.118464  0.633108  3.748357      10.565063    837.304443  126.896683   8.776291  2.967596   61.370117
59   24.084473  41.473103  24.225283  0.684625  6.428783      11.468863   1167.202148  190.056229   7.877687  3.673656  275.708618
60   39.875904  -4.215236  10.746855  0.668290  5.417440      10.320529   1333.340332  162.033371   8.377215  2.702553  245.802094
61   14.423141  36.203209   6.366932  0.630054  5.995740       8.971965   1025.285767  227.623688   9.508854  3.965417   93.074097
62   -0.215777  19.320162  46.469810  0.622261  7.734399       7.665695   1375.088013  247.630356   8.448258  2.705855  113.338531
63   23.261084   7.159771   6.451026  0.667556  2.706600       6.754383   1940.648071   80.971191   5.175691  1.791847   62.764801
64   17.648535  17.405779   7.762992  0.685125  5.840047       8.403296   1565.052246  139.977112   8.691807  3.000630  167.880997
65    9.521544  34.122448  18.337042  0.600140  5.888543       9.189966   1243.794800  241.767715   8.277170  3.598887   63.850365
66   28.886326  18.519552  12.376242  0.611195  6.449373      10.775625    932.497131  224.601974   6.655011  1.808946  101.983116
67   16.525766  10.118124  35.275452  0.634933  3.270039       9.544746   1313.300537   35.421665   9.536756  2.614391  109.162422
68   16.240959  20.589743  20.109365  0.620175  3.869338      10.533816   1142.721924   92.181778   9.067107  3.615986  134.060608
69   18.233751  20.394012  31.005980  0.647909  5.545914       8.905037   1324.837646  127.557755   6.734662  2.515265  153.321564
70   19.434986 -16.767542   7.122035  0.673091  7.976697       7.168428   1290.204590   33.041161   7.741186  2.655403  171.656052
71   20.979431  16.662062  24.384436  0.666701  4.627572      10.757230   1085.496948   92.205864   7.701774  3.505089  205.541794
72  -11.921316   9.628379  23.109741  0.653157  2.271023       8.049760   1794.220947    6.626579   7.884891  3.339277  135.114288
73    8.591544  20.630285  37.132828  0.694099  6.576266      10.554206    874.546082    7.097426   9.103868  3.256736  219.229065
74   31.181208  13.500957  26.978022  0.645021  5.793802       7.184565   1777.691162   75.111061  11.041284  1.596095   83.056900
75   10.198298  -2.502407  30.259727  0.676768  2.938951       5.852062   1720.859375   44.894314   7.965921  2.998759  218.543701
76    3.611048  -3.827380  11.066853  0.651699  5.039832       8.945282    914.153748   99.657120   8.809752  1.651685   97.536690
77   25.284321  23.274895  30.076992  0.588183  7.069634       9.731398   1773.213501   26.971655   7.390676  2.839444  110.198151
78   17.864359  24.051819  27.600180  0.640199  3.084704       8.789616   1559.704712  197.775879   7.176082  2.775876  134.803467
79   26.117184  -1.191786  43.846558  0.611980  6.729319      10.161512    902.232300   49.053703   7.990338  3.501265  127.901619
80   31.703846   8.887090   6.537232  0.661381  2.054408       9.391629   1577.740601   68.964973   5.582817  3.927477  263.945038
81  -11.663882  31.749554  39.610825  0.626647  4.887870       6.429688   1468.359131  212.655090   8.754503  3.133332   65.445152
82   26.052443  19.682528  31.531771  0.631536  5.990069      11.298748   1056.985352   27.928150   8.323054  2.012063  109.945724
83   23.552601  34.678555   5.002259  0.669937  5.851244       7.504491   1557.889282  182.892181  10.313445  3.332027  158.200958
84   30.846207  -5.163548   8.546947  0.600242  2.764456       9.663252   1934.227173   55.323479   6.595172  3.000649   90.587952
85   22.981197  31.701385  10.518517  0.697423  7.089566       6.816580   1570.123047  159.824463   8.153124  2.363991  165.457947
86   -5.441508  42.563797  41.461414  0.666923  4.467272       8.715169   1193.726807  244.884872   7.989426  3.762410   96.402756
87   18.573473  38.851894  13.357030  0.685126  7.350005       5.392747   1804.802246  167.233017   6.886063  2.046570   88.724129
88    5.849943  45.645294  28.941610  0.696928  5.642483       9.490069    721.415955  245.598953   7.075893  3.457808  174.496429
89   27.369410  18.646461  19.891348  0.681255  7.737040      10.250728   1062.784668  129.478912   7.440323  2.772218  240.046524
90   10.905846  29.814129  28.137157  0.676372  5.518738       7.703733   1795.758667  150.308701   8.605833  3.333905  168.591141
91   13.558962  27.618933  34.572197  0.602055  3.109695      10.103373   1142.435059   84.498985   7.562150  2.507771   78.802887
92    5.406927  38.081970  49.053616  0.688778  3.039679      10.436509   1282.986206   93.460304   6.425709  3.393588  204.476868
93   21.185677  38.887310  23.681444  0.581061  3.255885      11.110060   1813.052002  129.550293   5.027040  3.926728   77.672272
94   20.998941  41.573498  16.574890  0.661353  4.200201      10.159376   1408.124268  190.518951   8.917794  2.528102   58.939030
95   11.691258  28.416082  22.392815  0.597058  7.223385       8.147627   1468.561035  105.111519   7.011090  3.540704  118.414917
96    3.183918  39.250977  30.659220  0.672704  6.842909       7.064064   1734.696289   75.150673   7.265760  2.927495   89.280350
97   22.460875  20.919174  11.658285  0.694944  6.776073      10.456288    806.385681  210.240479   9.566747  3.635188  269.314941
98   21.523705   3.654662  20.762836  0.675109  6.044943       8.199797   1102.790771   46.236725   7.632937  1.777176  143.458130
99    9.265307  14.260700   5.299622  0.650558  5.637180       9.641662    783.164062  134.062134   5.917000  2.390162  153.107910
100 -19.858055  27.342407  48.800762  0.655485  6.218954       5.012495   1735.047119   94.589745   5.968390  2.815530   78.917725
101  19.394602  31.943195  29.406876  0.627767  4.566457      12.348912    745.856384  137.386398   9.345465  2.225586  128.614548
102  -1.022922  14.724090  18.213573  0.653075  5.866463       6.955736   1256.034058   89.534943   6.717878  2.942059  181.966309
103  17.060207   6.309799  17.618139  0.543235  5.204473       9.191135   1580.172607  114.582130   7.100596  3.204159   56.575039
104  14.855173  24.472973   5.342938  0.695899  7.993967       8.678608    707.443054  110.677628   8.530727  0.974201   55.778381
105   8.870001  12.562551   6.571210  0.640167  5.870082       9.121356   1128.291382  223.952698   6.493775  2.857079  135.104401
106  24.060633  24.564365  28.159849  0.574282  4.381860      10.042581   1582.259033  202.977676   6.665686  2.619661   78.080559
107  -7.400460  46.815186  29.083755  0.698380  7.514396       5.905990   1580.756226  112.362854   7.222370  3.984054   79.358963
108   3.763518  32.322556  43.268608  0.572406  7.652894       9.556664   1275.699097   62.768429   5.678060  3.068745   68.284622
109  19.524910  21.799623  30.577030  0.679661  3.706528       8.900996   1255.778809  112.878761   9.330482  2.791357  215.924805
110  24.297499  27.031164  12.766253  0.595222  5.048109       9.838518   1561.172607  217.861343   8.751760  2.588407   53.558571
111  20.542036  17.264761  31.990677  0.668749  4.364206      10.734817    943.442749    8.978118   8.813024  3.816912  250.894867
112   6.422723  33.526695  24.856810  0.669319  5.487628       8.088614   1424.569580  151.352982   6.726337  3.387536  128.074829
113  36.446640  13.296300  11.063551  0.688635  7.507936      12.519761   1128.969971  130.373322   7.385873  3.500074  282.126953
114  11.053756  25.489046  14.767691  0.624341  4.179506       7.694071   1764.591553  101.913368   9.009551  3.350612   98.871941
115   1.817148  40.345619  31.897346  0.651884  3.775359       8.478600   1332.317871  138.725296  10.756524  3.219359   60.736553
116  23.761114  28.178782  40.847416  0.666192  4.569044      12.113955    987.487427   19.472166   5.378979  3.002707  248.998703
117  15.430152  32.371609  10.237897  0.642693  7.727936       7.535704   1144.844727  230.954803   6.320812  2.054219   57.292622
118  33.553295  18.561913  20.630821  0.626075  4.879787      10.352281   1549.118896   39.208717   8.379045  1.606209   51.790089
119  16.565456  22.221712   1.541589  0.680697  5.415492       7.850671   1119.222290  132.511795   7.175880  2.823384  176.458252
120   4.137263  38.110306  42.904358  0.671019  7.328657       7.993899   1696.628052  132.382126   7.264050  2.755878  140.300781
121   9.879194  30.907740  18.510153  0.646817  4.439618       9.218077    801.265442  137.632629   6.393704  2.274167   96.754890
122  26.843538  14.522919  17.918356  0.592860  3.171934      10.626194   1752.415283   43.331078   7.255479  3.755048  131.218338
123   0.188256  33.057480  36.483681  0.624904  6.062180       7.417679   1755.331177   50.623451   6.976246  3.489870  102.824936
124  26.575607  29.409197   1.623570  0.690573  5.481406      10.555200    893.773926  124.080154   9.212913  2.934376  173.389542
125  34.827488   6.451320  14.413114  0.620316  7.843467       9.567090   1923.583496  130.885376   9.048427  2.709858  141.492783
126  18.600143  45.328007  19.227522  0.650811  5.390265       9.848466   1749.966187   66.989159   5.562288  3.090622   71.545975
127  32.026863   9.604654  28.992359  0.635629  2.844365      11.765286    923.674316   38.434109   6.157823  3.388444  206.031021
128   9.584044  22.878799  37.571896  0.698349  2.111036      10.257218    713.814453   35.063793   9.593647  2.605981  239.294998
129  15.288751  18.640266   1.770933  0.614353  7.581990       6.887356   1808.288940  126.573395   9.510711  3.564786  142.095428
130  18.885590  18.606937  29.376299  0.694910  7.892396       9.147784   1048.560181   83.675117  10.562428  1.736649  160.032898
131   9.902814  34.952679  36.275295  0.617346  5.845440       9.151366   1166.350464  224.340118   7.963769  2.105831   73.296417
132   8.178281   9.334290  15.035933  0.597549  7.843748       6.823351   1938.020386  174.086075   8.106478  3.756345  149.115005
133  17.619846  -2.207274  28.317421  0.661169  4.545763       9.510627    864.130371   89.789467   7.214632  3.471250  220.791031
134  16.738523  26.213221  19.479074  0.669293  7.714037       7.929116   1236.387573  193.262619   8.806565  2.282704  149.402390
135  28.402588  13.155983  14.998401  0.629421  6.490786       7.279404   1836.709717   19.149378   6.436704  1.814128   70.435875
136  14.703444  26.239178   2.228059  0.678595  4.944590       7.525816   1508.807617  224.784775   8.400076  3.026147  128.888977
137  33.806984  41.406654  14.435341  0.621849  3.701418      12.661246   1638.271362  243.468185   6.110838  3.236364  155.485931
138  21.551319  29.802153  35.406364  0.554896  4.155201      10.245033   1794.828857  128.140289   5.627303  3.071884   94.193336
139  -2.231818  30.466333  39.119953  0.652665  4.814415       7.834659   1337.446533   69.911980   7.440621  3.969621  158.181122
140  19.399313  16.973427   0.604197  0.612654  5.938099       9.131893   1080.059570   87.523727   7.961722  3.270401  141.156235
141  17.301632  27.733768  26.372053  0.638884  5.249115       9.928993    941.754761   75.041466   7.615309  1.969919  107.981346
142  33.712234   1.765479  14.169724  0.692006  7.199690       8.107515   1981.107422   35.478783   6.621504  2.432436  198.809357
143  14.585631  36.661575  10.209661  0.692443  5.572759       9.109289    818.032959  130.018219   8.755235  3.135236  148.907227
144   6.060522  42.225227  12.289692  0.687521  7.587930       6.307744   1098.532227  177.620880   7.485584  3.191869  110.298050
145  14.916956  13.501281   4.764575  0.628317  6.181040       7.489971   1654.667358  153.979813   6.766027  3.259438  148.339462
146  39.236595  16.913244  23.184147  0.622976  7.583200      13.693954   1084.193848  136.696335   6.301832  2.413819  173.850082
147  14.132307   8.101617  12.277761  0.607780  4.321593       8.725559   1490.248291  114.603958   8.276728  2.789979   86.930290
148  17.674923  14.593676   9.213155  0.626910  7.679884       8.349008   1863.399780  224.022110   6.942626  2.920707   98.933342
149  25.053192  11.261889  15.233665  0.691560  3.106899       7.961940   1775.340088    2.232888   8.036768  3.223429  243.454636
150  15.189793  25.633194  22.708946  0.692369  4.420332       9.706546   1194.842651   81.385361   9.695179  3.822764  218.739700
151  33.838772  20.063627  20.075634  0.614252  4.784843      10.826571   1367.636108  120.682022   5.604781  2.791747  185.552597
152  16.597109  23.784651  26.630569  0.615928  5.572423      10.495672   1100.490601  140.065262  10.141191  2.047359   51.423737
153   6.476512  26.002268  26.055952  0.696340  7.393823       9.437698    738.406128  143.780457   5.523758  3.652071  245.100876
154  15.823195  30.635231  10.909968  0.647640  6.666022       9.859682    915.945496  129.215027   7.013766  3.407839  136.287094
155  27.873943  30.385355   6.724667  0.670583  4.816767      11.152789   1186.546997   97.090981   6.016977  3.994306  185.638763
156   7.824215  22.212521   6.305954  0.612871  4.274499       6.760291   1999.391846  192.737000   9.759440  3.504489  101.528328
157  13.036522  18.280066  37.588669  0.680643  7.486294      10.201269    892.934998  235.242004   7.925025  3.770977  245.886703
158  -0.736276  32.751137  24.605553  0.663349  7.079585       7.517271   1149.889282  164.789642   5.472702  2.702688   89.259430
159  30.538712   3.887883   1.383734  0.633073  5.400938      11.750208    928.858093   58.315067   9.020061  3.815434  211.683334
160   2.237713  40.537560  19.661295  0.676573  5.811073       7.482885   1080.944214   47.724350   6.734995  3.565670  104.409508
161   4.426560  24.753979   0.000120  0.626348  6.805671       5.692568   1561.691284   94.669899   7.948248  2.748177  100.518456
162  21.394930   9.268330   1.918370  0.599358  5.094103       8.201026   1901.762207  235.845779   8.921560  3.993440  153.840500
163  -4.996466  41.906128  24.476782  0.699362  7.348614       6.180424   1348.484619  240.017715   9.939878  3.264206   82.962280
164  13.019397  10.989443  21.484222  0.650012  6.457865       8.913524   1635.702271   38.624847   9.867810  3.760894  175.215591
165   5.935461  34.417141  27.457432  0.687935  6.443403       9.132673   1010.599670   98.966125   7.825927  2.909593  145.582733
166   7.374207  30.545517  13.580474  0.665112  6.220185       5.567931   1483.109009  108.352600   7.371999  2.224247   82.457695
167  -2.816440  24.978645   3.200427  0.614439  3.392871       8.770296    904.910156  152.054901   9.439983  2.637948   55.660690
168  35.018478  34.112881   5.491617  0.629173  3.544260      11.976720   1453.543701  148.997849   7.823119  3.207278  123.994858
169  -6.236437   4.776272  26.885506  0.631660  4.486436       7.496498   1218.009888   12.949879   9.373687  2.996145  177.737427
170  14.679534  21.202681  20.051380  0.663670  2.572755       8.154327   1249.744751   46.895473   8.836596  2.055701  104.335335
171  13.621585  33.426537  30.522522  0.616682  6.320903      10.260621   1058.484131  213.749374   8.518213  3.767669  169.501297
172  29.774124   7.465829   9.429636  0.685648  5.243045       7.472149   1875.593140  145.980637   6.627793  2.136711  162.572266
173  13.797122  31.707060  18.584970  0.618279  5.960418       8.825299   1534.179932  231.559738  11.621456  3.030948   72.548759
174  10.937018  16.589533   6.778585  0.691392  5.684030       8.625498   1220.992065   65.355362   8.232571  2.912978  185.007782
175  17.489033   8.958961  13.773761  0.687177  5.138894       9.129992   1103.769775  135.264221   8.766078  2.341970  177.792938
176  12.105625   9.475960  26.157982  0.586263  7.461698       9.409705   1062.308594  199.985123   5.096831  3.698769  145.260605
177  32.842476  21.185110  16.833599  0.633744  5.746643      11.035346   1158.187378  109.299950   6.177679  3.239879  234.338547
178  -8.260395  10.432273  10.658584  0.624403  4.596354       8.046227   1411.648926   64.095871   6.995389  3.339023  143.729218
179  25.739504  13.576129  12.835938  0.686145  3.481741       9.769853   1561.381470  125.837868   9.423433  3.663934  224.179352
180  27.222858  36.489323   2.671179  0.677343  5.329476       7.279862   1750.484863  150.481705  10.731304  2.842321  129.249771
181  20.154484  19.455023  26.344154  0.699024  6.133902      10.795068   1002.641052  134.631622   8.000820  2.788186  218.863220
182   2.375358  41.483456  41.245941  0.665719  7.225940       6.533775   1868.692261  186.469711  11.126864  2.369745   94.814880
183  -1.079192  23.530899  37.196468  0.697950  3.504304       8.081587   1107.203247  131.744217   5.831498  2.767328  177.707977
184  20.901445 -11.511240   9.414191  0.640373  5.630622      10.209222    754.898376   41.703487   6.590312  3.122424  180.156036
185  39.470352  28.831694  36.370285  0.607556  3.764146      13.949640   1785.912964   57.933773  10.846803  3.833887  251.308228
186 -11.819300  29.017799  44.228828  0.599547  6.461141       9.148884    821.798401   93.915581  11.396403  3.225693   69.806038
187  10.880713  20.821943  16.276836  0.694241  2.868025       9.275889    904.186462   81.573257   5.453454  2.880481  196.330948
188  18.064362  46.647800   3.325447  0.666646  6.990247       7.111905   1107.176514  210.949966   5.489314  3.810732   94.052040
189   8.662630  15.936012  27.943899  0.610193  4.433827       7.925023   1408.711792   72.811218   7.596426  3.060101  131.116470
190   9.709081   2.694239  47.061672  0.650036  2.901696       7.584464   1374.826782   57.934170   6.806293  3.369726  196.875168
191 -16.569729  39.251835  43.788269  0.683743  5.065611       5.528041   1406.654541  105.281906   7.048985  2.818173   53.366821
192  14.993480  24.075953  38.744022  0.695763  4.631235       7.518347   1546.400146   50.477249   6.871284  2.115985  166.307999
193  53.233204   3.937758  35.926365  0.653556  4.530972      12.458536   1876.121094   33.177208   5.240912  3.549919  203.296997
194 -12.329809  34.509090  39.899109  0.656120  7.654718       5.178626   1975.067871   80.199799   6.091236  3.808599  119.328995
195  15.648271  20.937586  19.404701  0.641304  4.405892       9.897124    921.024048  121.672302   7.896626  2.035924   96.749290
196  -0.615816  29.975298  32.483883  0.623985  6.990904       6.705201   1540.037964  179.515152   8.766489  2.454010   52.436264
197   3.280767  37.492416  30.009195  0.587687  5.577561       9.547625    945.122864  200.969284   6.716465  3.785923   77.337479
198  11.577773  33.804497  33.267696  0.698428  5.766757      10.651076    718.652832  122.782242   6.118773  1.747532  176.955002
199  14.977289  29.938061  28.460878  0.694768  4.412902       8.176002   1255.394897  130.637772   9.047780  2.546715  207.309845
200  15.668530   9.538959  28.208010  0.684811  4.457236       9.221871   1041.365845   65.064384   7.807493  2.740584  212.712921
201  18.977747  18.578846  29.653502  0.526183  5.048733      11.226948    810.286499   47.760731   9.289104  3.660593  112.445244
202   9.078591  38.445511  18.480330  0.649479  5.812724       8.126763   1044.129517  153.693085   9.433303  3.968006  139.730896
203  -0.329334  31.920303  27.029598  0.688882  3.943395       8.434380   1265.564453  102.753059   9.599578  3.845760  139.324966
204  26.097809   7.505648   4.442033  0.607553  7.127859      10.333200   1070.392578  173.039246   6.137957  3.236694  156.189941
205  24.851908  19.807837  15.754979  0.686844  3.401336       8.502351   1866.262817   93.806847   8.054217  2.927320  197.812210
206  -4.729157   0.428224  45.840687  0.613422  2.289565       9.483538    838.030273   21.056919   5.971241  3.001613  155.017151
207   9.475685  34.805065  38.333977  0.674322  2.866178       8.595641   1940.672363  123.049652  12.317499  2.331943   63.642223
208  38.367901  -3.961592   6.806484  0.628766  4.572914      10.892220   1601.194580   88.778984   5.668870  3.953888  232.263245
209   3.186847  26.487051  18.009319  0.655778  6.771789       7.749772   1560.749268  221.382202  10.396653  3.548815  130.829910
210  18.694191  13.596616  13.019110  0.671071  7.120196       8.537570   1720.194946  160.992905   7.833463  3.251939  177.377350
211  31.030167  17.555017  13.346308  0.593948  4.203594      12.421377   1042.458862  161.711044   7.587351  2.405270   93.388489
212  27.138861  24.936943  41.400261  0.661174  5.436455      11.891073    970.578918   48.129135   5.276518  2.543638  226.819992
213  -8.026901  27.844080  36.557339  0.602711  4.634045       7.995128   1103.181885  107.027901   9.028879  3.423841   82.950027
214  38.827404 -10.274173   3.906732  0.649387  7.245255      13.151294    866.993103  152.502518   7.747533  3.448500  253.674255
215  48.753990 -14.194061  16.862652  0.631958  6.213600      11.152915   1998.803589   27.949383   5.780923  2.853909  183.931885
216   2.232235  12.352585  20.751883  0.660005  7.657801       9.115160    998.043457  104.014389   9.105962  2.865699  172.314301
217  11.791052  27.098776  37.130184  0.612535  2.308111       9.219452   1355.012329   42.036758   9.006591  2.412681   66.402512
218  16.451868   8.420934  17.734529  0.556349  5.766256      10.354740   1056.921387  200.186142  11.128349  3.857354  113.854698
219  -4.200964  34.596462  37.071648  0.692328  4.598774       6.785786   1711.914551   89.631447   9.888037  2.846561   90.491920
220  13.506671  24.621147  24.368521  0.659297  7.132076       7.180885   1418.629883  148.690033   9.186982  2.076719  114.586044
221  29.611177  20.682383   3.319884  0.691141  7.081652      10.575348   1136.636353  135.096649   6.297579  2.326929  166.118835
222  11.242002   9.598400  16.201988  0.531876  6.302931      10.244895    999.722168  160.509201   6.871320  3.224487   59.529102
223  29.016344  -2.126935  16.372162  0.656340  7.871438       9.014292   1789.407959    1.278370  10.414554  3.627408  192.972137
224  -6.064300  31.043198  37.907074  0.687265  7.017963       5.710515   1863.243774  146.973068   6.704623  3.945171  188.192520
225  -6.118210  25.873270  35.564613  0.694117  6.717121       8.884324    757.516907  140.424225   6.860276  2.681417  183.708771
226  12.620680  27.202272  29.136341  0.684200  5.594693       7.818449   1596.306641   54.550941  11.320249  2.746317  170.097351
227  21.460812  24.332247  11.604507  0.631617  4.561241       8.333607   1459.017944  162.300919  10.863535  2.730980  123.527267
228  19.223028  32.574989   6.614810  0.674122  5.248133       8.953398   1061.950806  127.852982   7.691286  2.612257  107.490540
229  17.809031  12.132647  18.994320  0.603333  5.299898       7.514603   1503.307251  159.005920  10.815097  1.968257   50.683075
230  25.544983  11.155541  47.169212  0.620266  7.599958       8.809977   1353.942871  133.900986   6.310572  3.774913  187.696289
231  22.330738  34.410992   9.181056  0.663470  4.441671       9.476271   1347.674683  215.377319   8.497893  3.851515  153.362686
232  20.028315  21.181780  21.909775  0.619743  5.217987      10.144375   1349.700195   82.039040   8.929413  3.241466  133.883011
233  16.461033  31.137100  19.873161  0.611099  3.483682       9.525975   1391.803589  170.981247   9.167577  3.656280  107.320351
234  40.862694   3.166239   4.695699  0.649117  6.444636      12.204233    899.507080  230.039383   8.070507  2.040603  250.247589
235  39.650074  27.245338   2.051468  0.584674  2.653112      13.435462   1664.015869  145.228714   6.241084  3.599955   80.127892
236  20.325712  32.145161  13.239727  0.630634  3.443841       9.439941   1768.641846  210.178482   7.035235  3.687089   99.739761
237  20.906412  16.978607  36.330261  0.681068  5.949992       8.875970   1355.520630  130.085236   7.169137  2.501760  192.586029
238  10.775891  13.452273  18.226938  0.583985  6.618723       7.568974   1594.910645  117.097015   8.528256  2.612424   66.578957
239  44.822178  15.958056  26.088696  0.584616  2.904186      12.696266   1912.375732   54.987427   5.958062  3.461529  213.081268
240  21.308565  16.598072   1.137954  0.634482  5.805913       7.857868   1335.410278  203.009689   6.930344  1.943664   62.649693
241  38.475910  -9.223003   4.800775  0.537371  4.922061      12.614782    966.398132  137.919693   7.202263  3.224060  125.517509
242  14.164579  22.191771  40.330227  0.518910  7.192846       9.278955   1468.110962   99.574226   9.420516  3.089077   62.075119
243   8.018541  30.789459  33.320129  0.676150  5.906590      10.310881    756.663696  117.457817   7.184550  2.879248  195.182861
244  34.391777  33.183380  18.997021  0.593767  2.620181      12.896057   1387.694458  133.945236   6.253815  2.737700  130.741898
245   4.790942   9.195828  13.411973  0.616973  4.998600       7.797051   1754.837891  136.011292  11.266420  3.320799  124.854568
246  32.561928  36.978477  24.523270  0.647744  5.388990      10.622944   1988.805298  160.243942   9.555797  2.392433  212.499115
247  36.560783  17.683771  23.742981  0.697398  7.743281      12.748583    971.732300   49.358421   6.429469  2.805416  300.865265
248  15.215218  21.822649   9.701894  0.674102  6.097205       5.511755   1865.057251  201.389984  10.526112  1.927626   78.726479
249  26.880537  28.303518   2.770977  0.678911  4.939178      10.938250    765.079773  151.284851   9.103081  3.729385  215.714050
250 -19.940336  -1.210343  37.363663  0.593224  7.296176       8.281859   1513.954956  145.073303   7.065175  3.921049  147.325958
251  27.293787  -1.374561   3.907624  0.679030  6.626105       9.088023   1010.131409  133.110001   5.789658  1.359174  113.032104
252  16.015675  22.560114  23.596073  0.630609  5.017379       7.018081   1623.017212  179.882919   6.746130  2.196664   94.782211
253   5.493074  34.890488  32.375702  0.620998  4.799170       9.106748    926.477112  158.482742   8.870344  2.501736   80.846695
254  25.466393  10.368512  14.048309  0.605235  1.523404       9.900263   1274.912598   35.112560   9.842877  2.910101  133.642136
255  31.241671   6.189053  11.309058  0.659306  5.548960       9.887179   1502.118286  105.540047   8.125240  3.787098  243.676010
256   4.566744  26.548822   9.457194  0.553203  6.615907       8.563280    961.326538  249.180008   7.436509  3.490978   67.408981
257  25.456100  39.272869   5.077306  0.640625  4.722409       8.971078   1982.338745  225.132736   7.390756  3.866289   85.651024
258   5.241791  23.818399  18.749075  0.609142  5.748220       7.883282   1756.586060  106.634048  11.693497  3.251555   74.888161
259  41.033596   6.539505  21.636286  0.536400  7.319078      12.535019   1390.099243   83.929138   5.005244  2.737350   82.961365
260  19.486021  24.528561   3.548938  0.661033  6.647365       9.251912    963.325012  147.477386   5.833661  2.276787  113.494881
261   4.700481  28.030342  22.403646  0.593836  4.381116       7.805350   1458.406494   61.349766   7.887997  2.991343   52.643230
262  11.405594  42.425209   9.287527  0.679673  5.839667       7.297650   1082.536011  222.587784   8.447010  3.571062  107.266052
263   3.765032  22.489563  19.482866  0.612950  4.273467       9.585208   1033.930298  147.200836   5.532827  3.473967  101.004532
264   9.776581  19.983418  25.673101  0.687487  4.103080       7.983524   1184.602905   92.157913   8.932712  3.434887  240.052444
265  30.518656  36.392704   3.152958  0.641280  3.918340      10.215446   1492.043701  214.578751   8.343358  3.473326  105.224899
266  33.616486   2.419590  18.004993  0.588533  6.607405       8.991855   1848.453247  121.334595   6.326831  2.689364  104.263855
267  36.321663   9.189161   1.494764  0.695484  6.179427       9.824796   1617.242920   82.983948   7.473265  2.817380  260.873383
268  16.782803  -4.384145  17.473717  0.530566  3.456557      10.626436    758.464294  119.249809   5.939520  3.800759   99.272980
269  10.236199  15.209327  26.505295  0.582693  7.716724       8.906758   1463.049316  195.259628   5.288504  3.346330   99.662682
270  10.029218  28.520082  25.889465  0.699565  7.624753       7.649366   1050.586914  178.681183   7.448513  2.218901  183.370789
271  27.739979  16.842812  19.665342  0.629578  2.592007      10.084668   1315.230591   30.989056   8.119699  2.395338  135.018402
272  16.176039  27.641718  27.225393  0.667838  4.549564       9.122707   1386.782715  108.988487   5.210596  2.083241   90.426453
273   6.138411  36.713741  23.695244  0.625918  6.168391       7.298509   1703.260864  241.716568   7.657537  3.659830   93.219002
274  23.262249  28.339146  14.694075  0.659425  5.808510       9.141954   1413.253174  121.947525   8.277771  3.960442  222.907745
275  -1.731846  30.346754  33.763004  0.527503  7.690419       8.581105   1171.106812  187.463318   7.846484  3.850504   53.113224
276  17.516975  32.135361  37.971840  0.654954  6.154943      11.067321    861.070923  127.527321   8.229155  2.729740  231.395676
277   6.054962  17.141008  47.944077  0.633257  2.992790       7.794250   1768.600830   30.030182   9.320788  2.264318   59.354000
278  -2.372087  12.005569  10.847842  0.625093  3.626080       7.322865   1261.652710  107.269463   7.341916  2.981536  155.299271
279  11.968115  37.385494  32.486710  0.633353  6.842064       8.660156   1904.227295  213.649353  12.860832  2.804988   92.954018
280  24.958187  42.131485   9.642256  0.670708  4.255933       9.975340   1217.471069  243.800079  12.116223  2.708976   90.477905
281  24.945835  28.240559  23.832958  0.523468  4.721920      12.419206   1079.917114  219.086105   5.833549  3.077178   62.046906
282   8.083709  20.256075  18.627041  0.620150  2.948472      10.623373    763.960876  109.040092  12.826704  3.907899  147.791443
283  10.847892  17.701797  11.377658  0.573068  2.818960      10.020430   1017.834778   57.314285   6.218585  3.683835   90.697845
284  41.458996  17.065493  27.554256  0.696607  3.602036      10.258633   1952.783447   69.739830   5.759208  3.845209  374.613586
285  13.723472  32.728802  37.186504  0.697835  6.093848       9.631654   1111.691406   81.858414   6.453771  1.636194  130.550644
286   5.645551  33.239429  11.136335  0.639816  7.106262       8.857294    836.877014  201.271332   5.593399  3.571020  108.178207
287  -2.876429  36.957554  22.227057  0.686506  4.629142       5.729000   1529.284668   42.513241   8.620317  3.093185   97.978226
288   7.421854  34.249313  26.078981  0.576894  5.805039       8.755483   1513.723511  194.631699  10.931491  3.697209   63.256424
289   4.714389  34.009682  23.034473  0.696418  3.341034       9.317951    949.976318   93.975777   8.660839  3.255865  128.093750
290  12.525515  34.336472   9.929343  0.629776  7.520087       8.497168    950.914185   53.856930   6.536097  3.174119   98.384300
291  13.289483  33.658417  12.490385  0.685073  6.079089       7.576519   1619.613892  193.138260   7.792735  3.786714  159.866852
292   0.586426  46.170860  26.096836  0.688915  7.041850       6.063612   1533.078247  229.611496   8.639188  3.084048   74.685623
293  27.976896 -11.197740  13.206394  0.604500  7.994997       9.308677   1247.593384  245.963943   7.693695  2.697043   98.677315
294  -3.295648  43.269897  42.044449  0.613059  7.808856       6.603609   1845.604736  147.752975   7.287841  3.208081   75.079964
295  22.893791  10.894644  11.382833  0.635316  5.856449       6.938567   1978.040894  185.761459   9.220640  2.458328  117.637222
296  22.461353  25.349461   3.684764  0.688762  6.640436       9.602098    973.740051  221.213806   8.562520  2.538887  162.654465
297  37.377254  31.408230   1.977673  0.629864  4.617230      10.679778   1526.329712  242.797592   8.119598  2.360110  106.339302
298   7.878357  21.711885  11.610885  0.631129  6.584068       8.622145   1093.639160  143.194168   5.464398  2.459886   84.836884
299  23.752087  14.203859  18.951963  0.698276  5.980116       9.062410   1078.101685  145.867950   7.188470  1.420878  124.545120
300  24.356003  23.825405  39.090668  0.628374  6.381632      11.081660   1091.285156   73.030746   9.527936  2.448633  156.692276
301  27.987514  36.931400   1.143116  0.654250  5.180126       9.697426   1162.879639  246.021423   8.253590  2.885594   90.141083
302  21.242571  29.711206  19.735312  0.689940  2.941226      11.558455    857.094177   89.877747   7.176661  3.317401  205.938461
303  19.969477  23.864021  21.364796  0.668180  2.512241      10.458208   1093.091553   97.019905   7.548711  2.410170  133.412445
304  17.150194  38.649624  21.875092  0.694392  5.369882      11.106339    821.957336   99.320404  10.686649  1.733352   96.043953
305  20.124165  27.417643  36.889351  0.695498  6.880951       8.078076   1687.397339  186.730591   7.479234  1.663642  112.870682
306  27.794504  12.815714   5.623851  0.667715  6.160516       9.158101   1524.826782   97.144081   5.010446  3.192643  209.825058
307  23.005386  23.977873  18.482475  0.668099  2.510572       9.078043   1702.281738   92.779572   8.644807  3.977474  218.193771
308  -1.860500  21.381552  25.385414  0.670138  3.740232       8.174748   1434.588257   88.302361   5.119031  3.190277  136.312744
309  35.153339  12.736530   3.552567  0.631092  5.396983      11.251916   1156.512573  211.165024   8.777253  1.933199  112.983337
310  -1.142727  39.020447  43.960865  0.617831  7.606804       7.982906   1441.218018  219.813721   8.222899  3.254492  112.917343
311  33.001041  18.327839   3.623393  0.550824  7.926866      10.239692   1846.246216  181.053345   8.088459  3.177032   87.581886
312  13.292951  41.519753  27.887466  0.585548  7.324877      10.258101   1137.664673  207.101974   6.707189  3.637106  109.684654
313  29.716106  28.596851  10.165302  0.622736  6.984619      11.749616    865.801636  154.721008   8.741708  2.096261  118.911026
314  18.098486  21.758390  17.829279  0.692728  7.786324       7.957732   1343.183472  158.787170  10.265502  2.988308  220.008286
315   2.216716  29.069666  11.992536  0.679484  4.976655       7.884013    738.935303  103.234222   8.025955  1.974358  128.130692
316  12.604980  35.540195  25.868162  0.692699  5.870722       9.223883   1386.626221  179.534729   6.409829  2.869035  143.972061
317  20.538433  46.046059  24.853258  0.577391  5.030462      12.962972   1066.821411  209.336044   6.768611  3.204623   79.098236
318  16.097282  27.395660  26.049580  0.685152  7.723692       8.159326   1429.899902  108.654030   6.920715  2.391298  160.929764
319  15.581482  13.772977  26.561071  0.613977  6.759927      10.991125    860.291077   63.041695   5.297206  3.511787  154.516052
320   3.916672  18.691189  21.709837  0.659525  5.026024       6.717992   1873.311035   52.318577   6.074101  3.253199  157.678146
321   2.459788  20.320616  34.030052  0.546128  5.063089       7.830024   1715.781250  135.367401   6.449166  3.488235   68.625198
322  10.346109  25.248936  14.913890  0.655248  4.093863       7.552403   1248.183350   32.730556   7.370959  2.524697  113.948174
323  13.055846  29.332825  38.380947  0.661259  3.962025       8.094806   1841.757690  177.549728   6.369086  2.559313  131.079239
324  35.918869  -6.932007   4.170707  0.677439  4.555767       8.654983   1622.233276   24.974581   7.935635  2.804920  248.625320
325 -15.810891  35.143654  39.882267  0.652316  6.772074       5.992233   1672.985107  158.197372   6.679814  3.422200   66.552231
326  18.338215  15.242650  30.865133  0.566954  6.733352       9.268249   1582.739502  118.604973   8.312241  3.273974   98.510048
327  25.042810  18.772629  19.649532  0.548603  6.169342       9.333941   1947.204102   69.433762   6.792874  3.944947  124.242882
328  -5.154371  20.814182  38.821510  0.649795  5.216763       6.371494   1960.874756   82.303459  10.041069  3.165676  131.519348
329  26.686533  19.889956  11.796728  0.615850  6.039762       8.395594   1909.583862  153.067795   6.070009  3.576896  180.043884
330   4.821883  25.447826  23.155476  0.678350  6.270915       6.485789   1392.817505   92.844147   7.958665  2.483971  144.840317
331  24.133102  37.195866   0.923593  0.699174  4.620789      10.193769    875.889587  101.850868   7.672199  2.647791   93.341637
332  28.789286   0.271475  19.791237  0.670506  5.051882      10.162087    857.408142   24.803020   6.172957  2.860877  228.611816
333  10.130498  18.286783  22.865553  0.603466  5.534168       9.358051   1191.660278   92.991989   9.299879  2.945448   94.552826
334  29.139551  13.172611  29.221405  0.561601  4.895226      10.399067   1528.737183   38.083069   5.374748  3.420706  121.842926
335  25.164318  34.946087  16.321087  0.686301  5.949763       7.536004   1787.087402   69.016640   8.335156  2.686083  211.656174
336  21.954039  14.703199  12.707900  0.670650  5.209018       8.589240   1650.280029  120.308083   8.256198  2.749051  156.969513
337   4.416502  20.729858  14.722820  0.615300  4.850935       7.843106   1500.159424   88.765884  10.073073  3.649074  125.934425
338  28.500061  22.456913  18.414333  0.613854  7.646660      12.647912    771.980469  230.363678   8.617883  2.852227  174.815979
339  10.915202  29.601313  12.670827  0.639752  5.974162       9.596553    950.479309  153.033234  11.056932  3.778612  126.491089
340  34.403637  17.703743   2.327892  0.670835  4.191153      11.520038   1055.295532  198.745163   6.483218  2.658569  211.177139
341  27.370058  13.296747  13.006646  0.629715  4.539378       9.393963   1361.093262  244.706375   6.996351  3.762490  213.928116
342  15.772886   4.572659  37.000950  0.658466  6.079339       8.173741   1246.708618   26.525105   7.026188  2.749958  171.768341
343  16.157005  32.824192  18.189056  0.681005  5.262049      10.516974    914.656067   83.077919  11.000984  3.800764  190.618317
344  -1.114736  27.113317  23.762062  0.697117  5.400635       6.354615   1420.787842  134.983536   9.235193  3.265240  190.976639
345  22.785255  -0.610060  28.218437  0.616039  4.967792       8.609230   1888.725830   73.572945  11.551401  3.750785  131.145905
346  23.075012  -4.661402  11.404574  0.626453  3.456124       8.184133   1798.197876   72.160263   8.197973  3.571810  156.227631
347  29.215666  23.959650   7.324967  0.606343  6.178864      11.847860    709.566589  234.255844   7.770308  1.999610  114.520020
348  28.284960  -0.527053  18.256596  0.684085  5.354614       7.743399   1330.943237   87.319359   7.161468  1.918208  155.411743
349  -4.197291  12.675911  33.063568  0.612244  3.239853       8.417213   1052.030762  173.025284   9.717512  2.581575  106.300400
350  12.774358  28.043898  21.791166  0.611404  7.551485       9.288322   1258.226562  188.255768   8.196403  3.097581  101.192284
351  29.034260  12.685148   5.973383  0.615057  6.291172       8.161842   1663.071289  235.538589   8.629816  2.478683  131.652328
352  18.619205  32.693077  20.489695  0.643458  7.599061       9.282132   1321.150513  172.335510   9.316452  2.495373  105.010330
353  27.555775   8.193865  16.679871  0.698305  6.975693      10.059217   1095.777954    0.861869   9.634949  2.080997  192.925430
354  37.614105  27.121151   5.166018  0.594636  4.140321      11.819959   1584.239502   88.865219   7.749686  2.646591  102.909561
355  20.430870   7.901407  36.129322  0.622137  1.883221       8.517982   1250.268311   11.494198  10.183771  2.403231  112.808502
356   4.657963  20.697908  15.500656  0.603299  6.551088       8.785606   1042.160400  121.218147   6.482677  3.600169  128.552368
357  21.831242   8.801610  27.484434  0.683220  7.254439      10.757865    980.124268   36.486591   9.406697  2.978616  200.303482
358  15.359203  22.073519   6.339466  0.660820  6.123837       7.549051   1032.642700  120.872009   6.837124  1.638573   79.144730
359  28.226748  37.547871   5.755995  0.626520  4.944627      10.110089   1277.172729  210.654541   7.948787  2.873653   84.699722
360  29.551626  28.998396  21.836359  0.651248  3.919885       9.425982   1855.762939  157.387192   6.086513  2.422570  162.427628
361  24.544977  11.741799  12.729108  0.545767  4.853932      11.075477   1077.717041   12.786638   6.948919  3.070715   79.548912
362  27.804428  36.584080  12.177766  0.577478  7.406082      11.352129   1036.943115  150.945221   5.849033  3.348903  125.897278
363  33.061375  18.353010  19.042528  0.667814  6.460042      12.261534    764.279419  218.717484   6.049329  1.420730  192.497437
364  17.308676  37.512623  20.966894  0.657589  3.943063      10.401208   1181.119995  145.859375   8.264790  3.439034  132.455719
365  23.819666  35.358345  44.704315  0.579051  7.399820      13.221098   1096.022461    3.552245   5.567395  3.405697  196.575943
366  24.434967  18.606068  15.206856  0.654395  5.531805       7.471450   1969.051758  151.306274  11.670111  2.934663  176.894928
367  -6.932486  35.288685  30.761152  0.649556  7.414273       7.387138   1389.428467   90.236343   6.329282  3.530596   78.588379
368  26.953178  18.975603  10.677336  0.656810  5.110304       9.954275   1034.068237  124.462708   8.324206  3.412734  234.416840
369  26.786949  11.675104   5.051754  0.676123  7.580987       9.525268   1426.391113  214.653580   8.227103  1.965842  102.415794
370  18.304308  48.662228  19.738440  0.650047  7.071491       8.919661   1449.750854  190.756866   5.986219  3.448844  150.859344
371  14.139162  25.265287  26.548052  0.673264  6.694929       6.724129   1918.090576  185.464981  10.452460  2.206609  105.582153
372  30.908533  22.719021   8.959338  0.683033  6.990198       8.989864   1733.800171  176.105042   6.382350  3.699207  270.536591
373   6.625165  38.727657  30.385536  0.693233  7.750591       6.400107   1942.385498   80.066696   5.867197  3.507035  185.739426
374  27.119240  24.492712  20.369848  0.672505  7.241666      10.701681   1422.781372  156.896149   6.341365  2.888886  196.095551
375  16.205322  -3.641624  29.791307  0.691040  4.060848       8.931584    837.099976   11.483120   7.951533  1.887676  172.662949
376  25.098516  13.140687   6.902465  0.581494  7.656785       8.891955   1584.755615  205.493195   7.456299  2.892968   96.544022
377  26.507484   8.534755   8.622320  0.613387  7.953418       9.315260   1466.715332  195.548752   6.746356  2.847181  130.939728
378  14.164457  37.384979  19.733625  0.654444  7.564259       8.627125   1417.065308  234.926514   7.889472  2.383979   58.126656
379  17.028913  34.917004   8.284122  0.686521  5.892607       6.584766   1686.362915  214.556732   6.854559  2.910471  125.935608
380  26.573200  23.558369  16.656010  0.668848  7.618198       8.180587   1814.480591  136.049820   5.623934  3.627035  250.057587
381  31.642653  22.302376   5.069443  0.696362  1.790431      10.212987   1888.777344  129.946487   9.495655  2.071652   50.489506
382  10.821756  39.936455   5.174253  0.692410  5.532152       6.003778   1820.467529  169.543121   8.147676  3.264705   71.258614
383  26.934292  25.566597  13.684404  0.612771  2.309923      10.780274   1614.154663   59.245541   7.436293  3.204114   95.450920
384  11.662477  35.157925  49.119339  0.689051  7.267270       9.714257   1168.061157   95.463676   7.673175  3.176790  279.918549
385  32.843212   4.076179  21.776602  0.618210  7.388974       8.898573   1886.123535  236.975464   6.292225  3.577258  190.590363
386  30.521225   6.296896   9.548475  0.608120  3.298706       8.868091   1486.518921   76.787582   8.793964  2.037922   90.422806
387  -3.646820  42.159832  28.654915  0.692595  4.615089       5.573756   1940.082886  246.477264   7.565257  3.475991   79.135368
388  24.488819  16.050394  27.977413  0.656225  4.705516       8.139351   1377.634033   13.288451   9.392842  1.627809   88.618965
389  -1.434303  31.667675  47.656891  0.615748  3.113172       8.828504   1790.625122  110.191544  11.148815  3.831117   89.665184
390  22.686661  33.323105  25.144831  0.691050  6.609419       8.174857   1962.788696  116.298676   7.815812  2.506237  195.903732
391  30.150188   8.815559  16.678543  0.653507  3.042133      10.957185   1060.794556   16.872629  10.511662  3.357854  226.802750
392  17.506626  23.277250  40.760452  0.679198  6.645420       7.056934   1830.365845   70.319191   6.374835  2.377591  186.625931
393  24.386707   2.171445   2.206086  0.659175  4.038791       7.800233   1528.894165   97.821564   6.643436  1.634668   56.735577
394  33.641281   7.029117  15.797517  0.661113  6.707853      12.227461    792.929199   56.202648   7.057985  2.228567  207.765961
395  33.555496  -2.844661  31.238190  0.676628  7.942354       9.248322   1340.635010   71.153030   5.819765  3.240885  183.879181
396  20.421474   9.355114  34.749783  0.678900  6.912862      10.167969   1142.751343  123.526405   8.967150  3.279552  199.498306
397  11.278630  36.467941  21.067099  0.664088  5.040833       8.685536   1252.426392  231.546600   5.500161  3.868260  153.762497
398  37.277992   9.987409   9.898127  0.628497  4.997449      12.336499   1250.216309  215.938385   6.194535  3.478595  215.224579
399  21.056232  26.541094  10.013288  0.595034  7.430600       8.460948   1263.850952  229.745087   5.271980  2.542073   85.574265
400  23.206343  13.072433   2.109699  0.661942  3.442082       7.416508   1651.071533  184.509766   9.911081  2.315659  124.513237
401  18.909681  40.409634  22.284969  0.620133  5.413367      10.717726   1269.605225  248.388992   8.138461  2.490187   59.571350
402  14.415145  22.556774  16.251085  0.653993  7.791712       6.266076   1661.604004   92.326057   8.960841  2.396889  126.078743
403  -7.822319   5.483524  43.349678  0.591537  4.752221       9.081452    952.977844  159.984924   6.798961  3.685910  146.615952
404  24.481096  30.480040  16.662195  0.669578  4.912188      11.118036    906.949036  158.622559   6.421025  3.549087  230.569107
405  -5.581810  32.819878  29.034504  0.677109  7.018646       8.760000    807.571106  135.037048   8.563535  2.952142  118.187111
406  26.534420  -2.451439   0.310505  0.652903  4.200892      10.409517    994.178955   41.272331  10.042042  1.792730   98.389763
407   7.300790  30.071909  41.080505  0.647923  3.852655      10.155131   1049.454834   91.089233   9.445928  3.982399  189.530258
408  31.986523   9.590674  12.108088  0.547824  5.668001      12.072207   1072.486572   45.457130   8.064786  2.572145   65.861183
409  12.514019  33.778988  23.718813  0.563412  4.156121       8.751553   1992.856567  183.973373   7.692471  3.944128   57.626057
410  20.079229  13.807939   5.875670  0.635848  4.395390       8.593019   1298.975342   67.030739   7.513149  3.571167  185.940933
411   3.006758  10.219041   2.527776  0.698771  5.197721       6.802682   1417.079346  188.100967   6.284874  3.905155  291.618256
412  27.842661 -15.424962  15.846119  0.654921  6.603702       9.436156   1027.618042   21.867886   7.509989  3.997949  195.111511
413  32.689716  15.323770   9.093540  0.608734  2.555714      11.431730   1065.515381  140.807251   7.035058  3.566949  198.505341
414   4.248961  15.710330  28.591103  0.698839  5.560336       8.386881   1236.598389   65.536842   9.975841  2.899710  203.174438
415  16.515762  35.528114  11.721323  0.653621  4.298698      10.447149    818.746460  199.051895   9.587756  2.565484   67.822220
416  10.086867   8.313481  12.386746  0.565423  5.905272      10.311049    744.603210  107.324646   8.294994  2.629155   88.003304
417  15.956256  23.385303   1.796581  0.691778  5.619372       9.362724    819.617188  124.351128  10.011420  2.777904  185.369110
418  16.385904  27.421278  28.096594  0.649173  7.311766       9.968102   1451.918213  128.858429  11.076704  3.439316  161.761993
419  16.580765  34.062458  18.112370  0.596337  7.389536       8.109540   1631.562378  232.729111   7.505221  2.751088   60.652088
420  -3.634561  23.205757  42.288895  0.684286  4.202133       6.477421   1654.050537   94.580460   8.159944  2.784886  154.197815
421  -0.727552  18.531624  40.672729  0.671667  4.885228       8.464087   1105.371460  103.431938  11.438261  2.253014  131.385925
422  22.668438  14.747766  16.875259  0.626311  2.281354       9.511055   1065.989258   97.309334   5.233689  2.701375  156.066925
423   7.460336  41.274891  27.260408  0.684895  7.918005       7.422412   1200.456909  238.102463   7.132530  2.315878  108.684265
424  22.279188  38.945599   9.777971  0.690092  4.854042       8.693255   1301.683105  183.025085   5.346065  2.716646  118.954765
425  12.096171  25.141026  11.192262  0.699094  5.676190       7.312901   1343.427002   72.987709   7.592830  2.574615  157.045563
426  -7.792152  21.061417  23.768064  0.618088  4.985447       6.258700   1512.530029  175.038986   9.037562  2.752643   92.868790
427   4.253409  15.695054  37.698334  0.689969  3.192055       5.113847   1820.143066   19.671021   7.226970  1.549910   57.809486
428  16.259369 -10.529156  25.075653  0.601606  6.723087       8.298782   1215.236206   96.103172   5.612277  3.328015  120.882858
429   8.260062  35.777851  38.757282  0.572827  5.861729      11.492404    773.709656   95.020058   7.949872  2.653949   78.108437
430  30.181440  11.135268   4.410952  0.634529  6.048265       8.751006   1794.917847  209.698883   7.156036  3.516163  207.934448
431  28.408720  26.459095  13.367772  0.584175  5.578929      10.431823   1102.771973  107.799675  10.674397  1.887300   57.255592
432  19.352383  18.213182   4.061659  0.673284  7.665798       9.019257   1207.215698  217.971634  10.003635  2.470559  138.316772
433  -0.864674  41.603817  31.988646  0.658236  6.474360       8.101550   1422.870605  126.380821   6.923691  3.525852   75.935661
434  20.930260   7.968202  31.056087  0.630975  1.989922       9.475841   1724.176758    0.853619   6.688676  3.870325  156.510086
435   6.541159  26.085461  14.509329  0.684586  4.914882       8.732353   1007.055481  163.677689   9.355431  2.883258  152.997208
436  35.444996   4.759422  18.636713  0.656013  6.632264      11.873560    794.778198  182.844681   9.489685  2.670961  236.931656
437  17.302282  13.289178  21.703009  0.692039  6.758008       7.937387   1549.156006   91.873314   8.202087  2.788237  202.720703
438  17.659040  37.101036  25.315344  0.602305  3.121489      10.600740   1828.234741  112.473145   9.788911  3.908954   82.024071
439  29.058380  16.211374  14.745864  0.690807  5.132538       9.126299   1335.829346   51.804535   6.483440  2.555721  239.590378
440  10.235313   9.381966  14.367517  0.697684  7.596369       7.749079   1150.069946   34.383114   7.212478  3.600924  277.157196
441  12.391493  22.899509  35.583797  0.606775  3.820049       8.529074   1966.532471   91.313110   8.029222  3.258948  109.132874
442   2.381570  40.411674  14.920110  0.635956  6.868813       7.485197   1238.049072  216.687805   6.128978  3.685339   52.136662
443  18.432281  49.739281  11.241431  0.690552  5.981145       7.472595   1777.316650  174.750412   8.581488  3.359447   83.507011
444  -2.611901  20.252853  11.083412  0.686200  5.897849       8.473604   1091.051636  157.989410   8.806092  3.926092  221.881393
445  30.847130  -0.985168  18.413389  0.634297  6.182103      10.870516   1012.106323   39.075047   7.076113  3.693715  201.880203
446  23.852772  24.840189  18.605797  0.698511  3.207169       9.106967   1472.788208   27.035067   7.860539  2.972074  220.912537
447   8.675530  10.386438   9.279598  0.623415  4.481117       9.460176    848.053162  107.264580  10.768553  3.261009  172.278107
448  27.416943  18.451418  11.891833  0.683748  1.914565      11.042839    992.952576   68.356697   7.019843  3.109640  225.556229
449  10.334091  27.296282  19.286938  0.630168  6.135419       7.332672   1679.296021   67.668404   6.055585  3.866440  154.723328
450  33.507835  14.625201   4.219918  0.664679  5.135284       9.355004   1301.939575   94.290100   6.490629  2.069844  177.989639
451  14.239052  22.517126   4.652248  0.582696  6.651260       7.541412   1606.891113  189.338333   8.373437  3.155713   74.030899
452   2.140755  24.755526  46.666080  0.699697  5.667389       6.958597   1856.745972  150.054230   7.110618  3.970716  247.175247
453  29.535349  -1.331797  15.503068  0.628247  5.142294       9.277654   1491.478760  111.016418   5.230287  3.851355  199.723999
454   5.285697  39.274067  35.126476  0.633157  7.752197       8.225558   1527.070068  162.287140   7.641625  3.735761  146.248901
455  11.008945  15.199037  17.044968  0.699914  3.619906       5.554770   1556.086670   47.818703   8.639142  1.419771   71.458023
456   8.604781  19.607130  16.410351  0.648367  7.534367       6.952828   1505.491577  151.888855   7.431326  2.656444  129.410492
457  29.708105  27.561274  15.317997  0.562218  7.266974      11.326930   1519.304565  195.165466   6.154388  2.657938   64.847488
458  18.822262   3.976322  14.983004  0.661161  3.119718       8.371550   1717.271118   47.059120   7.778622  2.743549  140.520126
459  17.775787  27.983437   3.585884  0.663707  4.631276       8.926064   1028.242310  177.939453   8.516122  2.334032   83.769318
460  22.915106  40.851734  14.708647  0.695206  3.611046       9.990912   1621.674805  149.301697   9.580985  2.405234   56.822109
461  10.930787  44.040375   7.848245  0.697430  6.797066       7.212226   1085.934326  162.416046   5.960704  2.897837   64.303406
462  13.556864  14.148416  16.187714  0.670772  6.486976       7.569321   1362.295288  106.483353   9.490441  3.597990  233.857697
463  19.652702  24.461315  13.222132  0.593677  3.856952       8.391359   1720.583618  144.771317  14.805397  3.317608  103.553032
464   1.601776  25.071846  31.835594  0.650470  6.594971       7.301306   1851.266602  119.094025   7.661445  3.532454  139.357956
465   0.711245  36.049599  41.016022  0.677225  6.151248       6.870946   1477.029907  174.888840   7.445674  2.247687  101.958626
466   4.637897  22.988443  39.656502  0.528915  4.341578      10.676079    767.357910   20.143448  10.777798  3.852147   93.052505
467  16.377144  47.501205  24.504366  0.683952  6.672009      10.526243   1253.238037   85.759285   5.491088  3.120519  156.431534
468  -9.211582  27.647335  19.045572  0.670083  3.703481       5.130860   1822.918335  134.329132   8.994526  2.322094   53.025101
469  35.940777   7.936836   0.700803  0.606220  7.009140      10.930466   1339.033813  173.194336   7.200799  3.176611  177.473450
470  23.826155  28.912861  27.277004  0.693498  5.638932       8.485997   1729.105713   98.785461   7.597112  3.072435  261.498169
471  18.943016  25.695904  33.090900  0.574265  5.288234       9.672609   1506.710938  139.688599   7.226855  3.098026  107.693840
472   4.638935  41.435410  33.369011  0.617131  6.729404       8.658496   1466.845093  212.020050   7.968174  3.100242   66.371536
473  11.528314  16.345726  17.871695  0.636570  3.121933       9.073088   1319.887695   71.219337   8.624580  3.469424  144.666946
474  24.221340  10.582524   1.544944  0.674557  6.608810       9.763564    907.067993  246.109879   7.891755  1.520666  106.113617
475   1.733617  13.991699  28.896723  0.659554  4.133873       6.459054   1752.741211   68.355392   6.840584  3.091161  176.123993
476   6.007394  38.032608  17.896927  0.594296  7.190113       5.973609   1794.467041  216.162613   8.745184  3.270505   50.643127
477  10.628126  41.878807  17.444538  0.669496  7.577197       7.430563   1641.834473  203.618179   7.631667  3.092822   76.284187
478  12.369268  26.561914   5.746860  0.629134  7.375695       7.753492   1213.964966  200.297852   7.207192  3.387529  132.076874
479  26.672234  37.889885  19.809563  0.670371  5.267669      12.088509    765.539856  143.589508   8.085291  2.861709  267.210327
480  15.986608  31.940596  29.042559  0.682093  2.089961      10.587094   1480.050537   82.087387   9.818422  3.729618  156.088089
481  -2.346900  40.774467  30.696943  0.633563  7.229877       6.797681   1384.270264  186.216400   9.112647  3.267346   67.564247
482  27.007908  31.995743   6.531820  0.637961  7.543506      10.917581    798.713318  187.156158   8.881036  3.432728  180.979187
483   3.369182  16.294138  13.923498  0.627331  7.566678       8.095164   1117.178711  215.369644   9.708120  2.296833   97.019424
484  16.024078  38.601734  14.803247  0.697013  5.345037       9.706605    935.169373  182.257812   9.628129  3.569417  170.712921
485  15.910054  13.918278   1.598047  0.675062  7.372896       9.563763    885.350647  246.798904  12.083106  3.873223  233.703339
486  21.871908  20.044065  25.634865  0.566492  6.438349      11.321115   1167.264648   60.088982   8.593637  3.435900  106.517738
487  32.253559  28.612349   1.203926  0.675398  7.014227      10.062886    937.478760  237.631409   7.609801  2.632211  209.134369
488  22.683189  21.315168  19.420567  0.673289  4.732991      10.372726   1084.985474  135.147446   9.097796  1.947257  126.845848
489  25.021410  14.800127   6.618385  0.694166  5.770498       7.716195   1638.976929  135.950363   8.437799  3.824811  272.398010
490  14.933966  -3.959660  34.883522  0.627771  5.421251       9.906360    896.721008  114.116608   6.228828  2.207995   82.438599
491  26.190443  26.065420  42.462513  0.654934  5.954030      10.901299   1377.535400   61.600033   6.019128  3.092181  228.960938
492   3.314180   7.525728  34.364044  0.666923  4.692737       6.725174   1772.766357   40.251087   5.880149  3.755298  229.461090
493  30.369591  24.005604   3.468086  0.662436  5.765532       9.890037   1130.947510  244.190216   7.274306  1.518856   58.381134
494  -3.963542  -5.407371  19.591145  0.643906  1.782022       6.911734   1840.915405   66.633194   5.588576  3.335710  172.180557
495  13.222541   9.608434   4.059948  0.649224  7.862658       8.571016   1021.696777   49.316704   8.707986  3.641355  218.881790
496  -9.911515  36.723217  42.868038  0.666398  7.777305       6.553837   1677.421021   97.912529   5.173461  3.855321  123.511314
497  37.036835 -16.737970   5.480147  0.609178  7.275454      10.200958   1305.387939   78.024467   6.079660  1.936799   79.249710
498   9.117391  18.235565  18.371752  0.645644  5.647331       9.303066    945.263916  141.584641  12.453890  3.942667  200.303925
499   4.737058  21.572491  25.758669  0.691691  7.982715       8.268091   1040.341309  146.030945   6.244210  3.730632  244.589111
500  13.923053  37.062023  36.664097  0.610336  5.419549       8.765131   1870.269287   67.752831   6.415646  2.760041  106.377502
501   5.888064  45.160122  13.138915  0.659614  7.157833       7.476516    895.321533  181.094528   7.921647  3.346238   66.330490
502  21.070589  -6.986614  11.137167  0.674403  4.435065       7.953970   1358.069946   73.521332   6.564240  2.726633  178.941574
503  22.521273  29.931082  32.138058  0.526011  6.767248      10.723974   1839.386230  230.854660   9.460674  2.963080   50.811638
504  20.499336  35.088219  27.170637  0.603424  7.321490      10.874069   1377.248901  132.992859   7.433319  3.566204  153.039932
505  -0.652809  39.374245  16.557615  0.667746  7.952775       5.408968   1500.794312  194.861313   7.321204  3.695622  114.217484
506  20.101107   5.228341  13.874901  0.671693  7.478525       6.441575   1782.536377   67.800774   9.592231  2.126498  132.358978
507  15.790723  38.798676   2.927860  0.696767  7.206792       6.596218   1106.112671  201.535568   7.414373  3.238316  144.224335
508   9.897740  26.023359  27.453739  0.692594  5.308787      10.011889    956.371277   22.206406   6.300107  2.619050  160.967194
509  37.401501  23.089487   4.871648  0.650086  4.422103      10.179033   1848.164307  192.619446   6.652083  3.691531  251.250977
510  33.517429  12.400065  21.697294  0.584576  3.924805      10.491281   1714.512939   79.206192   9.906067  3.488868  158.826721
511   0.150298  41.419651  40.271835  0.657339  6.258181       5.634663   1952.617676  117.397537   6.055759  2.279393   60.827423