            lon        lat         inc      D1AU     delta  launch radius  launch speed    t factor  expansion rate  B decay rate       B1AU     gamma         vsw
0     90.873779 -16.720539    6.005032  0.720281  2.101180       6.809384   1657.846558  -95.347382            1.14          1.64   8.144943  3.532139   90.114258
1     82.492180 -21.141479   24.723200  0.539009  4.037159       9.637584    830.603333 -236.980881            1.14          1.64   6.975323  2.819563  221.046646
2     76.236214 -37.603073   21.666225  0.524061  3.454237       7.471670   1583.450439 -238.816772            1.14          1.64   5.564689  3.650600  574.715942
3     94.447472 -33.425713   24.941092  0.256635  1.797052      12.665168   1024.928833  123.781006            1.14          1.64   7.514464  3.841486  130.108292
4     83.285149 -39.921791   21.468111  0.397745  1.884515      10.532158   1108.014771  214.437881            1.14          1.64   7.180731  2.832404  401.389008
5     83.386162 -17.752214   18.339569  0.627204  2.791073       6.876788    919.652161 -132.448090            1.14          1.64   6.579836  1.563543  166.365997
6     89.663353 -11.829324   24.837482  0.520284  3.212802       5.839943   1170.178345   48.941719            1.14          1.64   5.878694  1.930735   53.261780
7     95.483803 -15.399113   28.925697  0.437785  2.965712       6.634459   1628.396606   74.192642            1.14          1.64   8.567301  3.746250   70.146469
8     82.114227  26.680136  344.760406  0.664680  1.123132      10.179126    971.882202 -216.240784            1.14          1.64   8.528456  3.649051  347.843597
9     78.452332  -6.956267   19.546619  0.675560  4.035270       5.328679   1052.643921  -33.746147            1.14          1.64   5.944470  1.731495  264.528564
10    90.672684 -23.009153   11.898958  0.390697  2.863199       9.155968    721.434814  -35.886585            1.14          1.64   6.694308  1.777215   60.646484
11    87.181732 -13.217755   20.147207  0.548527  4.891607       7.118601   1345.006836 -191.334442            1.14          1.64   6.299037  2.963328  114.672958
12    85.769234 -17.435232   18.911179  0.768486  2.613196       6.741367   1843.958862 -174.673386            1.14          1.64   8.447249  3.367223  134.003159
13    79.730530 -18.226803   22.373472  0.586756  4.188946       8.680380    793.609131 -139.059540            1.14          1.64   5.225622  2.248049  293.074585
14   100.647675 -47.124428   43.026642  0.358214  4.304984       7.534557   1217.904053   71.445457            1.14          1.64   7.281109  2.425141  262.111572
15    91.978462 -13.903398    7.675479  0.390289  3.527689       7.359179   1263.700928 -169.093979            1.14          1.64   7.037113  3.304522   96.373932
16    84.139404 -11.847690   14.810699  0.349385  3.897200       7.600903    944.800781 -181.709534            1.14          1.64   6.000226  1.835771  168.662048
17    79.219246 -40.330227   19.892414  0.257625  4.106074       5.021934   1290.932983  -83.843773            1.14          1.64   6.555162  1.453224  540.321472
18    77.159348 -13.425064   15.527048  0.527575  3.130260       5.740454    869.038818  -86.581261            1.14          1.64   7.340087  3.478226  552.520386
19    96.350739 -41.254921   46.242615  0.758900  1.820687      12.988307    703.159973    7.005798            1.14          1.64   6.716720  3.856551  122.671219
20    96.761215 -43.917221   42.361286  0.384465  3.086078      10.372754   1261.393677   41.850861            1.14          1.64   6.074475  2.958137  136.791580
21   105.700386 -27.688393   37.628471  0.357062  4.184629       5.108525   1845.661987  132.640564            1.14          1.64   8.458941  3.785037  151.956741
22    82.562767 -25.417728   10.206017  0.358206  4.780149       7.229535    866.144470   91.748619            1.14          1.64   6.622777  1.088968  169.576233
23    88.062302  -3.730700   27.583597  0.588335  3.152066       6.816069    832.946411  -51.191647            1.14          1.64   5.494356  3.487472  203.949265
24    90.868530 -23.322330   32.178646  0.525209  2.443781       7.385180   1077.322998   98.584969            1.14          1.64   9.869158  2.179399  121.225487
25    75.993568 -21.317469    1.096756  0.601566  3.681285       6.260584    896.969421 -204.152893            1.14          1.64   5.373233  0.828075  368.706879
26    90.587944 -31.193476   31.196337  0.267943  4.969019       5.850247   1438.315552 -137.796463            1.14          1.64   5.279243  2.937666  224.200821
27   104.767326 -43.566601   42.691139  0.338375  4.702649       7.699221   1163.293579 -177.141022            1.14          1.64   6.962372  3.555858  243.048172
28    76.473503   2.446124    3.012498  0.607141  2.890430       5.385111    902.125854 -163.538879            1.14          1.64   5.433058  3.757589  559.051086
29    82.113144 -37.647617   26.129147  0.719453  3.418327       7.118914   1669.098022   10.433325            1.14          1.64   5.183075  2.230097  206.621780
30    96.316994 -14.720362   15.384248  0.141186  4.024142       9.076841    761.627380  -60.295658            1.14          1.64   8.605993  3.237106   73.322861
31    86.219734  -8.319794  345.287079  0.609803  2.582844       6.797530   1022.781189 -249.374908            1.14          1.64   8.570231  3.394728  206.401962
32   103.597198 -42.901463   44.400791  0.655821  1.084611       9.179435   1206.581787  109.604294            1.14          1.64  10.126204  3.311268  146.757141
33    81.222679  11.939527    1.502048  0.783265  1.241118       8.998778    862.727478 -149.367432            1.14          1.64  12.137369  2.548566  318.051697
34    79.638222   3.349032  350.344360  0.627174  3.202448       6.377084   1110.098633 -202.550079            1.14          1.64   5.551346  3.285551  364.308655
35    89.852806  -4.671332    4.516040  0.769969  1.529627       6.516411   1369.139648  -51.767063            1.14          1.64   5.984301  2.591968   66.791206
36    84.260330 -24.853119   38.878056  0.689492  3.535857       8.293474   1595.916504    5.074964            1.14          1.64   6.230681  3.899593  153.638947
37    77.179337 -13.915395   25.951487  0.679556  3.957621       8.540838    748.309387 -138.417664            1.14          1.64   6.911022  1.824148  345.543518
38   102.705086  -5.470919   29.098772  0.528603  2.075828       7.345314    775.219482   18.334457            1.14          1.64   7.355177  3.579360  102.602051
39    91.472672 -42.313698   26.724184  0.261728  2.356784       5.805957   1457.528198  131.881012            1.14          1.64   7.043846  0.948806   63.638195
40    97.772346  -6.321845   29.782970  0.617959  2.067113       5.428096    849.005920   90.502541            1.14          1.64   9.123045  2.336326  106.356636
41    84.346268  -7.520637    4.703846  0.793027  1.983550       6.647542   1769.961792 -158.195038            1.14          1.64   9.242775  3.556492  170.027390
42    80.664291 -16.335571   11.462341  0.685348  2.460957       8.664915    768.282654 -148.991440            1.14          1.64   7.164739  2.031868  262.027191
43    97.713844 -24.526121   57.089394  0.775994  2.291691       6.487774    837.009338  105.494385            1.14          1.64   6.167857  2.138527   86.030548
44    79.959824  -0.355382    1.878472  0.508131  1.979334       6.311829    986.062073 -221.651703            1.14          1.64   6.128575  2.651496  373.772644
45    87.443748 -17.296299   15.259353  0.382537  2.679742       7.277642   1106.045532 -208.727600            1.14          1.64   6.332551  2.322546  131.261200
46    84.895004 -20.928196   17.035505  0.497409  3.690070       8.607610    781.180237  -88.689430            1.14          1.64   5.248546  1.079293   70.158249
47    92.023003 -36.457191   34.047092  0.488167  2.153824       8.049378   1080.885498 -100.622002            1.14          1.64   5.921722  3.553230  275.930908
48    82.717628   6.111192   25.295111  0.720677  4.470352       6.885277    757.141235  -81.624481            1.14          1.64   5.610969  2.493497  171.370132
49    88.487137 -16.975780   33.453583  0.473695  4.172249       6.192523    773.836304 -247.724457            1.14          1.64   7.058263  1.797924  215.992477
50    79.009766 -20.054070   29.351595  0.596387  4.401281       6.501233    934.363281  -58.168491            1.14          1.64   6.543131  2.502393  330.214233
51    78.509026  -2.398282  358.724884  0.624489  1.952673       7.138099   1144.691772  -47.976852            1.14          1.64   7.197237  3.977266  396.549622
52    82.529793 -26.307878   18.753839  0.531735  3.014159       6.643099   1497.865234  194.020584            1.14          1.64   7.449175  3.215414  277.334808
53    84.900185 -34.537357   17.679901  0.428552  3.677201       9.635771   1323.054932   95.095993            1.14          1.64   5.978623  2.786715  196.752228
54    98.656631 -29.146614    3.248940  0.635805  3.336098       6.696678   1368.875854  -94.452499            1.14          1.64   6.866905  3.736677   67.309822
55    84.007309   5.909924    9.039644  0.767581  2.993749       8.035395    703.217163 -219.955246            1.14          1.64   7.783584  2.890742  215.210052
56    93.118713  29.784653  324.091949  0.781703  1.537705       7.262613   1379.565552 -236.951782            1.14          1.64  11.228559  3.264033  180.886169
57    85.399025   6.128506    3.395709  0.636872  3.010346       6.563544   1268.166138 -169.759644            1.14          1.64   7.675906  3.126726  186.093231
58    81.851372  -7.414084   19.169249  0.783284  2.781030       9.261720    890.523743 -103.659210            1.14          1.64   6.865026  3.889705  229.422760
59    86.449265  20.063471    6.480420  0.694717  2.717472       5.413697    935.532104 -217.997955            1.14          1.64   9.572185  2.283556  235.350220
60    86.011917 -21.514021    6.586923  0.346934  3.192444       9.551648    771.767517 -225.592941            1.14          1.64   5.810496  2.323314  161.611206
61    89.407021 -34.600624   38.277702  0.754654  2.763512       8.451632   1716.319702   47.350193            1.14          1.64   7.278493  2.937627   74.115623
62   101.499260 -35.736187   35.258766  0.420979  3.842756       5.585824    897.391418   30.396112            1.14          1.64   5.910286  1.787819  245.505478
63    85.056740 -17.205282   30.680569  0.623281  3.154675       6.448431   1151.855713  -43.226048            1.14          1.64   6.321145  2.029403  143.117294
64    93.012306 -36.137829   45.708218  0.573937  2.970997       8.019028   1653.613159  109.012199            1.14          1.64   6.598081  2.720348   74.999496
65    92.943565 -35.822933   21.164127  0.707664  4.285042       8.625636   1198.742310  -87.614548            1.14          1.64   7.010018  2.437287   53.302380
66    92.499794 -15.471030   26.862101  0.507041  3.458400       5.661104   1867.081299   -2.486073            1.14          1.64   5.889657  3.276912   70.932426
67    88.348808   0.924699   19.095354  0.575061  4.407986       5.737296   1067.517334  -67.106285            1.14          1.64   5.090372  2.199431   82.620811
68    85.805489 -30.641285   21.270153  0.573052  1.315371       6.774780    785.384216   64.247086            1.14          1.64   7.083952  2.579888  439.973450
69   110.523102 -44.410461   48.158985  0.534669  1.280113       7.598310    804.108521  110.774895            1.14          1.64   7.007044  3.020112  330.419800
70    90.231422 -41.731125   26.747940  0.545804  1.028869       9.517814   1200.555054   83.442688            1.14          1.64   5.910871  1.628787  183.700836
71   114.835304 -47.140892   52.053635  0.432307  2.215665       7.421320    847.751526  142.322571            1.14          1.64   7.796897  1.391562  156.800552
72    86.563705 -31.473845  359.298706  0.644420  4.207325       7.648728    746.880310 -194.982590            1.14          1.64   8.035719  1.830698  159.713760
73    76.871346 -14.956742   15.685760  0.603902  3.023916       7.349325   1083.314087 -241.383774            1.14          1.64   6.536166  3.799636  460.694916
74   108.300896 -46.068569   46.063950  0.457486  3.429996       7.108938    805.082275  110.594742            1.14          1.64   9.362670  3.352909  369.743591
75    72.298927 -19.342438   10.627263  0.796295  4.682789       6.058441    937.158264 -186.918411            1.14          1.64   5.702740  1.639415  572.370605
76    78.399063  -2.173846   21.738649  0.660957  3.425444       5.083152    910.732727    8.154345            1.14          1.64   5.045912  2.281654  409.900818
77    77.860199 -24.850971  347.829010  0.752517  3.470209       6.650434    789.328369 -231.628357            1.14          1.64   8.261109  2.606383  407.799042
78    77.898170 -21.731373   20.113422  0.721940  2.447926       6.262734    818.985413  -73.413986            1.14          1.64   5.788404  1.347373  398.953369
79    99.205482 -10.886576   36.211910  0.531919  2.684438       5.709417    988.758362  -15.439807            1.14          1.64   6.761884  2.546922   98.359673
80    87.335274   2.691730   25.594732  0.594164  3.490371       5.548745    769.150330 -197.506729            1.14          1.64   6.423521  1.862244  150.043900
81    84.938286 -14.321198   23.022112  0.642007  2.841337       6.373971   1265.008057  -83.150391            1.14          1.64   5.797419  3.200898  193.588806
82    90.661926 -15.479960   32.678074  0.469166  3.827367       5.900500    737.335999   14.536604            1.14          1.64   6.368178  2.357159  243.594452
83    90.862923 -20.858688  358.482025  0.537375  3.250891       8.174350    889.053955  -77.487106            1.14          1.64   6.630924  3.072582  113.017052
84    91.406021  -7.018651   16.723175  0.508440  2.120789       5.031422   1320.360229 -137.806442            1.14          1.64   9.443199  2.081648   71.360764
85    86.150810 -23.821854   20.359060  0.414428  2.231683       6.504494   1224.715088 -109.157875            1.14          1.64   6.628838  3.682657  286.092499
86    83.508026 -15.264017  350.522400  0.423377  2.850760       5.769750    845.734436 -153.384552            1.14          1.64   5.607897  1.751501  270.378815
87   101.271294 -34.620144   48.294277  0.546285  2.106015       8.098195   1446.810181   75.524612            1.14          1.64   5.963382  3.997454  122.354088
88    84.176765 -35.316761   12.651283  0.685501  3.301603       6.768614   1846.182251 -201.646851            1.14          1.64   7.504513  2.977766  221.610901
89    86.860970 -18.398190    3.189818  0.478141  2.530279       6.703867   1072.679199 -194.402023            1.14          1.64   7.343422  2.376920  152.780701
90   108.165131  -0.193415   22.329247  0.454617  2.503798       5.661070    792.688293  102.765869            1.14          1.64   7.846531  3.308904  129.403595
91    81.294296 -15.933348   31.716579  0.786247  3.122449       6.407371   1303.637573  -75.485764            1.14          1.64   5.588116  3.074516  228.944305
92    86.390083 -21.786667   22.199211  0.550311  4.369614       8.375373   1440.437866 -236.919952            1.14          1.64   6.738605  3.041925  124.743713
93    89.995628 -10.057729   33.634182  0.475714  3.998377       5.307432   1690.457764   39.741684            1.14          1.64   6.894662  3.565153  119.793587
94    74.871910 -22.802387   20.141733  0.784911  2.104159       6.750738    921.219360 -166.238708            1.14          1.64   6.726351  2.046321  582.026917
95    93.057266 -39.109848   29.052177  0.508923  1.186480       8.227707    877.993835   18.115526            1.14          1.64   6.330037  3.350078  325.233704
96    88.493378 -38.007244   32.778343  0.311522  4.264839       7.709054   1188.429688  114.479736            1.14          1.64   6.985301  2.170001  200.715759
97    83.752289 -17.585955   19.233730  0.615416  4.592847       8.297465    947.079651  -28.016178            1.14          1.64   8.035269  3.092732  195.111664
98    84.225708   2.294028   25.197008  0.744912  3.975002       7.217075    988.251343 -191.296005            1.14          1.64   5.149984  3.559264  155.219711
99    96.657166 -33.120922   33.592262  0.669147  1.215883      10.242383    883.089844   55.267773            1.14          1.64   7.000361  3.888468  131.417770
100   81.241035 -47.610497   25.945608  0.593613  1.883543       8.689855   1004.076416  184.383987            1.14          1.64   5.960285  1.758924  625.741943
101   80.848030 -25.092007  357.355865  0.563287  2.803107       6.653368   1151.165283 -184.199188            1.14          1.64   5.664475  2.047195  282.021332
102   86.180336  28.973513    5.786869  0.798064  2.661718       5.283476   1158.646973 -154.918839            1.14          1.64   5.661603  2.519684  261.640228
103   88.609100   1.362150  354.436096  0.594731  1.975085       5.144965   1401.037109 -236.228989            1.14          1.64   8.797847  2.349590  104.518425
104   99.240379 -29.310385   32.581913  0.323435  2.251090       9.105494    985.658691  207.336212            1.14          1.64   5.775486  3.288250  102.424072
105   90.473434 -22.619576   27.744991  0.378510  3.280910       6.146419    994.923767  141.777847            1.14          1.64   6.195939  1.762643  160.183487
106   89.734192 -22.566252   23.988205  0.390568  3.311349       8.356491   1520.087769  -41.461830            1.14          1.64   9.051806  3.815919  132.482407
107   91.533127   6.985145   29.344103  0.682615  3.327307       5.866431   1185.941772 -213.427734            1.14          1.64   7.639053  3.178816   62.509602
108   82.175102   7.493363  358.501465  0.641220  1.664007       5.415598   1019.959290 -140.404724            1.14          1.64   5.913654  1.102846  147.020752
109   81.016304 -21.195013    8.283561  0.556051  3.766681       6.812706   1145.586304  -80.237770            1.14          1.64   5.421306  1.899925  228.000031
110   87.638947 -16.436598   29.093693  0.585576  3.825687       8.348872   1131.704834 -138.768402            1.14          1.64   7.570906  3.679422  119.656715
111   90.342369  -7.224434  343.815308  0.622341  1.997466       7.625056    914.546326 -199.588440            1.14          1.64   9.658987  2.451629  107.456619
112  105.035118 -11.890668   27.554218  0.402055  1.935143       7.333119    762.526794  153.147430            1.14          1.64   7.094737  3.384399   90.308052
113   92.527115 -36.452709   26.717321  0.348960  1.727096       6.847232   1522.107422  125.193077            1.14          1.64   6.929571  2.876324  205.505219
114   83.512688  -8.243111  349.900543  0.509632  2.237465       6.951406    780.360535 -210.090714            1.14          1.64   7.991875  1.448231  202.265442
115   78.707344 -27.952753   14.831767  0.389252  4.859653       6.910477    952.067017 -219.805847            1.14          1.64   5.870029  1.044855  283.244659
116   93.181412 -24.569048   18.650688  0.666213  1.580275       7.468988   1425.750122   -0.998932            1.14          1.64   7.592885  2.863541   56.634674
117  101.705933 -41.904907  359.262665  0.521832  4.969954       5.013304   1048.029785 -188.863953            1.14          1.64   7.055295  2.965595   74.292320
118   95.318260 -27.877714   27.890598  0.302155  2.807769       7.138569   1313.895386 -172.657562            1.14          1.64   6.799660  2.681643   71.717354
119   80.402962  -6.810918    4.004353  0.398994  2.197020       5.229960    923.914612 -191.204697            1.14          1.64   8.279439  1.616777  322.451263
120   85.774208  10.181123  343.356140  0.406336  3.032031       6.868807   1073.974365 -231.215668            1.14          1.64   6.054744  2.412698  202.550400
121  110.170532  -1.418875   50.546249  0.794394  1.563830       5.613070   1206.824585   36.173325            1.14          1.64   8.483406  3.603514   52.725670
122  107.094704 -32.942184   48.162788  0.512830  1.987547       5.240851   1019.759827   -4.721890            1.14          1.64   6.309497  3.681237  232.755615
123   84.167358  -5.455376   10.397295  0.760694  3.652604       8.057165    945.674011 -167.566147            1.14          1.64   7.258654  3.234089  178.961334
124   92.213364 -34.523365   31.743530  0.482610  2.440612       6.991753    779.664185 -227.944931            1.14          1.64   8.197076  2.048572  391.313477
125   83.530708 -21.123911    8.728307  0.675390  2.188697       5.384076   1829.607544 -241.813660            1.14          1.64   9.625461  3.476346  239.962158
126   74.251404 -34.112026   18.254438  0.571384  4.761867       7.408755   1243.916870   11.304969            1.14          1.64   5.829431  3.156897  596.540833
127   93.516258 -25.386124   16.203568  0.546154  2.268021       9.298959   1022.898193 -105.755371            1.14          1.64   6.569385  3.516678   86.219162
128  100.377243 -44.226364   36.844967  0.403529  1.463680       8.481865   1189.268677   86.426155            1.14          1.64   8.413867  2.710819  229.976334
129   76.593521  -1.613117   11.574165  0.598341  3.685744       8.534863    719.405884  -65.615273            1.14          1.64   6.695101  3.402069  503.601105
130  100.871590 -28.723551   26.354759  0.438024  1.098699       6.882888   1016.144836   67.688911            1.14          1.64   7.811569  2.137084  176.038193
131   84.390625 -20.420410   31.925047  0.517387  3.665152       8.285713    787.453613 -214.176666            1.14          1.64   7.757730  3.996860  322.070679
132   85.374725   1.471607    7.614999  0.638374  2.512090       7.187715    917.946533 -199.156311            1.14          1.64   5.504923  2.379373  172.702911
133   92.489243 -16.765892   31.914658  0.415127  3.530746       6.760483   1327.781738 -202.939545            1.14          1.64   6.897956  3.987428  135.830673
134  105.673447 -35.064060   46.626701  0.688588  1.135301       6.663278   1409.399658  101.611488            1.14          1.64   7.913656  3.628667  128.228546
135   90.060204 -21.397118   26.952387  0.536138  3.579426       9.611506   1183.769775  -40.600700            1.14          1.64   5.583301  3.780819   90.215912
136   80.246628 -11.991208    3.855509  0.506826  2.673113       5.685139   1399.160278 -187.914200            1.14          1.64   6.751863  3.081182  312.083862
137  105.301064 -27.765574   32.576042  0.353086  2.795696       6.118674    926.982361   95.819687            1.14          1.64   8.064923  2.786397  164.035873
138   92.189941 -11.749832   21.037945  0.362936  3.553823       8.897696    897.085999  -38.036583            1.14          1.64   6.208459  3.232278   93.731384
139   83.404350 -15.866624    2.829390  0.386226  2.494679       7.047091   1247.513428 -184.661575            1.14          1.64   7.352906  2.211120  184.884537
140   88.255707 -15.408898    1.232160  0.549262  4.715632       5.859375   1222.813354 -227.877594            1.14          1.64   7.163200  2.285278  114.355255
141   88.078293 -32.639790  343.511322  0.685648  3.484187       6.783680    854.574219 -247.867340            1.14          1.64  10.007788  3.772814  200.300217
142   80.106430 -19.592873   22.217031  0.670418  2.855538       5.308935   1220.770386 -146.586990            1.14          1.64   7.054197  2.472925  328.604706
143   92.506569 -41.833664   50.253544  0.547541  3.803636       7.181661   1678.220459  121.516327            1.14          1.64   6.232045  2.348026  166.363800
144   80.361084   1.901637  352.672241  0.751888  1.356632       6.073789   1297.318237  -79.283829            1.14          1.64   6.697214  2.051446  214.801880
145   92.149376 -21.993761   14.771901  0.192688  3.400331       7.889876   1307.391235 -200.728958            1.14          1.64   7.732064  3.575343  117.462440
146   85.919777 -38.997280   25.978819  0.332584  4.023015       6.421699   1678.650513  -86.195732            1.14          1.64   5.469378  1.169864   52.274818
147   76.391190 -20.878014    8.573409  0.722833  2.917112       5.888596    927.372986 -226.853271            1.14          1.64   6.188754  0.878918  283.914764
148   82.498390 -12.859813    6.185295  0.479225  2.007397       9.377261    762.659729 -151.432404            1.14          1.64   7.244027  1.885380  196.778351
149   80.026093  -2.313359    1.869820  0.564221  2.528111       6.639045    906.235474  -15.707577            1.14          1.64   5.257643  1.308083  241.797562
150  102.392494 -31.507442   45.048023  0.520371  2.066784       7.764062    840.498718  115.057632            1.14          1.64   6.477302  1.741212   70.403580
151  104.031319 -37.801319   42.842888  0.210574  4.409692       8.729534   1719.031494 -121.335243            1.14          1.64   9.186133  3.903545   78.123734
152   79.620560  -2.935292   22.026609  0.750827  2.767495       5.075515   1371.885620  -92.146606            1.14          1.64   6.589462  3.730559  367.396057
153   86.567986  -8.292257   26.120598  0.504802  4.415576       7.178524   1019.407166  -89.409866            1.14          1.64   6.812458  1.884919   65.324745
154   89.735107 -21.280903   33.211105  0.398618  4.197289       6.684906   1280.299316  -76.467407            1.14          1.64   7.800687  3.687142  183.292130
155   89.237938 -12.328736    7.782287  0.441516  4.608277       5.422021   1858.101929  -99.325768            1.14          1.64   5.035382  3.124160  121.602074
156   87.709709 -15.953087    8.190405  0.684092  2.704520       8.549942    887.911255 -130.918762            1.14          1.64   7.955193  1.915976   69.480453
157   90.443581 -14.243831    7.748517  0.292191  4.635863       5.313249   1698.257324 -124.589424            1.14          1.64   9.232167  2.430150   79.367973
158  108.065216 -36.328243   45.396660  0.389066  2.315300       9.056007    707.827332  103.963882            1.14          1.64   6.835063  2.116626  101.768608
159   88.583740  -9.955106   15.553334  0.593127  2.226878       7.134163    758.560242 -168.876114            1.14          1.64   6.044872  1.428071   76.389442
160   79.445457 -19.961094    5.009121  0.774458  4.972620       7.226092    918.472961 -244.802948            1.14          1.64   5.483545  1.098388  169.159317
161  104.567253  -9.564719   21.665812  0.377873  2.077933       5.153040    805.619873   24.959869            1.14          1.64   7.973640  3.134983  149.957947
162  111.304443 -26.907566   36.024181  0.424959  1.095625       7.628452   1165.132202   93.593201            1.14          1.64   8.931528  2.810740   71.917732
163   95.030182 -31.182161   31.721672  0.516459  1.585851       6.757627   1041.886353   37.152843            1.14          1.64   7.455549  2.251430  143.553009
164   92.599976  11.296005  316.223206  0.736352  2.437750       7.617501   1001.063721 -248.206863            1.14          1.64  11.911227  3.759731  128.536377
165   86.283203  -5.764227   31.823832  0.685742  3.685906       6.479506   1478.902344 -169.599228            1.14          1.64   7.449872  3.109107   80.953659
166   94.655273 -19.903936    6.539090  0.684371  2.737787       8.802552   1256.642334 -138.249130            1.14          1.64   7.497875  3.992133   58.921783
167   82.704941 -35.175591   28.186518  0.494237  3.255988       8.107787    787.212830  -42.826488            1.14          1.64   7.135888  1.256702  517.591919
168   99.774879 -36.252167   43.996426  0.429793  2.736560       5.258677   1331.065918   -4.677697            1.14          1.64   6.867898  2.029250  104.784882
169   77.973236   2.443272   13.240190  0.768826  3.160761       5.413854    825.611694 -110.786636            1.14          1.64   5.628112  1.439596  324.862946
170   82.312729 -15.864513   45.150932  0.720486  4.807709       6.397389   1708.817627  107.044342            1.14          1.64   6.125806  3.767739   99.984001
171   85.011711 -11.932223   37.067490  0.654387  3.501115       6.524665    778.878906  -24.368206            1.14          1.64   6.802068  1.462505  134.528305
172   79.117950 -16.605888  346.351837  0.741416  3.942764       7.145984    942.175537 -188.899612            1.14          1.64   7.282906  3.166218  321.162750
173   91.362808   9.823177   29.917706  0.766300  2.624420       5.995726    843.589111  -53.058529            1.14          1.64   5.505157  3.353547  166.208679
174   91.797218 -39.156158   38.190716  0.431868  3.319157       7.220121   1240.593872  -10.171597            1.14          1.64   6.725108  1.397414   62.243713
175   86.071487  -4.701327   10.810851  0.752220  3.373657       7.415158    946.043945 -167.775177            1.14          1.64   7.706540  1.741005   60.389015
176   90.512894 -23.231794   10.308047  0.449922  4.332174       6.341284   1620.561279  -46.910400            1.14          1.64   6.281221  3.393579  128.992813
177   89.513138 -38.843212   27.380556  0.289239  3.219247       5.966880   1319.285767  -62.634296            1.14          1.64   8.267639  1.512992  224.296890
178   91.064301   2.270382    0.522947  0.698235  2.108770       5.797079   1645.544678 -197.166763            1.14          1.64   8.512618  2.805036   68.330582
179   80.914764 -23.112680   23.408054  0.555378  4.761047       5.706159   1754.510742  -81.941956            1.14          1.64   7.368515  2.196333  195.395203
180   83.805946 -25.897818   33.847099  0.462065  4.528626       7.272248    943.079224   49.786995            1.14          1.64   5.983423  3.096973  356.611328
181  102.899269 -33.844437   35.062542  0.381701  1.383964       6.733614   1584.157104  121.207108            1.14          1.64   7.730465  2.585919   73.274605
182   78.297455 -10.706598    7.189274  0.751523  2.756270       5.270147   1507.707031 -141.951096            1.14          1.64   7.127684  2.455251  292.689789
183   82.729240   3.208534  357.533844  0.689263  1.559661       6.880894   1028.655640 -180.459717            1.14          1.64   7.587444  2.547771  236.164276
184   84.135406  16.594238    7.818964  0.664951  3.313309       6.548184    711.762878 -225.958450            1.14          1.64   7.801475  3.306140  321.079163
185   81.285820   3.820690  349.093323  0.662135  2.934404       7.734713   1054.210938 -172.373306            1.14          1.64   7.318507  3.232435  279.534149
186  112.924721 -40.428593   52.379631  0.384396  1.609393      10.050075   1083.809448  223.982574            1.14          1.64   5.020732  3.566636   62.455349
187   85.151031   5.266876  349.350494  0.660865  2.042099       6.055811   1122.850830 -227.383713            1.14          1.64   9.511030  1.480938   79.166687
188   75.720787 -14.235183   14.336012  0.637185  3.750301       6.487053   1028.865356  144.997925            1.14          1.64   6.543781  0.874437  265.520966
189   88.589966 -30.857176   17.633764  0.425055  1.007142       9.594698    803.816589   72.481209            1.14          1.64   6.967439  2.927634  405.981567
190   86.626099   7.391988  358.933044  0.757567  2.625328       8.125277    799.660217 -107.583771            1.14          1.64   7.854339  2.957233  165.484039
191   80.744766   2.750705  358.442688  0.776891  3.242332       8.541001   1038.510986 -149.125336            1.14          1.64   6.426122  3.985110  288.759705
192   87.657471 -35.499294   20.031116  0.562632  4.674163       5.162292   1583.399170  -42.921387            1.14          1.64   5.291083  1.439849   50.614971
193   89.840515 -33.566227   31.299908  0.414981  2.869332       7.329418   1236.088745  176.867859            1.14          1.64   5.948784  3.765819  281.239166
194   91.916397 -43.735641   27.907846  0.269702  2.379663       7.237185   1222.276611   35.215530            1.14          1.64   6.512498  1.150890  157.818695
195   83.769073 -26.647713    9.620243  0.487010  4.118779       9.051364    932.100525    1.220208            1.14          1.64   7.367259  2.930452  237.626083
196   86.408455 -19.093155   30.487682  0.424406  4.455775       8.342834    963.259094  -97.719452            1.14          1.64   6.554964  3.198020  186.092560
197   99.741547 -39.575970   16.278271  0.738448  4.113247       8.749404   1080.914551 -147.331268            1.14          1.64   5.549787  3.826871   79.517967
198   86.355927 -30.248772   31.963215  0.590733  2.476113       5.398744   1306.698120 -105.546089            1.14          1.64   7.962218  1.957201  230.915848
199   74.850624 -11.203145   10.809466  0.342771  4.717146       5.976112    849.369019  -18.735252            1.14          1.64   6.061187  0.484436  552.057251
200   81.670410 -16.286993    9.799304  0.357550  2.217055       5.188167   1223.017334  -78.851357            1.14          1.64   5.777599  1.916630  266.969604
201   90.602478   4.816261    5.254912  0.570543  1.926455       6.108797   1421.802124 -209.267960            1.14          1.64  10.909710  3.958580  163.290573
202   88.225090  11.670524  343.025635  0.648104  4.304282       6.445327   1330.657227 -210.412613            1.14          1.64   7.001857  2.256418   95.029961
203  100.856384 -18.894791   32.527882  0.429854  2.576386       5.326479   1107.583130 -146.999390            1.14          1.64   7.736521  2.763308  139.337769
204  109.031364 -17.507824   60.037888  0.719430  1.932176       6.348347    790.083313   67.390678            1.14          1.64   7.534595  3.238795  122.260307
205   98.498230 -22.844540   22.406382  0.406225  1.026756       5.181436   1519.400879   57.859562            1.14          1.64   7.865165  3.848877  192.650116
206   80.045021  13.144310    4.237756  0.797475  1.448209       6.139499    797.324158 -232.397980            1.14          1.64   7.390838  1.759303  442.046387
207   79.898117 -10.591127  352.209656  0.643643  2.748703       5.425564   1213.581665 -123.162193            1.14          1.64   7.154901  3.692311  351.158905
208   90.228584 -18.788029    9.601966  0.616259  3.208202       7.264026   1214.494995   18.054594            1.14          1.64   6.121224  3.012793  103.774536
209  102.939842 -29.609617   45.586002  0.644405  1.629829       5.335201   1172.151611   47.790524            1.14          1.64   8.514372  3.420561  208.469528
210   82.845459  -5.662712    6.351133  0.707644  3.771988       9.250408    791.187805 -211.178726            1.14          1.64   8.530742  3.655782  236.899551
211   82.377060  12.501707  350.112061  0.606011  1.929525       6.168649    979.267944 -245.173203            1.14          1.64   7.461502  2.022871  256.664154
212   87.329735  -5.688278   16.462706  0.492736  2.912255       6.772293   1014.970703   94.834877            1.14          1.64   6.719994  2.929059  180.516907
213   82.581818  -5.030522   19.060793  0.545393  3.505928       5.005053    979.730713 -171.510513            1.14          1.64   6.022373  1.027103  135.385590
214  107.539688 -38.303654   47.952003  0.599966  1.084794       6.549829   1511.654419   81.646027            1.14          1.64   7.307756  2.736891   98.802498
215   83.671898 -31.047113    0.180534  0.703928  4.150493       7.279526    855.491028 -126.879501            1.14          1.64   5.655373  3.095739  276.756744
216   86.677803  -5.425991  358.003601  0.652460  4.377274       6.602927    934.237000 -211.723465            1.14          1.64   8.647993  1.697070   93.115257
217  113.133301  -9.524055   62.169956  0.783314  1.463361       6.677027    754.421936   70.849419            1.14          1.64   7.313853  3.479070   52.802299
218   81.458435  -5.807598   15.410963  0.467554  4.314832       5.312170   1222.995605 -152.564270            1.14          1.64   8.485003  2.928957  306.621674
219   93.200043  -4.504956    4.350252  0.643489  4.618950       6.998515   1539.314453 -166.932846            1.14          1.64   7.669527  3.668807   74.982445
220  104.169525 -36.982555   45.434460  0.704782  1.060302       6.135979   1517.884888  110.241592            1.14          1.64  10.406285  3.418611  204.085739
221   74.324074 -18.938961    0.913597  0.794267  3.061003       6.010481    806.565796 -135.551071            1.14          1.64   5.295656  1.993937  544.714355
222   99.341461 -31.914446   40.411968  0.710297  1.403074       5.700255   1585.854126   74.046104            1.14          1.64   7.671341  3.198682  119.884407
223   85.491486 -25.725410   21.017759  0.304151  3.985685       7.472705   1231.638428 -172.459183            1.14          1.64   6.280824  2.106013  175.970016
224   89.654495 -12.903049  349.222229  0.569230  2.130225       5.452779   1188.655518 -144.422150            1.14          1.64   7.690367  2.006524   88.006943
225   85.315109 -12.292665  358.358917  0.652329  1.741845       9.240645   1011.839600 -161.302917            1.14          1.64   8.615535  3.702650  171.826706
226  110.590355 -10.519032   57.308365  0.744953  1.715594       5.294599    882.382385   54.519470            1.14          1.64   8.658855  3.218704  105.691582
227   95.905563 -21.557430  359.011841  0.694389  4.415505       5.978635   1799.053223 -196.648468            1.14          1.64   6.518328  3.886562   69.398979
228   82.029015  -6.295697    0.511516  0.778816  4.154025       7.375039   1195.894165 -133.280655            1.14          1.64   5.885813  2.415782  170.388016
229   81.862114   1.262572    3.664834  0.535891  2.231479       7.651736    839.936462 -241.422775            1.14          1.64   9.486354  3.761127  349.009857
230   89.306068 -29.501251   32.637814  0.361456  4.146810       9.833312   1174.825806  104.472229            1.14          1.64   5.228799  3.586481  156.888580
231  101.469551 -18.519169   51.381058  0.545762  3.364571       7.960567    886.687317    8.013694            1.14          1.64   6.981055  3.664888   84.433609
232   92.461075   4.074759  359.596252  0.744799  3.125306       7.280887    880.865967 -180.148560            1.14          1.64   7.366114  2.602266   75.607193
233   80.477737 -22.411919    2.313226  0.386268  4.646620       5.579596   1561.379517 -137.799789            1.14          1.64   6.867888  2.442753  306.247772
234  105.367668 -26.718079   51.089359  0.377250  4.258545       5.929839   1616.176147 -157.663956            1.14          1.64   7.301710  3.501019   65.324364
235   88.046379 -33.334766   11.599424  0.766835  2.328576       8.396311   1571.171265  -19.048420            1.14          1.64   6.275319  3.303816  134.632446
236   83.776520 -10.524982  350.830261  0.654066  3.114574       5.960766   1264.506958 -227.331772            1.14          1.64   7.814435  3.210763  220.027161
237   83.172974   0.982050   18.730789  0.653243  4.536454       7.374004   1306.461548 -189.531631            1.14          1.64   8.548454  3.861432  191.444916
238   86.722771  -5.561925    1.959820  0.783508  2.975174       6.996208    970.670654 -147.581100            1.14          1.64   7.898969  2.438634  124.187752
239  100.233276 -18.859797   32.484913  0.586841  1.436769       7.554153    714.510681   12.245059            1.14          1.64   8.037143  2.677014  136.190430
240   81.808777 -35.905094   25.023460  0.797420  1.856349       6.094014   1763.712036  -30.089888            1.14          1.64   6.256001  2.676383  295.256042
241   92.881340 -34.584347   11.820356  0.469521  4.625132       7.872703    826.492554  -58.576572            1.14          1.64   5.595217  1.884884   92.463318
242   81.542496  -0.865993  347.505096  0.597524  2.597396       6.605904   1028.270264 -191.766602            1.14          1.64   5.542261  2.912709  290.746002
243   82.236778 -10.201489   21.667475  0.449654  4.205853       5.004290   1427.386353   94.164055            1.14          1.64   8.484301  2.080471  208.737885
244   91.488625  -2.839798  336.435211  0.743669  2.008728       6.142172   1396.280029 -211.201508            1.14          1.64  10.591049  3.025038   87.158585
245   83.181335   0.622936  347.529907  0.621538  4.476067       6.277032    978.354187 -204.948303            1.14          1.64   7.364155  2.395371  216.693588
246   84.249191  -7.980196  353.356201  0.640282  1.589173       8.247148    963.714539 -135.599533            1.14          1.64   8.347516  2.492080  187.013824
247  102.209213 -21.501087   22.183435  0.345562  1.281919       6.989872    719.212585   99.631615            1.14          1.64   7.696513  1.703404   93.130898
248   89.065475 -20.302813   13.853342  0.412588  1.842918       7.915862    850.772278  -85.787506            1.14          1.64   5.727242  2.133437  125.115219
249   93.118660 -15.635572   27.968361  0.663016  2.253069       6.684309   1194.663208 -148.038742            1.14          1.64   7.643896  2.877272   71.926102
250   96.457741 -20.130684  351.271118  0.750290  1.460572       8.801547   1153.837769  -72.113579            1.14          1.64   7.640804  3.377304   61.612144
251   95.996971 -33.726948   26.817644  0.376948  1.257936       6.860532   1559.687622  198.613983            1.14          1.64   8.942851  2.816157  167.476898
252   88.295258 -38.367771   18.118382  0.450551  4.371629       7.534220   1720.740845 -102.214600            1.14          1.64   8.282281  2.634322  158.679749
253   80.702370 -22.678183   23.940474  0.763527  2.062922       6.415730   1296.592651 -130.455704            1.14          1.64   6.595598  3.933074  375.522430
254  101.538086 -41.758259   39.959774  0.437646  1.441102       5.886749   1443.524536   40.310825            1.14          1.64   8.636461  2.163515  160.796326
255   77.955391 -31.809977   19.227819  0.284068  4.660806       8.882116    999.392944   90.468704            1.14          1.64   5.676598  2.121051  467.806824
256   74.095734 -12.047304    7.832369  0.589856  3.248121       5.336051    797.126343 -160.474823            1.14          1.64   5.625035  0.419119  555.828918
257   91.549545   0.193382   21.900831  0.430498  3.800463       6.833887    912.301636  -66.171638            1.14          1.64   7.352771  3.391023  126.279221
258   88.778091 -21.136538   34.352074  0.411368  4.626419       6.174727   1050.640259 -151.497650            1.14          1.64   8.306854  2.547067  209.514694
259   79.352661 -38.832302   19.837835  0.263197  4.066235       6.749469   1243.835205    2.352420            1.14          1.64   5.529806  2.522736  551.634155
260   81.680984  -1.589276   16.611219  0.729619  2.458344       6.770461   1210.260864 -171.646576            1.14          1.64   7.722575  3.732579  281.426880
261   92.958778 -16.056198   25.329456  0.491415  2.106118       5.160274   1227.640503   53.738510            1.14          1.64   7.730103  1.781241   71.622360
262   75.310631 -13.930525  359.641449  0.795678  2.105716       5.720647   1198.817017 -207.150726            1.14          1.64   8.572517  3.026253  433.989685
263   86.668106   1.042480   29.404741  0.646788  4.403668       8.142199    889.847290 -183.392593            1.14          1.64   6.087753  3.559599   90.448280
264   84.372314  -2.794565    4.407492  0.647644  2.755505       6.496423   1566.780518 -199.865295            1.14          1.64   7.125793  3.145182  177.766357
265   85.996811   1.974192    8.191285  0.479932  3.609176       7.968744    888.269653 -220.321899            1.14          1.64   7.053520  3.194350  191.736740
266   85.121223 -34.259453   34.705154  0.635153  2.644838       5.769628    873.393005  -95.305084            1.14          1.64   7.769733  0.475470  241.783386
267   90.134361 -11.933950   33.597504  0.731125  2.215047       5.978975    928.065369    9.779591            1.14          1.64   5.789758  3.729940  250.223236
268   86.543381 -26.614319   21.267282  0.535737  3.123804       6.221952   1457.466431   51.529377            1.14          1.64   6.231796  2.138304  118.135544
269   92.679245 -30.303116   40.578884  0.453231  4.115675       7.518250    807.799927  -35.784966            1.14          1.64   6.688551  1.198071  127.510277
270   83.038971 -37.223648   54.230587  0.728013  4.324536       8.896801   1617.718018  150.719376            1.14          1.64   7.294902  3.374717  133.553009
271  112.841171 -33.033611   40.767128  0.383374  1.387539       7.147186   1504.622803   63.573769            1.14          1.64   8.994983  3.118517   90.083900
272   85.367477  -0.871606   25.277035  0.734988  3.238538       5.327194   1728.293213  -50.478886            1.14          1.64   6.050970  3.581930  147.031113
273   96.428528 -24.280924  342.448425  0.717756  3.203119       6.419340    975.865601 -159.541504            1.14          1.64   9.585194  3.754186   62.007950
274   96.788109   4.358047   22.049244  0.438785  3.517007       5.192909    852.520935 -111.137215            1.14          1.64   7.134468  2.236749  103.536263
275   83.559639 -11.062650  349.049316  0.740248  1.965335       5.506536   1609.888916 -229.017944            1.14          1.64  10.370322  3.134112  216.552567
276   85.867653   5.297416  341.803070  0.744427  1.575539       6.318489   1003.758118 -137.405014            1.14          1.64   9.446431  2.589709  199.687576
277   79.717766 -39.193913   21.030346  0.762778  2.283926       7.280364   1331.152710  -22.054281            1.14          1.64   7.037682  1.710939  263.521667
278   90.756546 -39.149487   27.752378  0.477864  1.689881       7.396431   1806.522705   64.608124            1.14          1.64   7.161811  3.319435  208.160568
279   79.412964 -15.855762   18.181366  0.798589  1.659192       6.392395    952.728210 -133.129578            1.14          1.64   8.939819  3.977364  437.580902
280   99.274231 -32.334267   36.332626  0.193089  4.969293       7.717309   1450.185669  -59.445580            1.14          1.64   6.042892  2.897994   58.220970
281   88.016823 -24.016787   25.107109  0.593256  1.979844       6.268259   1335.482422  -83.529198            1.14          1.64   5.474541  3.340274  207.314941
282   76.256958   3.218346    8.020322  0.789567  3.172683       8.072130    710.055176 -143.340546            1.14          1.64   6.536666  2.948626  448.604462
283   90.680634  -6.159851    8.642762  0.531156  2.653990       6.645183   1167.264893 -142.249695            1.14          1.64   7.488841  2.315552   60.493763
284   74.902489  -8.192227    3.919449  0.746225  4.476925       6.618066    950.014404  -58.611362            1.14          1.64   5.675924  3.184843  519.913147
285   74.033386 -26.420147    7.307082  0.707616  4.272363       8.909636    900.065063 -239.613251            1.14          1.64   6.906650  2.414352  502.781464
286   89.580391 -36.962223   24.401354  0.464189  1.380239       5.395629    938.018860  115.789970            1.14          1.64   8.646591  1.886328  451.765991
287   83.998222 -15.828778   18.732994  0.430974  3.449368       6.436740   1060.720459   91.169792            1.14          1.64   7.538564  3.337063  277.878113
288   84.839180  -9.195541    4.798821  0.623478  4.164667       8.267467    907.978271 -163.467224            1.14          1.64   8.937115  2.328621  153.211349
289  104.439423 -41.395805   53.593575  0.539542  2.209130       6.479040   1533.983643  130.374405            1.14          1.64   9.187771  2.644794  118.642929
290   78.579697   3.900128  351.225891  0.787447  3.010350       5.149812    953.500183 -202.126389            1.14          1.64   5.389570  0.760636  146.177567
291   78.201225  -5.062769    6.238638  0.755681  4.683194       5.915585   1171.240112 -185.799423            1.14          1.64   5.733690  2.640688  321.738037
292   85.884811 -19.987814   27.092688  0.427374  3.574515       7.550004   1041.513550   48.267689            1.14          1.64   6.269591  3.951962  310.733887
293   75.820618 -20.188868    8.922253  0.463236  2.797007       6.339763    814.335205   38.134403            1.14          1.64   6.433566  3.017905  602.445374
294   82.675041 -29.719254   27.198805  0.775709  2.333585       9.117183    804.086426  -23.898909            1.14          1.64   6.013752  1.559737  187.432236
295   75.457420 -11.788850    0.277980  0.672106  3.427234       8.115637    804.900696 -137.516327            1.14          1.64   5.553759  0.467400  202.729416
296  102.152443 -22.466908   44.138760  0.443099  3.944796       7.139892    857.333557 -169.900772            1.14          1.64   8.947073  3.359823  146.115829
297   81.967041 -29.492266   16.994333  0.776728  3.540303       6.292856   1575.585571 -158.378754            1.14          1.64   6.960785  1.651978  118.509811
298   81.732445 -32.584827   22.249317  0.568157  2.794257       6.167511   1442.219116 -133.943817            1.14          1.64   6.387921  2.385059  306.706787
299   89.718063 -11.469169   14.453210  0.482873  1.735982       8.148711    984.366638 -178.661316            1.14          1.64   8.470737  3.340439  157.586334
300  105.926369 -39.095165   39.610947  0.572638  1.089298       5.425322    972.752625   13.195961            1.14          1.64  10.643109  2.975464  368.117950
301   82.671844   4.857850  359.981506  0.580667  1.820451       7.647856    857.665344 -120.383186            1.14          1.64   7.393579  3.416867  297.149475
302   84.267113 -33.869476   22.068623  0.694310  2.584451       7.318488   1688.625610  -26.916277            1.14          1.64   7.148426  1.953239  109.314751
303   91.083183 -13.716697   11.739439  0.259750  2.671509       7.053670    868.869568 -113.332962            1.14          1.64   9.334670  1.694998   64.577751
304   97.100624 -42.312927   42.405209  0.368672  3.810848       6.474452   1570.987427 -144.388016            1.14          1.64   5.779932  3.448403  267.464539
305   81.619835  -5.329593   18.733618  0.799287  1.830973       6.725454    878.381897 -118.629494            1.14          1.64   5.831504  3.421929  382.924225
306   87.451477 -20.262724  355.082214  0.701839  2.979794       5.279067   1287.947388 -110.465721            1.14          1.64   7.605493  2.517189  137.006393
307  115.164200 -40.884624   75.805817  0.717568  1.813796       8.421747   1170.204224  135.517151            1.14          1.64   6.369901  3.958729   99.585182
308   79.089088 -12.330464  358.476074  0.700115  4.877923       6.853429    919.568054  -76.131142            1.14          1.64   5.612046  1.729840  283.024231
309  107.944939 -38.719189   57.804401  0.711488  1.479053       6.192988   1366.252563  125.738716            1.14          1.64   7.838115  2.119013   73.225739
310   97.267365 -27.103300   41.306793  0.484283  3.015546       6.238463   1012.426392  133.835739            1.14          1.64   7.299354  2.318737  146.244110
311   88.113335 -15.284555   13.323239  0.456976  4.736828       6.611489   1155.067383 -160.855270            1.14          1.64   5.551332  2.486087  121.893906
312   88.300316 -36.715042   21.955650  0.500548  1.029314      13.373870   1527.113037   80.180176            1.14          1.64   6.926578  2.147434  247.918167
313   85.653915   7.997271  352.144897  0.706684  1.496815       6.208268   1226.186890 -196.130157            1.14          1.64   8.528277  1.928899  110.108742
314   82.219078 -20.848736   20.592604  0.459731  3.967133       7.575851    874.557739   78.836143            1.14          1.64   5.404343  1.885244  238.325546
315   83.957291 -23.572109   13.392595  0.379856  4.958673       8.604747    890.717163 -160.053116            1.14          1.64   6.359450  1.057059   66.954628
316   95.457176 -23.891674   30.280247  0.540823  2.201158       8.171863   1079.799072  138.628311            1.14          1.64   8.037194  3.140512   74.567284
317   79.030960 -25.398357  345.230377  0.739952  4.293808       6.509958    950.650024 -212.989594            1.14          1.64   6.074939  3.101944  322.588898
318   77.240089 -12.058812   20.756617  0.649796  4.853804       6.541060   1232.745605 -236.374405            1.14          1.64   5.378391  3.698799  363.592346
319   75.729156  -1.847557    4.272329  0.783220  1.201048       6.671897    844.395386 -151.726471            1.14          1.64   8.465531  1.566385  483.906311
320   79.477493  -9.465957   12.880312  0.693967  2.409292       6.565912    804.340759 -209.353043            1.14          1.64   8.012666  2.815000  390.146027
321   92.049149   2.524069   10.470123  0.746409  1.535760       5.200802   1093.101929  -62.631699            1.14          1.64   7.245088  1.852976   54.006824
322   95.192650 -27.868971   44.564037  0.607704  2.526816       7.749960   1034.413086  142.788666            1.14          1.64   7.336944  3.073559  110.292068
323  109.695770 -32.360077   52.618301  0.478054  2.011787       6.148088   1641.347900   89.563782            1.14          1.64   8.283025  3.254722   71.165833
324  102.302246 -46.630367   41.295677  0.451408  2.838718       6.842919    790.793823  -12.008249            1.14          1.64   7.797912  0.842127  273.499359
325   85.352165 -16.539553   24.088655  0.684897  2.220216       6.122543    857.626709 -212.465225            1.14          1.64   7.139743  1.631991  178.951019
326   79.399246  -8.415119    9.916698  0.546324  2.237553       5.299269    918.787537  -99.151154            1.14          1.64   5.035840  3.269265  459.041290
327  101.892487 -27.981054   35.810928  0.645551  1.067140       5.737135    843.387024   -9.835395            1.14          1.64   7.940872  3.628321  246.540970
328   73.930939  -6.249387    0.898704  0.765870  1.914662       7.927464    729.129700 -220.607254            1.14          1.64   8.821063  2.455671  596.331665
329   93.428047 -25.986547   13.577836  0.794097  4.227514       7.086598   1423.461670  -71.625153            1.14          1.64   7.296325  3.263935   72.736328
330   84.257957 -28.580353   51.575279  0.789913  3.513954       6.997003   1027.916992  249.613770            1.14          1.64   7.853868  2.260865  122.736794
331   89.856697   9.059464  354.331238  0.785176  3.084077       6.690327   1382.346924 -125.820656            1.14          1.64   5.433966  3.101570  105.402740
332  118.581917 -42.563011   56.701290  0.433861  2.691972       9.317843    754.628357 -127.718567            1.14          1.64  11.087408  3.947853  196.322510
333   93.917320 -12.645499   39.134995  0.548605  3.162503       6.513228   1515.741577   82.847145            1.14          1.64   7.323922  3.814571  104.379791
334   89.804413 -36.923557   25.824200  0.440513  2.399364       7.283812    807.734497   39.830654            1.14          1.64   5.171564  3.460846  524.165100
335   85.284988 -28.702415   30.542013  0.463674  3.486382       5.944595   1485.407959 -207.805878            1.14          1.64   7.580576  3.241134  294.275238
336   84.665619   3.560040   13.890208  0.567124  3.634103       7.043580    940.905945 -204.767380            1.14          1.64   7.303027  2.148997  160.473862
337   80.438904 -24.417194    5.926293  0.669256  3.895170       8.033121    870.257019 -114.404488            1.14          1.64   7.043755  2.540876  311.812653
338   84.142166 -23.902369    7.861037  0.306426  2.651666       5.507481   1392.121094 -170.938736            1.14          1.64   6.636672  2.089840  202.780151
339  101.434563 -35.281521   38.611572  0.530425  1.368603       5.692663    966.811890  168.723969            1.14          1.64  10.063009  2.142280  200.465515
340   96.241043 -30.556602   40.014584  0.362633  3.824953       6.803367   1236.930420  -18.346611            1.14          1.64   7.256917  2.687733  113.136719
341   88.820320 -33.070312   27.701481  0.424123  2.494070       7.797015    829.537476   76.984444            1.14          1.64   5.363112  1.436464  282.522461
342   84.972664 -33.276936   13.240883  0.604257  2.210741       8.730519    981.806946  -11.259705            1.14          1.64   6.073124  1.800729  146.292450
343   92.658958 -14.437936   31.327854  0.666433  2.088217       5.750990    805.804810   45.398739            1.14          1.64   6.977078  3.883193  333.832397
344   78.198029 -36.247650   21.205580  0.581213  2.608967       9.435618    955.855774 -179.602463            1.14          1.64   6.492212  3.829877  529.286865
345   88.031685 -19.542511   34.119728  0.601144  2.853327       5.374272   1250.271240   66.700233            1.14          1.64   7.591471  3.078428  224.392044
346   76.561188 -23.817200   22.401787  0.731262  2.287838       5.843013    887.673401  -94.782356            1.14          1.64   5.426556  1.103946  552.086365
347  100.410027 -36.801140   49.601837  0.444347  3.044432       9.782500   1219.920532  186.082458            1.14          1.64   8.212016  3.509806   56.937580
348   92.823250 -23.919836   43.104996  0.612366  3.097555       7.251658    706.644348   14.123478            1.14          1.64   7.167242  1.592649  171.097031
349   81.668320 -44.029396   25.025219  0.580313  1.821163       6.499936   1772.035400 -187.603043            1.14          1.64   7.061543  3.859390  542.782654
350  101.404633  -7.182696   30.627794  0.607829  1.830257       6.461094    995.502197   -0.172906            1.14          1.64   7.180069  3.772473   90.566933
351   80.419487  12.326160  340.769165  0.771745  4.638840       8.794943    910.165710 -198.019516            1.14          1.64   6.210276  3.850806  302.020905
352   89.444809  -4.237573    7.647812  0.666537  3.638136       9.299177    713.147644 -181.533905            1.14          1.64   9.011947  3.651044  126.414459
353   83.778206 -20.336170   14.584291  0.250924  3.389079       6.125259    896.436707   -3.920117            1.14          1.64   6.488362  1.387503  208.380432
354   87.333694  -5.647437    9.225731  0.275322  4.038854       7.573539    893.650635 -242.146072            1.14          1.64   8.274714  2.649362  171.032349
355   82.525116 -33.329353   14.906565  0.215314  3.057151       8.519315   1480.616821  138.439194            1.14          1.64   7.077090  2.965179  295.477814
356   84.451920 -23.304850   15.260199  0.655870  1.228376       7.707238   1216.363770  -47.443302            1.14          1.64   8.079676  3.686918  267.658600
357   79.261566 -18.056770   14.600636  0.684135  2.966166       8.892297    782.375916 -212.195297            1.14          1.64   6.196501  2.361508  317.398895
358   93.852692 -37.341579   38.303104  0.656875  1.945797       6.068933    722.063477  -79.063164            1.14          1.64   6.742613  1.942934  538.703979
359   84.908752 -11.462482   13.750818  0.669898  4.889248       9.626166    866.668091  -29.280973            1.14          1.64   8.280033  3.527518  166.568436
360   84.352921 -10.247810  350.581512  0.795029  3.245413       8.511302    861.116882 -139.670959            1.14          1.64   7.066768  3.114925  176.448334
361   81.778427 -13.127304   26.735338  0.702388  2.910035       7.870277    809.818420   92.555389            1.14          1.64   6.128236  2.157341  224.509247
362   97.185333  -7.521915   24.408630  0.458309  2.364105       6.371529   1222.319092  188.659225            1.14          1.64   7.286602  3.675769  102.639717
363   84.425407 -14.243511   16.321512  0.531321  3.993447       7.304103   1360.803101  -29.224150            1.14          1.64   6.273078  3.120411  188.168701
364   87.194618 -20.775040   39.669708  0.606616  3.645520       6.055723   1351.823120  179.278915            1.14          1.64   9.413780  2.530473  103.105530
365  101.444466 -42.436237   45.832535  0.594269  1.743031       9.548925   1407.223511   29.004318            1.14          1.64   5.898271  3.631974  104.771690
366   92.542038  -8.676557  353.661377  0.703649  2.624375       8.053211    940.632874 -129.826340            1.14          1.64   7.535602  3.814765   95.222214
367   82.609695 -10.598334    8.272381  0.787241  3.967577       5.261791   1382.171753 -219.060516            1.14          1.64   8.807979  2.066897  151.406998
368   77.926285 -21.837364  359.447418  0.487702  3.996569       7.385978    714.423645 -231.459442            1.14          1.64   6.420676  2.237763  489.068695
369   91.860909 -48.482494   36.559566  0.436520  2.338687       8.863881   1854.789795   51.459114            1.14          1.64   7.010889  3.411102  326.539856
370   89.153267  -8.686882   23.838415  0.719527  4.017580       6.455998   1497.539551 -161.073166            1.14          1.64   6.281374  3.189221   73.481476
371   91.047112 -28.569126   28.837025  0.357465  3.187664       9.700991    980.267456 -216.584106            1.14          1.64   7.011748  2.772889  111.268929
372   94.019272 -28.068007   49.339901  0.551692  3.636147       9.234138    805.707581  112.839760            1.14          1.64   5.631447  2.955757  121.234459
373   97.014221 -46.903194   36.635380  0.581032  1.016845       7.307764   1322.324097   98.532173            1.14          1.64   8.828650  2.470845  303.204285
374   87.836899 -26.906572   23.935511  0.279566  3.721925       7.061088   1226.115356  163.611572            1.14          1.64   5.207328  2.241362  191.143982
375   86.751045   6.605401   17.408918  0.633491  3.171715       6.202972    919.889404 -200.315628            1.14          1.64   6.831758  3.211130  207.227600
376   88.197800  -1.502633    9.978022  0.506051  4.361778       5.681283   1585.913818 -210.147507            1.14          1.64   6.209998  2.759796  110.172424
377   99.626244 -28.962254   28.748665  0.307004  1.598149       6.061171   1485.886841  169.533981            1.14          1.64   9.641567  2.526923   54.730938
378   96.330894 -27.770523   41.321274  0.458946  3.435054       6.372488    761.080688 -138.251572            1.14          1.64   6.141883  1.652854  145.371918
379   90.395737 -11.561028   32.362434  0.535079  4.061397       8.427315    935.371094  -70.621521            1.14          1.64   7.352089  2.988722   52.169952
380   80.925095 -49.204472   32.174297  0.678386  2.502274       7.232841   1142.179810  -51.100636            1.14          1.64   5.617603  3.360348  686.683350
381   88.706810 -47.666187   33.483356  0.488131  2.273737      10.129616   1559.412964   84.798820            1.14          1.64   7.114453  2.293649  213.790222
382   83.577171  13.131250   14.717505  0.663307  3.428079       5.326852    740.557983 -102.860558            1.14          1.64   5.315450  1.948155  264.342621
383   96.853561 -23.541252   28.553740  0.406881  2.033789       6.074319   1481.042969 -204.712418            1.14          1.64   8.377369  3.905664  187.815109
384   75.742584   0.865844   18.162548  0.781349  3.751393       6.124122    725.607910 -233.149307            1.14          1.64   6.918061  1.021731  439.464600
385   82.804558 -26.350689   34.465034  0.604474  3.483981       6.448942    743.803833  107.643768            1.14          1.64   6.121548  2.772927  450.844666
386   88.215919 -19.317156   10.528619  0.743775  3.528749       7.867022   1210.567749 -197.822601            1.14          1.64   8.333081  3.408932  131.728714
387   85.427017   1.494028   13.649846  0.701863  3.691387       7.688190    956.515320 -225.088928            1.14          1.64   7.256165  2.816360  150.427200
388   83.346779 -34.858292   16.571598  0.444208  1.127776      10.303516   1506.758057  162.609177            1.14          1.64   8.455256  2.864924  273.280853
389   85.647095  10.894165   12.759998  0.648690  2.699982       6.178130    899.173584 -105.232559            1.14          1.64   6.927374  3.260146  258.301086
390   91.051559 -14.257946  344.557220  0.722880  4.325513       7.315712    796.649414 -162.732727            1.14          1.64   8.345199  2.529483   67.733147
391  100.935257 -29.070559   35.230930  0.369481  2.183028       7.035340   1259.104248  236.414703            1.14          1.64   9.455940  3.768607  137.185318
392   75.032715 -28.840769    8.338092  0.710775  2.742362       8.467495    880.592285    3.043065            1.14          1.64   6.166621  2.179508  492.206482
393   88.832359 -20.117313   14.053357  0.264306  4.501739       7.438918   1547.899658  -16.130432            1.14          1.64   6.520476  3.417603  137.115540
394  102.697655 -42.925240   42.144695  0.457200  1.463901       6.485051   1381.469482  134.544281            1.14          1.64   9.636174  1.699208   58.431225
395   77.736031 -35.766193   18.485928  0.741860  2.793324      10.023269   1111.638306   67.664177            1.14          1.64   5.244611  2.992036  360.357758
396   80.762421 -21.828609   28.200668  0.531550  3.737543       7.143651    806.634338 -227.427689            1.14          1.64   5.834948  3.113682  511.861755
397   87.528091 -29.459475   35.462929  0.573104  2.860766       7.657398    755.616455  130.238068            1.14          1.64   6.959512  2.456615  290.486786
398   93.391106  15.172341   15.547298  0.586980  2.848303       5.221472    835.819214   14.923165            1.14          1.64   7.813097  2.141231  199.810272
399   89.603737  -1.471974   17.778910  0.375144  4.227761       5.307221   1255.751465 -136.308670            1.14          1.64   7.142117  3.077871  153.616455
400   87.004539 -24.591217   18.140867  0.432391  3.041227       5.447308   1998.783081 -190.820587            1.14          1.64   6.758987  3.096635  173.630783
401   87.056610 -19.646837   30.444267  0.424587  4.187671       6.671547   1536.392090  122.670052            1.14          1.64   5.338381  3.827614  205.739258
402  123.012428  -5.376072   32.735413  0.524858  1.061367       5.373374   1414.460815   22.941345            1.14          1.64  10.920064  3.900060   53.517212
403   83.576950   1.908684  343.009125  0.769977  1.357247       6.845441    758.342896 -139.382462            1.14          1.64   8.026900  1.416266  238.879242
404   83.441696 -33.536663    9.190055  0.528627  4.253720       5.479697   1403.519165 -191.441742            1.14          1.64   7.435355  1.781049  206.386124
405   95.400764 -41.457664   41.289837  0.543907  2.044533       9.020252    915.651917  248.873077            1.14          1.64   8.549220  1.489419  117.610771
406   84.510124  11.146440  359.249512  0.600969  3.437306       6.262472   1122.017334 -208.122147            1.14          1.64   6.326704  3.432350  261.212372
407   82.433937 -23.597469    7.309103  0.315574  4.399865       8.376522   1354.824219   59.320763            1.14          1.64   6.569076  3.827305  286.375793
408   84.933701  -8.753973    8.360194  0.633301  2.738125       6.182190   1301.999390 -181.485474            1.14          1.64   6.480196  3.554936  215.552139
409   78.659134 -10.362171   13.425708  0.355642  3.958443       5.401815    995.110901  -12.490617            1.14          1.64   8.473931  2.293835  438.781006
410   98.031662 -39.698021   39.876991  0.687393  1.186539       6.684961   1319.290039   36.242065            1.14          1.64   6.169764  3.523435  230.471497
411  102.599998 -27.549709   30.553167  0.296675  2.840216       7.613985   1032.724243   67.021904            1.14          1.64   6.199658  3.807539  155.746613
412   83.260780  -8.175856  349.875397  0.772189  3.773992       6.889048   1196.973145 -187.962128            1.14          1.64   5.361793  2.500775  151.980804
413   99.004799 -34.627197   32.562672  0.423817  1.299525       8.436270   1443.191406    3.045550            1.14          1.64   5.874403  3.928171  179.902771
414   77.627098 -23.181824  356.927429  0.716068  4.400346       8.352922    755.043762 -136.869171            1.14          1.64   5.479506  0.882279  253.982224
415   80.971855 -43.861492   27.117863  0.639509  2.278377       7.679801   1896.761963  112.826218            1.14          1.64   5.998080  3.543449  434.168365
416   81.364891 -25.052507   29.859921  0.602008  3.074593       6.272292    948.629211  -79.998894            1.14          1.64   5.516977  1.362290  282.246552
417  110.153137 -28.723291   65.112915  0.718558  1.712309       5.214774   1632.546387  101.387566            1.14          1.64  10.750193  3.399428   75.103729
418   90.504379  -8.549660   22.921148  0.393421  3.327280       6.642038    987.747070  113.352699            1.14          1.64   8.408511  3.159412  185.426651
419   85.831886 -46.723343   25.837645  0.561677  1.271868       5.003058   1851.171387  135.358093            1.14          1.64   7.512547  3.148483  598.428467
420   86.827209   6.387339   10.492179  0.650920  3.713492       5.496308   1326.047241 -210.840408            1.14          1.64   8.249125  2.409997  116.990234
421   78.399483  -2.458440    7.325943  0.538614  2.137995       7.135905    790.084595 -210.987869            1.14          1.64   8.230067  2.724920  494.578613
422   86.093483 -17.230215   12.411217  0.738943  3.101927       6.377704   1835.851074 -127.072571            1.14          1.64   6.373382  3.757231  166.563965
423   84.012817  -0.575703    9.761076  0.494595  4.293818       7.164969    743.064636   -0.080321            1.14          1.64   8.473675  2.267549  233.000931
424   78.747849 -13.604839   15.971014  0.729333  3.454832       5.194393   1319.117554 -194.597687            1.14          1.64   5.504713  1.574243  202.682114
425  104.006294 -36.867214   45.173252  0.447127  2.513848       5.563521   1211.765015   32.592251            1.14          1.64   8.569174  3.219492  220.829147
426   82.358849 -24.327917   12.258968  0.557926  2.700492       7.615403   1102.084473 -110.923256            1.14          1.64   8.176138  2.641296  242.757339
427  124.812027 -30.481071   72.650536  0.628254  1.058265       6.247533   1132.025757  104.913849            1.14          1.64  10.660799  3.550704   76.028954
428   77.976616 -17.400093    7.038039  0.529536  2.824867       6.454249   1484.224854 -104.162514            1.14          1.64   7.001667  3.752749  399.133087
429  109.986885 -43.922215   52.628891  0.353632  2.476487       7.487254   1587.624268  -49.966679            1.14          1.64   9.272470  2.847861  104.012085
430   78.328926  -3.840788   18.002480  0.672870  3.920443       6.361123    884.848206   90.277504            1.14          1.64   5.863364  1.536776  299.466858
431   81.110001 -23.744595   16.668879  0.404445  2.973916       5.500741   1257.812134  188.118622            1.14          1.64   6.315918  3.720690  415.414734
432   86.202179  -9.569870   15.935806  0.711574  2.019864       6.406277   1660.513184 -137.135391            1.14          1.64   7.578835  3.047062  143.905563
433   94.390694 -44.825787   31.548859  0.534772  1.039663       8.852131   1246.732178   66.957199            1.14          1.64   8.657041  1.980627  280.265808
434  121.739731 -32.351238   71.893829  0.739985  1.012537       7.056096    775.494385   76.826607            1.14          1.64   8.818161  3.024475   99.454659
435   82.876762 -13.476817   10.199059  0.538157  4.601525       8.314466   1002.859436 -191.073532            1.14          1.64   6.002402  3.121302  227.159912
436   80.835793 -21.809736   26.599400  0.554761  3.683481       6.228470   1023.353760  -98.234337            1.14          1.64   8.483035  2.215269  317.285706
437   73.322754 -13.765682    9.076745  0.584553  2.582275       7.225991    886.371948 -106.791885            1.14          1.64   7.092482  2.230360  653.078308
438   94.767509 -34.229233   33.701626  0.281037  3.557843       8.399179   1196.252686  -40.001743            1.14          1.64   7.120402  2.597003  124.747070
439  113.724953 -36.690857   40.739273  0.265825  2.983938       8.035565    942.255554  228.679306            1.14          1.64   8.490519  3.624440  115.401688
440   86.449219   0.741818  352.568695  0.668688  2.551484       7.368332    708.998718 -163.649689            1.14          1.64   5.492778  1.111612   54.187096
441   81.008156  -2.994598  354.586334  0.796253  2.091110       5.401724   1287.839355 -172.116928            1.14          1.64   7.120561  2.259248  228.367722
442   85.873688 -29.948483   17.456169  0.417306  1.802366       9.593584   1214.016968   43.562313            1.14          1.64   6.416459  3.223931  212.519836
443   79.291519 -33.264629   14.450877  0.607847  1.776367       5.925298   1736.172852 -146.561005            1.14          1.64   7.229682  2.014422  301.832794
444   78.805000 -10.355234  350.968994  0.631936  2.361780       6.859533    821.180481 -208.753448            1.14          1.64  11.046670  2.550562  404.787842
445   82.018219 -30.273851    4.771316  0.647775  2.073719       6.441308   1878.126343 -183.978424            1.14          1.64   7.466583  2.569192  217.413605
446   94.283981 -36.115536   41.988739  0.550009  2.482278       6.624616   1641.492310  143.222015            1.14          1.64   5.579041  2.310045  117.314384
447   97.130325  20.122141    1.969392  0.793277  3.767836       6.129885   1477.231689 -198.382233            1.14          1.64   8.767381  3.922107   75.047676
448   89.941422  -9.926381   19.013626  0.576871  2.123908       7.481668   1076.849609   57.817585            1.14          1.64   6.841493  3.687772  158.807724
449   82.796394  -0.962984   24.914524  0.754254  4.845516       7.339630    899.098450 -179.795761            1.14          1.64   6.192260  1.628921   54.426056
450   77.959167 -11.909608   13.871200  0.600744  2.519195       5.881637    872.233032 -197.666687            1.14          1.64   7.258625  1.357280  378.836395
451   88.033974 -14.993263  352.451355  0.756844  4.180471       5.428195   1593.002686 -186.752991            1.14          1.64   6.518590  2.956954  106.619644
452   91.415619 -16.920422   35.601711  0.479478  3.550100       5.473968   1013.197815 -103.033058            1.14          1.64   6.580457  3.539575  221.722504
453   85.437897  -7.511736    5.364522  0.405368  1.890240       6.767466   1141.968506  -75.448372            1.14          1.64   7.010170  2.055773  142.810226
454   93.307373 -31.559822   51.662064  0.539054  4.118617       6.943833   1491.932129   30.236948            1.14          1.64   6.301857  3.416517  160.652771
455   97.332359 -38.072964   36.416500  0.538554  1.528361       7.469798   1591.824585   90.992607            1.14          1.64   8.398364  2.750813  125.332314
456  104.004921 -22.143375   40.717167  0.634396  1.489935       5.327028    830.371277   67.069832            1.14          1.64   7.896332  2.919984  156.747681
457   84.453308 -20.993683   34.128181  0.710590  3.243747       6.499686   1773.482422   85.229782            1.14          1.64   6.582410  3.759129  185.384125
458   86.210480   1.592340  359.184174  0.649803  1.746310       5.254484   1928.896606 -161.952881            1.14          1.64  10.806639  3.096806  153.337891
459   98.738609 -23.220427   34.322041  0.315510  3.344997       8.138888   1106.776611   75.274994            1.14          1.64   7.240954  3.242826   79.930222
460   81.423103  15.544226    8.502561  0.736216  2.898064       5.477111    917.283447 -230.795837            1.14          1.64   7.464320  1.016861  183.750793
461   81.663506  -0.997580   18.173079  0.502583  4.531987       6.071641    718.882568  -81.650238            1.14          1.64   6.161131  0.792531  158.686447
462  110.283852 -39.030464   71.823860  0.716249  1.945293       7.324930   1442.814453  103.799606            1.14          1.64   8.399361  3.285359   59.133736
463   78.673302 -17.469168    1.563661  0.674005  2.577888       7.537041    890.921448 -166.536530            1.14          1.64   7.573970  3.202688  365.182220
464   85.446350  -1.010569   13.445340  0.548078  3.271162       6.994915   1211.857178 -232.811829            1.14          1.64   8.047771  3.742522  209.722855
465   78.038422 -21.792774   10.079830  0.676259  2.727663       6.005122   1419.591553 -118.199799            1.14          1.64   6.275659  3.022789  368.694366
466   95.986595 -29.277386   39.551579  0.539211  2.234547       5.659381   1545.585449   32.407906            1.14          1.64   7.621445  2.181796   63.857197
467   87.444740 -19.208605   23.977468  0.389584  4.746244       9.227156   1131.866943   32.470947            1.14          1.64   8.104477  3.516794  142.042343
468   81.324593 -19.261747   14.422097  0.371751  2.826281       5.747644   1169.881836 -219.150330            1.14          1.64   6.120355  2.792163  369.709412
469   96.415604  -1.715303   41.763042  0.635250  3.415272       5.443272    747.388672    2.635330            1.14          1.64   7.672331  2.024217   87.579102
470   91.359169 -11.961029    7.542865  0.207737  1.822688       5.082262   1190.919067 -171.883636            1.14          1.64   6.975679  1.791158   62.589199
471   91.443275 -30.168142  357.063965  0.718387  3.555142       8.095750    907.318420 -170.248993            1.14          1.64   7.981569  2.982235  101.392654
472   85.867455 -25.977016   37.074905  0.639955  3.223400       7.451906   1233.289917  138.878845            1.14          1.64   6.632980  2.900177  184.156204
473   90.879829 -38.394276   31.210814  0.445433  2.112665       8.558821    785.316345 -146.181335            1.14          1.64   7.832394  1.065966  210.918518
474   84.936455  -6.270344  358.478638  0.537831  4.569528       8.357174    911.686584 -232.563660            1.14          1.64   6.776730  2.801979  187.996307
475   87.662987   9.512986  334.541077  0.561832  2.026114       5.509785   1100.709473 -215.741028            1.14          1.64   8.625315  3.526686  324.117676
476   90.785423 -35.856682   57.317932  0.693604  3.643132       8.313060    877.301392  230.456955            1.14          1.64   7.923017  2.214211  122.895554
477   82.901970 -23.594177   21.088261  0.693732  2.490471       7.673959   1316.872314 -139.371918            1.14          1.64   9.086292  2.440855  180.310486
478   76.113342  -1.192044    7.250748  0.720202  1.766207       7.884371    702.379211 -213.004990            1.14          1.64   8.120203  3.192519  615.225586
479   93.378944  -3.823104   10.612686  0.576334  2.828773       5.392305   1805.200439   79.479156            1.14          1.64   6.508738  3.290062   74.412994
480   86.050560 -34.458397   27.268942  0.379054  3.324285       7.187369   1518.426880  -43.529942            1.14          1.64   6.663476  3.143374  263.235077
481   87.509270 -18.249580   31.420362  0.635607  2.753576       8.666569    915.461121   22.346371            1.14          1.64   7.497307  2.753208  133.306595
482   92.502663  -2.933734   14.869912  0.693732  1.583741       6.863832   1322.713135 -147.428711            1.14          1.64   7.207515  3.945345  128.991074
483   81.001137  -1.063560  356.246674  0.646296  1.825076       6.727437    966.067139 -243.011154            1.14          1.64   8.685053  1.772099  233.563660
484   78.463348 -11.884820   15.905894  0.776853  3.614020       8.506707   1161.696899  -26.683823            1.14          1.64   5.856521  3.773486  295.867798
485   87.185410 -23.642681   26.103455  0.443190  3.601065       8.468711    862.788574   64.941147            1.14          1.64   7.870325  1.474515   66.900024
486   87.579788   3.935895    2.556105  0.717302  2.993929       7.466698    931.161926 -126.843933            1.14          1.64   8.497802  2.483873  116.665031
487  107.898087  -4.877306   42.201469  0.617341  2.092225       5.992204   1001.173340   57.620617            1.14          1.64   7.858667  3.418994   73.740227
488   81.251938   1.483954    2.385200  0.575082  2.525522       7.730660    855.761841  -58.553898            1.14          1.64   7.532651  3.240837  314.189453
489  103.670135 -27.122089   39.393078  0.489649  1.819107       6.873195    890.303345  111.222191            1.14          1.64   8.215413  3.425107  165.407013
490  106.895317 -20.340006   19.493822  0.296107  3.652477       6.778326    782.492493  107.181267            1.14          1.64   7.644234  3.882041  158.901535
491   85.129982 -11.735563    0.641330  0.783930  4.499429       7.129721   1199.652832 -158.893158            1.14          1.64   7.273211  2.329782  117.515854
492   85.320663 -17.567303   15.876872  0.410417  3.703148       5.596537   1640.965698 -166.822937            1.14          1.64   5.761404  2.647728  176.008270
493   81.135376 -17.563835   33.026321  0.643704  3.656938       5.380741    870.213135  188.391586            1.14          1.64   5.008616  0.562180   79.021622
494   84.678925 -28.606462   29.647511  0.637730  2.233733       7.364541    721.091125 -107.954308            1.14          1.64   7.303533  2.917055  496.557831
495   84.794113  -4.041013   20.296268  0.608258  3.360841       6.600904    802.749268 -175.177719            1.14          1.64   7.282249  2.024357  181.225540
496  109.924088 -47.101383   51.783775  0.400503  1.566333      10.548755   1632.718384  177.063889            1.14          1.64   8.914262  3.445235   53.585701
497   84.976921 -30.890411   16.174101  0.686178  1.783899       5.577281   1710.823364 -198.634857            1.14          1.64   7.116142  1.496909   59.066200
498   95.938179 -31.832253   40.782623  0.598149  2.323002       5.399661    963.999939   -2.847153            1.14          1.64   7.184667  1.859011  246.521652
499   75.766907 -17.396362    2.817410  0.635819  2.773805       6.927460   1005.994690 -121.564873            1.14          1.64   5.216845  1.815621  426.802734
500   90.094933 -20.257830   23.111002  0.667639  2.656924       7.338719   1550.619385  -27.370434            1.14          1.64   5.921696  2.947744   73.469856
501   82.421608 -16.999037   20.685900  0.658929  3.593134       8.116927   1302.377075  -83.628494            1.14          1.64   6.021995  3.503862  206.613403
502   87.908554 -26.579077   15.159091  0.718015  2.897129       7.250660   1984.433594  -17.450199            1.14          1.64   6.457736  3.395778  126.424614
503   88.444839   1.750752  341.556885  0.776773  1.329107       5.745167   1931.921387 -149.493790            1.14          1.64  13.684598  3.509166  161.065674
504   81.791183  -6.960386  355.317139  0.702896  1.325634       6.487317    964.906555 -175.034897            1.14          1.64   9.655583  2.000633  231.011078
505  115.366653 -38.686062   49.537754  0.407543  1.303066       6.368599   1459.861694    6.110209            1.14          1.64   8.450804  2.387459   71.937218
506   84.562538 -33.750313   15.242031  0.568611  3.696029      11.188378    768.942017  -66.139282            1.14          1.64   5.787285  3.284272  234.906479
507   93.028557 -45.053261   34.652325  0.517122  1.673722       9.651915    949.450623  130.002777            1.14          1.64   6.772558  2.890778  263.748199
508   92.846298 -31.337820   33.543247  0.525204  1.973472       6.229715   1189.106079  -15.388152            1.14          1.64   5.322134  1.422167   57.203510
509   81.013382  -3.605483   22.105856  0.769293  4.152684       7.348267    964.823975 -126.717560            1.14          1.64   6.535300  3.775355  239.667587
510   90.102180 -19.630379   32.930553  0.468784  3.467871       7.213254    873.374146   66.766457            1.14          1.64   6.895853  2.039558  151.840439
511  119.324715 -24.120518   54.379932  0.453420  1.770105       6.947305    778.479004  138.956100            1.14          1.64   9.398715  3.847910   98.252502