           lon       lat        inc      D1AU     delta  launch radius  launch speed    t factor  expansion rate  B decay rate      B1AU     gamma         vsw
0   -34.758888  2.422742   8.218812  0.300269  1.984115      14.266865   1791.415283  125.297104            1.14          1.64  5.758485  1.185330  643.783264
1   -36.828716 -9.169261   6.391260  0.273517  2.759037      15.183464   1052.171387  246.726227            1.14          1.64  6.078762  0.336371  606.877502
2   -31.506222  5.118277  15.656195  0.305417  3.115728      15.032244   1727.264526  192.439880            1.14          1.64  5.986024  2.512233  658.940796
3   -21.756868 -2.755549  10.316428  0.287165  1.525608      14.051877   1735.557495   96.346306            1.14          1.64  6.677574  1.945452  602.952454
4   -32.573044 -4.907200  17.059175  0.287782  2.668420      15.122118   1461.971069  176.845932            1.14          1.64  6.078495  1.886402  679.018738
5   -28.816631  8.401490   8.503624  0.290851  3.787230      14.762033   1297.587769  229.994080            1.14          1.64  7.038945  1.756893  629.209656
6   -28.728872  8.775563   8.503042  0.301067  3.974932      14.456240   1406.857422  207.180878            1.14          1.64  6.516989  2.532670  652.853943
7   -32.514820  4.753821  19.406757  0.320633  3.357391      14.054913   1970.744629  143.079163            1.14          1.64  6.237870  2.438135  664.952820
8   -25.350668  2.709796  15.701345  0.302519  3.999773      15.862074    872.247498  170.440979            1.14          1.64  6.123985  2.244832  662.411072
9   -35.204494 -3.607142  10.310377  0.290444  3.137140      15.283687    929.220154  140.432816            1.14          1.64  7.512116  0.663748  690.247925
10  -32.034172 -3.666448  16.891432  0.280367  3.358216      14.943076   1812.913330  129.871323            1.14          1.64  6.248611  1.746451  645.516846
11  -24.204140  1.112384  17.719475  0.306745  3.232153      15.125937    839.589355  193.309052            1.14          1.64  6.847175  0.915505  617.684387
12  -22.199032  5.497567  13.749538  0.329032  1.881575      15.766343   1572.975342  111.282677            1.14          1.64  6.120990  2.960688  636.075562
13  -22.050491  3.051234  15.455758  0.325369  1.916770      15.379604    852.494446   65.859436            1.14          1.64  6.499321  1.776581  646.634338
14  -36.374302 -5.891723   7.671246  0.278089  3.819303      14.061848   1532.004395  216.737320            1.14          1.64  5.596084  1.194619  687.634033
15  -26.544268  2.750880  12.241581  0.312902  2.408407      14.298889   1050.203979  178.236435            1.14          1.64  6.912107  2.523423  673.890503
16  -32.581551 -5.714154  13.308828  0.280066  3.157835      14.618323   1626.337158  127.976418            1.14          1.64  6.658692  2.571239  696.274353
17  -27.331314  5.791875  12.656801  0.317290  2.310477      15.797156   1818.118164  102.508270            1.14          1.64  7.624370  2.026675  628.605530
18  -26.760454  1.989126  17.827562  0.316560  2.475663      15.623546   1336.868896   90.713425            1.14          1.64  5.360636  2.562550  654.607666
19  -30.853605 -3.276991  15.973998  0.296309  3.787218      14.806612   1021.805420  234.023666            1.14          1.64  6.542831  0.682015  622.083130
20  -23.854340 -7.379558  19.769854  0.277102  3.054463      14.509384   1365.578003  226.280533            1.14          1.64  7.879329  1.103375  575.252441
21  -30.317242  7.499827  10.211958  0.309198  3.607454      15.699138   1675.574951  163.158508            1.14          1.64  6.451085  1.955405  641.424683
22  -25.754881  7.442001  11.105179  0.299454  3.277263      14.212070   1063.468994  221.496155            1.14          1.64  7.423308  0.859142  568.171753
23  -35.573116 -0.056025   9.642149  0.293289  2.906058      14.657720   1203.972290  156.844772            1.14          1.64  6.658266  1.063347  675.911987
24  -31.610260 -9.674753  10.948867  0.279153  2.726979      15.328067   1763.959595  125.176765            1.14          1.64  6.673932  1.691310  661.284668
25  -18.195089  6.223271   8.135836  0.316401  1.780466      14.831451    954.252136  104.357124            1.14          1.64  7.352544  1.790529  619.023621
26  -22.658718  4.455283   8.427670  0.302017  2.314150      15.462638   1376.596069  103.026871            1.14          1.64  6.682395  2.296560  625.761597
27  -29.519468 -2.455398  13.826518  0.299855  2.645278      14.068018   1197.622925  181.582596            1.14          1.64  5.696752  2.563515  696.961731
28  -33.682274 -3.474034  11.423671  0.290746  2.611319      14.312032   1441.525635  210.043976            1.14          1.64  6.573226  1.412454  677.260132
29  -32.920284  0.143894  16.140465  0.299223  3.222932      15.425101   1513.999878  248.948380            1.14          1.64  6.235636  1.566617  651.940552
30  -36.583126 -0.221672  11.891925  0.291823  3.942445      14.517255   1390.543091  220.018250            1.14          1.64  6.416308  1.325950  687.074341
31  -38.716248 -8.752528   4.378729  0.283085  2.737890      15.109254   1668.261230  192.107941            1.14          1.64  6.093244  0.822680  663.060486
32  -25.618919  1.138488   9.547259  0.313025  2.063486      15.872993    820.924805   59.234207            1.14          1.64  6.354191  1.274274  673.842102
33  -22.923061  8.898110  14.031523  0.318569  2.587259      15.558760   1039.925415   92.574577            1.14          1.64  6.453603  0.580674  509.385132
34  -35.687424 -0.040071  15.078401  0.308420  2.405936      15.176561   1138.895508  120.005905            1.14          1.64  6.211537  0.762276  652.499146
35  -30.973663 -6.955181  13.439401  0.288316  3.700731      14.108045   1169.279297  205.228928            1.14          1.64  6.239010  1.016683  642.595093
36  -25.358942  1.236450  18.539762  0.282845  2.952167      15.464499   1357.980713  164.136200            1.14          1.64  7.272392  0.620540  483.044403
37  -28.994724  0.776050  18.073051  0.301835  3.598220      14.783966   1912.191406  181.826233            1.14          1.64  6.280050  2.530288  648.576172
38  -32.074738 -1.610619  14.654942  0.294077  3.624604      14.862914   1331.277344  136.159195            1.14          1.64  7.200164  1.401527  651.245422
39  -33.473568 -7.309958   7.332808  0.281907  2.691511      15.535679   1238.651978  239.598495            1.14          1.64  5.804668  1.214145  672.358093
40  -27.145151  9.272462   9.602892  0.317408  3.302210      15.700957    938.995178  149.017365            1.14          1.64  6.644627  1.786323  647.834656
41  -29.963505  9.249914  12.138630  0.306179  3.875847      15.315184   1603.224854  191.214890            1.14          1.64  6.558423  1.847533  628.692749
42  -38.097290  0.708623   0.550215  0.281091  3.638692      14.843639   1391.730713  195.527786            1.14          1.64  5.643660  0.869035  680.222290
43  -31.491348 -1.015071  18.295509  0.302736  2.449944      14.775914   1527.498047  152.008575            1.14          1.64  6.542732  2.302155  672.873779
44  -30.553745 -1.449224  14.611544  0.286721  3.550440      15.908457   1346.086914  218.500229            1.14          1.64  6.656531  1.496760  633.315918
45  -28.851559  1.414201  17.747520  0.309836  3.326333      14.774596    866.830688  148.740189            1.14          1.64  6.028824  1.153900  658.405518
46  -27.966326  4.694270  12.484228  0.318894  2.086411      15.737078   1470.230591   97.027756            1.14          1.64  6.362850  2.075059  641.704651
47  -32.933361 -4.936844  11.499620  0.296508  3.222020      14.540832    961.304626  194.348602            1.14          1.64  7.166065  0.834609  689.060364
48  -30.033926 -3.532272  10.005075  0.299412  3.837248      14.813848    947.347168  181.179565            1.14          1.64  5.931762  1.047527  672.448975
49  -30.413437 -2.910200  14.464407  0.294388  3.925146      14.855573    912.555115  189.423843            1.14          1.64  6.006543  0.468714  620.100281
50  -31.899996 -0.840247   8.066187  0.285752  2.672626      14.351626   1930.604492  175.762772            1.14          1.64  6.890580  2.036677  666.173218
51  -28.558386  6.248083  11.438037  0.310391  2.290964      15.090592   1227.859375  184.683640            1.14          1.64  6.791359  0.862449  581.462524
52  -30.569513 -5.422687  19.068958  0.280362  3.597552      15.547987   1522.173340  207.539368            1.14          1.64  6.912124  2.409879  667.513489
53  -33.938602 -4.125659  16.113441  0.291085  2.338708      15.945581   1899.313843  227.252701            1.14          1.64  6.040973  2.429002  694.931641
54  -29.428219  3.173732  15.799540  0.298972  3.907826      14.526730   1083.054810  154.685287            1.14          1.64  6.123180  1.888994  652.065979
55  -38.260807 -3.837766  14.940457  0.288028  2.233335      15.924472   1896.249756   81.977715            1.14          1.64  5.329778  1.076621  666.638000
56  -31.171543 -2.573497  14.740061  0.286375  3.030651      14.261299   1435.426025  201.721954            1.14          1.64  6.651059  1.123820  615.376038
57  -27.940228  5.885937  17.861740  0.316301  3.059692      15.877838   1193.492798  165.122559            1.14          1.64  6.097391  2.877650  656.283813
58  -27.594698  1.337096  13.590683  0.291405  3.921870      15.419096   1711.266724  228.797836            1.14          1.64  7.686009  2.608266  647.432129
59  -20.268488  9.407252   4.464618  0.307504  2.510733      14.052862    972.642273  115.959846            1.14          1.64  5.384145  0.478324  509.365509
60  -24.971491  5.325413  10.990268  0.295126  3.613384      15.057572   1262.580444  120.639793            1.14          1.64  6.115232  2.473811  634.070740
61  -28.785210  4.018815  19.872160  0.324306  2.997572      15.370584   1621.181641  173.535172            1.14          1.64  6.772575  2.591496  650.678528
62  -26.914658 -2.413287  15.682027  0.294271  1.451970      14.149081   1687.065186   87.098442            1.14          1.64  7.029653  1.350721  604.077698
63  -34.408833  2.326282  12.509545  0.293747  3.019986      15.019208   1502.822388   73.608604            1.14          1.64  6.019364  0.976549  625.992004
64  -34.263805 -2.832301  15.968848  0.309736  2.104115      14.648384   1845.733643   65.735367            1.14          1.64  6.199934  1.945276  694.395691
65  -29.490520 -2.320448  14.921627  0.299201  2.578827      14.664911   1144.803223  104.989670            1.14          1.64  6.665031  2.631008  694.698364
66  -30.670551  5.440408  13.266061  0.303792  3.815410      15.314646   1116.872925  180.395050            1.14          1.64  7.382714  1.172868  631.617126
67  -35.613464 -6.980837   0.163937  0.282638  2.173381      14.828971   1635.805176  182.397751            1.14          1.64  7.229822  0.745513  604.529358
68  -28.911348  1.132147   9.401681  0.295930  3.474113      14.679815   1180.909302  205.485077            1.14          1.64  6.833023  1.899559  666.459656
69  -29.591505 -1.519316  12.178076  0.301052  3.617977      14.034667   1539.038086  186.470825            1.14          1.64  7.112848  2.089166  669.169983
70  -30.216984 -1.743935  14.727327  0.293618  2.653747      15.695018   1624.377319  163.408875            1.14          1.64  6.235459  2.765494  675.508423
71  -35.303028 -9.756910  16.805212  0.284207  3.376671      15.612995   1636.893066  203.958618            1.14          1.64  5.878192  1.523560  699.570740
72  -35.511265 -0.077835   4.918571  0.252940  2.473047      15.858810   1741.347290  142.657562            1.14          1.64  5.655756  0.524615  505.587646
73  -30.629143 -4.091357  17.558413  0.278993  2.419980      14.745182   1844.834961  166.918518            1.14          1.64  6.914951  1.895304  642.800842
74  -29.575863  8.884309  18.521009  0.312399  3.624624      14.113056   1563.204102  189.070145            1.14          1.64  6.004625  1.047389  558.943542
75  -26.496260 -5.921181  11.417268  0.293825  1.884459      15.200449    958.242310  169.978027            1.14          1.64  7.052154  2.839816  682.473511
76  -30.034239  1.005593  17.775663  0.306337  2.340092      14.345863   1562.454956   77.575821            1.14          1.64  6.185697  1.904442  649.337646
77  -32.389866 -0.165126  17.196068  0.310620  3.150481      15.232756   1346.384155  161.967209            1.14          1.64  7.515086  2.287947  689.006287
78  -29.615973  0.097791  18.372179  0.298406  3.320057      14.849613   1707.974487  138.422501            1.14          1.64  7.349563  2.135363  644.916687
79  -28.100355  6.462151  12.448972  0.336331  2.137456      14.313068   1311.501099   94.598724            1.14          1.64  7.243805  2.492805  680.011475
80  -28.136061 -1.476257  13.268145  0.288446  3.577803      14.840276    953.504517  191.475311            1.14          1.64  6.567204  0.337388  532.338257
81  -33.396049  3.484890  13.887418  0.310574  2.590702      15.788848   1608.497070  130.193924            1.14          1.64  7.086391  1.885028  660.735535
82  -29.938145 -5.950851  11.244859  0.295261  1.471610      14.403140   1347.884521  134.283096            1.14          1.64  7.041520  1.539532  661.864868
83  -23.918312 -1.846536  16.308294  0.311262  1.494945      15.848597   1971.793213  145.715698            1.14          1.64  6.738142  2.869287  639.353943
84  -31.584448  2.960053  11.437738  0.305028  3.986708      14.128642    979.525452  221.565475            1.14          1.64  6.432888  1.113971  670.181213
85  -25.959190 -0.295706   9.107371  0.281095  2.239388      15.536696   1272.886719  165.839127            1.14          1.64  6.147523  0.933276  571.457825
86  -35.659302 -0.409908  15.189708  0.300804  3.054605      15.548547   1384.197021  176.120270            1.14          1.64  6.410098  1.643559  688.480042
87  -31.051796 -4.191518  17.926567  0.280673  2.453017      15.258039   1977.867554  138.125519            1.14          1.64  6.382604  1.501652  617.952881
88  -25.251898  3.424505   8.206737  0.305292  1.767659      15.776777   1232.693359   69.672478            1.14          1.64  5.086745  2.195908  642.433411
89  -25.391293  1.711553  14.559052  0.290948  3.528246      15.080158   1662.462524  203.261642            1.14          1.64  7.338980  1.401610  579.724182
90  -30.136892  0.580364  14.204058  0.319820  1.983606      15.715435   1422.173096  105.381668            1.14          1.64  6.554110  2.292019  682.210083
91  -28.349483  4.112866   9.095700  0.295016  2.932966      15.130378   1976.725830  110.378723            1.14          1.64  5.529397  2.504461  648.123596
92  -24.759243 -8.036243  17.373652  0.277428  2.964548      14.482742   1343.479126  196.047714            1.14          1.64  6.952022  1.138727  580.578369
93  -25.122532 -3.483075  18.392927  0.270606  3.262558      15.029171   1296.681885  182.209610            1.14          1.64  7.530659  0.850262  536.598389
94  -35.954662 -9.259607  10.799524  0.273953  1.760167      15.511622   1677.843506   93.288773            1.14          1.64  7.182014  0.938176  641.521362
95  -37.907063 -6.850207   9.345342  0.263325  3.698419      15.408430   1629.045898  189.794586            1.14          1.64  6.233544  0.630515  605.926941
96  -29.942175  0.815740   9.017447  0.290999  3.168911      15.597924   1823.431152  207.541092            1.14          1.64  5.843301  2.698153  672.493469
97  -28.423412 -4.012510   9.288493  0.275060  3.370402      15.124297   1964.665527  120.143745            1.14          1.64  5.923768  1.670896  609.786011
98  -32.907810 -5.431757  14.667767  0.257731  3.278698      15.067004   1323.138184  191.499512            1.14          1.64  6.330354  0.590193  552.526123
99  -26.291019 -3.634155  19.397430  0.290452  2.860304      15.924587    996.003174  136.801987            1.14          1.64  6.609248  1.527725  635.617493
100 -22.437651 -3.774510  13.355628  0.297036  1.729000      14.002604   1061.812134  146.482422            1.14          1.64  6.459875  2.510255  650.508057
101 -36.778919 -3.814195   4.974991  0.278492  3.313864      15.592588   1178.950684  183.760559            1.14          1.64  5.851580  0.632711  649.332947
102 -32.338955 -0.574453  11.277009  0.292914  3.953780      14.992652   1547.412598  215.197983            1.14          1.64  6.646037  2.317673  691.781555
103 -32.689503 -0.282225  13.646514  0.287684  2.962056      14.581494   1268.038940  126.867622            1.14          1.64  6.546012  0.805349  608.343018
104 -36.876980 -4.027187   8.715113  0.275466  2.556159      14.588581   1608.756592  244.440948            1.14          1.64  7.050243  0.783932  632.050842
105 -26.699263  6.782207  11.973443  0.307385  3.213030      14.535007   1371.876099  160.744064            1.14          1.64  6.250730  2.357331  642.051636
106 -37.220203  1.540599  12.196741  0.296752  2.399653      15.017355   1471.133545  198.167557            1.14          1.64  7.216439  0.792037  625.347778
107 -19.009943  6.760852  12.983794  0.300669  2.008836      15.400520   1456.797119  173.712418            1.14          1.64  7.791171  0.860842  496.867340
108 -30.800779 -5.420935  16.888924  0.299059  2.860805      14.661080    936.803711   85.867645            1.14          1.64  5.736901  1.300940  685.852051
109 -32.091896  5.119503  18.938055  0.312322  3.318134      14.347445   1375.773071  159.672684            1.14          1.64  5.654571  1.444421  629.764709
110 -36.952682 -5.715691  15.478189  0.285811  2.743544      15.123235   1703.666260  105.239128            1.14          1.64  5.988289  1.595325  698.107178
111 -29.301865  4.901180   8.127624  0.287272  3.174689      14.714125   1100.846680  176.739990            1.14          1.64  5.136488  0.669946  569.506714
112 -20.662561  5.756752  14.700716  0.303572  2.611221      15.563109   1441.434692  232.947433            1.14          1.64  6.782387  1.619810  570.352295
113 -31.614626 -0.514242  15.685740  0.298731  2.680536      14.060278   1552.402100  194.134262            1.14          1.64  6.052918  1.845453  662.638672
114 -30.709234  3.924754  14.930663  0.309227  3.952672      14.823497   1043.990234  221.915710            1.14          1.64  6.900113  1.703932  666.197388
115 -21.504496  1.323442  19.985413  0.311479  2.731692      14.564943   1240.806641  145.193054            1.14          1.64  7.189131  2.838714  635.672913
116 -32.292755  8.623962  10.912365  0.298478  3.979790      14.300557   1901.533325  177.324326            1.14          1.64  6.257319  1.782100  640.199524
117 -26.761539  2.317868  15.357304  0.291579  3.490252      14.620405   1389.470093  196.895081            1.14          1.64  6.312937  1.825665  623.488037
118 -32.663040 -4.641242  15.389481  0.291097  2.119299      15.585566   1917.712769  208.082367            1.14          1.64  5.772486  2.886229  697.392639
119 -29.344112  0.850240  17.887501  0.302953  3.070520      15.103343    865.203979   97.685432            1.14          1.64  5.686515  0.369691  584.222046
120 -25.414675  3.461067  13.051555  0.302141  2.570189      14.332487    929.378479  104.596916            1.14          1.64  6.886052  1.195534  627.416199
121 -31.947714  6.816939   8.934064  0.305057  2.746423      14.610258   1924.490723  111.079247            1.14          1.64  6.019452  1.973588  659.281311
122 -28.200655  9.283401   4.044444  0.303572  3.607002      14.252581   1246.436035  157.309753            1.14          1.64  5.263590  2.664736  669.676453
123 -25.233110  5.558842  17.738251  0.330174  2.184372      14.710784   1486.636841  206.426605            1.14          1.64  7.091241  1.746080  617.162659
124 -29.906483  6.933567   8.696531  0.293134  2.664601      15.072705   1948.002686  186.751678            1.14          1.64  6.200824  1.196046  580.283997
125 -24.659876  8.903833  10.070745  0.314429  3.010998      15.125172   1251.461426  216.911346            1.14          1.64  6.800805  2.764401  635.471680
126 -20.747826  9.722147  18.248442  0.318918  3.076454      14.614107   1001.086670  189.178467            1.14          1.64  7.199641  0.971279  552.007385
127 -27.630030 -9.424940  18.280651  0.280680  2.681453      15.912956   1743.771484  141.722992            1.14          1.64  6.762956  2.459222  647.617615
128 -25.595549 -6.043281  16.369610  0.265066  2.008353      15.161640   1564.417725  120.069511            1.14          1.64  7.785713  1.218058  571.264099
129 -30.363577  1.630143  14.832720  0.300442  2.736580      14.706324   1394.163940   78.604752            1.14          1.64  5.152981  1.533818  632.950928
130 -27.261486 -3.131546  14.141870  0.287072  2.295809      15.288652   1872.244141  161.513168            1.14          1.64  5.483862  1.977193  621.517334
131 -29.884304  3.328260  18.602875  0.325595  2.479317      15.888914   1172.263062   81.398354            1.14          1.64  5.857832  2.377537  671.530396
132 -32.829971 -3.196656  14.065163  0.278677  3.189385      15.646503   1348.056396  172.375214            1.14          1.64  6.183446  0.849522  599.348633
133 -29.055960 -0.543114  15.202477  0.307054  2.979017      15.071389   1233.338989  142.155945            1.14          1.64  7.295542  2.737628  687.900330
134 -25.922701  3.817562  13.816659  0.309598  2.781994      14.528743   1452.877808  138.843567            1.14          1.64  6.774080  1.893608  625.322754
135 -37.166996 -2.674783  15.329418  0.278750  2.627818      14.254564   1461.139893  136.776306            1.14          1.64  6.021173  0.538760  568.924072
136 -33.434128  1.769083   7.193444  0.292380  3.002180      15.446712   1453.888672  157.110031            1.14          1.64  6.497319  1.485305  665.632263
137 -34.410053 -5.563188   5.441086  0.273452  2.993777      14.813481   1373.000244  132.138245            1.14          1.64  6.209138  0.597903  585.722351
138 -35.294136 -2.341465  11.411986  0.276233  2.726733      15.299394   1630.421997  161.197021            1.14          1.64  6.222878  0.877835  612.072449
139 -26.107622  0.555431  12.315041  0.264596  3.062894      15.053888   1650.134766  194.953171            1.14          1.64  6.060977  0.920712  521.753845
140 -29.015738  2.039104   5.056085  0.291777  2.939703      15.049577   1452.675415  161.687134            1.14          1.64  6.482733  2.235215  668.794006
141 -18.644823  7.798566   9.374319  0.311022  2.316503      15.510477   1788.968872  140.419754            1.14          1.64  6.183821  2.781762  601.987549
142 -29.056166  2.909359  17.849577  0.290050  3.897342      15.690961   1195.062622  210.363571            1.14          1.64  6.888517  1.883501  632.632324
143 -21.151016  4.595248  17.074224  0.309476  2.296285      15.642444   1183.927612  113.562454            1.14          1.64  7.257833  1.220335  566.322998
144 -20.653000 -1.476228  13.099394  0.296518  2.565947      14.228457   1117.641113  131.871094            1.14          1.64  6.877962  1.921626  626.122498
145 -28.372826 -1.998360  17.564627  0.279366  3.892671      15.017377   1687.277344  202.312653            1.14          1.64  6.976233  1.962880  624.067810
146 -29.210907  5.458629  10.799223  0.313548  2.953736      14.484155   1060.531372  134.783508            1.14          1.64  6.216856  2.451019  683.300293
147 -24.626328  7.353518  11.354921  0.290969  3.480687      15.285627    994.563354  141.488342            1.14          1.64  6.277540  0.446778  494.826782
148 -31.811008  2.331967  17.094362  0.301846  3.949984      14.395766   1579.165527  143.443069            1.14          1.64  6.314887  1.770769  647.702087
149 -36.214108 -8.850060   9.083375  0.269930  2.125519      15.778085   1636.909790  132.648041            1.14          1.64  5.384665  1.116518  662.757202
150 -36.157036  2.055332  19.426661  0.325942  3.018095      14.570457   1706.603394   81.254082            1.14          1.64  5.792373  1.975571  693.645691
151 -35.554066 -9.927481  12.548768  0.265628  1.908844      15.093491   1861.966431  134.191284            1.14          1.64  6.708536  0.732848  584.396118
152 -28.636055  4.446308  14.454176  0.310790  2.894729      15.804081   1451.508911  193.434036            1.14          1.64  6.859844  1.999040  640.598877
153 -30.919109  5.271794  13.812283  0.323576  2.728489      15.379947   1261.144775  155.156387            1.14          1.64  5.548048  2.119642  677.238831
154 -31.945227 -3.444032  16.127333  0.294810  2.392880      15.340204    976.093933  237.042358            1.14          1.64  8.124510  0.977551  663.340881
155 -23.933416  9.221622  15.536881  0.322123  3.268062      14.507852   1522.535767  230.996506            1.14          1.64  7.106246  2.784165  626.421448
156 -37.576389 -0.213412   6.377791  0.260194  3.227973      14.845404   1774.408447  149.991653            1.14          1.64  5.951653  0.722944  594.223511
157 -28.076271 -1.900418  17.844734  0.303124  1.985317      15.909829   1087.360107   52.475758            1.14          1.64  6.258702  1.817604  655.326172
158 -32.498055  2.360076  16.755787  0.300696  3.053884      15.583779   1286.675781  118.433739            1.14          1.64  6.031123  1.622974  653.757202
159 -24.575901 -0.345650  15.197453  0.298385  2.668849      15.300988   1207.569458  147.501160            1.14          1.64  6.950231  2.018617  635.723022
160 -27.982069  1.030610  11.879078  0.272786  3.144979      14.738924   1567.811157  206.500275            1.14          1.64  7.450003  1.136879  568.889648
161 -24.813793  8.825708  18.579868  0.337634  2.724916      14.562275   1351.673340  173.986298            1.14          1.64  6.775154  1.803973  606.625854
162 -20.554873 -2.868421  19.149345  0.288377  1.182520      14.336365   1293.513428  106.874100            1.14          1.64  7.299125  0.969824  548.068054
163 -26.996214  5.711161  15.662845  0.309775  2.959526      15.724850   1119.078491  124.756035            1.14          1.64  6.079042  1.349564  608.185425
164 -31.615795 -3.271996  19.887070  0.288616  2.730445      14.644163   1165.635620  158.225952            1.14          1.64  5.971677  0.742253  597.121277
165 -32.918289  2.941041  10.067616  0.310956  2.915995      14.183354    859.937195   61.445129            1.14          1.64  5.586375  0.265658  649.326172
166 -30.918678 -1.874265  19.563473  0.287305  3.559331      14.898404   1180.506592  222.281357            1.14          1.64  6.503307  0.641080  572.058411
167 -32.782455 -1.735667  15.456147  0.295856  2.680556      15.726184   1544.314087  168.059387            1.14          1.64  6.771195  2.156735  674.608765
168 -27.892859 -2.385401  12.496935  0.298714  3.575329      14.246610   1654.977051  216.168747            1.14          1.64  7.145706  2.341186  659.818604
169 -29.582537  7.775423  14.098737  0.307524  3.264740      14.663386   1672.348389  215.982529            1.14          1.64  6.274647  1.619346  602.864136
170 -27.590086  9.080421   8.795353  0.313944  3.198946      15.228398   1581.816040  201.015808            1.14          1.64  6.820884  2.624325  651.778259
171 -34.302608 -1.261434   4.671766  0.282520  1.640445      15.657316   1722.622803  117.571205            1.14          1.64  5.862605  1.224331  646.064514
172 -23.060303  9.248984  15.882862  0.309806  3.410735      15.324286   1625.460327  185.150406            1.14          1.64  6.588216  2.299406  595.328247
173 -26.938725  5.390302  13.859279  0.304570  2.734135      14.111946   1656.877930  167.010117            1.14          1.64  5.994882  1.753842  606.369141
174 -32.241783 -1.965594  12.397997  0.286032  2.595083      14.746837   1585.600464  135.541779            1.14          1.64  6.246969  1.074677  619.196350
175 -29.407974  9.904719  13.919576  0.335097  3.620807      15.321437    811.136353  115.294044            1.14          1.64  6.300070  1.995249  689.204285
176 -39.248199  0.297800  14.470579  0.287963  3.658581      14.854676   1056.707520  229.166367            1.14          1.64  5.490245  0.425838  644.762024
177 -23.989368  9.691735  11.711292  0.322669  2.672729      15.522163   1733.548096   99.830238            1.14          1.64  7.247478  2.756000  625.508240
178 -21.115709 -3.902000  17.726578  0.280129  2.539574      15.658669    992.987976  139.851990            1.14          1.64  5.763840  1.385915  593.845459
179 -30.283705 -4.343258  14.913050  0.309718  1.084612      15.366558   1038.080078   67.154404            1.14          1.64  6.093976  0.979634  649.196594
180 -39.825851  2.643551   8.375428  0.287159  3.578586      15.062697   1801.244751  228.344040            1.14          1.64  6.193563  0.953119  667.794434
181 -33.509914  0.769975  16.643963  0.292459  2.983448      14.830290   1379.585327  216.508804            1.14          1.64  5.636162  0.646921  565.669006
182 -29.027536  6.350741  12.775046  0.324749  2.501430      15.933862   1532.956543   91.203369            1.14          1.64  6.987572  2.754223  661.584778
183 -33.999229 -0.060790  12.318604  0.286810  2.838495      14.111678   1529.348267  197.131897            1.14          1.64  6.623144  1.872905  684.938538
184 -29.318037  0.271282  14.645728  0.294721  3.507240      15.763122   1506.639160  200.736877            1.14          1.64  6.239005  1.450703  618.988220
185 -27.361992 -2.911996  12.392385  0.293250  1.695562      14.731275   1751.997925  138.072357            1.14          1.64  6.101778  2.799781  664.530457
186 -34.606480 -5.662149  17.236824  0.278440  2.716723      14.706166   1573.281006  164.995316            1.14          1.64  6.861854  0.759549  599.296143
187 -32.706238 -5.074512  14.551348  0.281267  3.561356      14.492644   1668.436279  237.219589            1.14          1.64  6.725323  1.472039  652.292969
188 -23.643112 -5.751033  10.230691  0.300034  2.400304      15.948940    940.306885  108.358093            1.14          1.64  5.689574  2.303999  667.331421
189 -35.062202 -7.238532   6.813739  0.274062  2.401276      15.386226   1746.990112  210.987228            1.14          1.64  7.268466  1.764579  685.300659
190 -28.658484 -4.339114  16.199493  0.275026  2.015069      15.524341   1753.527710  109.282211            1.14          1.64  7.670300  1.496459  602.698792
191 -28.859663  7.553409   9.512659  0.297272  3.219314      14.329799   1405.954712  153.192780            1.14          1.64  5.471483  1.094751  584.970947
192 -31.064190  1.105077  18.217030  0.310065  2.762107      15.509902   1437.588623  146.416351            1.14          1.64  6.187402  1.119703  609.117371
193 -31.420435  4.298560  15.037250  0.310589  3.713039      15.295973   1302.961304  193.629623            1.14          1.64  5.595516  2.490479  683.868042
194 -31.647591  5.679336  11.167167  0.304124  3.337189      14.319460   1046.253784  183.088760            1.14          1.64  6.346964  0.674593  604.069092
195 -31.078903 -0.386067  13.539577  0.296146  2.786634      14.835831   1352.808228  191.527054            1.14          1.64  6.135361  1.986130  667.331848
196 -21.747116  8.840536  12.718976  0.287350  3.799256      15.162629   1585.388062  132.814453            1.14          1.64  5.140209  1.225275  523.573975
197 -30.350929  2.766490   6.142492  0.295511  2.825909      15.610372   1873.444214  133.952560            1.14          1.64  6.698093  2.854259  680.766785
198 -37.743050 -5.023364   9.062407  0.288039  2.626796      15.674577   1061.745605  192.697159            1.14          1.64  6.333867  0.346003  627.404541
199 -28.265495  7.632390  13.634699  0.316623  2.635914      15.496689   1316.314941  129.148102            1.14          1.64  6.891463  0.948516  577.442688
200 -30.530293  3.270412  15.407866  0.288838  3.624866      15.128045   1242.077026  180.984558            1.14          1.64  5.117320  0.636187  546.815002
201 -28.160686  8.536628  16.207535  0.334332  3.032181      14.745248   1439.534546  107.014717            1.14          1.64  6.796632  2.877239  656.341919
202 -32.931538 -6.745827  14.502692  0.295890  2.579130      15.016146   1383.356689  113.656647            1.14          1.64  5.202336  1.453921  678.514587
203 -26.270527  3.691337  14.525431  0.303927  2.550064      15.108565   1443.631470   77.689987            1.14          1.64  6.100689  2.247189  631.552917
204 -36.101398  4.995960  19.884800  0.325737  2.969266      15.220264   1252.323853  165.271667            1.14          1.64  5.189159  0.796375  606.994507
205 -31.368811  3.679421  10.604467  0.298482  3.784218      14.933254    998.536072  203.910324            1.14          1.64  7.487971  0.918072  650.535400
206 -27.222715 -1.431835  10.245684  0.291113  3.015526      15.312152   1250.763062  203.786499            1.14          1.64  6.265675  1.978306  654.560181
207 -31.754822 -0.442314   7.485844  0.290100  2.758398      15.478219   1764.003296  202.846100            1.14          1.64  7.354844  1.718368  657.466675
208 -30.355097 -0.847870  18.031219  0.301132  2.471642      14.518010   1526.339111   79.905144            1.14          1.64  5.412686  1.975961  656.443054
209 -25.071911  3.545556  14.624708  0.297249  3.337342      14.383477    976.838623  184.101227            1.14          1.64  6.873602  1.279075  617.338745
210 -28.783806  8.581585   9.889612  0.325979  2.349702      15.673077   1465.251099  175.186295            1.14          1.64  6.524035  1.865017  641.858337
211 -34.280048 -2.616015  17.551741  0.304498  3.676188      14.275971    996.244995  188.514526            1.14          1.64  6.236684  0.648239  662.399597
212 -31.568563 -5.259870  11.697488  0.294494  3.160006      14.417212   1081.699585  234.387024            1.14          1.64  6.212158  1.394187  681.834778
213 -36.307693  1.925851  18.544661  0.308639  3.135295      15.316664   1694.530518  114.549080            1.14          1.64  6.717692  1.544869  661.629700
214 -31.142523  2.642471  17.985460  0.305138  2.510873      15.430348   1385.739624  157.625534            1.14          1.64  5.054435  0.824514  567.163757
215 -21.939457  8.875164  10.837836  0.312970  2.571871      14.827835   1784.990601  102.144142            1.14          1.64  6.696012  1.986584  592.457581
216 -29.362194  1.189368  15.699222  0.306336  2.950910      15.026354   1077.609497  132.652802            1.14          1.64  6.079890  2.291920  673.007019
217 -24.824982 -3.960760  16.121799  0.297168  1.177206      15.127526    859.795776  101.350189            1.14          1.64  6.372645  1.189467  648.049927
218 -35.705853  3.166155  13.395625  0.313978  2.712226      15.566441   1671.923462  156.325150            1.14          1.64  6.763874  1.771306  693.736877
219 -27.662024 -0.155598  15.549694  0.298639  2.429034      14.203708   1352.536987   89.831223            1.14          1.64  6.756802  2.950900  667.155029
220 -32.700138 -7.616885   9.625835  0.284769  3.025801      15.507834   1956.344238  146.619949            1.14          1.64  5.891518  2.248726  686.822632
221 -33.980789  2.649831  13.181068  0.297329  2.874621      14.883932   1577.542847  117.169083            1.14          1.64  5.849843  0.885510  598.875488
222 -31.532862  6.856994  10.395349  0.309622  3.639362      14.581449   1440.022949  147.629959            1.14          1.64  5.661468  2.492809  683.824280
223 -31.674358  2.536853  14.657279  0.289429  3.227983      14.469041   1376.721558  145.724335            1.14          1.64  6.118889  1.160295  614.849915
224 -37.552986 -3.017768  14.195681  0.277639  2.972016      14.060293   1933.514282  148.548309            1.14          1.64  6.076303  1.199671  661.401367
225 -30.120134 -9.206444  13.902991  0.289863  3.298110      15.815920   1703.492065  231.287384            1.14          1.64  7.262417  2.078700  673.373047
226 -19.490709  7.078110  14.320064  0.313361  2.599439      15.021639   1191.047241  184.079376            1.14          1.64  7.023923  2.255753  603.927734
227 -31.614534  3.912358   5.031662  0.286803  3.185507      15.522966   1999.138550  156.658157            1.14          1.64  6.745215  2.055413  654.434387
228 -33.029388 -2.664503  14.469080  0.283593  2.442660      14.481234   1962.046387  140.391739            1.14          1.64  6.708383  1.411705  627.723816
229 -30.221872  9.189625  12.804571  0.324558  3.364998      14.753613   1175.848999  181.028397            1.14          1.64  7.014116  2.818282  680.396790
230 -40.945953  1.087531  17.423599  0.295257  3.779594      15.120802   1632.882568  189.533829            1.14          1.64  6.433774  0.877916  659.942871
231 -31.190910  0.017498  19.201124  0.292251  3.107979      14.153025   1496.555298  134.364624            1.14          1.64  6.543314  0.882003  569.928711
232 -36.895500 -4.829161  15.327411  0.286349  2.043461      14.655588   1108.296387  166.483170            1.14          1.64  7.037621  0.366519  599.633972
233 -26.101467 -6.728788  17.214794  0.290170  2.475427      15.966143   1938.158447  151.751480            1.14          1.64  6.591631  2.500349  637.982727
234 -34.266888  7.213462   8.665799  0.305355  3.510169      14.699829   1471.215210  241.051208            1.14          1.64  6.269264  1.382423  665.389465
235 -29.420502  5.411901  17.134993  0.324732  3.240943      14.130560   1200.589355  154.544449            1.14          1.64  6.276280  2.010178  661.774109
236 -25.371674  2.781544   3.618835  0.270277  2.673402      15.652275   1995.645508  151.454147            1.14          1.64  6.745679  1.400487  559.691589
237 -23.869833  6.573043   9.738232  0.324874  2.316174      15.341603    805.154541   91.599815            1.14          1.64  6.334871  2.022025  669.973694
238 -26.482498  3.183526  19.634487  0.344713  1.890118      15.321642   1133.632202   70.345932            1.14          1.64  6.550000  2.316007  669.037476
239 -34.904186  9.910023   7.684184  0.329102  2.879115      15.027729   1532.131714   94.458122            1.14          1.64  5.420204  1.510935  683.354675
240 -33.521267  8.089428  14.991637  0.321816  3.320363      14.909945   1106.337036  124.353996            1.14          1.64  5.730781  0.879896  621.330444
241 -28.092474 -0.752380  12.515601  0.284423  3.668118      14.971535   1042.617188  144.633118            1.14          1.64  6.100237  0.841560  595.445251
242 -25.555855 -8.770517  12.550154  0.256864  2.721211      14.498581   1571.762695  138.209244            1.14          1.64  5.729105  0.742091  512.149109
243 -25.231552  6.926486  18.567120  0.304346  3.000395      14.390311   1854.771240   95.326752            1.14          1.64  6.570684  1.446633  556.669495
244 -31.788967  3.121656  19.064062  0.310106  3.637196      14.564891   1294.102417  210.049393            1.14          1.64  5.779035  1.985203  667.122864
245 -33.368164  6.180202   6.836746  0.298560  3.024690      14.779804   1175.269165  226.884720            1.14          1.64  6.745403  1.252106  667.214600
246 -32.916073  5.743830   9.610000  0.303764  2.480112      14.900714   1938.629395  145.785172            1.14          1.64  6.680370  1.819138  652.830872
247 -31.058929  0.188383   8.144094  0.292367  1.429547      15.986639   1082.181030   60.808750            1.14          1.64  5.470167  0.674262  599.090149
248 -27.071842  4.784520  12.339580  0.293091  2.832685      15.457633   1275.094482  239.387817            1.14          1.64  6.778482  0.997598  563.617371
249 -30.258471  6.811881  11.350047  0.291252  3.660766      14.344863   1346.422363  215.300522            1.14          1.64  6.784636  1.282239  608.315186
250 -31.829494 -4.603990  18.673571  0.292589  2.280713      14.837852   1180.582275  178.274918            1.14          1.64  7.751503  1.460689  670.519165
251 -32.298359  5.713069  19.905941  0.311229  3.029141      14.237958   1801.242798  125.773964            1.14          1.64  5.928526  1.317881  593.982788
252 -23.909748  0.564367  14.987302  0.298653  3.936310      14.667457    853.230103  213.919373            1.14          1.64  5.859436  1.761432  653.520752
253 -33.500862 -4.571060  18.398397  0.281238  2.792752      15.076480   1790.923584  224.655350            1.14          1.64  6.358693  1.950364  670.510498
254 -22.797762 -8.754615  17.317976  0.287743  1.665102      14.689818   1024.652466  168.991943            1.14          1.64  6.783214  0.855961  591.270935
255 -32.776443 -0.297315  17.001513  0.291184  3.202904      15.484936   1858.366333  197.106979            1.14          1.64  6.218880  1.958685  648.842102
256 -30.538347  9.970294  15.225004  0.312763  3.467719      15.259005   1254.279907  121.089806            1.14          1.64  7.639339  1.504212  615.311279
257 -30.237518  1.537057  13.355925  0.307371  3.558666      14.642769   1156.528076  223.991684            1.14          1.64  6.640766  2.697598  696.687073
258 -26.934799  1.281489   9.682866  0.285980  3.864743      14.187714   1826.398926  192.524811            1.14          1.64  6.469439  2.191070  627.599976
259 -26.423561 -0.962266  12.790548  0.286570  1.765945      14.391409   1784.032104  163.401474            1.14          1.64  7.544009  1.652796  607.570251
260 -30.755701  7.363280   6.723135  0.288670  3.901970      15.437806   1801.717896  178.142715            1.14          1.64  5.580664  1.548746  617.361755
261 -36.787949  3.061324  15.029492  0.295942  3.018289      15.275295   1952.337280  131.122681            1.14          1.64  6.275835  1.194448  633.831177
262 -23.596514  4.082305  16.602367  0.320676  2.245394      15.997504   1112.599243  166.907028            1.14          1.64  7.590259  2.475513  637.486816
263 -20.267916 -2.492350  17.331205  0.303710  1.115128      14.474255   1559.962891  138.341919            1.14          1.64  8.042036  1.604817  588.444153
264 -35.692509 -0.359780   7.945072  0.302406  1.330441      15.344931   1391.562866   59.207924            1.14          1.64  5.668221  1.159866  680.481934
265 -27.343815  4.580552  14.572889  0.280811  3.250406      14.274785   1311.306274  128.315231            1.14          1.64  6.675210  0.741415  526.907104
266 -32.568119  6.257416  13.628894  0.312264  3.362899      14.701918   1742.038452   68.579201            1.14          1.64  6.153379  2.273429  668.498413
267 -24.635902 -0.445689  17.295513  0.312205  1.621473      14.992866   1737.954712   96.358574            1.14          1.64  6.235080  2.247966  628.349976
268 -31.761353  2.144775  16.436232  0.304366  2.585818      15.575729   1959.015869  194.472260            1.14          1.64  7.227491  1.236509  593.928894
269 -20.691416  6.700586  17.803669  0.303352  3.346662      14.619780   1486.656982  192.368744            1.14          1.64  5.667715  2.729373  597.489624
270 -37.595364  1.368457  13.134567  0.319465  2.487556      15.670926   1254.103638   77.426849            1.14          1.64  5.534175  1.013817  697.517822
271 -28.218410  5.102409  14.408298  0.293978  3.869495      14.287418   1117.467651  168.060532            1.14          1.64  6.756476  1.070802  597.494202
272 -27.998941 -1.381478  14.261930  0.301572  2.974236      14.933290   1104.949707  154.524429            1.14          1.64  6.441735  1.168274  629.744690
273 -29.952066  6.665233  18.743345  0.326809  3.176263      15.897818   1903.296753  116.492691            1.14          1.64  6.673048  2.652927  639.872864
274 -29.627943 -1.018548  16.675760  0.289560  3.346202      14.184605   1762.503906   81.714714            1.14          1.64  5.667119  1.459596  616.141052
275 -31.878452  0.757101  10.747841  0.284651  3.610329      15.648885   1346.498779  235.687103            1.14          1.64  6.135602  1.389393  644.162903
276 -29.053484  8.298946  12.986442  0.292148  3.762561      14.951415   1731.794067  191.076294            1.14          1.64  6.329960  1.304230  568.144531
277 -34.333836 -5.216613  13.916656  0.293745  2.709647      15.169368    926.378357  236.283813            1.14          1.64  6.197119  0.799970  693.495544
278 -25.902903  8.763183  15.995783  0.329965  2.774158      14.813031   1589.540649  185.118866            1.14          1.64  7.632589  2.311190  625.356140
279 -17.207905  3.736715   9.978083  0.290740  2.287639      14.057041   1147.248169  150.356720            1.14          1.64  5.552975  2.356333  605.842651
280 -27.578714  6.592496  10.717485  0.314626  2.955019      15.235968    880.269104  138.645798            1.14          1.64  5.848374  2.501375  680.623657
281 -24.960766  1.179970  19.230278  0.319401  2.143311      14.422007   1775.258545  177.381668            1.14          1.64  6.385923  2.743534  646.773376
282 -23.720222  6.953778  17.319412  0.322776  2.550037      15.654350   1521.766846  114.265030            1.14          1.64  7.512762  2.834707  626.010132
283 -31.195042 -6.434887  13.341023  0.272775  3.555480      14.650352   1870.362671  247.157410            1.14          1.64  6.788218  1.471995  634.575134
284 -34.006783 -2.023983  16.731853  0.292857  3.092526      14.116671   1137.959595  186.578293            1.14          1.64  6.733865  0.866736  649.202515
285 -24.123127 -2.115326  16.877279  0.293692  3.087370      14.537455    906.079407  167.808533            1.14          1.64  5.902373  1.287660  625.782959
286 -34.153786 -1.759117  15.410593  0.293588  2.628072      15.413594   1307.803955  152.102127            1.14          1.64  5.744460  0.886742  634.719299
287 -37.013680 -8.790456   4.367742  0.283889  3.317796      15.511695   1066.361328  171.726837            1.14          1.64  7.005958  0.746874  694.946838
288 -24.009342  9.978312  15.849327  0.326074  2.777251      14.903519   1008.073608  114.328255            1.14          1.64  6.815267  1.669703  612.241577
289 -24.550344  6.314341  11.114176  0.304836  2.672760      15.099038   1120.389404  128.870148            1.14          1.64  6.896198  1.951586  622.802856
290 -30.969824 -1.363492  13.622368  0.285580  2.834438      15.637188   1176.746704  132.909851            1.14          1.64  6.311950  1.126038  624.920410
291 -24.059820  6.477074   3.577446  0.279004  2.658386      15.220938   1255.348145  157.273239            1.14          1.64  6.976445  0.777685  527.839294
292 -28.543047  4.723762  13.008010  0.289695  3.749282      15.340584   1378.120728  204.649353            1.14          1.64  7.019691  1.439030  606.152588
293 -33.894077  7.428658  16.812504  0.307522  3.696213      14.585645   1815.480957  212.747772            1.14          1.64  7.352903  1.038223  576.930115
294 -31.841612 -7.676530  11.254200  0.295334  2.997092      14.815487   1704.919678  148.962143            1.14          1.64  5.761865  2.459158  699.057617
295 -24.022121  7.293941  12.904994  0.309743  2.567291      14.773912   1602.593262  133.586304            1.14          1.64  6.717556  2.340041  616.390320
296 -31.404612  1.900847  14.046606  0.290577  3.979061      15.817192   1983.138062  196.919418            1.14          1.64  6.552240  2.297323  650.022583
297 -23.809057  1.200628  19.555532  0.304033  3.591312      15.170147    951.870483  177.042603            1.14          1.64  6.124827  2.489966  641.435242
298 -31.881466 -4.682384  10.880686  0.285570  2.984340      14.331161   1624.638306  130.114960            1.14          1.64  6.449908  1.508085  660.299194
299 -24.520630  6.312121  11.902717  0.337124  1.867536      14.647647   1483.593872  112.292999            1.14          1.64  6.623530  2.264796  645.507019
300 -29.876745  6.098734  15.947535  0.322660  2.955558      15.797372   1474.825195  105.927650            1.14          1.64  6.927136  2.418577  654.631653
301 -34.778599  1.562144  12.571169  0.290451  3.941382      14.610991   1620.277222  153.253586            1.14          1.64  5.949866  1.573671  670.004211
302 -29.195660  0.186025   6.884527  0.282516  3.451145      15.277233   1246.392700  121.215599            1.14          1.64  6.075651  1.056381  605.080444
303 -29.666431 -2.104497  16.697979  0.294659  3.362688      15.141027   1087.406494  167.375809            1.14          1.64  6.577976  0.790141  605.281006
304 -27.704672  7.824287  14.211287  0.325045  2.940299      15.043697   1077.585449  147.240341            1.14          1.64  6.781390  1.578503  640.369812
305 -36.477917 -1.119007  19.614950  0.290879  3.837472      15.012609   1726.724243  240.654022            1.14          1.64  7.003136  1.514089  666.848145
306 -20.016317  2.947236   9.027715  0.297650  1.792065      15.456570   1781.730591  146.234879            1.14          1.64  7.092424  1.851008  576.763733
307 -36.079937  5.610097   9.549172  0.290866  3.140737      15.828352   1464.158203  172.959869            1.14          1.64  6.547853  1.107794  647.943176
308 -33.235054  5.850906  13.896937  0.306719  3.541950      14.789517   1968.144531  181.478912            1.14          1.64  5.364967  2.066726  654.630676
309 -30.287977 -4.983285  17.066916  0.272181  2.070962      14.007299   1597.637695   92.016190            1.14          1.64  6.703102  0.801444  553.187683
310 -22.671228  5.829947   7.473949  0.308328  2.611536      15.709476   1411.616943  169.643143            1.14          1.64  7.236325  2.981334  641.756348
311 -32.757839 -4.730376  11.549286  0.273732  2.617379      15.305823   1344.717896  206.993942            1.14          1.64  5.978467  0.956185  622.504211
312 -29.779610  9.539222  10.637922  0.299333  3.487778      15.467150   1363.381714  104.359253            1.14          1.64  5.739071  1.066798  577.942383
313 -27.368837  0.198929  10.576019  0.278926  2.451420      15.019005   1801.453247  127.013016            1.14          1.64  5.927408  1.683679  606.757629
314 -24.213453  7.245020   7.053768  0.296914  2.258529      15.581945   1695.735962  130.551590            1.14          1.64  6.283493  1.495149  575.829895
315 -32.991661 -5.521135  19.202885  0.303942  2.057935      15.744459   1218.707886  142.223923            1.14          1.64  6.134058  1.855317  693.817688
316 -25.989386  9.443142  10.420711  0.302053  3.188273      15.986861   1903.538574  215.895294            1.14          1.64  7.137237  1.991492  593.742676
317 -28.579393 -4.710044  16.257490  0.289411  3.115650      15.273895   1331.109131  188.812103            1.14          1.64  7.986789  1.432228  631.761597
318 -33.544399 -3.237493  10.623954  0.291047  2.271928      14.452123   1536.626953  204.590240            1.14          1.64  5.850688  1.425951  670.466125
319 -21.556395  4.735561  11.119867  0.285468  3.371623      14.727438   1563.608765  193.976120            1.14          1.64  6.582079  1.202118  544.800415
320 -28.878397  2.275086  16.511417  0.298325  3.964575      15.995717    980.729309  231.880554            1.14          1.64  7.184094  1.108915  621.108948
321 -35.487389 -3.717150  14.262320  0.287101  3.948061      15.561970   1007.366028  143.756973            1.14          1.64  6.004721  0.572137  645.386719
322 -30.855701 -3.817344  10.604146  0.280802  2.530825      14.578127   1189.558472  121.339783            1.14          1.64  6.001174  0.836818  609.973206
323 -36.446522  0.306503  17.855549  0.297140  3.146452      15.676806   1195.010986  129.012299            1.14          1.64  6.068937  0.990962  655.960632
324 -26.056345  4.994096  11.726078  0.326672  1.696847      15.288817   1902.720581   95.062927            1.14          1.64  6.566425  2.195220  629.819702
325 -22.538136 -2.613005  13.569706  0.289787  1.710797      14.440583   1619.712524   85.051735            1.14          1.64  6.534942  1.875925  602.137573
326 -30.825253 -4.636635  11.085852  0.302935  2.262450      15.742762   1333.257324  132.931549            1.14          1.64  7.084692  2.335622  694.773865
327 -28.382254  6.296056  12.735060  0.315420  3.192370      15.107523    964.193726  209.431107            1.14          1.64  6.900405  1.823689  662.231567
328 -31.877977  3.172109  10.673560  0.327577  1.896887      15.731075   1009.568420   92.946587            1.14          1.64  5.902470  0.954567  666.684509
329 -38.233345 -9.251346   3.777956  0.281646  3.429756      15.149559   1087.375244  198.421295            1.14          1.64  6.232373  0.403274  645.817627
330 -29.878891 -4.665469  13.566401  0.275049  3.997274      14.034818   1300.454712  236.974548            1.14          1.64  5.919314  1.265832  628.002319
331 -37.189236  2.087816  16.829359  0.304171  3.743706      15.618068   1319.868164  213.690811            1.14          1.64  6.012834  1.136532  668.813293
332 -30.196415  4.641463  14.467522  0.318078  3.040422      14.014831   1024.579590  154.228668            1.14          1.64  6.023736  2.678551  695.836487
333 -31.619932 -2.365668  16.187819  0.299324  2.911335      14.010605    917.374695  205.903412            1.14          1.64  6.168984  0.716115  653.280701
334 -28.731220  8.110681  12.729878  0.305286  2.913965      15.247990   1808.483887  143.270020            1.14          1.64  7.456117  1.710054  604.278687
335 -45.473473 -9.173224  15.030245  0.258319  3.597805      14.337120   1669.072510  190.418671            1.14          1.64  6.268519  0.346134  609.977356
336 -30.620436 -7.906591   9.842950  0.287211  1.519995      14.728550   1449.968384  156.858551            1.14          1.64  6.834154  1.851952  666.778809
337 -25.793146 -1.071398  14.649207  0.308677  1.465335      15.510107   1448.232178  104.345078            1.14          1.64  6.317894  1.263574  598.232300
338 -32.719940 -7.009287  16.296850  0.271971  3.198913      15.497419   1597.817993  208.207397            1.14          1.64  5.233117  0.916230  592.680420
339 -24.506414  8.333611  13.566776  0.307828  3.061496      15.006902    834.698425  155.373077            1.14          1.64  6.087757  0.279329  508.928040
340 -18.528179  6.174734  17.513645  0.275542  3.523713      14.305229   1401.131104  220.113235            1.14          1.64  7.437650  0.891532  486.197845
341 -35.756771  2.162081  14.069118  0.293751  3.843431      15.846390   1267.200562  166.336594            1.14          1.64  5.796255  1.257344  661.061646
342 -24.390736  6.335574  11.003310  0.322020  2.066190      15.463368   1308.969238  119.248962            1.14          1.64  6.735492  2.104881  631.951111
343 -23.797739 -7.013330   5.021616  0.291718  2.954597      15.478757   1169.780640  238.036728            1.14          1.64  6.257687  1.811099  623.360535
344 -35.525433  2.866435  15.775744  0.303190  3.423990      15.658909    968.817749  212.158508            1.14          1.64  6.091784  0.546250  629.859375
345 -26.095606  1.278480  15.167066  0.296203  2.354846      15.244306   1289.158813  181.289490            1.14          1.64  6.873056  0.930317  561.394470
346 -33.221272  4.576382  12.419664  0.311938  2.542901      14.417945   1514.862549   70.442108            1.14          1.64  6.113883  1.624368  669.394836
347 -25.384186  0.410073   8.798385  0.269816  2.296615      14.561230   1233.862305  150.817871            1.14          1.64  7.239568  0.769542  536.550537
348 -33.131237  1.141356  18.816954  0.307298  3.325216      15.266081   1753.365967  136.389496            1.14          1.64  6.225207  2.587634  682.998779
349 -24.559603  5.671625  14.989315  0.310671  2.696779      15.621771   1364.437622  200.822540            1.14          1.64  5.456177  1.574247  599.598755
350 -32.723015 -7.577336  14.761989  0.267661  2.461928      15.109250   1559.001099  154.773651            1.14          1.64  7.434891  0.812174  581.288452
351 -37.336853 -7.102058  14.573703  0.285123  2.801186      14.652114   1425.859497  220.630981            1.14          1.64  7.193758  1.055315  692.150574
352 -28.970993  5.274002   8.120008  0.310380  3.348225      15.039369   1079.554321  194.087891            1.14          1.64  6.384578  2.953373  698.780518
353 -34.490322 -9.709229   9.990145  0.277206  1.942091      15.088340   1300.463013  185.899414            1.14          1.64  7.075196  1.161564  673.922791
354 -27.676071 -2.140392  12.656759  0.280332  3.333899      14.877004   1661.901978  111.274086            1.14          1.64  6.594374  2.166854  638.809998
355 -25.535524 -4.365649  16.234213  0.275794  3.608944      15.032488   1529.060791  187.945023            1.14          1.64  7.502382  1.527293  595.727661
356 -33.579529 -2.407141  15.723462  0.298165  2.735685      15.194110   1522.704712  188.884827            1.14          1.64  6.189461  1.716464  684.325073
357 -17.381498  3.282277  11.941650  0.290614  1.955967      14.398072   1426.178833   99.210739            1.14          1.64  5.920060  1.836055  573.318909
358 -29.503614 -1.420671  12.216803  0.304431  2.110198      15.328683    981.030823  147.668137            1.14          1.64  6.188571  1.556254  686.407959
359 -29.843359  0.663541  13.019784  0.297894  2.460099      15.831464   1653.625854  126.857819            1.14          1.64  5.643997  1.834919  638.216431
360 -22.192139  6.229399  17.577078  0.282406  3.539252      14.356201   1580.964233  210.589096            1.14          1.64  6.433738  0.950904  494.559021
361 -25.289202  2.525713   5.405534  0.306368  3.147596      15.448352    836.443970  194.904358            1.14          1.64  5.801702  1.032678  656.080200
362 -34.089306  8.677450  15.802462  0.332866  2.960036      14.062343    975.078186  109.237831            1.14          1.64  6.344555  0.743627  643.631226
363 -26.002197 -5.944928  14.223119  0.275797  2.344690      15.786983   1079.660522  163.647354            1.14          1.64  7.363720  1.245307  614.775940
364 -26.571266 -8.225582  18.380106  0.272826  3.817161      14.520762   1983.837158  192.192749            1.14          1.64  7.748164  1.979158  624.685425
365 -29.046646 -1.585216  12.787635  0.310597  1.578771      15.507449   1755.408081  127.520187            1.14          1.64  7.472181  2.242769  661.963928
366 -29.669659  7.637156  14.938122  0.333424  3.148573      14.220385   1047.807983  135.591949            1.14          1.64  7.776599  2.973923  690.727844
367 -33.599258  2.479845  11.572715  0.303625  3.012668      14.472329   1381.898315  127.492538            1.14          1.64  6.482981  1.804991  694.786926
368 -27.263519  0.688952  15.604679  0.289328  3.344728      14.747847   1387.320801   94.147324            1.14          1.64  6.729559  1.627986  609.401306
369 -32.695084 -6.589265  16.907322  0.278542  2.668113      15.807534   1534.223511  233.222031            1.14          1.64  6.239198  1.282650  640.584106
370 -20.658760  0.198758  17.183826  0.307187  1.894215      14.747542    913.191467  121.689484            1.14          1.64  7.159735  1.647303  621.381836
371 -27.968452  4.089255  12.045033  0.288651  3.991059      15.947907   1353.056152  214.106644            1.14          1.64  6.421756  1.181233  584.883972
372 -28.482857 -0.161506  10.097746  0.286361  3.076421      15.600646   1220.099487  107.014954            1.14          1.64  6.617165  1.956269  650.948181
373 -30.411972 -6.349429  13.399998  0.275283  2.519666      15.503612   1610.626831  105.206306            1.14          1.64  6.617383  1.035746  593.881104
374 -28.187422 -6.067645  15.720766  0.286015  1.491840      15.837879   1839.008789  107.329041            1.14          1.64  6.423331  2.450548  654.496094
375 -31.354755  8.207762   8.519970  0.322822  2.230529      15.689974   1411.536255   84.588058            1.14          1.64  6.026556  1.339897  642.408875
376 -28.149744  7.482090   9.882360  0.315224  2.951776      15.784089    977.486877  206.998825            1.14          1.64  6.094074  1.971634  663.481079
377 -23.746674  8.799238   5.815865  0.317193  2.505355      15.412996   1218.271606  110.977440            1.14          1.64  6.869480  2.388034  644.149597
378 -30.883116  2.734878   7.511858  0.275328  3.025051      15.395525   1733.596313  189.859009            1.14          1.64  5.765186  1.100544  579.787598
379 -30.849613  4.726985  15.037454  0.322214  2.397046      14.000780   1647.355469   72.533348            1.14          1.64  5.009057  2.309255  667.427246
380 -34.317776  7.605732  14.885598  0.321276  2.914168      15.614411   1677.080688  147.050415            1.14          1.64  5.762762  1.337468  633.104065
381 -25.280500  8.596440   9.880054  0.286802  3.186067      15.090478   1611.351074  141.621048            1.14          1.64  6.303582  0.882090  509.072205
382 -27.293266  0.054271   9.457471  0.296307  3.887094      15.742609    981.854004  243.610870            1.14          1.64  5.513611  1.719449  660.955139
383 -31.777052  2.107797  18.493980  0.303579  3.247634      15.156357   1735.307007   75.845428            1.14          1.64  5.815451  1.127318  590.192810
384 -24.774006  4.869487  11.863413  0.302371  3.384090      15.954178    822.804749  150.151886            1.14          1.64  6.632725  0.277836  525.171814
385 -20.383812  8.180305  19.822071  0.310905  2.710997      15.401699   1449.026245  160.818497            1.14          1.64  7.621440  1.000141  507.142731
386 -33.434113  4.105874  14.328835  0.302725  3.582085      14.925881   1375.005615  161.437576            1.14          1.64  5.787551  1.554830  653.153015
387 -30.979685  9.444875  13.159405  0.319658  2.642267      14.893679   1703.279053  116.728645            1.14          1.64  7.108935  1.060434  574.576599
388 -23.827707 -3.736009  14.025391  0.266526  2.822932      14.415913   1989.467041  183.416626            1.14          1.64  6.110091  1.336874  550.127258
389 -30.396545  6.027565   9.766099  0.300568  3.884972      14.818531   1014.635010  212.768173            1.14          1.64  5.606424  1.995107  675.864990
390 -34.612247 -4.190000   7.436759  0.287065  3.402395      14.406167   1317.653442  189.640259            1.14          1.64  6.529888  1.104702  668.726196
391 -33.290283  6.053607   6.316888  0.293377  2.861069      14.597375   1428.806152  188.404068            1.14          1.64  5.919681  0.917023  620.909668
392 -28.722994  7.351263  16.043379  0.295422  3.014184      15.033031   1578.102905  144.403183            1.14          1.64  7.037006  0.757153  503.599335
393 -32.186924 -3.340149  14.132281  0.299759  3.170789      15.112298   1890.609863  220.513382            1.14          1.64  6.938054  2.798915  697.945557
394 -30.668165  7.033433  15.049960  0.294432  3.967719      15.465490   1837.787476  158.511307            1.14          1.64  7.427595  1.445499  583.525574
395 -25.678123  1.421500  12.497387  0.299192  2.875643      14.671527   1077.460327  163.522598            1.14          1.64  5.946661  1.103392  611.271362
396 -30.070868 -5.943703   9.858694  0.289010  1.702208      14.042871   1755.243164  111.709564            1.14          1.64  6.552922  1.906478  659.335022
397 -37.240917 -4.141716   6.735022  0.279779  2.410080      15.351122   1582.438721  158.857391            1.14          1.64  5.392410  1.195726  686.144104
398 -24.875038  0.930513   8.986979  0.291357  2.537682      14.731668    898.897461  125.770073            1.14          1.64  6.038789  0.946947  612.026062
399 -24.633207  7.386636   7.661151  0.317794  2.473099      15.676305    830.390076  184.812012            1.14          1.64  5.933650  2.465359  674.587585
400 -32.551392  5.212597  12.984063  0.312291  3.406340      15.544097   1142.931396   92.064323            1.14          1.64  6.880048  1.562615  666.414062
401 -29.299082  5.756769  19.033657  0.327178  2.776112      14.723031   1081.219360   58.537659            1.14          1.64  6.421058  1.578412  636.879089
402 -27.375025  6.139189  16.081112  0.317817  2.725873      15.592679   1111.054321  122.855225            1.14          1.64  7.121451  1.872502  633.440186
403 -33.501865  4.251638  16.564108  0.300491  3.364093      15.256261   1138.544922  187.179260            1.14          1.64  6.334174  0.874553  613.789124
404 -33.019985 -4.548709  13.031775  0.286370  3.662962      15.876074   1845.244385  199.802811            1.14          1.64  6.360005  2.555853  695.770203
405 -32.078163 -9.016253  17.365961  0.291966  2.696530      15.883706   1823.373535  169.595352            1.14          1.64  5.716491  1.919742  676.988892
406 -28.295202 -6.960529  18.356236  0.304529  2.084203      15.578597   1212.357056  166.725571            1.14          1.64  6.651352  2.796644  692.176514
407 -28.752104  6.831872  12.301793  0.316234  2.767950      15.263791   1234.160889  128.562347            1.14          1.64  7.232731  1.531405  636.220032
408 -25.280264 -1.342376  12.418111  0.277379  2.001022      15.209764   1567.968506  145.253052            1.14          1.64  6.609328  1.593446  591.775635
409 -28.290363  0.323117  10.681937  0.294834  3.823399      14.981747   1246.172363  141.643234            1.14          1.64  6.511087  2.123825  666.648071
410 -28.970182 -0.458688  13.645044  0.310383  1.903065      14.199608   1240.610352   95.816002            1.14          1.64  6.468011  1.948686  670.813538
411 -27.355268 -3.313549  11.665148  0.286339  3.370264      15.492939   1021.687622  105.959450            1.14          1.64  6.017503  0.923797  611.913330
412 -35.253010 -4.876595  16.816071  0.287320  3.904243      15.013933   1580.172241  217.398285            1.14          1.64  6.437626  1.394584  675.167786
413 -29.646944  5.354135  12.091213  0.322309  2.504464      14.063360   1238.083862  131.811569            1.14          1.64  5.516622  2.018733  668.478577
414 -27.216682 -3.624470   8.973505  0.287368  2.332955      15.119328   1438.043091  121.743668            1.14          1.64  6.412522  1.993918  649.277588
415 -27.141291  2.307476   7.093117  0.271481  2.763457      15.999480   1747.015747  160.783005            1.14          1.64  7.847409  1.294488  569.539124
416 -23.435629  5.936821  12.415346  0.300485  3.748315      15.193276   1023.101868  144.457016            1.14          1.64  6.042275  2.490517  637.166504
417 -28.251436 -4.680025  13.150207  0.298207  1.987798      14.006732   1759.736938  105.130493            1.14          1.64  7.090638  2.998852  684.666687
418 -32.168987 -2.915091   9.799016  0.292493  2.016466      15.788582    975.812683   77.039833            1.14          1.64  7.383411  0.430386  598.778870
419 -28.182714 -4.654433  15.121462  0.278376  2.121883      15.429691   1910.525879  189.387390            1.14          1.64  7.281053  1.399995  590.491455
420 -32.619358  5.264637   8.289876  0.305637  2.895326      14.169801    945.536682  172.216324            1.14          1.64  6.321701  1.109435  692.313477
421 -32.942856  0.611829  19.981493  0.294045  3.228229      15.672447   1025.453125  216.426529            1.14          1.64  5.302055  0.494040  567.100586
422 -32.500389  5.202136  15.231771  0.302643  3.592032      14.924576   1264.191284  194.886963            1.14          1.64  6.696994  2.003487  667.468567
423 -29.906273  3.406296  12.024665  0.301165  2.912132      15.442536   1864.454468  195.833328            1.14          1.64  7.098007  2.462399  660.827209
424 -20.538164  4.390967   7.809857  0.292541  1.396067      15.738923   1743.968628   77.519798            1.14          1.64  6.629632  0.888657  496.329651
425 -31.185240  1.507836  14.258257  0.298800  3.536707      14.892598   1153.433594  135.289841            1.14          1.64  5.698420  1.901936  672.541870
426 -32.796215  4.584221  12.818928  0.288910  3.547717      15.652601   1203.797974  179.673950            1.14          1.64  6.013091  0.544603  545.713623
427 -31.171171  8.795217  11.876041  0.290489  3.922378      14.999542   1729.130737  223.813507            1.14          1.64  5.882881  1.270928  581.667908
428 -31.935707 -0.339248  14.176871  0.300300  2.909804      14.422198    913.889954   84.058594            1.14          1.64  6.963150  1.453235  698.912842
429 -31.686705 -1.121496  13.520799  0.299196  2.201070      14.833576   1953.749390  167.793381            1.14          1.64  7.033516  1.988997  665.212341
430 -32.532135 -6.410826  14.411029  0.286557  2.992282      15.176409   1346.716064  159.676422            1.14          1.64  6.056916  1.466904  673.930908
431 -32.917770 -1.527920  18.958998  0.292390  3.169163      14.447627   1615.098511  133.998901            1.14          1.64  6.081078  1.356272  639.956177
432 -30.868687  4.730936   9.920463  0.307902  2.867538      14.033205   1240.325073  173.829117            1.14          1.64  6.554017  2.493361  687.614319
433 -34.330864  6.884435  13.553189  0.314608  3.448810      15.757357   1338.911865   91.336411            1.14          1.64  6.231526  1.998563  680.945435
434 -28.655430 -0.855006  18.946287  0.302060  2.363498      14.247173   1800.016357  153.185608            1.14          1.64  5.803156  2.287207  647.151245
435 -28.191944 -3.219656  18.216047  0.283428  3.474071      15.239147   1663.578979  231.630234            1.14          1.64  6.678087  1.239913  586.135864
436 -32.917999 -1.914163  18.029127  0.296089  3.879822      14.594193   1000.589417  182.107956            1.14          1.64  6.459422  1.660326  697.320129
437 -32.651451 -7.627106  17.980484  0.261909  3.779506      14.210510   1338.035278  219.587402            1.14          1.64  6.061141  0.481002  522.702454
438 -23.432262  8.682529  11.751877  0.315425  2.806051      14.815540   1747.821289  116.224838            1.14          1.64  6.664282  2.877214  625.128845
439 -29.148104  6.576314  11.114090  0.303804  3.114663      15.661710   1930.516357   82.423714            1.14          1.64  5.713181  2.219477  637.270813
440 -37.841629  0.212764  11.326568  0.292452  2.636251      14.897426   1426.500977  146.437881            1.14          1.64  5.841967  0.729506  636.840576
441 -28.606585  4.241092   8.542779  0.305624  3.318715      14.724984   1318.013550  166.629913            1.14          1.64  6.440979  2.043705  659.762695
442 -35.011597 -8.000125  18.530424  0.270529  3.121499      15.227046   1421.650146  207.541687            1.14          1.64  5.787533  0.726728  608.297180
443 -30.421579  4.590156  15.355068  0.317001  3.135271      14.600246   1202.099731  168.117340            1.14          1.64  7.613158  2.245975  678.598877
444 -26.973743  4.013273   7.645416  0.295952  3.150938      15.771544    979.854797  156.385544            1.14          1.64  7.217675  0.687058  580.175110
445 -31.279680 -9.892422  11.276790  0.291029  2.263583      14.156208   1613.993408  119.735054            1.14          1.64  6.389174  2.223080  695.307678
446 -31.873772 -8.250086  17.020437  0.261690  3.437922      14.585684   1706.461182  114.998230            1.14          1.64  7.948786  0.900557  583.240784
447 -28.229010  2.721799   9.349368  0.313017  2.457147      14.596497   1199.890869  209.489517            1.14          1.64  6.071387  2.924672  688.300598
448 -32.445446  3.349844  16.052750  0.292976  3.791230      14.612184   1666.268311  187.179886            1.14          1.64  6.192523  1.496124  624.057312
449 -36.186115 -4.844753  10.206649  0.275829  3.721285      15.533868   1093.695068  211.775925            1.14          1.64  6.745101  0.366618  591.266235
450 -31.222315  6.833453  11.715977  0.315792  2.958330      14.654903    852.592468  145.776215            1.14          1.64  5.041114  1.541079  697.626038
451 -32.355549 -4.050044  17.901274  0.290634  2.201702      15.451171   1679.152832  118.596153            1.14          1.64  7.037268  1.733891  653.967346
452 -33.614662 -3.038214  12.960194  0.286904  3.112823      14.874718   1140.792847  162.105865            1.14          1.64  6.233191  1.051654  656.674072
453 -37.773777  1.969289   6.607254  0.268685  2.434810      15.154962   1604.302246  149.583374            1.14          1.64  5.961082  0.502172  549.462158
454 -25.012829  9.916589  15.108925  0.319838  2.672655      15.899664   1216.011597  121.393867            1.14          1.64  5.591788  1.050621  552.834290
455 -25.905064  6.163635   8.492991  0.289560  3.754865      14.399364   1120.046753  228.922760            1.14          1.64  6.525686  0.696026  551.955444
456 -28.889648 -1.211203  15.040112  0.303576  3.301255      14.791686    915.464600  231.910736            1.14          1.64  6.717542  1.618283  684.909180
457 -26.847584 -4.061692  15.053460  0.292277  3.175575      15.693974    934.288696  187.351151            1.14          1.64  6.527771  1.755542  666.687927
458 -24.273628  0.094395  16.072969  0.328354  1.969920      14.036190    866.133362  179.143661            1.14          1.64  8.520263  2.547376  691.037170
459 -36.659588 -2.780705  13.574174  0.290304  3.763177      14.854673   1044.333862  204.869629            1.14          1.64  7.031563  0.808626  682.936707
460 -24.141859  7.486251  12.501162  0.323442  2.938463      14.501323    966.208618  187.082123            1.14          1.64  6.237067  2.480191  657.603943
461 -32.325687 -2.531324  14.865445  0.283516  2.946784      14.272377   1499.272583  144.901428            1.14          1.64  6.256468  2.034582  677.209412
462 -23.888559  2.820808  19.759384  0.298430  3.351863      14.160258   1077.175049  206.019821            1.14          1.64  7.528102  0.733214  540.231567
463 -32.744846 -1.878801  18.838903  0.302207  3.232638      14.851573   1151.309448  151.761185            1.14          1.64  6.923707  1.647679  684.398010
464 -23.969790  0.159370  10.410856  0.304855  2.932305      15.008117    875.209106  150.102631            1.14          1.64  6.506552  1.590506  655.149109
465 -26.682955  7.646858   4.529193  0.282754  3.546133      15.597296   1641.483154  199.137375            1.14          1.64  5.941674  1.283263  570.405029
466 -26.521496 -4.936714   9.264454  0.289512  2.383407      14.237574   1036.034546   87.527954            1.14          1.64  6.114733  1.379470  648.944031
467 -35.987034  2.177560  12.834500  0.295855  3.056862      15.209840   1221.770630  228.619034            1.14          1.64  7.029510  1.097954  671.557678
468 -27.432562 -2.001543  18.266312  0.270215  3.256864      15.424253    950.843811  221.307846            1.14          1.64  6.793344  0.346178  499.881439
469 -32.056721  3.782932   7.644776  0.293427  2.816210      14.457221   1830.236206  162.313080            1.14          1.64  6.528705  2.232105  669.462952
470 -32.659866 -5.350858   8.662875  0.296229  2.647448      15.195581   1507.270874  183.900345            1.14          1.64  7.666876  1.897850  689.757324
471 -30.210798 -1.205562   9.820952  0.299821  2.653440      14.194488   1198.954590   67.685654            1.14          1.64  6.035960  1.696302  675.765991
472 -32.871971  2.753102  14.014504  0.320441  2.844611      15.519992   1207.556885  118.863159            1.14          1.64  5.080139  1.826324  690.636658
473 -33.439049 -0.388543  15.283921  0.296934  3.549463      15.725981   1153.363281  178.953232            1.14          1.64  6.109878  1.086415  648.341614
474 -18.937532  8.244396  15.980060  0.318113  2.473160      15.605168   1891.302612  139.251831            1.14          1.64  6.523715  2.383750  582.061401
475 -29.817007  0.304978  12.990826  0.311677  1.714274      14.437787    999.321777  113.731232            1.14          1.64  6.430675  0.511806  591.952209
476 -34.501026  0.675271   8.483953  0.280172  3.911056      15.058654   1282.661011  160.680542            1.14          1.64  6.203561  0.546262  577.158630
477 -30.280050 -4.406480  15.193311  0.296097  2.700583      15.274508   1512.133179  232.468933            1.14          1.64  6.231841  1.870912  662.284241
478 -35.448341 -1.747658  13.373848  0.287153  3.287780      15.023707   1956.912964  223.587631            1.14          1.64  6.917944  1.390527  651.676819
479 -29.220846 -0.461542  15.216559  0.308353  1.498309      15.888426   1888.622437  111.584877            1.14          1.64  7.211890  1.289452  599.315186
480 -34.533691 -2.613061  17.662699  0.293990  3.020068      14.956187   1774.333618  176.936188            1.14          1.64  7.069963  2.145797  691.849548
481 -28.277029 -1.655155   7.897713  0.275075  2.584100      14.594681   1998.371094  170.667526            1.14          1.64  6.517413  2.099820  631.238525
482 -28.174049  7.404706  10.317217  0.314542  2.389153      14.504831   1000.816772  128.078125            1.14          1.64  6.853536  0.644472  586.783386
483 -35.673946  3.633937   9.289087  0.295864  2.563758      15.274743   1360.784302  198.661728            1.14          1.64  6.090208  0.907094  644.890198
484 -31.332708  5.882680  14.323398  0.306212  3.864324      15.599570   1025.285645  146.328857            1.14          1.64  6.582834  2.440344  683.961304
485 -27.273048 -5.309874  18.653191  0.293593  2.732225      14.163464    842.354614  217.548691            1.14          1.64  6.255233  0.779042  654.819702
486 -27.734398  7.938325  14.090465  0.329542  2.672144      15.234245    895.558533   64.453140            1.14          1.64  7.255244  1.926961  666.051392
487 -34.109509 -2.543157  16.455570  0.285196  2.793138      14.779589   1808.435181  146.947159            1.14          1.64  6.062153  1.074333  621.061279
488 -27.186424  2.604830  11.923735  0.292983  2.412485      15.373276   1245.517334  160.540619            1.14          1.64  5.927001  0.810546  559.797424
489 -27.390068  1.844103  12.349537  0.261584  3.807917      14.754824   1542.425415  187.189667            1.14          1.64  6.364113  0.708686  495.924164
490 -30.063196 -0.540578   6.747804  0.283929  3.750357      15.757269   1570.936890  217.060562            1.14          1.64  5.476799  2.114886  651.617554
491 -27.003618  8.135223  19.460421  0.328606  2.964147      15.130799   1407.058350   90.304146            1.14          1.64  6.304560  2.273355  628.488831
492 -29.706316  3.919771  16.644377  0.330508  2.310547      14.295099   1072.287598  125.386894            1.14          1.64  6.760402  1.839569  675.713196
493 -28.973267 -6.064602  18.235727  0.295818  3.591613      15.260805    894.430969  100.627220            1.14          1.64  5.599149  1.417329  688.247375
494 -21.463175 -4.835704  15.544602  0.282596  1.746673      14.268057   1008.327759  129.239227            1.14          1.64  7.333433  1.172271  592.052307
495 -32.943176 -1.478403  14.282342  0.288494  2.998594      15.476063   1003.319336  237.924362            1.14          1.64  7.572035  0.581625  618.140076
496 -29.425905 -0.159640  19.378155  0.310862  3.714648      14.551123   1349.257324  154.796509            1.14          1.64  5.594175  2.697163  677.453613
497 -23.787270  0.267365  16.125757  0.295819  3.125057      15.450304   1192.793335   99.353439            1.14          1.64  6.735071  2.307966  631.963989
498 -33.523678 -5.229284  10.034266  0.280439  2.427683      15.350142   1389.939819  143.569885            1.14          1.64  5.295222  1.457477  670.464050
499 -29.724045  6.954937  12.387307  0.327692  2.121850      15.377019   1462.002930   79.941803            1.14          1.64  6.696051  0.923543  580.317566
500 -19.701633  0.260236  13.964282  0.285761  2.036338      14.900372   1450.281006  137.758926            1.14          1.64  7.765565  1.842937  578.731689
501 -28.476627 -5.035363  18.341814  0.292386  3.877940      15.605476   1424.647827  245.275543            1.14          1.64  5.867903  1.894375  652.620850
502 -34.244373 -3.676565  15.508173  0.288328  3.191529      15.688853   1422.504395  218.597610            1.14          1.64  6.439898  1.364849  663.053406
503 -27.596350  9.448378  10.464712  0.285994  3.756115      15.918011   1169.909790  191.916367            1.14          1.64  6.968511  0.461479  469.126129
504 -32.889629  0.268220  18.723461  0.295893  3.576830      15.500300   1839.457642  149.561264            1.14          1.64  6.235313  1.668180  639.619202
505 -29.565147  6.427966  11.286369  0.310759  3.138454      15.805500    986.199524  187.287567            1.14          1.64  5.618996  1.571190  662.971313
506 -33.732243 -0.976434  18.554403  0.310788  2.922759      15.275725   1481.988281  128.443787            1.14          1.64  7.442681  1.712813  673.944397
507 -30.960075 -3.267729  14.570789  0.279293  3.303352      14.528800   1563.610840  223.660446            1.14          1.64  6.591058  2.594309  678.067139
508 -32.796097  7.284431   9.991094  0.309418  3.249809      15.362588   1355.570435  196.104813            1.14          1.64  6.394019  1.370949  650.764282
509 -24.476149  8.837065   0.773023  0.309608  1.982104      14.083791   1816.000366  117.802368            1.14          1.64  5.602160  1.508998  601.406799
510 -33.815357  5.449038  19.619450  0.314047  3.599427      14.340290   1761.854126  125.409637            1.14          1.64  5.383576  1.439930  628.428345
511 -30.827400  0.242297  18.637888  0.291825  3.178612      14.967907   1144.030151  159.691956            1.14          1.64  6.211476  0.899436  600.986023