           lon        lat         inc      D1AU     delta  launch radius  launch speed    t factor       B1AU     gamma         vsw
0    -0.010392  35.940037   34.025368  0.214817  2.306834       5.935802   1108.598999  122.011940   7.923783  1.729656  117.384338
1    -1.052009   7.309511   46.898914  0.224445  3.909916       5.307521   1193.825562  225.189835  10.771825  2.961248  275.621246
2   -23.519999  -7.366901   23.217901  0.312450  3.385156       7.031308   1285.030396  247.620651   7.114857  3.231160  194.790863
3   -25.520941  34.063442   56.607178  0.254621  4.574727       5.717443   1213.320679  118.790169   7.996851  3.393869   68.326195
4    -2.993166  17.344830   34.355396  0.268025  3.357795       5.574247   1911.574951  109.662483   7.057577  3.737766  227.141022
5   -11.462769  21.224821   49.546425  0.272698  1.436998       5.011178    737.322632   31.041382   8.051138  2.204415  402.696747
6   -35.712532   7.021573    1.968925  0.287280  2.672025       7.750250   1565.513794  222.082794   7.924202  2.712972  207.295685
7   -25.270456  44.638550   62.902119  0.256025  2.834998       6.546973   1043.274414  127.864174   7.721549  2.029664   90.525108
8   -11.724767  21.853415   40.936802  0.293422  2.462487       6.356967    772.129517  175.254868   9.557136  2.255633  126.649689
9   -12.407461  41.041569   50.042141  0.242739  2.423968       6.144328   1347.717041  150.023300  10.481411  3.008257   95.755455
10  -17.257751  23.513308   25.636791  0.240274  3.327921       6.244100   1135.072754  170.718445  12.014318  3.782089  129.723679
11  -14.922632  35.705921   27.601696  0.227048  4.529507       5.759379    757.147034  166.725891   6.232140  3.584888  134.205368
12  -10.758257  37.992062   66.293793  0.313447  3.178111       6.111126   1495.883057  143.653900   9.292159  1.844728   65.224632
13   -8.908679  22.936932   33.997360  0.226745  2.945330       5.087348   1345.149902  103.485649   7.585657  2.841223  135.534561
14  -11.453435  27.170135   43.491245  0.291451  4.120164       5.749076    758.832764  160.619400   5.108277  1.870525  250.508484
15  -15.741901  43.811108   82.913307  0.262042  1.632198      12.448542    994.196777  215.218384  12.653836  3.386765  179.992340
16  -40.590969  38.361996   89.829712  0.297689  2.554749       7.837405   1235.093140  141.149551   7.097506  2.289772   65.260330
17  -33.818394  38.648712   85.744064  0.290749  1.681602      10.085591    745.721802  111.644569  11.725607  2.695532  237.838959
18   -0.294465  29.792856   18.073700  0.224634  3.030515       5.271949   1551.905396  178.635483   9.171726  3.587924   80.802437
19   -3.959895  38.055889   35.876991  0.321683  1.767643       6.747757   1056.652466   39.204193   7.784075  2.206142  168.596268
20  -24.930464  36.300034   68.199501  0.284310  2.231323       5.346927   1446.341309  163.946289  13.284993  3.395991  157.394928
21  -30.972105  44.156055   71.931786  0.271596  2.578049       6.804268   1837.135742  173.408310  11.525085  3.981845   77.651077
22  -16.020304  20.788193   35.502502  0.260792  3.698359       5.813757   1437.726929   90.386971  10.515956  3.867396  172.223846
23   -7.627254  31.015455   35.411400  0.271753  3.273858       5.750888    765.686096  140.226685  10.685492  0.997753  142.668991
24  -21.432972  -8.098184   23.930941  0.272972  4.671036       6.555502    789.149963  198.230392   7.459562  2.399904  345.573242
25  -26.920330  13.073270   33.604931  0.263902  3.592074       6.548605   1109.099609  157.942123   7.015662  2.977931  203.972626
26   -1.449466  32.826542   40.538937  0.312613  1.878527       5.725605    782.911987  144.058044   9.529618  0.917685   82.047997
27   -6.283915  39.714909   38.573494  0.225337  3.962964       5.995697   1098.059692  162.456207   9.380317  3.918288  252.039429
28  -15.468081  37.294083   13.824968  0.288261  3.152297       6.342561    936.023499  193.719971   5.211146  2.941167  141.095062
29   -4.389662  34.302467   24.716122  0.319940  4.186836       5.411874   1100.635010  153.907669   8.041598  3.590403  189.901154
30   -9.669722  36.856041   58.502090  0.296377  3.464482       7.210132   1009.404358  178.995438   7.091393  1.288506   73.237526
31  -25.438597   7.901878   33.892113  0.285421  3.746757       6.432843    714.211609  106.080078   5.350719  1.824438  270.916199
32  -24.225857  33.219139   70.258102  0.320629  3.163168       5.065251   1088.512207  165.186218   9.598861  3.147388  237.470322
33   -5.965795  28.641596   23.201862  0.349487  4.432130       5.273488   1031.675659  178.917038  11.480075  3.278586  262.311584
34   -2.774678  35.028969   52.824234  0.337908  3.030653       6.020047   1231.896973   99.133446   7.124681  3.795297  394.825043
35   -0.491678  40.171520   34.291893  0.270218  3.756516       7.325069    819.922729  184.745773   7.720877  2.357711   82.962616
36  -23.084896  27.471251   59.496960  0.213835  3.629657       6.459713    888.537720  116.674644   7.408386  3.918996  126.496910
37  -17.522503  23.775738   23.258545  0.224003  3.263569       7.817343    704.540710  103.225029   9.810048  3.670052  256.401917
38   -1.331569  25.094608   23.639599  0.238351  3.573923       6.824734    843.853516  154.715179   6.198004  2.646415  167.324280
39  -28.179396 -11.667814   14.899514  0.317938  1.892180       5.737054    878.315857   81.056427   7.244139  2.249158  396.453186
40  -11.003666  43.356178   46.910480  0.266999  1.992536       9.169438    720.827454  156.887985   9.514059  1.974040   83.881340
41   -1.436140  27.288048   19.274055  0.271502  3.542547       6.183760    762.150879  168.098297   9.854671  2.774346  289.254333
42   -2.034237  14.197235  356.773834  0.329925  3.319251       5.661378    876.211975  182.399582  12.848557  3.104978  394.539246
43   -4.872306  26.723995   10.629554  0.320356  2.803822       5.358957   1005.501282  171.581299   7.353018  3.400406  209.708572
44   -2.029155  24.076139   11.723718  0.343125  4.688833       6.276206    763.995117  242.145508   8.428542  3.149495  420.559021
45   -7.326572  33.898792   39.026058  0.291885  4.509549       6.524417    898.959839  186.828918   9.612755  2.157923  170.579773
46   -2.256696  19.833580   17.686552  0.233618  4.241262       6.004589   1040.112305  141.818085   7.815258  2.897310  229.113159
47   -1.962987  44.112129   34.685989  0.289694  3.548645       7.786346    827.720581  127.655251   6.774901  2.419770  118.049026
48  -28.593000   2.991858    0.618599  0.296360  1.576538       5.888932   1228.402344  239.891968  13.441486  1.005796  127.523590
49  -11.713091  24.021214   53.429607  0.246863  4.714859       6.740264    926.054749  202.847549  13.656322  3.086782  126.760223
50   -8.802895  29.152708   54.450932  0.230180  2.297813       5.720557   1585.570068  138.744308  13.006879  3.313749  118.047981
51   -7.037934  34.828804   38.865685  0.312447  3.270357       5.426653   1247.440918  134.861191  10.580606  3.240434  240.534592
52   -0.989654  17.734623   19.372383  0.216808  4.973947       5.869811   1038.464111  226.900711   8.496408  2.821716   93.230194
53  -13.591747 -22.367220   34.111851  0.222803  2.549212       8.323616   1634.613647   77.732986   9.969879  2.995129   58.240150
54   -9.169693  46.114262   58.882923  0.294517  2.548855       8.742456   1026.837158  187.440552  10.880712  1.848001  112.509712
55   -3.234664  32.990452    9.666860  0.334177  3.657231       5.662993    800.294312  168.085281   8.782968  2.630493  301.664581
56   -8.291880  45.530762   43.042076  0.243167  3.124306       7.303538   1001.639526  111.686356   6.634936  3.060783   97.403419
57  -19.630104  29.583933   36.296562  0.230943  3.502463       5.704658   1444.074341  110.782593   5.073606  3.454982  108.833740
58  -20.317663  43.061405   68.809868  0.266998  3.003456       5.752189   1917.666138  196.383133  12.971394  2.801032  101.180145
59   -1.627119  24.145750  357.385101  0.314355  4.492281       5.848156    818.054443  240.448303  12.614374  2.076764  206.474823
60   -5.225162  21.765457   32.159817  0.296585  4.714059       5.647571   1125.894409  175.391510   9.903134  3.980799  254.855057
61   -4.049789   6.577571   38.796829  0.248116  4.743016       5.251358    872.640869  137.409973  12.447892  1.147354  130.599136
62  -41.017601  30.044853   81.167023  0.231680  3.027781       6.452852    917.837830  118.804047   6.540884  3.517587  115.616676
63   -1.074350  22.129347   16.086794  0.297587  3.575854       5.939941    799.562622  103.611382   8.327937  3.194158  454.250427
64  -16.975376  -3.867976   39.751179  0.215597  3.729833       5.381956    844.534790  123.610199  10.068499  1.931891  277.813873
65  -28.569740  42.739208   85.650612  0.320445  2.165275       9.864371   1105.419312  137.241089   9.020490  1.836760  122.059700
66   -9.530486  18.865480    3.086744  0.210279  4.019595       5.911633    921.264404  240.435104   9.815585  2.607881  216.236832
67  -14.191917  27.738903   24.800219  0.266003  4.597859       5.467368    766.530090  235.444397   7.968784  3.107760  239.081299
68   -7.097476  18.981487   26.730885  0.247722  3.322039       6.399551    838.847412  246.816284  12.277886  3.616999  231.046844
69  -20.795803  22.908976   61.845245  0.281317  3.608251       5.794165    818.964966   94.010178   7.993851  1.697278  245.715881
70   -6.553473  28.145653   33.702744  0.302000  3.249636       5.470423   1600.518188  203.028275  12.439710  3.228813  125.699463
71  -31.627327  41.581223   76.913605  0.234444  2.661784       7.436010   1294.590698  152.626602   9.902622  2.515572   86.341179
72  -15.685788  25.537670   36.457142  0.258360  3.686043       6.558520    833.308289  201.073471  10.432667  3.185096  135.695877
73  -11.960240  32.061726   54.697578  0.317567  2.638780       7.405409   1708.715088  137.714081   9.438954  3.939157   75.919922
74   -6.108508  34.111412   28.580761  0.263918  3.406849       5.008311    919.514038  137.758270  10.390496  2.414232  189.551041
75  -21.939631  36.260883   68.918076  0.297957  2.494566       5.661071   1689.418335  120.648743   8.068132  3.287694  199.319138
76   -6.268944  25.497908   22.390083  0.250884  2.527060       5.400109    836.394531  144.702209  13.470095  3.050240  251.545319
77  -10.290994  41.928986   53.911144  0.235378  2.382034       9.244081    973.814453  199.869659  11.369224  3.590600   84.668671
78   -8.601299  14.400234   14.968678  0.227061  3.086875       6.450458    939.184143  196.776596  11.421629  3.904625  272.676819
79  -21.824535  48.867409   63.329765  0.295585  2.992079       7.171708   1274.318970  122.922279   6.123303  3.528728  239.602310
80  -11.511680  39.027477   34.485802  0.231532  3.018116       6.029402    830.464294  135.086411  10.232001  2.929904  162.553055
81   -6.686308  36.253353   39.440022  0.273779  4.894731       5.116700   1549.961792  229.993118   8.896859  3.443276  148.400513
82  -15.365175  19.857883   53.619160  0.329593  2.928275       5.129394    774.411194  107.999649   6.879054  2.186519  310.829071
83   -3.684335  25.519743   39.041985  0.309985  2.698034       5.997004   1237.048950  120.901764   8.924057  3.412876  151.554245
84  -14.732528   6.527153   14.967841  0.304876  3.940706       6.560057    927.972839  163.063507   8.480238  3.236876  224.421844
85  -12.637047  48.728783   50.313103  0.250839  3.071036       5.889752   1034.761963  187.111084   6.070857  2.446736  178.846512
86  -31.666342  37.327034   67.845749  0.287912  2.595968       5.893613   1348.916016  147.877533   7.970997  2.408857   69.018929
87  -17.484344  28.742594   37.459118  0.201334  3.728787       6.596106    988.491394  160.078842   8.380811  3.856032  100.247620
88  -18.723524  37.990257   56.339916  0.224725  4.729969       6.057086    708.179626  212.134750   8.935754  2.787276  161.071411
89  -18.713467  38.185722   76.694260  0.325279  1.542914       7.069315   1218.868042  111.411201  12.659140  3.910801  313.894775
90   -6.033053  27.745728   29.377819  0.229007  3.085052       5.446159    799.192627  173.600418  11.503030  2.270742  252.980209
91  -10.762731  28.587412   28.980875  0.222376  3.538774       5.315644    924.758240  210.398743  11.135282  1.774821  101.744591
92   -4.691978  48.268284   35.954945  0.313428  2.388082       6.497635    765.237854   92.984467   7.579494  1.327097  271.179321
93  -18.149935  11.935894   23.994579  0.290988  2.565012       5.673840    907.582947  118.080788   7.585592  3.368125  274.822693
94   -4.417566  21.921101  343.402924  0.299198  2.482265       5.148355   1749.421631  169.489517   8.360784  3.022995  192.702194
95   -8.866604  16.010645    1.431126  0.271086  3.809968       5.046230   1293.324707  235.655365   9.370314  1.724225  239.232025
96   -9.387639  27.227419   20.552567  0.233239  2.879835       5.579810    783.093506  199.334396  12.174773  3.201708  237.482208
97  -10.045390  42.009747   52.671841  0.288422  4.222624       6.018945   1300.167603  223.680069   9.287291  3.738377  198.664368
98   -7.470172  21.455023   17.367498  0.304128  2.703899       5.096868   1391.188354  139.387894  10.807754  2.969745  111.786636
99  -19.339161  42.777443   60.726250  0.312940  3.486427       7.360624    876.675537  193.840836   8.141217  2.830663  209.114960
100 -10.984406  37.006336   45.677288  0.271901  2.558138       6.374502    962.674377  126.330696   8.478384  2.729674  218.687576
101  -3.245829  49.470398   24.127190  0.240025  4.739301       5.927073    746.842224  200.711578   7.423366  3.183011  123.902466
102  -3.390141  28.297890   42.547970  0.220117  2.841214       5.779689   1606.213379   42.883976  10.417007  3.149610  132.540924
103 -11.604290  37.484932   33.836163  0.225694  3.885224       7.646932    756.115356  130.343338   9.751248  2.980515   68.187592
104 -15.633388  37.314789   38.650650  0.293957  2.056765       7.191812    759.650330   74.513069   5.052872  1.737895  108.791786
105  -9.724889  22.691433    2.943878  0.343769  2.045726       5.402486    958.767822  140.342560   7.732376  1.470685   83.289757
106 -15.359830  40.429695   56.573521  0.218715  3.255174       7.676924   1482.179443  214.119171  12.141802  3.718100   83.770615
107 -20.937355  12.761145  356.641418  0.274027  2.994452       7.214063   1047.023560  249.710358  11.329247  1.152438   69.927185
108 -26.282427  14.439134   30.234297  0.319145  3.181079       5.075837    813.441772   55.495506   6.175126  1.676613  288.115509
109 -12.253373  16.941963   35.910194  0.221191  2.445282       5.836826   1139.631470   70.932144   8.124126  1.722772   94.484337
110  -3.076717  44.171047   38.637589  0.324589  2.622075       5.144939   1950.124634  191.650986   8.042109  3.340982  156.850998
111 -39.000744  40.924477   76.529121  0.221151  3.539724       5.571137   1430.764160  161.178085   6.054689  3.472926   89.769348
112  -6.313342  27.984613   37.781578  0.209444  2.711982       5.680466   1731.771240  166.984604  10.806322  3.433383   56.105644
113 -24.333872  48.477230   67.800560  0.272721  3.546418       6.786984   1443.464722  183.234192   5.889621  3.106650  144.384705
114 -14.141388  -0.737678   43.893356  0.259526  3.209451       6.843213    723.382324  124.354454   9.068044  0.632262  119.639832
115 -39.463612  40.323498   81.278885  0.284479  2.169014       5.441151   1641.996948  118.008644   6.253637  3.500705  164.693390
116  -2.842978   8.155882  340.650391  0.344224  2.904650       6.469090   1054.236572  217.416885  11.521523  3.771879  345.100739
117  -9.466332  48.515442   46.091427  0.318624  3.408337       7.301256   1055.414429  248.972092   9.148744  3.187242  200.178421
118 -38.214432  30.501854   85.135612  0.272669  2.383157       7.342489   1755.479126  145.149521  12.469487  3.782011   75.558319
119  -4.972650  15.135631   17.703581  0.287102  3.399126       5.539752    778.134216  207.639542  13.146189  0.983702   80.016151
120 -22.603939  -8.362830   35.201385  0.273634  2.006532       6.457262   1259.218750  145.513809   8.529863  2.576543  118.303436
121  -2.215919  28.058044    7.487650  0.343646  3.506669       5.938895    731.679321  140.662476   7.836999  0.837404  187.926514
122 -14.287357  41.116417   67.265526  0.294886  1.779827       7.775379    946.802551  219.734894  13.939973  3.588748  320.971436
123  -6.469607  19.962952   41.573952  0.263206  4.677678       5.693581    788.796692  197.954651   7.876187  2.559720  346.122925
124 -14.005238  26.756876   60.518246  0.302120  4.999848       6.995501    737.719604  241.595673   9.935665  2.173497  180.245956
125 -10.555523  38.576424   42.892963  0.202318  3.035510       6.604689   1224.024780  171.898956   8.961470  2.932523   67.519264
126 -23.143473  47.241711   61.570843  0.309163  3.520460       7.217977    718.179749  116.130165   5.515239  3.340802  265.985718
127  -5.297209  41.732567   27.107050  0.319126  3.164428       6.022380    730.516113  115.564087   7.590273  1.935965   81.043968
128 -27.167856  33.723202   76.561821  0.300048  2.062938       7.970506    984.661987  102.309532   8.420643  2.558977  122.669960
129  -1.724147  34.656666   36.061451  0.205319  3.200711       7.122476    794.484558  246.042114  14.182433  1.967334  101.126114
130 -12.549505   3.514894   25.861673  0.233059  4.348198       5.706820   1100.565430  236.887955  12.012715  3.462037  181.777466
131 -19.116955  21.493517   30.793921  0.203050  3.827190       5.295141   1125.385498  158.888123  10.460143  3.770548  170.377167
132  -1.316911  26.631039    3.517259  0.314024  3.481866       6.108104    703.131042  162.077042   8.381660  0.900982  348.843292
133 -16.596508  34.824348   61.383579  0.305149  3.048786       6.797020    948.034607  212.830063  12.057116  1.683423   75.614044
134 -12.735503  47.151409   46.683308  0.349893  2.584060       5.731274   1486.918213   82.168182   6.465077  3.454835  194.080460
135  -4.097061  19.365633   17.124514  0.312647  3.081453       5.839377   1315.731079  212.861221   8.911848  3.986507  164.689362
136 -37.594307  46.573128   68.605827  0.286555  2.837385       6.019310    962.603394   68.505463   6.430826  2.998320  143.536926
137 -35.788639  38.469826   80.635643  0.306373  2.456404       8.155690    991.481079  119.677002   9.652566  3.509138  137.039291
138 -13.219621  17.015049   33.678230  0.297868  3.173632       6.106935   1077.765747  207.442245   9.149160  3.935143  266.910400
139  -3.198004  39.355534   17.171183  0.285231  4.312446       6.121939    702.658936  232.206055   8.644595  1.842071   66.490555
140  -5.600111   6.034608   19.448208  0.344107  1.995737       5.823335   1382.893921  164.856720  11.770650  3.691936  340.225006
141  -1.122510  20.119604  338.879517  0.246914  3.154274       6.587910    827.839355  154.250122   7.506764  2.412002  347.554474
142 -18.515648   3.395268   29.519600  0.206645  2.050598       7.958328   1009.319641  186.563797  10.951809  3.459652  185.685562
143 -15.110806  30.193205    2.411150  0.282847  4.409316       6.753440    882.443115  235.719269   5.840374  1.857325  152.322159
144  -4.371637  45.528538   35.698479  0.280150  2.960918       6.053938    707.890259  143.818588   7.047278  1.983860  215.013824
145 -16.260321  21.911726   21.367138  0.298217  2.845967       5.089012   1393.213501  162.489456   9.776895  3.422818  275.680328
146 -18.391363  22.887383   42.809284  0.282279  3.847522       6.767416    754.009399  217.273727  11.368763  3.203131  160.673767
147  -2.103995   8.445929    5.706965  0.250297  2.725531       5.620571   1033.838867  209.033127  14.600790  2.981655  277.614746
148 -18.271193  42.711407   57.904205  0.310880  3.544725       6.046568   1109.505005  114.445686   6.311696  1.934031  127.701782
149  -3.322663  21.729334   41.277420  0.213151  3.530764       6.114309    819.706177  215.060928   9.200084  1.859336  196.027481
150 -12.060605   1.011496  338.594116  0.256203  2.260917       5.344192   1584.121338  170.376526  11.738951  1.685395   96.246841
151  -7.462987  35.880108   31.787210  0.210570  4.264420       6.161037    734.974487  157.361832   9.472755  2.484675  224.589600
152  -8.660787  26.432514   34.789940  0.274806  1.592527       5.069765   1209.556030   84.647896   7.042492  2.763123  316.899506
153  -3.462334  25.434046   22.854942  0.345506  2.183303       5.185494    890.351379   70.466164  10.308534  2.757538  269.535248
154 -15.898249  43.091305   77.007790  0.273151  2.916898       9.830945    984.977173  225.871582   6.581066  2.406178   64.244751
155  -2.598202  29.398426   43.202133  0.276766  3.101609       8.212897    819.749695  169.836411   9.705208  3.207173  206.643219
156 -12.449105  14.759608   12.556591  0.332719  4.044907       5.769108   1090.544678  158.328125  10.713321  3.274255  316.985199
157  -3.980150  32.871922   40.361389  0.273882  3.263852       5.752830   1381.024780  216.801498   7.824990  3.872565  170.758011
158  -5.269588  31.232889   22.110432  0.279757  3.984642       7.037064    819.762024  150.334198  10.692175  3.755729  223.367477
159  -8.542643  38.761181   60.853951  0.293124  3.070651       8.958668    739.194641  150.636459   5.488532  2.710031  288.499329
160 -18.845907  29.598011   36.155602  0.314974  4.601698       5.920340    901.021118  239.152924   9.565413  3.479690  202.748260
161  -1.552630  33.368793   39.416573  0.298895  2.816600       6.192370   1296.934570  110.051559  11.828863  2.735841  106.016853
162  -0.537551  31.909863   21.285027  0.269713  2.091280       7.325564    863.242920   75.812981   6.136353  3.863104  179.465256
163  -0.610089  24.901173  357.136078  0.280659  2.749497       6.215525    875.749146  141.901382   7.701749  2.204741  256.881409
164  -9.034398  38.788185   42.680096  0.329257  3.444809       6.010633   1139.606079  185.250366  11.887630  2.486337  100.041718
165 -20.555696  41.014587   71.365761  0.324220  1.629409       8.608379   1383.799194   90.299370  11.035903  3.317719  180.095901
166 -26.944571  45.149235   60.267822  0.241940  3.610728       6.012584   1078.828735  144.359329   9.198610  3.404512   97.499214
167  -7.363709  12.385405    4.997322  0.342433  2.131855       6.805196    744.279724  117.769485   8.622497  0.782782  235.957214
168  -0.125068  12.407618    4.916620  0.263777  2.547769       7.039794    747.309265  181.144730  11.293823  1.450565  123.483696
169  -7.714402  33.323189   35.958893  0.296871  3.863053       7.130454    845.959473  188.546753  10.248610  2.670373   99.918159
170 -13.699707  48.710091   45.386497  0.287417  4.152588       6.363925   1019.186035  180.812210   9.229033  3.723058  134.576004
171  -7.064155  46.699986   40.815384  0.291693  3.570291       7.219084    814.996033  179.693878  10.212063  2.816342  191.365891
172 -12.028283  42.231590   60.866257  0.332538  2.222377       7.154390   1496.068848   77.233330   5.330145  3.087786  242.106781
173 -24.888180  40.196342   76.364914  0.247164  3.044185       6.846347   1620.514160  153.830185   9.778164  2.886103   59.413345
174  -4.951107  12.702742  354.296570  0.236752  2.360638       6.121921    914.940918  148.064240   8.851588  1.023623   80.347870
175 -13.103583  47.245804   59.136227  0.342250  1.383170       5.830135   1300.479736   92.333176   9.173308  1.847255  267.989227
176 -15.854570   3.095221   26.888880  0.219793  3.180670       5.465543   1000.744629  177.489761   8.907734  2.955034  226.426590
177 -13.622530  35.952785   59.426125  0.231159  2.532367       5.111079   1700.075439  168.894775   9.925966  2.294532   60.817440
178 -22.936867  43.298958   54.301365  0.228981  3.978188       5.491395    921.112427  139.455658   6.867705  2.396813  100.645271
179  -2.007331  23.424988   19.061768  0.273891  3.931705       6.526845    859.476501  156.768280   9.820186  1.603551   79.745972
180  -4.347331   1.184259   15.335737  0.230007  1.612574       5.744506   1710.528564   52.907944   6.726599  3.402930  156.666931
181 -27.773352  35.882198   69.442810  0.313960  3.350183       7.666345    750.603149  123.253067   6.565648  3.134128  137.395828
182 -12.250669  22.461714    7.011489  0.260892  3.809806       7.617939   1012.802368  248.157211   9.469886  3.477528  146.669632
183  -5.604758   8.149420    0.085631  0.346209  1.895129       5.197588    802.595154  155.724213  12.134284  3.971227  424.665131
184 -11.215901  43.673958   55.875362  0.280815  4.519715       5.366606   1896.323364  195.176727   8.579775  3.655498  166.948151
185 -12.735507  18.391773   42.865292  0.225188  2.955859       7.392282    830.281128   94.911713   8.932847  3.423821  156.532028
186  -0.944822  37.260738   45.397282  0.305713  3.415133       5.213653   1220.697754  108.028862  11.109995  1.923306  213.086395
187  -2.778023  29.179672   10.225134  0.341171  3.741621       6.378379    825.894104  158.544769   7.029633  1.455364  174.890305
188  -5.696720  12.632467   25.730463  0.247835  2.477658       5.719415   1759.816895  157.377106   9.227934  3.849785  178.217560
189 -15.641995  11.422057    6.126058  0.271945  3.788677       6.241577    766.482300  122.127602   9.090083  1.027348  288.649017
190  -7.025270  38.399296   30.945652  0.301830  3.806797       5.536170    909.845459  218.823929   9.559631  1.483604   72.171730
191 -16.533073  33.616982   30.689859  0.280223  3.548117       5.115189    746.664673  131.462692   6.025453  2.915262  270.822083
192 -16.978970  28.358187   22.819113  0.267974  3.483327       5.966295    907.942993  151.344803   9.474675  2.974741  176.291580
193 -21.475122  18.564056   20.985657  0.214257  4.521142       5.458826    899.090515  209.937912   8.992589  2.647126  143.110733
194  -8.839805   4.083151   46.639740  0.209046  3.094038       7.947471    701.025391  209.805679   7.926938  3.614461  143.032349
195 -22.699924  18.819401   12.647354  0.243880  4.010489       6.113879    788.559326  159.860107   7.366480  2.915075  220.290512
196 -20.187695   8.581301   22.470383  0.244982  3.237432       5.243696   1318.668213  248.413391   7.690742  1.879546   76.338593
197 -23.199480  46.372650   73.144676  0.346076  2.544172       7.514420   1065.081909  157.223358   7.117613  2.556984  313.807129
198 -24.661581  37.906635   65.074791  0.231809  3.537555       6.359910   1310.407593  141.269302   8.416389  3.778281   96.679962
199  -0.245072  28.611307   23.131363  0.273572  2.479170       5.940652    733.069641  105.929649  10.949798  1.748936  255.979965
200 -15.273190  44.372463   54.132877  0.224931  2.628613       6.470549   1614.756470  229.020844  11.384768  3.209676  105.344681
201 -18.168352  31.884981   58.186188  0.249691  3.319846       8.072565    871.115784  131.214203  11.388047  3.882150   90.371002
202 -10.108378  37.758850   37.858936  0.267492  3.645652       6.530430   1287.015625  185.859756  10.175099  3.748697  102.632179
203  -7.381280  28.206871   36.805099  0.222926  2.890336       6.046399    729.755981  118.477905  13.104588  1.519584  232.165237
204 -10.770078  40.302422   46.159771  0.211731  3.429828       6.470325   1299.637085  173.720154   9.557428  3.493714  178.527969
205 -25.763226  39.777447   59.594002  0.202809  3.454488       5.689974    918.718689  145.823761   6.573888  2.719360   87.939209
206  -5.098966  44.508743   51.498322  0.289340  2.743851       7.909752   1123.049316  194.991043  10.598963  2.242492  109.982597
207 -19.205822   7.491295   22.678492  0.231225  2.833989       5.977078   1010.614990  173.516403  11.753843  3.046224  317.964569
208 -37.569489  27.354988   81.898109  0.327578  2.991792       6.919824   1114.084473  153.513840   9.727780  3.795870   59.909172
209  -1.169919  31.957621   30.293341  0.297647  3.103145       5.852538   1429.849487  213.709763  12.365505  2.528320   74.102295
210  -6.124913  28.261240   43.659134  0.265011  2.930769       5.782149   1480.984497  103.288124  13.263821  3.697007  250.320007
211 -21.454506 -14.320517   36.995106  0.282018  2.687304       5.319196    979.843262  130.812485   9.854158  1.801284  344.154053
212 -28.710182  42.634922   67.742294  0.321268  4.240372       6.236095   1001.675354  177.069901  11.174721  3.348753  150.493881
213  -3.243387  30.857771   25.156107  0.307991  3.975843       6.140981    871.672729  109.539436  10.660164  2.785398  240.608017
214 -17.624861  33.582531   53.468647  0.275801  3.755523       6.186790    843.475159  138.334290   8.275069  2.954531  214.610809
215  -1.545526  27.996162   18.363562  0.287629  3.047896       6.364182   1113.283203   84.894676   7.247111  3.544073  176.732819
216 -32.848980   1.872636    1.026084  0.289479  1.526300       9.370784    902.234497  185.208710   7.713519  1.540190  251.813446
217 -22.102858  35.939846   65.143913  0.251131  3.024813       5.706406   1052.916748  120.037300   8.102974  2.345067  108.447922
218 -13.053067  32.932869   17.170263  0.303224  4.440106       6.124274    751.918457  155.887726   6.596688  1.785730   94.937691
219  -7.780538   8.942645  346.137085  0.272159  2.848256       5.358294    877.744995  173.163849   8.129177  2.365631  415.346344
220  -7.364923  46.898228   69.755478  0.282449  1.578001       5.277957   1599.580566  187.121689   8.995635  1.605236  190.860107
221 -10.696967  41.837006   47.699493  0.312273  2.676950       6.179127    965.436890  144.961197  10.293483  3.228552  278.974518
222  -9.840313  23.322536   43.133320  0.221523  3.898323       6.362398   1124.200806  219.782791  11.226846  3.773372  120.179405
223 -12.430933  33.954506   55.337971  0.299515  2.633227       6.083198    716.980530  100.115082  11.107929  2.574090  273.306030
224 -24.808580  37.820339   56.230957  0.251336  4.542339       5.578007    839.426208  199.555084  11.040656  3.633681  158.595398
225  -7.177722  27.877451   12.841810  0.241647  4.637332       5.718772    733.388611  226.850372   9.874667  2.669550  214.517868
226  -1.839159  33.505264   12.314837  0.291966  3.364024       5.685671    804.855530  196.487015  10.570385  2.888076  354.953796
227  -5.595296  43.873100   41.919411  0.270471  2.617676       5.246695   1504.515747  133.589279   8.226328  2.524695  113.685333
228  -0.470066  27.717894   24.499495  0.226272  4.846769       5.957451   1394.306274  223.694824  10.884929  3.194979  184.050201
229  -9.162387  35.266857   45.601620  0.295338  2.967740       5.067761   1040.488892  118.701324   5.557126  2.122971  330.790192
230  -6.145176  10.446043   14.516478  0.285384  3.214874       5.491015   1026.951416  147.382950   8.556312  1.475667  248.252197
231  -6.903545  17.714283   21.279312  0.248146  2.865676       6.577656    959.685913  152.679413   8.368472  2.278852  162.209488
232 -16.449955  -3.351100    7.304090  0.315688  2.186409       6.511623   1219.505249  128.643280   6.797523  2.557888  165.129135
233 -23.528650  32.620876   80.002411  0.245633  2.467568       7.555046   1164.101685  101.941772   7.836026  2.556535  162.007004
234 -12.674519  21.220299  359.426147  0.216805  4.521404       6.897853    872.272095  235.373962   7.984610  1.960898  186.410614
235 -12.084793  35.180561   72.047272  0.276063  1.768644       6.842423    800.589722  108.059937   9.528451  1.236293  185.892929
236  -1.233064  33.915176   36.048328  0.242492  2.291762       8.338881    821.418640  120.909843  12.776599  3.989046  133.156296
237 -14.576305  46.484646   61.495304  0.277859  3.796660       7.795358    945.415283  183.180954   8.309107  3.432853  288.668396
238 -18.769405  45.353462   57.443054  0.260439  3.003012       7.294711   1139.180542  122.946251   9.203493  2.830342   61.802292
239 -17.267130   0.250599   22.143089  0.317504  3.501994       6.506840    859.851135  182.468384  11.895865  0.864138  235.640945
240  -8.465648  19.985601    8.895680  0.202082  4.875020       5.922545   1329.339722  151.074753   9.195203  3.006163  150.271072
241 -23.413210  37.196316   72.013298  0.216884  3.075158       6.682986   1119.927246  248.939743   8.889658  3.945628  164.307526
242 -31.487532  39.123390   74.406715  0.335560  1.782349       6.017863   1357.587158   58.624863   7.057702  3.199582  175.461502
243 -13.028961  36.189369   58.896481  0.320147  2.017979       5.475380   1053.182251   73.804016   8.634521  1.141778  102.120628
244  -3.142309  30.592651   35.754696  0.265398  3.037839       5.750571    976.758911  117.498650  11.723901  1.788285  147.662048
245  -5.260085  33.459282   36.731647  0.268520  4.560752       6.699230    890.769348  191.760559   9.032958  1.836985  141.109207
246 -19.846239  24.608572   72.568367  0.224658  1.775190       5.084921   1054.385742   92.482300   8.548221  1.816061  119.164276
247 -19.701958  31.905731   56.295479  0.253354  3.810906       5.305519   1480.783081  101.866501   7.724340  3.515239  145.279083
248  -5.466425  11.293901   10.500850  0.267900  3.243701       5.717494    763.995483  163.750854   9.187865  1.282697  441.902191
249  -6.183764  45.771828   38.069805  0.216341  3.305138       6.548073   1032.600708  214.415482   9.010853  3.546968  136.642761
250 -34.675648  45.769653   74.114601  0.328274  2.173043       6.648048    730.965027   99.922287   7.564809  1.438771  207.355820
251 -23.853191  42.879711   44.355515  0.239232  4.011086       6.184754    818.072998  204.372833   6.701629  3.331603   58.371002
252 -17.228804  21.991205   49.304375  0.342301  3.738309       5.345516    712.329834  151.740753   7.344653  3.327664  254.694031
253 -17.657784  39.951881   75.334473  0.309622  1.577917      10.024737   1182.928345  112.680054   9.339131  2.161196  171.847961
254  -4.539810  16.242918   34.588573  0.237186  4.852097       5.603092    991.728943  197.993973   8.935970  3.298216  232.005630
255  -8.500959  26.992195  359.124603  0.277006  2.641855       6.588385    955.121338   62.557659   8.773592  2.957710  162.889923
256  -3.493738  35.013027   27.299606  0.315647  2.266747       5.710262   1370.279297  118.742264   8.286532  2.769046   78.120453
257 -11.256466  30.735294   70.314796  0.306647  1.728119       6.184523   1520.718262  102.582069   9.273920  3.703099  250.847458
258 -43.921238  42.745800   88.018486  0.269112  2.677149       8.017873    894.929565  114.270027   6.765156  2.666663  176.776291
259  -9.566842  13.049921  344.255280  0.310142  4.055364       5.889366   1387.818237  205.234558  10.420548  2.607326  288.622131
260  -7.462082  39.415459   52.117107  0.229840  2.162869       6.587476    859.779602  177.831848   8.864347  1.250010   71.065498
261 -23.422237  40.133793   60.686172  0.252719  3.562262       5.604636   1446.806519  212.191025   9.874553  3.297742   50.027424
262  -8.388114  15.522611   18.413786  0.232679  3.244100       6.088052    917.476562  198.620834   7.169447  2.125913  211.164108
263  -8.560780  33.644505   13.204090  0.215724  4.976672       5.505421   1124.801758  172.380371   5.181257  3.047069  106.788292
264 -30.396358  28.022518   78.936394  0.283221  2.074572       5.827441   1463.218140   53.651196   7.807235  3.477173  186.184509
265 -20.304478  15.729875  359.586243  0.231631  3.253063       6.142598   1417.001343  242.966110  10.298644  3.719138  308.989380
266  -0.208429  25.968058   16.343691  0.214894  3.317786       5.808643    997.336121  193.880325  13.087619  2.603139  180.776978
267  -6.953593  34.252209   16.558920  0.229226  3.874966       5.442692    894.135681  194.602783   8.736845  1.586392  160.590332
268  -5.735690   6.503835   23.306728  0.222274  2.861499       6.246313   1265.053833  242.279663  11.498692  3.757038  223.018372
269 -22.819662   5.227302   34.439060  0.306869  4.430543       5.165691    826.002625  166.822098   8.001354  2.739251  350.679810
270 -40.898830  16.999016   84.144936  0.322018  1.441437       5.113712   1391.260986   37.019497   8.280267  3.149657  213.981720
271 -22.483116  10.210386   29.785301  0.258483  3.441157       8.206366    773.908752  228.584747  10.094411  3.044624  142.165176
272  -5.626543  18.269176   34.407715  0.324747  3.815313       5.594813   1061.244385  134.543518  11.420503  3.144039  330.505310
273 -32.618156  -5.430786   18.745781  0.294459  4.259672       7.823184    971.865723  234.658920   8.955699  0.773626   56.147232
274  -7.605413  -3.654841  356.907318  0.286218  1.728953       6.732317    989.392517  172.058411  11.575000  2.908157  221.963074
275 -19.510550  39.703865   65.689789  0.263104  2.227907       8.247196   1336.380493  197.313934  11.370310  3.411380  160.256729
276 -32.728939   1.271100  355.631134  0.253949  2.161241       6.587832   1229.690308  163.512665   6.649776  2.861996  327.626709
277 -21.240517  49.095829   54.055706  0.333313  2.684299       6.203304   1549.039673  121.599983   7.945482  3.721113  155.475937
278 -20.025183  27.513165   14.949407  0.263758  4.024493       7.709729    862.194153  184.166977   7.983958  3.348635  142.657410
279  -0.557257  25.666775   50.324707  0.224521  3.636838       5.733250   1129.791504  205.760727   9.986580  1.969335   73.722206
280  -7.613276  46.535408   34.066345  0.282780  3.682906       5.248412   1296.832764  168.959259   8.724934  3.122589   88.173889
281  -2.120399  21.037939   26.892691  0.207839  4.088605       8.217456    865.032288  170.318268  10.259939  3.216555  127.476028
282  -1.514283  31.134434   30.115726  0.328188  2.118448       6.237751   1020.348022  150.492722   8.672309  3.311550  195.775024
283 -11.739280  20.754692    2.275090  0.260934  2.657065       6.692717   1267.469849  205.199142  10.266089  2.753148  144.468628
284 -22.887489   4.627830   38.099651  0.209413  3.024207       7.608905    728.081421   83.806648   6.664860  2.609890  177.205780
285  -2.477877   5.608985   25.671356  0.220667  2.790240       6.472515   1052.666260  214.509628  12.561588  2.822699  260.768311
286  -9.552644  43.471962   55.942493  0.283428  4.147936       6.984928   1656.143433  225.634705   8.067896  3.193475  115.631454
287 -13.153316  30.783672   62.061737  0.315795  1.158917       6.539568   1694.134644   79.806816  10.722958  3.726750  280.002167
288  -3.607047  24.354435   24.906172  0.333998  2.731380       6.605825   1100.479126  122.628181  11.424189  2.035134   85.937531
289 -29.802219  25.213402   71.978943  0.287429  4.208313       5.650671   1213.758179   94.654900   9.000685  3.219168  155.983673
290 -13.385998  41.581734   58.585407  0.227678  3.583982       6.311553   1504.742188  205.471420  11.268486  2.932637  134.394379
291  -9.286949  35.344727   24.011091  0.252497  3.550538       5.547789    900.349426  205.406982   6.039719  3.055066  192.220047
292  -3.931550   0.279365   11.786003  0.304894  4.275841       6.162762    705.717285  217.864380  11.746253  3.943538  344.140747
293  -2.481408  16.718554   38.243038  0.238233  1.923499       5.422431   1320.945923  104.547737  12.357286  3.895864  240.422165
294  -9.373220  35.056355   52.866344  0.276803  2.907646       7.246445   1215.623169  117.632812   8.822412  3.381199   91.912163
295  -0.191471  27.985876   19.274931  0.269611  3.956648       5.417707   1143.997192  177.034561   7.378127  3.550453  142.976990
296  -2.491410  32.587318   36.311695  0.213653  3.304154       7.879679    862.844666  192.851913  13.228160  3.208579  100.347809
297 -22.042871  12.921950   45.402279  0.299112  3.666611       5.002118   1324.680542  221.977112   9.551600  3.298389  172.244324
298  -8.016936  31.947159   37.293510  0.283368  2.981463       5.522129    831.232544  129.001572   7.401694  3.263355  203.582520
299 -14.181293  11.970364    2.768594  0.311329  2.245165       5.980084    940.452942  243.525314  10.973829  3.893111  437.652466
300  -2.962067  34.251442   50.437111  0.325113  2.478496       7.860011   1759.031738  160.213074  14.028272  3.448848   85.065544
301 -51.326839  43.027996   86.825264  0.243190  3.912220       6.374656   1342.423096  183.766342   6.077135  3.570310   60.635124
302  -7.085384  20.279072   25.239738  0.273466  2.608790       7.420514    732.784668  162.313919   9.358604  3.998695  143.686127
303  -8.287390  39.862698   33.016499  0.280133  4.454732       5.359535    844.098267  233.915405   8.108673  2.899331  129.078690
304  -8.413536  46.653767   54.309002  0.279660  1.922328       7.652145   1002.964417  105.952477  10.180293  2.682475  272.279816
305  -7.090763  21.042894   18.603207  0.287829  2.667975       5.605196   1068.238403  145.593307   9.757884  2.957939  267.306152
306  -5.996325  26.591730    4.833054  0.283103  4.415983       5.601636    858.875488  207.369141   9.309912  1.981806  183.137314
307 -12.054083  43.588772   41.549744  0.333667  4.608628       5.366660    842.219604  241.757843   9.591892  3.369833  201.621704
308  -1.226868  31.656414   31.772305  0.224365  4.879976       6.139869    815.455444   98.560249   8.767302  2.545090  280.842224
309 -18.365719  -1.636691   25.117867  0.327446  2.784038       7.513096    743.209412  150.500137   5.655262  1.732259  328.188660
310  -8.804482  26.112968   42.878563  0.334394  3.306861       5.692100    754.968994  121.488045   9.668145  3.964578  293.020996
311  -2.015682  10.347486   20.762798  0.267147  2.981757       5.283259    924.234985  150.020355   9.708661  1.731315  239.761841
312  -6.673751  30.361229   43.002186  0.272168  3.656174       7.074787   1083.083130  148.606598   9.106999  2.035211   82.491997
313 -39.414379  42.889549   80.124084  0.341376  2.092267       6.650589    989.269470  201.804962  10.879801  2.846246  212.720230
314  -0.356651  28.330616   16.788673  0.287404  3.618991       6.159846   1017.677246  107.919357   9.496599  2.503262  218.374298
315 -11.258753  44.118305   47.345566  0.339669  3.270859       5.170761   1354.880493  141.641754   8.073769  2.109497  138.497009
316  -2.957667  17.982981   14.555880  0.274249  3.116786       5.675907   1531.146606  223.147949   9.678517  2.835523   87.558647
317 -12.519240 -11.215227   16.918856  0.308170  2.210800       5.768832   1525.546143  128.118134   8.646236  2.931179  191.602432
318 -13.114530  36.153034   53.627029  0.247460  3.451453       6.409240   1579.500488  175.445145   8.643069  3.851784  168.823944
319 -40.376675  -5.230081   12.309112  0.323774  3.465856       6.649976   1271.726440  180.955017   6.305162  1.447468  404.801208
320 -21.265671  38.249596   62.549431  0.220444  2.105703       8.445766   1012.008667  102.306274   7.876104  3.255924  122.633430
321  -0.860352  18.720285    8.151597  0.268639  3.352539       6.289426    777.999512  239.622421   9.667620  1.597577  217.044510
322  -9.370182  21.787020   51.834724  0.279198  2.759309       6.305345    794.479126  108.359543  11.245079  3.154814  208.932449
323  -1.780550  24.186623    5.323353  0.325311  3.160165       6.378018    980.985962  194.196930  10.346503  1.673484   90.603020
324  -5.302244  28.690792   31.947857  0.223057  4.495990       6.109612   1140.952515  172.106461   9.618840  2.788234  161.916718
325 -14.864875  26.821917   13.634052  0.278519  2.930650       6.062225   1051.100708  169.570816   8.147905  2.128266  206.703033
326  -3.088878   9.341457   36.985794  0.279589  2.713540       6.541424    748.734131  121.050140  11.935279  2.575917  307.698700
327  -0.811413  32.850357   25.759983  0.236225  3.468817       5.403057   1891.858765  210.331894  12.745156  2.807313   53.507732
328 -10.581779  39.837063   37.458340  0.345410  3.727067       5.317445   1285.014160  223.355743   9.208765  3.746534  217.629547
329  -9.116794  26.939699   37.680614  0.224382  3.772776       5.206178    913.174744  198.010651   7.033135  2.039912  144.427017
330 -12.217713  33.427933   19.437332  0.276991  3.963632       5.434880    809.300293  223.469360   7.975621  3.940830  187.357666
331  -3.648105  35.500267   35.920704  0.204099  4.647213       6.296682   1620.987793  217.843475   8.141129  3.831451  122.314697
332 -10.051362  39.345196   55.261063  0.325777  1.143789       8.718066    721.637451  111.638817  12.845022  1.387632  207.802444
333 -27.376070  37.024433   84.507729  0.246261  2.198339       8.803639    742.000427  121.114883   6.103683  3.368860  251.101242
334  -1.970375  24.797102   54.547817  0.254610  3.346422       7.507463    845.279541  139.051712   9.676136  1.903797   88.124275
335  -4.847737  31.043808   54.366753  0.313081  2.874228       5.371812    960.465393   99.985451   9.514803  0.950185  202.375443
336  -8.800643  36.125797   51.142769  0.307967  2.906842       6.499776   1278.406250  195.095047  10.801684  3.375367  147.574982
337 -18.084988  44.362041   56.741932  0.231567  2.440628       6.673524   1260.135010  125.267349   9.902707  2.759539  134.574753
338 -22.029034  48.427612   60.584198  0.330445  3.528675       6.512659   1530.197632  202.443924   9.169121  3.811165  130.881989
339  -5.651942  42.006020   39.461651  0.284535  3.166880       6.734350    918.393921  217.459671   9.445251  3.882272  228.763229
340 -13.073839  11.841927  352.604218  0.242651  1.791225       6.379590   1675.928101  104.523170   6.507981  2.473861  106.637619
341 -17.807379   3.129967   35.132637  0.264830  2.715509       5.558902    925.187256   72.929626   6.693570  2.410027  331.523468
342 -10.612768  14.200809   12.355150  0.286577  2.722116       6.044655    895.109985  102.696320   7.530779  2.128901  209.720398
343 -52.152615  31.466925   93.175194  0.322068  1.781851       7.200342   1489.116821  237.668915  14.939643  2.664473   85.414276
344  -7.464820  43.719452   46.782913  0.338753  2.788446       8.889970    710.327026  114.737183   7.014648  3.038455  206.014450
345 -33.788239  35.934116   88.177948  0.266096  1.960506       8.270077   1337.665894  115.243164  12.431830  3.618191  151.171310
346 -11.398515  20.060652   16.794977  0.251533  3.183793       5.811232   1380.924805  202.427094  10.784820  3.450019  181.289642
347  -4.495188  34.311089   44.402523  0.246989  2.756306       5.957272   1119.850830  170.576019  14.215927  2.153666   99.605415
348 -19.807499  34.097553   50.797127  0.301938  2.827277       5.086239    894.470764  134.725677   6.168523  2.353038  128.877701
349  -9.315190  19.502384   23.730051  0.331320  4.119089       6.594031    829.279846  218.007950  11.163408  1.928715  226.357437
350 -10.150017  11.351942   18.264679  0.241149  3.271450       5.561807    906.936584  142.991257   8.648939  0.904737  122.603798
351  -4.786502  44.099537   51.348080  0.324764  2.172968       6.918624   1532.421753  110.191711   8.599122  2.323682  110.340744
352 -16.385712  12.201358   26.538183  0.326601  3.306459       6.070933   1130.818115  214.375122   6.868064  2.222240  244.463440
353 -11.190541  33.748024   37.004692  0.316137  2.439440       6.503722    917.400208  125.398972  10.707894  3.449850  195.563736
354  -8.762243  24.183826   66.223831  0.307971  1.388666       6.136030   1590.545044   44.192463  10.549889  2.096164   86.094818
355 -32.529926  42.929764   72.724640  0.339065  2.762020       5.989401   1617.689331  217.226562   9.654737  3.328907  121.043236
356  -3.639610  39.159336   42.075436  0.272429  4.958417       7.931541    770.582886  234.573486   9.577113  3.183731  192.527390
357 -15.696080  18.045412    1.144835  0.333157  2.873805       5.942739   1429.171997  126.208412   5.429516  1.862362   78.165695
358 -21.447809  43.091480   71.522995  0.297649  2.210141       6.646267   1226.137207  133.987701  10.946021  1.552961  129.300720
359 -19.958595  29.632429   47.065865  0.230568  2.231301       5.690516   1724.361816   56.315292   9.080928  3.297776  115.719589
360 -17.728333  25.208189   41.698296  0.266098  3.538445       5.247255    878.140808  167.353195   8.575988  2.690810  357.523193
361 -19.866976  43.139954   52.906921  0.283890  4.309396       6.685169   1035.495972  237.962692  11.773867  3.526752   58.586124
362 -37.573215  34.441917   86.681778  0.247397  2.004947       8.289973   1672.916016  126.180168   9.812992  3.597112   79.190521
363 -24.922812  30.274593   56.354877  0.310777  2.489616       6.491874    814.150513   68.653725   5.831499  2.578776  249.399399
364  -7.260130  30.283735    4.263022  0.225996  3.811894       5.441033   1069.946899  223.117630   6.112359  2.765859  182.270599
365  -8.939852  37.211689   40.187176  0.240491  3.366099       5.399158   1125.159058  123.525452   7.100568  1.737240  149.002014
366 -11.593472  22.634121   32.488995  0.330978  3.415180       5.222657   1073.940430  134.704346   9.147541  2.910395  234.655380
367 -23.662106  45.955872   66.407318  0.329614  2.073460       5.036119   1453.912354   56.891693   7.039133  2.274246  212.445404
368  -6.153810  39.302971   47.004711  0.205825  3.943729       6.097289   1108.966187  208.812668   8.069611  3.518619  199.179062
369  -7.491045  14.680431   18.466526  0.245818  3.774830       7.007359   1071.258789  244.987274  12.173889  1.952963   87.551666
370  -0.015064   1.536183    6.459181  0.267954  1.273556       5.259270   1078.281128  180.817642  11.936829  3.372372  201.965561
371 -28.245415  44.160503   63.607655  0.256217  2.415947       5.318490   1075.893677   89.461990   6.975054  2.645822  160.081451
372 -20.331751  22.111506   48.810169  0.233425  2.871432       7.268581   1058.509155   98.360466   9.307516  3.724374   87.626411
373 -18.007195  23.698355   24.909090  0.224684  3.730471       6.637938   1240.743042  185.686569  10.138974  3.252286   56.158432
374  -2.882542  10.831430   19.216684  0.293325  1.748286       5.338033    862.760742   98.440987  12.487130  2.210761  352.085175
375  -6.776557  35.074905   25.846447  0.347711  3.293044       5.451065    728.633545  108.170227   6.988231  3.050132  283.681000
376  -6.723468  29.645802   55.168095  0.214027  2.550752       5.877377   1401.394409  116.256256   7.352340  3.819152  207.550232
377 -26.122875  35.702404   76.463860  0.318789  3.020440       5.109983   1698.804321  186.382797   7.207115  3.818228  187.001755
378 -39.121780  16.118065  104.929146  0.326963  1.405302       6.410636   1034.886475   32.905113   6.645977  3.381625  366.476776
379 -12.364924  21.006483   56.358734  0.205890  4.060968       5.278655    769.467957  144.383530   8.683751  2.477766  256.488708
380 -11.715731  19.828970   13.930714  0.311717  3.940723       5.546196   1203.074951  246.087753   9.033366  2.186909  200.212280
381 -20.228951  48.957050   54.376728  0.328120  2.603309       6.003711   1230.360962  122.991653   7.133939  2.433702  119.557793
382 -17.653883  32.070568    2.863916  0.240620  3.942801       5.296669    919.845398  146.118820   5.749582  2.119109  230.066940
383 -18.374773  -1.307228    5.500422  0.260691  1.726472       7.256969   1025.970825  236.199936  11.001255  1.878870  216.640747
384  -5.228071  44.610970   45.211025  0.284651  2.590430       8.534639   1264.736572  150.829025  12.134308  3.735802  140.980316
385  -8.376653  25.189518   19.333176  0.210138  4.030879       5.203325    927.381531  110.143761   8.985908  2.026809  114.590225
386 -11.581598  39.699799   40.207600  0.287866  4.943594       5.466980    884.552490  239.630600   9.791031  2.313312  154.486557
387  -8.885171  33.008137    9.990988  0.316802  3.254310       5.766283    721.127380  146.364029   6.494903  3.815439  471.846405
388  -5.014856  20.368593  347.082428  0.242310  2.554702       5.160861   1576.910889  240.970245   9.722169  2.173653  166.216034
389 -10.510258   8.106923   28.539083  0.259291  3.544592       6.411911    745.676392  182.337906  10.599240  2.803431  298.872101
390 -16.193104  26.621384   38.992241  0.258559  4.642285       5.598903    852.640442  169.778320   8.183463  2.883523  185.977798
391  -3.698919  12.277727   28.539728  0.254376  4.210693       5.875929   1237.657471  236.654678   9.031311  3.524330  344.934662
392  -4.399322  25.311451   50.652962  0.279224  2.183299       7.022922    748.044067   63.663425   7.128052  0.954589  183.491592
393  -8.524227  41.190300   46.980900  0.332374  3.855272       5.908770   1451.304443  185.728348   6.403878  3.256075  228.313034
394  -0.183731  13.869451   15.958874  0.234048  2.768854       5.351896    988.546631  191.901978   7.572430  3.923068  315.162262
395 -11.242707  31.598011   41.831055  0.298446  3.430301       5.601918   1660.434204  155.783188   7.672787  3.971398  157.743774
396 -28.142475   1.495009   13.667925  0.275559  4.942446       7.432908    708.262329  225.460983   9.407800  0.922024  138.655060
397 -16.758924  12.980151   21.805693  0.257005  3.597811       5.571380   1467.412842  244.217453  11.305171  3.628831  209.128418
398  -1.975088  26.087641   17.894667  0.203924  3.710057       7.319608    806.671692  212.393707  10.743228  3.004477  214.737488
399 -18.700718  -5.869079   13.000354  0.284179  3.302487       6.689842   1539.832886  137.003265   8.631186  2.212238  123.680084
400 -10.469688  35.971519   41.580700  0.322759  2.812289       5.982959    986.984985   96.343307   7.131152  3.219535  212.210541
401 -12.923800  31.478518   43.524750  0.277516  4.866958       6.352146    858.157104  216.601257   9.959854  3.684705  301.080658
402 -21.252983  35.396164   53.631622  0.230243  4.399634       6.039368    823.088623  217.700256  10.671205  3.910297  153.331421
403 -17.069954  33.623379   44.426140  0.237624  3.397665       5.207040   1086.658691  108.457451   9.865032  2.556423  111.134338
404  -5.175701  32.132030   19.082472  0.244367  3.975026       5.739655   1271.005371  143.156052  10.670046  3.822558  209.939346
405 -38.112019  31.340973   86.866020  0.248535  2.151728       6.416086   1522.240601  195.226532   9.074571  2.728055   72.720833
406 -15.923244  36.290134   55.947144  0.309990  2.581528       5.483709   1289.121460  226.639435  10.164535  3.336091  284.391907
407 -10.537174  13.562366   21.055008  0.310217  3.011694       5.452128   1241.590820  207.164749   9.792887  3.244144  203.472687
408  -1.570500  20.209249  352.490387  0.297131  3.769574       6.959063    950.219482  236.828918  12.161146  3.029470  169.070709
409 -14.285830  12.692440    3.604731  0.246421  2.359343       5.586727    958.363403  186.010727  11.360704  2.569615  343.727173
410  -8.196946  39.968605   40.244587  0.269337  4.228908       6.388664    885.209473  237.682281  10.327133  2.729993  100.770950
411 -19.543703  35.982140   52.373432  0.239616  2.860573       6.974085    739.829224  124.968460   8.936615  3.798190  186.220840
412 -21.802485  46.053841   52.581673  0.217568  3.177580       5.513382   1567.623535  152.888687   6.299462  3.619013   52.055103
413  -9.574318  20.926237   28.047714  0.258277  3.770840       6.124362   1011.254150  235.977081  11.721229  2.918115  174.302246
414  -7.645404  35.830376   47.342194  0.301201  2.421895       5.319434   1032.730225   86.549469   7.372753  3.450156  318.279602
415 -25.768461  27.209782   39.848892  0.210534  3.856545       5.495101    729.846863   63.680611   5.721038  1.817575   91.458168
416 -17.656448  39.866783   51.514683  0.237255  2.912292       6.884494   1133.715088  106.641975   8.174909  3.879726  194.785339
417  -6.596315  25.586191   63.903873  0.214838  2.342129       5.293426   1016.270142  124.305824   9.376945  2.333349  255.805099
418  -2.061341  22.872297   48.998077  0.251088  2.452096       7.397772   1271.712158   87.037659   6.702358  2.878216  168.281769
419  -0.525510  26.727346   50.716774  0.241713  1.534944       5.728176   1531.522705   71.431160  10.433553  3.545478  249.967819
420 -47.536842  41.858231   88.468414  0.260133  2.619914       6.271661   1497.431519  142.357468   5.257534  3.616910  136.227386
421  -4.716119  38.481678   41.457954  0.212725  4.493101       7.068276    881.460754  171.400620   7.468393  2.553532  144.940353
422  -5.105219  26.560709   16.081934  0.227806  2.635222       6.784103   1130.479614   91.692619   9.359966  2.717017   98.281639
423 -17.788517  36.114376   59.476425  0.323712  3.250645       5.175117    918.896545  114.497635   6.505346  3.061358  252.459793
424  -6.245466   6.202691    0.911075  0.229953  4.129422       6.140627    837.287537  201.623276  10.548627  2.682701  347.637390
425  -3.766499  43.698746   50.799603  0.249408  2.492652       5.229194   1083.899536  171.850342   9.405160  1.042789   55.981400
426  -2.904161  32.545284   25.640768  0.304593  4.550492       6.381908   1277.242065  226.091431   8.643958  3.629152  124.793190
427 -14.634840  34.626579   52.898838  0.291997  3.909985       5.417783    760.422607  203.745850  10.318276  2.481371  220.489182
428 -26.118473  49.119648   68.362137  0.304283  2.282646       8.024231   1289.911743  181.579300  11.767886  3.474051  164.301605
429 -17.526684  13.757153   44.550438  0.269043  4.193224       5.373739    911.967896  215.497559   9.850142  1.795850  109.926826
430  -7.564074  12.733466   29.859047  0.314478  4.084897       7.815306    758.750671  102.720154   8.454508  1.464239  155.055206
431  -6.677360  46.071312   48.489326  0.345026  1.815256       6.611075   1588.147461  113.313126  11.589262  2.579644  200.042221
432  -2.756225  31.288988   40.232773  0.280039  3.053217       5.185373   1384.158936  179.691193  10.556129  3.300492  198.850372
433 -38.019283  23.455404   83.428436  0.318903  1.880999       5.622770   1902.388672   34.436764   6.991415  2.845748  103.385017
434 -14.549818  34.776241   40.564552  0.323379  3.044765       5.834212    777.678467  107.066597   8.842700  1.714529   73.692215
435 -10.451610  18.731342    4.882562  0.246977  3.852302       6.505194    879.832092  162.268158  10.497854  3.211106  265.217957
436  -6.393636   4.391262  350.821106  0.263274  1.017990       7.347459   1254.933716  241.302765  14.053765  3.086638  184.612427
437  -4.250419  43.182941   43.881901  0.294376  3.024649       7.871193   1109.341797  244.842926  10.116275  3.635336   91.097435
438 -17.199373  15.930050   18.588953  0.254308  2.442974       5.291378   1669.090820  118.437912  10.391446  3.425512  169.139465
439 -15.787445  16.119726   32.309528  0.251569  3.575333       5.375095   1564.743164  191.219131   8.806211  3.764578  170.871628
440  -7.923279  -6.976246    9.838379  0.267167  2.806448       5.092885   1729.760010  247.016922   9.947778  3.132124  277.311798
441  -9.261388  17.049765   33.431313  0.301493  4.565708       7.025126    806.566467  160.573837  10.080423  3.295439  228.192703
442 -21.038921  10.611406   35.568157  0.255183  4.840284       6.255546    943.248230  192.243973   8.318191  2.779660  166.907104
443  -7.708055  34.222282   65.553696  0.344803  1.653291       9.793222    787.660645  106.469658  13.727176  1.452221  178.587357
444 -10.397131  38.612953   72.920166  0.238413  1.627921       7.888604   1128.182983  156.084610  14.010790  2.506088  183.635849
445  -2.270346  39.550064   35.449333  0.237340  2.417527       7.916659   1182.701660  170.554596  10.155602  3.994286  169.665680
446 -13.547598  32.980583   41.384289  0.248676  4.207716       7.126269    777.084534  190.347458   7.625012  2.622971  139.545959
447 -21.332060 -22.511106   41.118877  0.286957  3.629575       6.140884   1203.994385  215.638031   8.615275  3.718641  324.520721
448  -2.904673   1.269720   35.574940  0.290862  4.565151       6.634085   1236.719116   87.860054   9.696187  3.142508  230.367828
449 -22.130920  42.444996   67.704269  0.308548  2.270274       9.141893    758.136902  161.494461  10.657199  2.029443  201.506409
450  -3.845385  29.283165   56.400105  0.240879  1.375363       6.845429    975.388489   81.479767   9.494432  2.695110  210.954498
451 -26.695452  36.112488   67.716034  0.301499  3.614943       6.111071    933.978760  126.237839   9.628374  2.705654  210.513962
452 -26.358389  49.206974   65.741272  0.339230  3.252455       6.198233   1237.163452  154.436234   6.777400  3.592690  260.476349
453  -2.764976  33.889790   25.216803  0.230309  3.925536       6.441209    804.259460  232.600433   9.596120  2.673954  127.242554
454 -12.086227  15.040829  349.507965  0.330014  2.380960       6.694803    839.320801  237.619461   8.284114  2.421676  352.944214
455 -10.869659  28.343136   24.186119  0.205366  2.963982       5.134102   1557.274048  161.471146   7.572854  3.364621  173.991364
456 -17.948114  -1.297267   12.727396  0.303214  3.187737       6.211926    830.384644  184.770721   9.022517  3.152256  292.464325
457 -17.642027  49.198048   61.920933  0.297523  3.077277       8.892180    853.150024  199.592682   8.530392  2.309111  107.869827
458 -11.877441   4.723979   21.839806  0.244651  2.228360       5.994644    937.155151  233.303421   8.912670  1.831278  299.963104
459 -15.120584  49.846478   62.668919  0.348020  2.213222      10.540478    716.376221  151.163803   9.223583  3.607154  218.450790
460  -7.024225  -4.970738    0.084537  0.339101  2.583719       5.103401   1001.922974  151.443680  10.103728  3.193115  438.737274
461  -3.255806  25.370193   17.017382  0.280833  3.518729       5.562583    771.420410  203.085709   8.807123  3.796492  309.668671
462 -13.383705  31.745447   51.599274  0.294970  2.560774       6.242563   1105.303589  113.941360   7.078108  2.450878  125.004723
463 -15.145017  35.113544   59.263058  0.281425  3.775287       7.405990    938.759766  125.486275   9.775413  3.532650  181.677704
464 -15.796234  16.991840   17.151747  0.310531  4.145279       5.983703   1349.419067  174.508026  10.483106  2.375430  125.797699
465  -1.216811   9.788607   12.183908  0.262531  3.837473       6.322410   1031.750732  219.200394  10.482666  1.737873  194.884933
466  -1.823954  21.351330   36.170906  0.230438  3.033934       5.742903   1541.619629  109.062279  10.609485  3.557908  177.873398
467  -2.926150  13.241534   37.034752  0.260042  2.365801       5.381911    990.918701  117.659760  10.364332  2.229298  316.736725
468  -5.200194  46.616619   37.083469  0.286824  3.035619       6.886619   1357.821777  179.356461  10.877127  3.263761   94.598709
469 -17.376879  -7.913412   36.502556  0.262357  4.626912       6.961577    753.173401  208.128784  11.932052  3.668548  344.468933
470 -10.456054  12.576223    8.031351  0.314515  3.333149       5.931205    808.946411  144.900879   9.530065  0.606367  123.424072
471 -11.296715  38.525703   40.055714  0.243920  3.289463       6.007671    881.355042  179.803085  10.101845  1.450637   73.624237
472  -3.545598  17.300993   31.121702  0.247807  2.088712       5.481485   1402.129639  100.427872  11.853002  2.913146  153.573029
473 -23.564024 -10.949497   12.169921  0.323715  2.509812       6.005147   1218.703003  206.071686   9.715168  2.411939  199.248856
474  -7.596238  32.568756   25.018476  0.339181  3.967457       6.276276    807.346252  182.685257   7.601656  3.891801  285.502808
475  -3.492014  21.872713   23.576317  0.340645  2.718285       5.561112    789.748230  212.733566   8.641137  3.290374  506.638672
476 -37.244320  41.990803   90.241722  0.337272  1.761719       6.553979   1381.523682  129.736862  10.176698  1.132349   58.263805
477  -4.144729  25.672400  339.810059  0.349829  3.052396       5.304962   1253.861572  203.694626   8.009087  3.222658  349.234924
478  -9.850383  12.884406   17.417946  0.317446  3.014074       5.018885   1141.378784  228.185562  12.287449  2.501884  216.764664
479 -12.694755  28.120230   53.681686  0.217977  2.979634       8.137574    711.993164  197.206970   8.567883  3.162754  142.769043
480 -20.664961  37.308968   51.755375  0.341293  2.588987       5.911367   1139.264404  116.412758   9.403593  3.885851  169.546844
481 -10.474075  42.106808   43.371284  0.297886  4.487427       5.836303   1108.833496  216.633286   7.941136  1.774069   52.929455
482  -3.110833  37.907318   37.833858  0.264484  3.090296       5.884418   1954.295898  136.676941   6.021291  3.204787   77.674294
483 -28.430630  27.044003   74.100815  0.255979  2.745183       5.006375   1602.578613  189.783585  11.718702  3.115776   96.893982
484 -16.184072  15.934621   14.514153  0.248144  3.363269       8.190989   1003.883789  212.457443   9.997991  3.514630   84.681923
485 -19.545860  46.268700   60.017792  0.261596  3.020240       6.668141    900.469238  162.407669   9.012999  2.374054  151.542694
486  -6.457581  23.230995   23.924641  0.321175  2.481167       6.513189    719.689636  115.689590   6.014561  3.317996  271.596375
487 -20.228405  32.494797   57.860645  0.259494  3.462003       5.699627    950.474548   51.125145   7.863698  1.995807  164.219131
488  -6.206238  17.728251   29.269423  0.256279  2.163716       5.935723   1486.945435  110.261894   9.165424  2.815850   51.793701
489  -7.639593  39.036102   45.344196  0.255723  3.814599       5.253941    961.724182  215.648468   9.170679  1.404058   81.828255
490 -13.229798  25.351929   59.161556  0.336678  4.055098       7.502063    723.400024  156.297806  12.463621  3.548781  230.325455
491 -28.067976  28.644817   76.872803  0.330238  3.123256       6.887727   1063.067017  188.504150   9.662625  3.807147  117.221077
492 -22.838243  46.108719   67.187187  0.267591  2.177213       8.729159   1066.634644  144.066772   8.314337  3.950066  225.867630
493 -12.051788  -5.966947   48.539120  0.236891  3.091379       6.426559   1922.782959  130.428101   8.072847  3.725708  112.096985
494 -18.048777 -12.584515   20.368090  0.310672  3.718166       7.642210    977.778137  214.091003  11.358729  2.345995  227.208908
495 -14.970220  31.559372   44.724495  0.297545  3.606511       5.057796    780.412476  161.262604   9.250381  1.161088   57.370060
496  -7.126449  20.901794   28.739454  0.310153  2.929975       5.467646    857.179077  207.708908  10.572253  3.115131  396.005707
497 -14.807606  43.937412   72.415367  0.280731  1.722571       7.557146   1051.441772  158.255295  13.321940  1.149290  134.764694
498  -4.763865  36.537064   34.540321  0.271793  2.508764       6.654490    981.938232  123.074493   8.512889  2.523073   63.270950
499  -5.626595  23.361294    0.132374  0.249753  4.687696       5.064304   1107.641479  226.221085   6.179447  3.587035  249.609283
500 -14.611570  41.145119   48.891006  0.270925  3.574790       5.145185   1398.622559  135.733383   8.933314  3.785736  143.145538
501 -18.265474  28.748657   59.527603  0.259241  4.017805       5.187710   1057.945190  170.745621  10.481431  2.548480  146.817398
502  -3.829181  29.913067   39.016365  0.230859  4.288456       6.074546   1533.812256  213.071640  11.767950  3.339786   54.571507
503  -1.367246   5.022479  351.034882  0.237827  1.914491       7.189042    820.930969  211.095566   9.901467  2.878099  253.686508
504 -38.396198  45.946648   78.054176  0.273541  2.838284       8.245674    807.524353  167.343735   7.582972  1.895337   74.231781
505  -6.798479  13.690567   11.682930  0.200438  4.434488       6.067716    831.128845  218.017715  10.450769  1.074980   71.144890
506  -7.854664  49.319195   58.177383  0.340011  1.844095       9.053540   1057.140991  120.532997  11.961551  3.706104  408.813599
507 -15.019271  46.334301   44.569077  0.300427  2.480900       7.449029    734.885193   68.631622   6.116700  2.051331  172.725815
508  -0.522464  27.801752    2.467559  0.240860  2.912997       6.613780    740.318054  155.867188   7.030259  1.961591  143.985504
509  -6.395280  16.788227  359.534698  0.245220  3.970392       6.410149    820.374390  228.020691  11.583700  2.863191  352.674011
510 -28.347660  36.635529   57.875599  0.213894  2.688756       5.509819   1057.661255  116.179527   9.754587  2.455213   79.872932
511 -10.800999  27.272728   31.863977  0.325395  4.187452       5.021773    840.672363  127.656258   6.217231  1.744842  293.290405