           lon        lat         inc      D1AU     delta  launch radius  launch speed    t factor       B1AU     gamma         vsw
0   -10.427965  15.081871    2.691571  0.311119  3.639889       5.704082   1207.684448  246.619659   8.597128  3.144622  300.456360
1   -16.824961  43.270164   49.502014  0.266628  4.376699       5.419685   1388.592773  209.083618   8.294888  3.794441   70.253792
2   -24.295202  28.964762   63.378685  0.266807  2.325006       6.558970    950.454407   71.493378  11.941438  2.906463  218.981323
3   -14.627751  26.226280   53.535248  0.283159  2.796232       7.966461    729.626587  105.857399  10.181605  3.073773  143.102722
4   -13.989860  11.134005   31.906525  0.238572  4.177600       5.017715    990.054749  224.314651  10.152616  3.537570  274.351257
5   -34.144630  38.724907   76.140091  0.347443  1.965960       7.602223   1583.044556   74.840340   7.506300  3.900568  100.084465
6   -15.868743  35.662014   49.951702  0.261891  2.444213       5.391092    993.917358   54.261372   7.346701  2.591589  154.258850
7    -2.645230  27.900133   25.878832  0.223603  2.336085       6.902990    756.005859  171.967514  13.861008  2.530152  121.386719
8    -9.434072  41.025009   46.564651  0.291097  3.020694       6.045621   1648.782471  112.474365   6.964182  2.593524   62.375919
9    -1.838512  29.557018   42.081455  0.349079  1.372936       7.677245    702.312378   82.766510   9.836177  2.040304  299.576874
10  -30.363638  41.380363   65.191078  0.290852  4.157932       5.656233   1287.930420  179.116028   8.393858  3.436067   76.663033
11   -9.971565   4.892331    8.328612  0.269662  2.372741       5.540970   1257.831055  247.069916  10.438154  3.733207  322.190979
12   -2.370871  30.165304   31.210857  0.222906  4.598727       5.451198   1355.359985  245.846039  10.621065  2.863926  141.299347
13  -28.690308  33.246639   85.835579  0.334319  1.668628       7.181056   1313.273560  152.807526  11.302670  2.335117  110.035149
14  -26.595539  33.279873   62.112011  0.266112  2.494820       5.568230    871.759644  101.299347   9.141709  2.572111  238.165298
15  -15.725454  16.822371    7.005693  0.244659  4.198747       7.699876    776.772217  201.199982   9.376133  3.131607  235.521942
16  -15.362426  39.253170   32.417759  0.268138  4.747445       5.827813   1103.373657  216.152802   9.623890  3.689032  101.483597
17   -1.011531  29.799351   50.594410  0.234538  3.404111       5.946178   1498.835815  201.413666  11.562136  3.832535  216.187622
18   -8.839539  29.654819   38.774284  0.273535  3.528066       5.429849   1222.017456  107.467453   8.618158  3.799216  280.826080
19  -30.547203  40.756718   78.939682  0.344069  3.116025       7.485538   1993.427124  237.310852   9.455070  3.763006  101.726952
20  -15.720763  38.714787   54.035946  0.230072  2.991940       5.461591   1579.760620  164.376846   8.875631  3.021110  126.283646
21   -8.207160  30.914608   39.614178  0.248846  4.997310       5.927448    830.359558  206.181519  12.322147  3.131018  159.813065
22   -4.187644  10.663767    7.782729  0.299241  4.366961       6.689896    927.904175  236.053848  10.978696  1.704856  250.368835
23  -29.636827  43.504360   65.974480  0.321832  2.301079       5.384436   1619.979492   88.099670   7.126302  3.010415   91.239540
24   -8.438349  33.098091   48.328678  0.317683  1.712482       8.102656    758.770325  151.115128  10.560688  2.016154  185.712006
25  -20.287266  47.838139   45.307167  0.247215  4.346218       5.498999    777.274902  163.198227   6.540732  2.963639  183.299744
26  -42.807930  25.361954   88.118515  0.259770  3.017435       6.409978   1016.352539  124.830124   6.440022  3.050443   94.385422
27  -26.125931  32.006363   79.014603  0.284444  3.380076       8.324176    799.142334  211.981659   8.116282  3.731661  107.819603
28  -11.985464  10.545685   21.391953  0.236279  2.518090       5.409481   1466.825806  174.022614  12.475339  3.148450  162.431992
29   -9.662292  28.296551   18.888962  0.249210  3.637169       6.258310    791.342957  160.375092   9.232515  2.905692  300.930206
30  -11.445022  16.650303   28.147755  0.228751  3.836879       5.678509   1217.089233  200.361038   6.790564  2.905365  135.390839
31   -6.943060  40.794342   52.199139  0.299473  2.444715       7.415151   1135.945435  132.878967  12.674238  2.295112   76.730377
32  -12.633179  -4.367842   10.273296  0.227510  1.947428       6.541114   1050.384277  182.391876  11.424666  1.344823  112.271637
33   -2.650035  12.098855   36.738846  0.212548  2.262949       6.272169   1098.850708  143.083115  11.294273  2.503808   76.409630
34   -8.840692  31.954586   51.033897  0.313328  3.139373       5.605896   1867.445557  205.831558  12.732224  3.866004  112.802544
35   -1.922160  41.397114   47.533379  0.280905  1.590864       5.849812   1035.334351   71.243912   8.237745  1.179787  204.406815
36  -34.255775  32.345459   86.252632  0.311192  2.392729       7.187258    966.895508   86.103111   9.082638  3.032765  150.634857
37   -4.253741  36.100010   36.633923  0.283364  2.768444       6.550444   1034.247192  136.473434   9.152496  2.961079  178.774033
38  -37.523819  38.467636   81.369080  0.241942  2.646149       8.203366    812.990967  202.800476   9.867893  3.481490  142.168945
39  -34.260975  44.774551   82.098198  0.333357  2.233014       8.633300    943.474365   98.446747   8.179566  3.162398  256.963898
40   -7.750966  27.388424   30.446236  0.294670  4.252532       5.018777    984.384399  142.840576  11.137672  3.096908  339.657013
41  -16.957186  30.233875   33.737339  0.275134  3.730841       6.560281    938.270325  214.606705   7.906854  3.176774  109.399414
42   -7.678775  35.857334   45.294918  0.281019  2.603489       6.340584    887.823242  119.585381  10.872514  2.423731  212.177048
43   -9.437597  27.721451   50.627007  0.239876  2.681072       5.804252   1099.282837   75.611031   8.055499  3.122516  205.246811
44  -25.169207  -1.269019   20.179539  0.232539  3.530175       6.002758   1170.747192  221.699051   7.483099  1.453942  120.955849
45   -6.934607  16.813334   14.745708  0.282783  3.187513       6.832569    925.572876  211.071838  13.888018  3.905865  311.111359
46   -6.639411  28.898882   36.425289  0.306292  2.561642       6.329447    849.930359  105.619797  10.505655  1.940599  194.184860
47   -3.372852  27.725178   18.421738  0.318261  3.795002       6.645029    715.751953  111.273758   7.705969  3.089538  323.085327
48   -8.649314  32.131695   11.304467  0.248429  3.971741       5.581527    888.834839  244.854279   9.096712  1.983808  180.612122
49  -28.476599  43.109550   64.219269  0.240364  3.733805       5.951945   1206.391235  144.767990   8.911969  3.961291  155.765976
50   -3.336315  48.534882   44.959137  0.238218  2.888311       8.175076   1859.643921  212.376343  10.122196  2.808255   50.563160
51   -9.751568  25.307579   40.294861  0.266932  3.636490       5.366296   1750.231934  143.141739   8.290928  3.765192  119.463242
52   -7.661111  17.769348   16.500927  0.298028  4.356676       5.803239    776.298279  216.335068  12.340159  2.129258  342.549286
53   -0.130347   6.390695  359.638062  0.208013  2.155602       5.325331   1015.421387  212.526535   9.486341  1.720783  203.738266
54   -9.434754  15.217137   14.737809  0.220954  2.823419       6.144255   1121.047607  133.452057  10.244295  2.424140  166.685486
55  -24.081848  44.322044   61.879562  0.344670  2.078115       7.077239    732.422302  205.292923  13.959960  3.250684  255.891998
56  -30.876116  46.916298   73.936424  0.274487  2.681504       6.822519   1559.386597  167.145157   8.328988  3.244903  161.022217
57   -6.745567  39.915966   34.454353  0.294173  3.365106       5.040295   1053.383545  153.364487  10.020056  2.350405  132.174149
58   -3.187339  25.301271    5.587308  0.306501  3.474497       6.076719    965.159851  178.408630  11.474211  2.537563  258.883514
59   -6.636093  33.804070   31.404652  0.267829  3.038890       6.138550    991.416870  111.264359   9.123775  3.722984  314.782166
60   -4.167272  28.617662   15.028383  0.261081  4.522088       7.430509    817.583252  180.362640  10.416831  3.571793  182.923462
61  -12.070286  16.949617   47.807701  0.234229  4.981442       5.884022    779.209351  111.470299  11.246687  1.666215  133.933578
62  -10.152356  43.625175   44.684475  0.235079  3.950987       8.562434    875.629211  248.553574   9.993902  3.859066   93.480614
63   -7.301226  13.474472  346.390747  0.334715  3.532709       5.493137    892.189148  247.084335   9.838844  1.782330  358.218048
64  -43.998039  41.359798   88.102341  0.305203  2.104395       6.678671   1135.801147  225.720169  10.936628  2.616978  144.289536
65   -4.684436  36.588322   37.304722  0.318439  3.335941       5.661090    972.894836  124.488586   7.923202  2.867718  288.515686
66  -32.290443  49.719849   66.748306  0.252768  3.031348       6.753768   1295.201172  126.495415   7.485650  3.289798  102.915314
67   -7.645666  35.959984   36.877327  0.332684  3.358009       5.941742    873.135071  166.413162   8.824956  1.474247  199.015488
68  -10.338762  27.601492   52.149719  0.341652  1.647174       5.374085   1241.361572   60.171253   9.225506  2.759936  392.872131
69   -7.239411   9.949347   27.252943  0.254143  2.215761       5.450851   1432.060181  166.830688  12.737345  3.716822  184.127991
70   -2.554178  34.897594   41.226929  0.315648  2.654127       6.143455   1745.673828  116.232834  13.776937  2.798235   51.877357
71   -2.781945  30.225428   40.268280  0.204119  1.823942       5.318102   1387.890869  106.814156  10.073679  1.959318  111.068802
72   -0.906486  24.280516    1.636292  0.231508  4.407476       5.283545   1361.833008  232.075790  10.986787  2.993251  230.651169
73   -8.415775  27.415003   47.473457  0.216315  2.603544       5.662018   1604.732666  146.137085  10.297442  3.405385   72.299080
74   -4.965241  41.351295   55.618023  0.329400  2.014617       5.547193   1339.873901  136.834015   9.407230  1.743812  116.050568
75  -25.629690  46.511024   61.794323  0.304100  2.835792       5.742872   1378.905640   85.841568   6.089592  3.867657  192.915619
76  -10.841571  38.731972   42.765347  0.259530  3.572247       6.088544   1087.593384  185.011978   9.575662  2.769571   56.665607
77   -2.849452  14.679840  343.086639  0.315573  4.817207       6.704482    901.114624  241.672897   9.807882  1.724166  228.880585
78  -18.559624  34.353062   48.623371  0.245642  3.940150       5.094819   1417.916260  202.862656  10.335062  3.858348   94.643860
79  -13.813199  30.404346   49.035736  0.300511  4.927780       5.453684    729.469604  230.348022   9.919714  2.078178  163.551407
80  -18.396200  41.823509   53.789333  0.309741  3.354639       5.128343   1101.081909  151.867752   9.759422  2.603785  173.214294
81  -27.547035  31.167282   68.583702  0.248206  2.021353       5.740306   1694.351074   87.951187   9.760586  3.093058   89.131622
82  -13.766447  45.291054   54.980595  0.339862  3.659492       6.793255    707.843628  227.573746   9.991786  1.947676  146.118652
83   -2.810873  47.054729   55.889927  0.304634  1.766095      10.175568   1294.417114  237.563156  13.307858  2.054469   92.012886
84  -12.238680  35.684479   40.110386  0.274869  3.348380       6.662859    845.474731  152.580765  10.053686  3.756709  233.113617
85   -6.348372  46.653015   54.416477  0.313676  1.697228      10.086590    920.104004  113.530815  12.823214  1.856475   85.931488
86  -32.669113  48.596245   60.941349  0.339503  4.052182       5.520883    883.601440  152.170029   8.335777  3.396215  142.878754
87   -9.023873  19.972206    7.259121  0.208449  3.993633       5.055557   1769.902832  229.635880  10.253497  2.338146   74.023849
88   -8.963369  28.478580   45.765896  0.248961  2.662847       6.773930    899.724426   87.552589  11.041146  2.058547   87.446983
89   -2.342401  15.187116    7.751106  0.300181  3.482006       6.498849    960.886841  144.914612   7.207617  2.331191  214.267044
90   -9.426085  35.004787   21.647224  0.258905  3.766667       5.125670    854.677124  111.645981   8.216478  3.118316  309.910339
91   -7.459865  35.817440   45.762512  0.322688  1.574299       8.515505    833.977539   76.411949   7.226738  2.067098  172.805710
92  -20.797470  37.556820   56.989723  0.312553  2.750190       6.822181    779.430603  118.022812   8.887153  2.991075  275.699310
93  -12.883385  46.092892   53.607887  0.244746  2.394648       8.175497   1107.445557  196.297775  10.335870  2.739799   68.509781
94   -6.914129  35.875607   14.894141  0.285317  4.490291       5.489240   1056.398193  201.659790   8.213491  2.822152   71.929420
95   -9.412775  31.150385   29.838919  0.237758  3.995615       5.597589    851.724121  134.781754   9.568959  2.782609  192.106461
96  -16.337452  44.777088   51.908028  0.287865  3.147720       8.061447    763.097595   94.202484   9.906102  3.010563  147.501953
97  -30.965956  46.762936   71.485954  0.308419  2.944231       7.749938    864.994385  167.994461   8.966518  3.424030  135.124329
98  -17.369995  48.265427   57.790524  0.291684  2.768943       5.571321   1175.104980  207.593704  10.177786  3.210158  236.251831
99  -47.137535  48.081589   92.507423  0.321123  2.638125       7.397144   1682.285645  229.173416   7.049120  2.290209  144.072174
100 -10.838392  -4.380808   39.296062  0.239118  3.114834       7.229127    987.487244  237.247574  11.490834  3.914271  229.480484
101  -1.785066  31.179964   24.502672  0.273509  3.321987       5.028731   1378.048218  145.877686  10.629347  3.290216  108.173676
102 -11.074793   2.162060   17.160736  0.223502  2.247576       7.860768    771.291870  171.126892  10.852531  2.866707  244.517029
103  -3.829976  21.446428   21.499695  0.294794  2.803258       7.266108   1136.191284  132.370041  11.472624  3.106071  169.141098
104  -0.457168  30.052710   38.550983  0.244795  3.901708       8.790727    714.722595  248.785553  11.172333  3.234205  156.098251
105 -12.805853  37.055618   52.753139  0.322567  2.780811       5.466116   1329.232788  138.692322  12.619113  3.180342  191.444580
106 -17.819609  44.621883   51.794922  0.229635  4.650462       6.853443    862.899292  216.001175   6.751493  3.609995   78.585236
107 -33.376347  36.326962   77.987961  0.251347  2.255306       8.023320    796.789185  109.788216  10.089844  2.768075  137.490387
108  -3.160311  31.054516   23.812021  0.217237  4.143836       6.651165   1005.526978  203.362549   8.873607  2.234109  107.311836
109 -36.608398  41.902817   73.491638  0.283887  3.705933       5.855875   1353.283813  174.975876   8.734951  3.610056   71.854988
110 -44.568001  34.598980   89.257523  0.277630  2.244674      10.154246    957.457214  112.308617   7.503690  3.230289   50.426327
111  -6.070167  30.643204   36.486992  0.229882  3.393488       6.817232   1317.503174   67.921074   7.499425  3.924169  120.401413
112  -9.249533  32.921741   44.348110  0.336077  2.941740       6.499698   1226.184448  155.913895   7.163539  3.817329  136.934540
113 -10.575686  35.403645   42.655785  0.273255  2.227969       8.339348    764.259583   73.882202   9.119662  3.050212  107.834305
114 -16.957851  11.149285    4.049222  0.318802  4.921052       5.195343   1954.016724  231.212570   7.842542  2.882629  233.253433
115 -39.070881  45.836437   77.151314  0.322315  2.398104       5.407673   1473.853760  129.684158   8.723837  3.615036  172.843399
116 -11.943164  30.663942   60.700012  0.347976  1.667524       8.254560    897.712341   39.815220   7.437113  3.441544  176.665085
117 -14.027204   1.095135   14.878385  0.288943  3.678583       6.676455   1140.441772  228.024826   8.310272  1.880514   78.824608
118 -18.602251  16.608625   13.014573  0.240285  4.367611       5.293990   1437.151611  231.268173   8.586439  3.802161  309.752686
119  -4.057573  27.683392   30.393215  0.307501  2.976699       5.454797   1056.766602  203.549194   9.566487  1.433660  140.329498
120 -10.171949  49.162422   39.217728  0.248434  4.102254       6.948193    785.965332  226.442062   8.378455  3.447080  119.210609
121  -8.890090  10.201356  345.487152  0.317642  3.033052       5.995215   1276.824585  226.464127   9.788157  3.363610  406.241089
122  -7.671823  39.537193   45.078472  0.291152  3.182637       7.058920   1110.522949  228.700241   7.478616  2.136292   98.131226
123  -9.983418  31.844837   21.992237  0.294048  3.802094       6.054546    799.145752  192.696320  11.225176  2.064189  118.748528
124  -6.127455  13.611959    4.213595  0.285751  1.960631       5.534267    810.810486  121.653206   9.144253  2.265554  273.770325
125  -3.667545  31.774641   36.496536  0.338762  3.156478       5.204827   1129.911011  202.973663   8.909821  3.042834  247.972031
126 -11.962874  37.878593   48.851376  0.317230  3.455398       6.637777    794.803650  137.673843   8.834796  1.661361  133.077026
127 -15.275739  35.482628   58.174625  0.330149  1.630802       7.396945    964.584106  134.838516  10.888785  1.692988  112.354836
128 -12.381910  35.886898   66.888283  0.277712  2.557951       7.679138    918.650940  226.991592   7.690059  2.843382  209.547379
129 -10.352673  36.604572   40.661888  0.283248  3.928367       5.360453   1037.101318  208.410721   9.353415  3.755031  208.937881
130 -13.104816  36.959988   47.605968  0.314693  4.698498       6.865131    704.083191  166.312103   8.793586  2.468634  172.741821
131 -18.712782  39.288776   58.419235  0.315833  2.975440       7.125987   1240.501709  161.618301   9.839860  3.223513   86.743889
132  -4.392948  27.016003    8.588687  0.295434  4.103768       6.631717    714.313965  174.812454   9.450480  3.348859  284.099884
133 -14.082053  34.378986   48.784935  0.205422  4.795372       6.291339   1061.161621  191.533203   5.115284  3.764018   98.692528
134  -6.059488  23.917116   50.679672  0.286719  2.439877       7.522528    939.786743  195.962128  10.116784  2.289643   79.082970
135 -31.844175  30.912502   70.083763  0.318616  3.750097       6.254458   1294.300903  224.753998   7.837641  3.843992   90.416183
136  -5.946279  46.960613   51.338264  0.261833  3.145901       5.819438   1540.884888  181.125412  10.495527  2.024487   51.328342
137  -3.461936  20.072582    1.022011  0.310506  3.246090       5.205783    872.894531  222.907867  11.297842  0.912931  169.554031
138  -5.611770  44.989826   49.729912  0.261168  3.043912       6.791331   1208.261230  173.243423  10.315182  1.731200   51.033363
139 -26.510956  35.484604   71.250824  0.278630  2.584376       6.476968    766.773621  139.940292  10.510359  2.428214  155.317657
140 -24.418238  37.783520   65.980927  0.268957  2.817451       6.387267   1042.581787  159.968796   7.355200  3.005715  192.216354
141  -9.029770  21.892672   28.165163  0.204031  3.408426       5.034498   1118.850830  179.274155   9.997533  2.669127  159.577560
142  -9.561939  27.301386   56.538521  0.201638  3.270167       7.020351   1157.437988   90.768822   9.012043  2.581446   68.815689
143  -6.417169  16.216831   42.561401  0.241838  3.009589       5.327969   1191.707031   77.549805   7.805459  3.234287  272.687897
144 -16.406313  41.976830   71.336006  0.256732  2.052549       6.082543   1650.275391  207.890884  14.725834  3.684945  256.800873
145 -11.606135  34.706951   36.376221  0.232627  4.285378       6.295314   1014.816284  186.475250   6.561793  3.466665  154.970642
146  -2.548867  28.195702   10.999941  0.266265  3.878402       5.427398   1025.977783  234.825775   9.495245  2.211795  201.762131
147 -34.818592  40.622635   72.464577  0.311086  2.897285       5.227584   1055.861694  123.531853   8.547887  1.915466   53.238361
148 -31.448256  37.052681   87.567024  0.337245  1.791067       6.454893   1285.282104  161.266174   9.514182  3.873479  307.887177
149  -4.296196  31.747526   32.232822  0.250956  4.108284       6.040932    998.779419  200.357925  10.848852  3.157244  140.669846
150 -12.015100  29.025364   41.889759  0.288596  4.099552       6.895744   1351.923096  212.873276  10.760236  3.613364   67.677742
151 -14.814051  36.426910   64.893715  0.329581  1.650455       5.075405   1848.883667   94.466751  10.985698  2.575211  195.202042
152  -1.555456  16.799046   17.677870  0.261146  3.638369       6.832386    951.373657  243.536880  14.112683  3.315546  158.135208
153 -20.452131  27.894871   58.769073  0.311329  2.954400       5.316206    885.143677   86.601303   7.814884  1.459059  246.114975
154 -47.906075  40.382027   86.842789  0.270463  2.473731       7.005162    870.752686  178.045349   7.392954  2.489826  145.486450
155 -27.058361   6.072736   38.856514  0.235819  4.898193       5.143122    958.476257  171.879715   8.930384  2.555995  276.796295
156 -22.232174  41.744991   53.416836  0.215245  2.913454       5.925477   1016.439270  121.739708   5.989981  3.270234  159.774689
157  -1.637255  46.342728   49.424114  0.308119  3.853279       9.923669    924.926270  187.119537  10.558585  2.384421   84.668335
158 -25.561136  34.063156   70.327888  0.293575  1.829435       7.469166    784.682312  126.300446  10.250322  1.770683  127.839798
159 -26.970812  41.294174   72.645615  0.255447  2.611435       5.924719   1172.953857  171.066956   8.973017  2.971145  210.500305
160  -4.532598  35.268837   44.528011  0.206636  2.729017       8.198072    810.054749  156.639038  11.896859  2.477585  101.841087
161 -15.511721  33.390911   54.337845  0.262895  4.644835       5.202837   1178.635132  219.441589   9.816314  2.479444   83.445854
162 -11.677863  39.060249   46.361176  0.316966  3.802255       7.573153    941.418030  242.665817   8.164000  3.364257   92.017899
163  -8.228663  31.692825   43.246338  0.298214  2.683741       6.688052    921.538574  125.467033   9.798084  3.350662  179.494888
164 -36.150322  34.951969   82.692978  0.313017  1.450511       7.933000    951.332581  200.432983  17.731258  3.164195  224.767700
165 -38.630325  49.452114   77.111855  0.343771  2.713558       5.695402   1559.283813  160.634659   6.461311  2.435332  132.512222
166 -30.302174   1.084519   22.379417  0.318722  2.682381       5.815937   1021.875427  121.246185   9.022937  2.671596  463.376953
167 -17.160172  46.505287   84.986290  0.311428  1.917273       8.157161   1027.117065  184.446487   8.375841  0.913250   85.913376
168 -20.599594  38.777969   50.482758  0.232466  3.524010       5.559149   1381.109375  142.232971  10.686173  3.930362   97.082909
169 -26.945776  40.262817   81.129250  0.285438  1.835892       7.454056   1184.495728   94.862732   9.145985  3.392835  278.429260
170  -7.280542  48.662861   48.064991  0.281741  3.596122       6.266071   1235.945679  162.460999  11.140285  2.461302  163.383652
171 -12.715234  27.800276    7.753840  0.344207  3.501230       7.779941    726.771423  166.084320   9.596110  3.028697  212.429504
172 -19.566517  32.192963   62.076561  0.267604  4.483674       5.230701   1221.368530  248.104645   9.388824  3.075609   87.103294
173  -2.403452  43.675957   42.180302  0.343628  2.498035       6.372555   1618.214722  165.680664  10.544624  2.779457  134.548492
174 -33.212593  32.420525   79.582664  0.302529  2.291298       7.820753    833.132202   94.057281   8.518081  3.219108  185.561188
175 -14.197854  25.122574   34.225800  0.225066  4.590327       5.166671    931.710205  191.170624  11.162491  2.528359  156.318344
176 -32.997929  44.970314   89.555710  0.253108  2.013133      11.731271    885.242065  234.420410  11.532031  2.564374  121.224167
177  -2.897182  13.513092  358.657837  0.320277  2.830993       6.749725   1143.793823  102.074944   7.230727  2.630069  193.625717
178 -13.237071  29.837170   38.897106  0.254450  4.245892       5.362936    807.146423  218.864166  10.528658  3.613252  177.719452
179 -21.335024  38.260452   61.451004  0.328876  2.467838       6.715783   1436.986328  168.082932   8.545756  3.906193  153.101807
180 -28.644777  41.269112   76.638153  0.270250  3.045929       7.735121   1575.734375  159.716171   9.995112  3.831477   73.306160
181 -20.789934  47.920502   62.044540  0.327037  2.760098       5.102172   1598.467529  170.899368   8.392048  2.445664  131.940292
182 -21.462204  49.979183   65.095673  0.334670  2.690400       8.073734   1754.063843  124.968666   7.553747  2.780360   56.920895
183  -5.017848  15.031742  341.886993  0.274551  3.216691       7.284495    875.269836  210.606918   9.710256  2.631809  332.047729
184  -5.783139  25.741388   39.463459  0.286777  2.222502       7.083375    709.534912  126.278442  10.039809  1.029752  184.038544
185 -10.237038  33.433971   48.618263  0.299040  2.606322       6.238079   1942.594727  105.556320   7.768704  3.917990  168.615570
186 -10.537490  25.384645   49.419903  0.287375  2.908484       6.693585    991.738342  199.233429  11.822003  3.354059  286.583710
187 -21.170908  44.979546   70.941284  0.327100  1.550692       6.867769   1277.684082  108.748901  10.227472  2.061101  219.661728
188 -12.732160  27.983856   39.075737  0.339935  4.401863       7.639164    726.463989   93.758705   7.775135  3.235032  219.751678
189 -13.950865  23.933067   53.371082  0.259401  2.610491       5.293246   1009.971130   90.737968   8.706078  3.418298  268.706726
190 -12.341712  26.580544   21.563848  0.260813  3.915172       5.552430    853.604065  130.410568   8.967010  1.381198  116.494118
191 -21.695702  42.042645   62.537251  0.342273  3.185356       5.770592   1094.045166  147.809174   9.572019  3.476052  186.620651
192 -39.050987  46.638512   72.689034  0.249003  2.999452       6.063457   1129.365112  163.588638   7.360341  3.258097  131.423782
193  -3.055524  24.869284   35.293736  0.322768  2.842371       5.222538    769.501404   77.855949   9.745270  0.898745   59.954155
194 -12.244290  12.653448  358.352386  0.297494  2.948826       5.899814   1070.980835  232.901276  10.862364  3.675878  418.331451
195 -23.881069  42.694042   76.913109  0.305028  1.973637       7.566242   1545.595825  170.963120  10.205194  2.549295  180.399841
196  -4.127914  12.663627   13.567420  0.283620  3.254618       5.181955   1153.491455  237.261032  10.367931  1.382236  278.006805
197  -6.504606  41.737827   31.555647  0.312550  2.901778       5.277498   1317.083984  117.926140   9.138311  3.470822  180.847305
198  -0.433500  11.555906  357.922424  0.264007  1.412872       5.835729   1161.299194   50.974178   6.924200  1.560894  225.873672
199  -7.063976  32.605591   31.456789  0.238255  4.212126       6.359694    995.695251  174.618332  10.070540  2.362050  107.095360
200 -14.819956  30.977922   37.741512  0.276553  2.976918       6.439100   1017.420837  134.107758  10.442017  2.605665  122.967957
201 -15.899073   8.093367   11.641354  0.283952  2.095417       7.623327    892.546936  185.831436  10.865943  2.883688  331.845276
202  -9.385106  40.452934   25.881681  0.341293  3.785772       5.635873    814.653442  187.741608   9.096863  2.011832   84.106461
203  -5.190572  30.181023   25.952105  0.300691  3.486376       5.099570    728.501770  156.371521   8.586271  1.313080  145.667114
204 -24.245033  47.146770   64.787590  0.288005  2.321923       6.619259   1103.897583  120.291946   9.057618  3.120705  198.951401
205  -5.236983  40.348820   38.846848  0.344328  3.912957       5.830813   1307.740479  160.979080   7.798372  3.658239  198.343292
206  -4.032818  33.340073   28.910915  0.243799  3.397426       5.183221   1162.944092  151.405579  11.190855  3.298014  166.013428
207  -9.229932  25.298769   58.049187  0.228203  1.693199       6.980776    754.147156   56.481979   8.076940  2.398221  195.840454
208 -19.504089  13.640600    2.896961  0.317709  3.908167       5.347537   1333.218506  227.437103   7.755814  1.933586  257.430664
209 -10.787721  10.097831   12.783140  0.283675  2.494350       6.516837   1011.581299  177.099167  11.628968  2.839455  301.169800
210  -7.087751  43.697971   44.857014  0.341686  3.107256       7.198280   1393.978027  152.341705  14.329484  3.314186  153.700378
211 -20.338459  49.806988   60.279968  0.257912  2.799166       7.826765   1269.711670  207.506821   7.930568  2.759507  102.116409
212  -7.521926  45.611389   39.381031  0.266245  3.450886       5.204886   1845.079346  172.345978   6.351617  3.615603  137.713898
213  -8.044500  11.831303   13.665331  0.245157  2.843446       5.702131   1159.106812   54.882538   9.046693  2.019556  257.369019
214  -8.009056  23.345911    0.344072  0.342634  2.224227       6.763052    889.091248   64.384819   7.741092  2.783474  331.442749
215  -0.249104  23.943909   40.710922  0.264563  2.503050       5.313945    959.971497   79.894424   9.790491  3.081399  263.071411
216 -14.492522  32.987354   47.859276  0.308316  2.210169       5.436491   1067.783691   61.779968   7.264981  1.975295  247.501556
217 -12.427942  32.525452   56.974579  0.278778  3.340732       6.411921   1370.205688  195.640823   9.057835  3.501738   69.047989
218 -29.771671  44.443562   62.621334  0.263785  2.533401       7.356657   1069.522217   80.807533   8.335370  3.293245  106.240540
219 -11.393187  16.892389   21.450745  0.287754  3.078734       6.119419    808.277100  157.335831   9.360641  2.117764  264.532349
220 -13.463803  31.594015   43.044922  0.303662  3.989062       6.505848   1003.244995  215.851501   9.847525  3.085932  110.297417
221 -19.929203  34.157009   70.100021  0.247782  1.482286       8.568229   1641.077881   83.882263   6.257686  3.522187  118.979431
222  -2.208781  47.463604   37.793808  0.269410  4.648540       8.193107    914.833313  220.069550   9.249166  3.045931  112.127281
223  -3.530928  23.900763   11.894348  0.233337  4.164332       5.576027    815.269836  216.406387   7.442063  1.958262  191.878876
224 -17.222683  21.266499    1.229663  0.319130  3.838430       7.459633    863.581848  238.605667   8.559758  1.634117  139.330765
225  -6.487860  43.807240   46.096443  0.299150  3.442811       5.507854   1611.441772  121.881927   6.244120  3.854194  271.576324
226  -3.357620  41.294216   35.026688  0.223716  3.137860       8.084067    819.481567  178.959763  10.212209  3.311826  132.943176
227 -15.124866  18.311272   10.194350  0.246460  3.901215       5.366574   1126.458252  131.655228   7.851607  1.728152  133.418335
228 -14.008160  34.664646   52.385269  0.284442  3.010695       6.151539    731.724121  187.534653   7.760679  2.605054  173.214691
229  -7.578533  25.583679   14.479280  0.284835  4.125652       5.897177    868.717163  226.442032  10.270935  3.953691  204.898468
230 -14.630608  36.404377   48.967194  0.208579  2.604764       5.293242   1349.007812  139.802612  11.145307  3.763000  155.893265
231  -0.448614  34.961689   34.396996  0.295226  3.101699       6.787984   1345.472656  196.901688  13.164844  3.551721  112.221672
232 -41.413597  38.652935   97.007980  0.346948  1.965310       8.791759   1356.391113   91.315414   6.342465  2.854943  163.562256
233 -21.671305  41.174915   58.793240  0.347688  4.008995       5.013479   1364.744141  210.286743   8.229316  3.887359  148.091324
234  -4.647126  47.892834   61.079250  0.333628  1.713278       7.175034   1835.589600  130.194046  10.652193  1.919199  139.147141
235 -13.131632  43.597244   43.342724  0.217867  3.492458       5.356856   1464.006958  164.385284   7.567420  2.935809   93.880646
236 -10.461646  28.524132   43.983421  0.320521  3.686738       6.148592    800.945984  146.053040   8.067348  3.628332  197.320892
237 -13.741727   8.001275   28.686934  0.208505  2.871147       6.250531    878.596252  140.343292  10.748302  3.112682  236.274765
238 -30.556772  34.679867   77.375565  0.230372  2.294183       7.603932   1626.981445  107.342201   9.728460  3.887909   97.962753
239  -7.681041  16.839304   22.015188  0.237313  4.165686       5.930280    825.896729  216.847717   9.516026  2.508061  304.423309
240  -3.430234  40.536278   44.425533  0.279862  2.716856       6.873168   1220.031006  148.125763  10.173030  2.270694   64.827904
241  -6.898517  29.779480   48.122913  0.275825  4.457987       6.863218   1206.061523  219.357681   8.244711  3.307199  133.461121
242  -7.098378  47.092842   49.783302  0.246962  2.793799       7.408567    805.611511  175.742889   9.865281  2.301520  206.718597
243 -21.766005  34.870266   55.100483  0.280388  3.678054       5.515071    910.444824  110.682213   9.081362  2.327627  211.041687
244 -17.767061  38.174641   76.277313  0.288049  1.930485       7.286173    966.020020  131.609085   9.310908  3.683358  367.859070
245  -0.070918  36.005127   20.508356  0.255297  4.010058       6.222259    760.203430  158.404037  10.160062  1.347647   87.355385
246 -22.024313  14.674759  359.049072  0.336798  2.226366       7.028703    813.875793  206.483673   8.113241  0.822431  192.887131
247 -13.996058  34.139725   20.065006  0.305917  3.979779       5.835505    909.388977  186.614243   8.382053  3.601558  251.056442
248  -5.742248  31.694876   17.382935  0.273983  3.786238       5.724486    851.467346  126.061981   7.612201  3.309644  296.082397
249 -13.647499  39.180538   42.108059  0.265186  4.301465       6.173326    842.168701  171.004456   7.703318  2.275626   51.252239
250  -9.362157  43.628036   58.092381  0.273310  1.905197       7.525121   1040.772461  119.056145  10.384518  3.010087  228.521591
251 -22.199369   7.575992   29.122965  0.329738  3.104818       7.272409    962.848572  174.436569  11.099212  3.255053  228.490753
252 -16.975405  29.067474   54.977566  0.303807  3.206199       6.162052    707.453247  140.395172  10.368744  2.023335  208.761749
253  -7.413599  43.956398   41.683300  0.259159  4.219011       5.954318   1845.539551  238.310181   7.766349  3.797169   65.600899
254  -3.353353  17.734734   15.812976  0.255627  3.493434       5.103091   1651.454224  148.315216   7.591882  3.233608  203.527649
255  -2.580744  21.754255    5.857275  0.205936  4.068527       5.376407    999.846619  161.387772   9.930590  3.104325  234.419266
256  -6.959341  43.968269   43.909397  0.349993  2.976423       7.221159   1042.488770  184.381042   9.583908  2.066356  141.881302
257 -14.318404  17.957085    3.104167  0.305744  3.553432       6.516874    988.961548  222.774155  10.805649  2.377803  245.495499
258 -26.546993  46.158031   74.971611  0.296355  1.572079      11.645108   1482.660522   76.131378  10.912745  3.519276   61.887779
259  -2.738822  19.012798   28.542774  0.259900  3.203651       6.446779    850.447449  156.335190  11.121191  3.434432  219.716904
260  -8.953555  23.234146   25.838787  0.225661  3.671182       5.515145    913.776184  158.320221  14.059976  1.805607  219.558563
261  -4.739458  21.368450   16.944933  0.239078  3.190431       6.954087    935.177063  182.135025   8.644024  3.684597  196.858017
262 -11.022511   7.819170   20.535370  0.330752  3.163900       5.359214   1377.774292  166.434296  12.328953  3.030570  301.475739
263  -3.665421  29.261992   47.317638  0.231534  1.384105       6.519797   1170.287354   55.818195   9.297339  3.686125  241.924576
264  -4.525066  34.464481   58.392632  0.311678  2.686559       7.114989    899.073120  188.842712  12.139293  1.482120  150.497345
265 -21.990128  16.976208   46.864853  0.261109  3.524448       5.252638   1250.412598  243.869400  10.315078  3.251213  119.267891
266  -6.550871  32.192772   43.208721  0.204945  2.856621       5.078443   1550.912720  101.767296   8.883617  3.906820  219.091171
267 -14.865716  45.269806   64.491356  0.340055  1.316253       7.654671   1465.471802   72.492836   9.467251  3.209078  282.075653
268 -13.016231  43.137836   43.825096  0.233123  2.249494       7.571407    718.637146   98.689667   9.672112  1.411850   58.621342
269  -4.110473  20.339388   26.104528  0.295040  3.616520       5.498930   1016.944153  107.121246   9.506888  2.157582  377.377502
270  -2.489953  39.205929   22.769333  0.268115  4.558716       5.736942   1048.910889  194.230576  10.254709  2.800800   92.317284
271 -12.896611  25.381380   36.850094  0.244194  2.553835       5.081407   1031.462036   69.733894   8.774065  2.541018  280.142456
272 -21.932497  16.620649   30.286396  0.320627  2.943610       6.360566   1105.870850   92.015137   7.552697  3.791656  223.371185
273 -11.944753  33.448193   52.503365  0.280649  3.484666       5.525648   1053.674438  175.988480   8.900091  1.668165  144.900253
274  -6.748234  27.547770   29.411331  0.221960  4.482469       5.364575   1042.568115  221.436340   7.300092  3.646603  202.551910
275  -6.192422  29.925421   19.080051  0.228355  3.126281       5.340202   1435.877808  163.989273  12.733570  3.322415  158.911392
276 -23.554710  36.696217   66.701096  0.237536  2.667552       7.411038    911.547363  128.431213   8.360757  2.787880  138.208084
277 -17.257183  20.598461   58.627956  0.253178  4.058605       5.103196   1481.106323   78.510521   6.812836  2.808482  110.856583
278 -34.103664  39.025673   72.786728  0.219683  4.042624       6.240049   1114.382690  161.307816   8.139180  3.204131   75.493324
279 -22.258192  30.980974   77.734779  0.217725  3.667288       6.231081   1203.726807  208.390610   9.710843  2.547369   77.646011
280 -11.488865  29.591383   51.428974  0.235219  3.028934       5.987154   1699.442749  192.905182  10.485703  3.752756  168.332718
281  -9.718163  41.308422   44.274807  0.305424  1.526278       7.619297    868.238953   60.719387   7.097621  2.588513  326.473633
282 -31.512482  44.454105   70.567825  0.342196  2.501611       7.032365   1236.465088  122.616341   8.365273  2.686711   67.743454
283  -5.638328  41.087658   48.303658  0.252257  2.484349       7.830020   1256.056030  167.049408  11.133411  3.770039  124.291649
284 -34.903900  44.531895   69.703064  0.236116  2.967601       6.185932    976.171631  124.247139   5.790990  3.038513  138.124130
285  -9.585771  40.707016   47.239120  0.211253  4.176563       5.193645   1801.872803  233.597977   6.705304  3.428919  125.564575
286 -18.304283  30.644716   52.767036  0.239863  2.934210       6.547575    782.026794  116.139389  13.416959  2.656020  142.518005
287  -3.206242  27.447273   12.538039  0.336893  4.556533       6.502001    737.304199  143.304550   6.930822  3.147089  306.804565
288  -2.020264  38.367897   34.302856  0.231291  4.216373       5.005908   1166.032837  190.293915   9.507699  3.148367  166.873947
289  -0.399029  22.190466   25.039131  0.242292  4.588758       8.187797    808.248474  201.102966   7.499825  3.008486   96.043488
290  -9.372455  35.506805   32.350166  0.258698  4.109932       6.402498    841.406677  124.496452   9.507210  1.818846  125.083176
291 -41.198959  45.278873   78.725983  0.309182  2.358480       8.671332   1241.715942  153.663864   8.826917  3.163402   59.096260
292 -10.452400  31.785063   62.120216  0.334978  3.826528       5.045063    908.429138  136.216187   9.921746  2.114914  302.033844
293  -1.017877  35.045513   51.266071  0.273827  2.237143       7.059750   1056.259155  212.753082   7.789403  3.526901  235.577499
294 -12.721522  39.532799   57.605232  0.336311  2.402026       7.332083    911.446289  210.924347   9.541490  2.175291  113.704216
295  -3.739110  47.788445   40.752708  0.244967  3.064099       7.790106    917.552307  172.161667  12.853714  3.464465  230.897430
296 -16.115776   3.045136   30.486385  0.224070  3.427548       6.881280   1172.035767  192.495163   8.134719  3.036041   62.744652
297  -4.635109  35.488331   37.096573  0.239111  3.520659       8.275762    938.405151  145.748611   8.808615  2.845004   79.746452
298 -32.054684  31.181940   68.140007  0.316440  2.619052       6.237528    742.630249  139.890366   8.530787  1.989286   96.848373
299  -1.758100  17.803303   42.103073  0.283930  2.339370       5.591730    942.637268  118.817253  10.955795  3.452736  258.971710
300 -10.381360  27.086893   42.653893  0.232925  4.203121       6.209164    754.424072  140.722855  10.318798  2.304947  109.073997
301  -4.971205  37.610203   41.359924  0.219659  3.515654       6.599549   1766.570801  216.752945  12.164008  3.913022   90.573296
302  -0.576201  17.460154    9.626715  0.281601  2.819182       5.318740    917.069397  197.892166  11.424913  1.353124   60.812088
303 -11.965800  24.457483   54.288673  0.275248  2.834053       5.846318    739.254395  111.207207   7.602999  1.738295  271.688751
304 -20.566902  49.716721   54.173672  0.319505  2.689421       6.288855    854.347046  124.655769   6.857191  2.530088  156.441269
305  -5.941012  31.808336   44.275078  0.275886  3.113075       5.339556   1260.218872  198.736191   8.801657  2.624615  128.361618
306  -5.257237  33.000809   26.374277  0.276478  3.219802       5.334324    994.054749  146.232666   9.296338  2.453382  278.178589
307  -2.697429  35.157574   46.883236  0.319024  2.680081       5.196193   1724.603638  118.722763   9.304334  3.444614  229.033478
308 -24.243504  38.635830   63.596294  0.264034  4.565045       6.388825    767.062683  221.972427   9.207548  2.270173   72.477562
309  -1.880543  30.322556   32.936741  0.235324  3.123643       7.526720    861.793579  149.300964   9.703205  2.156296  152.076355
310 -22.530895  49.306160   56.309036  0.288278  4.496593       5.060315   1419.288696  184.080826   7.394330  3.961767  122.426956
311 -11.687144  35.728149   62.249050  0.275213  2.517722       8.147474    767.622620  122.939110  10.544601  1.340885  112.563065
312 -20.871553  29.535898   59.743477  0.212788  3.914265       5.888605   1308.331665  165.440720   7.409633  3.859055   59.636585
313 -17.604904  42.174667   57.116295  0.277346  2.191621       7.416819    979.926453  118.224525  11.749626  2.366422  115.023369
314 -32.660152  25.069626   66.466560  0.218232  4.264851       5.293290    906.524963  233.486282   9.735543  3.390400  136.397659
315  -3.278663  27.965611   24.095057  0.272913  3.860708       8.279802    700.031006  239.115906   8.093246  3.426527  117.159897
316  -0.230194  15.539751  358.374725  0.286639  2.523421       5.621114   1403.181641  244.177200  12.603735  2.678510  204.288315
317 -27.475605  29.263582   48.607548  0.249573  4.701029       5.939318   1187.172119  125.123093   5.631118  3.800844   79.310333
318  -3.761393  23.074669   45.794468  0.291426  2.794498       6.018818    752.024963  135.585938   7.772925  1.465245  137.389786
319  -2.879093  31.312510   14.820631  0.267677  2.729034       5.708559   1224.266113  179.234283   8.729754  3.719052  283.846191
320  -4.719245  47.099216   35.454624  0.326248  2.818083       5.625596   1283.256104  163.199585   6.648265  2.428676   88.535446
321 -12.915069  32.623718   76.304207  0.281810  1.245685       6.373429    880.126160   56.823288  10.603714  0.756020  131.157318
322 -20.165167  39.908134   67.797501  0.250468  2.210771       5.387520   1551.595825  128.637772  11.380980  2.465169  111.732330
323 -13.517307  25.600319   27.646147  0.302343  3.880673       6.255702   1031.682617  145.028244   9.757697  2.408393  167.959488
324 -15.023026   8.660938   44.701897  0.320813  4.447567       5.659278    977.645508  230.133148  11.288659  3.675080  215.849197
325  -8.029619  34.071926   33.806347  0.318335  2.262833       7.701332    788.926208  153.991379   7.545736  3.123648  106.923172
326 -25.636702   6.031251   15.468494  0.283872  4.947992       5.752625    913.732910  129.549973   8.464313  1.780080  320.329559
327 -18.602177  27.618189   27.433485  0.239512  4.555004       7.191765    747.638977  216.109039   7.773238  2.458990   59.048656
328  -5.396591  40.572815   32.114624  0.306865  3.488136       6.221696    916.995605  175.052231  11.919916  2.662341   84.101387
329 -12.386436  42.357868   42.972088  0.246658  3.520726       6.479009    838.111816  158.141235   7.421010  1.806282   52.798557
330  -1.038254   4.679992  358.180908  0.261866  1.546875       6.566798   1048.345581  167.025253  10.880473  2.642462  177.185974
331  -9.599086  30.697412  342.037933  0.214213  4.298785       5.344233    868.474487  233.399216   7.486965  2.239062  265.807587
332  -8.468500  41.978207   48.460453  0.323945  2.611883       6.138123   1339.774048  132.700867   7.643775  3.132869  152.709946
333  -0.091131   6.206653  358.449768  0.294756  1.700792       5.956085    989.304382   92.526138  10.748290  3.147955  405.400635
334 -14.950742  38.201229   69.173340  0.281166  2.083313       9.856981    701.076599  131.474319   8.750763  2.628654  174.247833
335 -23.684750  45.044426   74.592636  0.247304  2.028527       9.535419   1131.816284  167.753860  11.263531  2.988872  119.109238
336 -18.999071   7.862472    5.769916  0.243252  3.298155       5.639753   1135.131470  187.997635  10.208023  2.429810  341.330231
337 -16.466093  16.802160   16.917046  0.257058  3.441634       5.354967   1299.064087  215.562347  10.196500  2.521846  161.128769
338  -9.887594  20.751890   37.072441  0.271639  3.185237       6.820090   1002.617676  208.820053  12.151287  2.850575  103.940758
339 -14.462899  45.631969   57.840572  0.307720  2.291495       6.402469   1260.135010   99.466438  10.478251  2.566396  270.064117
340  -9.873990  43.662815   49.773304  0.258137  3.672702       8.024130    773.735779  199.404648  10.892195  2.827963   98.967400
341 -19.824238  46.858482   64.842628  0.345633  1.988539       6.996613   1234.446045  105.175613   6.958057  3.076950  341.879639
342 -14.366542  46.137028   52.460384  0.281947  2.350262       9.333871    864.715210  117.367134  10.464738  3.627106  173.321472
343 -12.268012  41.048386   42.854103  0.262817  4.665112       7.209847    990.926819  226.248871   9.399379  3.633610  101.638817
344  -8.073731  20.073198   18.632767  0.271081  4.682462       5.779868    800.582397  233.403793   8.344905  3.624108  379.597870
345 -24.764597  23.784092   66.527641  0.288698  2.145092       5.086584    796.275208   47.999256   8.283101  3.333385  402.911896
346  -8.806046  31.543650   28.085905  0.218061  3.790147       5.949614   1260.737915  155.819885   7.012589  3.850526  185.230515
347 -19.435701  37.544361   55.427570  0.306830  3.864079       6.002771    820.298218  123.189621   7.774350  2.108720   97.506149
348 -27.105209  -5.623735   37.551365  0.282178  3.457568       6.805827    934.335938  208.498291   8.503426  3.145977  249.275391
349 -15.324045  41.737068   35.919853  0.243438  4.571730       5.776320    722.555542  204.038498   9.492976  1.770325   83.113747
350  -3.333268  14.380575   11.007736  0.270047  1.965601       7.775780    725.193481  145.354401  14.824593  2.355421  209.865494
351 -24.606653  38.090561   40.614872  0.257882  4.749899       5.080493    889.937195  198.496582   6.794522  2.966240  121.234230
352 -16.278448  10.041457   29.867022  0.258951  4.163511       5.626913   1309.701660  184.461060  12.274875  3.042900  104.181541
353 -17.587605  30.589098   60.543606  0.280062  3.133715       7.390414    783.429321  119.771690  10.724744  2.422208  151.050858
354  -0.558124  42.183987   50.014778  0.332722  1.768143       9.588994    908.775024  128.780960  12.566564  1.862400  101.970802
355  -9.630657  41.997162   47.292744  0.235811  2.616648       8.434811    722.760925  118.553009   5.736507  3.055422  216.478577
356 -26.552635  27.944845   23.772480  0.216222  3.268813       6.217478    947.129211  107.383537   7.807286  2.906518  147.032883
357  -0.678628  28.118568   23.490108  0.260719  4.540804       5.232023   1697.738770  229.005920   8.796221  2.692787   95.033615
358  -8.926360  36.317875   28.103617  0.233812  4.104282       5.720467    716.472656  202.012009   9.129381  2.566280  149.193130
359  -6.561151  35.199326   22.068968  0.299556  3.110778       6.458710    850.398376  209.391220  10.160130  3.722320  214.159302
360  -7.386758  28.053486   47.434307  0.245384  2.918163       6.847685   1037.432739  101.455940   9.320251  2.198090  144.254272
361  -2.343201  29.823799   23.385935  0.210672  4.340942       5.216877   1178.832764  227.219162  10.045370  3.397432  107.285446
362  -3.425111  18.192724    9.459790  0.226255  2.987715       5.526241   1151.103149  239.181946  13.492921  2.653443  217.725037
363 -19.717400  26.007025   56.130741  0.321187  2.904247       5.009821    718.151917   72.951279   9.891968  1.721567  180.004684
364 -12.885386  42.493385   51.700817  0.260548  2.888623       5.211162   1587.325562  109.299072   8.589936  3.044024  211.164139
365 -18.095366  10.047484   14.444548  0.275060  2.903649       6.504875    808.317505  145.585800   6.711889  3.350077  381.730347
366 -33.841507  38.164635   71.858093  0.336448  3.723645       6.567913   1270.522583  159.789902   7.084682  3.729857   60.236752
367 -11.077892  28.454714   27.850828  0.241002  3.239339       5.653018    836.513489  168.607895  11.666536  2.561258  211.914383
368 -16.028063  43.352428   60.258644  0.264565  2.594253       8.928712    863.435303  145.261658   9.548399  3.713032  168.532288
369  -5.964137  -5.334467   28.176474  0.212776  2.297333       5.310974   1976.212646  215.766434   9.736714  3.112300   64.603027
370 -21.621124  17.792761   44.289341  0.204860  4.095166       7.867934    887.640381   87.435097   7.297806  3.906242   99.885948
371 -14.552003  29.678230   45.554646  0.270018  3.711699       5.642691    847.095032  165.658539   8.217903  3.005050  120.083282
372  -2.477141  20.775452   21.704798  0.291465  4.629898       7.001951    790.211182  211.990952  12.340717  3.493781  240.159271
373 -24.833065  32.026936   76.558014  0.252892  2.083448       7.662476   1965.329102  136.099243  10.627199  3.797733  104.511139
374 -14.538117  36.114651   54.211411  0.273586  3.453328       8.209253   1068.471313  222.919647  12.884366  3.120696   58.201267
375 -36.978943  37.047577   70.883911  0.297670  4.133789       5.334394   1148.377563  167.171646   9.043956  3.950488   65.035629
376 -14.095777  11.945319   31.866968  0.264078  4.421668       5.973482    809.161499  180.770981   9.891718  2.202525  149.932953
377 -10.169211  23.437601   50.799606  0.246306  3.952242       6.614619    836.709473  107.770706   9.274817  1.909116  107.274315
378 -17.827686  49.872894   49.346691  0.310564  2.727599       5.824920   1074.966553   74.592537   6.950660  2.459466  128.194229
379 -10.900108  43.334335   39.407780  0.299491  3.774655       5.276773   1677.124268  183.973267   9.954107  3.837917   86.231255
380  -5.954990  19.013483   21.254999  0.240303  3.954428       5.239944   1147.899536  168.630142  12.449512  3.241247  286.698944
381 -18.612968 -15.411975   31.820524  0.325734  4.646138       6.116731   1039.804688  200.288361   9.212063  3.344230  299.664337
382 -35.777042  46.696770   66.054909  0.200294  3.474323       5.368927    928.456238  151.326904   7.044926  3.575991  107.865250
383 -25.479010  44.965122   53.715305  0.243436  4.373682       5.682865   1077.650391  171.818741   9.158925  3.214689   62.841366
384 -12.440516  46.923527   45.573502  0.233630  3.439831       5.431203   1442.524780  137.732666   7.173028  3.756308  187.704605
385  -2.874956  23.762991  335.040466  0.294671  2.931557       7.493595   1051.568481  234.988037  10.809813  3.428272  240.527405
386  -2.655819  44.538738   33.659573  0.241483  3.060300       7.142356   1034.154907  142.808197   9.205802  3.514881  166.596146
387 -22.684298  35.083447   65.952011  0.228871  3.813408       5.187346   1128.986694  177.099854   7.155922  2.275628   89.049751
388 -19.158203  37.062054   72.979256  0.321783  1.817417       6.796940   1241.034668  157.016525   9.889582  2.220188  110.241478
389  -6.478751  23.901331   32.822487  0.228944  4.501310       5.724727    975.543823  141.247101   9.450391  3.968316  187.517975
390 -11.749484  42.566307   62.435085  0.249584  3.426756       9.334103    976.749023  194.820648   7.707428  3.910869  192.541977
391 -19.309359   7.683292   34.665558  0.312795  4.029793       5.571802    894.470520  142.668701   6.082091  2.996615  263.017120
392  -7.307973  29.356148   20.512568  0.298016  4.863315       6.271088    775.975952  233.588776   8.985266  3.193987  304.967377
393 -28.488554  34.755444   51.418869  0.207722  4.238786       5.423269    925.536621  140.794525   8.134863  3.879142  124.904541
394  -2.721821  27.674685   30.459757  0.267451  2.468161       5.429906    953.320129  146.785370  12.748737  1.265847  145.190292
395 -11.560071  36.478176   47.594200  0.306515  2.765262       7.302070    980.481934   85.812927   5.819578  2.889917  131.618790
396  -5.811623  28.909290   39.298237  0.286237  3.998182       6.800435    954.554688  132.956314   7.839596  3.584431  128.348206
397 -19.953064  30.195494   79.726265  0.321553  1.129265       6.013685   1214.203979   63.434761   9.824835  2.736426  270.138123
398 -12.764391  40.361984   37.551590  0.224364  4.925158       5.106920    804.173950  202.297318   9.528282  2.645115  103.277023
399 -21.392506  38.415771   67.094635  0.282399  2.089159       9.911936    920.722961  140.377396  11.238314  3.266269  135.520996
400 -15.739983  -8.472956   30.007921  0.264454  4.454869       6.195448    765.661621  220.153824   9.181601  2.454025  323.648193
401  -8.482346  22.446556   17.961088  0.270232  3.206870       5.922182    747.901855  168.787704   9.818985  1.046192  206.445251
402 -10.385060  37.402878   52.915806  0.206600  3.679827       5.565288    780.010376  226.103210   8.358243  1.313349  122.807663
403 -37.001984  44.711258   84.022522  0.340288  1.914353       7.993645   1469.212891  187.788422   9.033515  2.486892  124.382324
404 -17.412979  29.685858   70.981056  0.256565  1.566244       5.365663   1208.025757   71.079750   8.806618  1.705102  123.769836
405  -3.118429  28.975826   26.985252  0.274239  3.911564       6.007856   1172.086548  249.088303  10.257710  3.337541  209.476639
406  -8.257403   4.579788    5.979465  0.307244  2.381127       6.936574    859.134277  218.008667  10.019962  1.676192  329.411285
407 -36.816742  27.592216   74.345383  0.324761  3.638847       6.225290    727.123840  126.769180   8.325020  3.462399  146.649689
408  -2.172788  24.881491   38.261402  0.217665  2.493607       7.581402    824.709167  113.043404  11.672377  3.214027  228.022598
409 -18.700768  39.583038   70.040321  0.251173  2.011684       9.054322   1433.112793   97.100441  10.489552  3.235165   91.946938
410 -13.357020  16.738720  356.689331  0.299909  3.678298       6.074919   1119.578857  221.621613   9.526743  2.924568  257.920837
411  -4.506632  31.657936   18.111301  0.262348  3.973762       7.383354    831.033447  214.987167  10.497687  3.471526  154.894638
412 -28.022900  49.542858   68.560799  0.237788  3.073877       7.885840   1301.221802  235.896255   8.494718  3.589600  126.226799
413  -3.796213  36.084354   45.540749  0.220992  3.312068       7.739389   1157.363159  171.131149  11.432867  2.390121   61.435631
414 -38.606571  41.890469   74.624504  0.303557  3.023671       5.578663    760.070068  147.611938   8.075051  2.553540  179.779877
415 -18.725126  31.530825   54.179516  0.220142  3.838941       6.884094    725.039185  156.005722   9.940285  2.669212  135.070663
416 -13.196896  48.492332   50.996502  0.299799  2.994986       7.518831   1132.873779  191.516022  11.820139  2.268995   60.843277
417  -9.635991   6.714514  352.925964  0.311566  2.873307       6.890290    896.250916  209.145370  10.703412  0.954077  238.755707
418  -4.994562  34.025188   34.787338  0.273435  3.179360       7.571782    939.486938  142.278900   8.673430  1.989421   64.611938
419  -1.415808  18.195208   21.920986  0.285549  4.000989       5.549515    706.548706  208.826675  11.656981  3.283615  325.213104
420 -55.739357  28.303875   95.423019  0.337118  1.935505       7.162268   1183.102417  246.258560  13.654218  2.444824   74.454636
421  -4.307914  13.081144  357.899445  0.258733  2.600803       6.065992   1100.688232  226.360352  11.331735  1.377368  162.180878
422 -17.561544  34.116280   50.782070  0.236043  3.135668       5.003376    789.602722  169.355179  11.653404  1.115245   80.460762
423  -3.567518  43.314598   35.801987  0.230315  3.575072       5.016001   1789.540283  217.197144  12.002238  3.812600  123.449333
424  -3.879646  34.618961   23.757389  0.270091  4.028377       5.492836   1777.563599  219.474152   9.215224  3.506237   78.889618
425  -7.810420  26.912582    1.896375  0.259037  3.698545       6.358188   1599.136597  202.762375   6.577862  3.653286  112.918037
426 -30.267717  40.230648   74.363152  0.285950  1.909988       8.371691   1223.539307  118.675903   9.731881  2.819433   73.429115
427 -18.820635  48.410431   55.208607  0.264463  2.150336       6.618726   1514.088257  129.279816   8.147742  2.784305  131.118790
428 -27.282507  42.746761   72.489616  0.284581  1.564653       9.531794   1067.495239  113.580269  11.899737  3.034133  135.839691
429 -26.623583  33.967789   79.146675  0.257228  1.770569       6.193738   1091.626953  127.033768  11.293101  3.841500  272.673828
430 -22.633629  29.534142   24.337870  0.223097  4.122617       6.922308    831.980835  182.282959   6.105985  3.532220  107.992195
431 -34.615871  38.341206   61.538280  0.288671  2.609679       5.886939    790.028381   99.922096   5.434484  2.703205  132.184341
432  -7.512177  48.690914   58.258362  0.298260  1.564423       8.236732   1335.509766  183.869370  13.687474  2.879606  238.954254
433  -3.695028   9.844612   22.664795  0.273765  2.694977       6.118558   1547.880737  240.342087  11.359079  3.248400  168.041443
434  -6.981883  15.644418  351.238068  0.258216  2.550716       6.332911    809.958984  187.323563  12.253502  2.945930  278.231323
435  -4.737695  35.203766   49.053631  0.315808  3.339763       6.060174    855.590942  196.559860  10.864632  3.472749  269.865234
436  -8.891841   9.733465  358.946167  0.324420  1.756251       5.324311   1071.025635  136.579147  11.856829  3.480843  324.506378
437 -15.457590  -2.601116   13.843579  0.249438  3.105370       7.495641    913.181946  237.639313  11.471575  3.483416  185.904312
438  -0.345301  34.328342   31.974243  0.294371  3.934640       5.508739    995.180725  153.469055   8.958985  3.987709  312.134888
439 -20.324772  30.908506   61.433727  0.252004  3.607076       6.128996   1023.479614  125.638206   9.419471  3.167349  196.366302
440  -3.942879  21.008921   16.559624  0.336875  3.907673       6.327556    751.644775  222.442108  11.340172  1.671652  317.778473
441  -1.123570  19.774578   33.264828  0.308508  1.864388       5.074883   1389.224121  165.777893  13.032362  2.889640  148.665085
442 -12.530241  21.026117  356.706238  0.308251  2.930705       5.238927    844.726746  197.420776   6.840239  2.856480  418.740417
443  -5.107837  38.503708   37.062363  0.289250  2.848668       5.007672   1421.880493  146.710739  12.977364  3.017112  180.084351
444 -10.051974   5.382170    4.926134  0.236703  1.536721       7.230156    835.460510  192.894638   9.877383  3.843845  391.696564
445 -11.241410  34.600967   56.545555  0.238672  3.252179       7.030035   1254.125244  133.548340  11.033098  2.391710  104.516823
446 -20.621410  23.573814   69.247841  0.301657  1.085901       6.051964    831.932495   24.322796   5.423701  2.092693  349.376617
447  -7.661820  13.682466   41.762474  0.235040  2.668564       6.800771    701.891296   99.041168   9.923305  3.248555  231.722122
448  -9.874176  26.737745   38.407223  0.289009  4.071821       8.277014    707.517029  148.250671  11.852421  1.935631   84.149277
449 -21.668442   5.099515   11.880962  0.277704  2.744550       6.143343    996.126099  202.792694   9.362079  1.832017  196.563980
450  -9.802815  20.544416   21.639791  0.334064  2.378891       6.145950    759.614441   88.222549   7.377297  2.998776  374.345917
451 -13.553703  38.681499   24.214167  0.219348  4.418566       5.298262    829.174683  207.104813   7.788285  3.265608  257.961243
452  -2.442358  39.910957   37.517807  0.218179  3.388686       5.525805   1196.020264  230.287201   8.891157  2.747291  204.102020
453 -11.370972  32.768555   37.285305  0.263662  3.717664       6.644613    718.608887  217.099716   8.116602  2.213273  133.362381
454 -17.125027  46.667442   55.665367  0.335890  2.880385       7.663445   1230.796387  130.269287   9.378439  2.736681   75.316360
455 -41.211182  35.967663   81.992104  0.344554  2.185563       7.870619    741.624878   72.359703   8.208343  2.771052  152.099976
456  -6.120358  39.994980   33.494217  0.321978  3.324811       7.465312    876.592102  185.176147   8.279169  3.128270  111.065323
457 -31.018675  25.071049   45.917385  0.277351  2.829911       5.657207    886.498108   39.152786   8.229294  3.072329   97.435478
458  -7.847344  41.209110   40.744965  0.212036  4.275640       6.051734   1291.934814  227.330658   7.997108  2.941413   73.410484
459 -10.165218  29.374660   51.940868  0.269656  3.045093       5.546609   1031.111450   75.172958   9.632895  2.322161  202.024872
460  -5.207521   8.779855   28.299910  0.206694  2.743935       7.063409    895.568726  146.873108   7.818134  2.396878  138.322968
461  -7.211797  24.308735    4.781188  0.314330  3.949413       7.014508    768.005859  151.245132   7.737679  2.359220  206.400162
462  -5.857000  30.390682   42.024174  0.247384  2.545887       6.811703   1024.225586   90.771149   7.915514  3.252371  111.373291
463  -2.740906  41.917175   41.135166  0.269237  2.565446       6.719515   1497.684082  130.912994  13.755889  2.624492   56.496078
464  -2.250396  28.700550   21.962358  0.287159  2.470189       6.928758    831.113281   95.077713  12.298331  2.238281  211.157669
465 -13.745333  23.815363    6.804735  0.297810  3.803485       7.218336    741.679138  168.538315   6.234166  3.528196  265.920197
466 -21.542021  45.893810   62.916084  0.276988  2.488753       5.165683   1689.630615  118.344002   9.684636  2.296185   80.735573
467  -5.648345  47.571877   31.955959  0.333273  3.639239       5.123751   1347.432495  162.672241   8.703215  3.237018  112.670319
468 -25.076704  39.150555   60.024372  0.277771  3.626090       5.876438    770.469543  145.950104   8.481548  1.943273   63.845890
469  -9.304894  22.212372   40.240269  0.250495  3.417207       6.739190    702.506104  207.175858   9.105843  2.323909   93.782928
470 -11.215683  28.239096   37.010895  0.311804  4.426081       5.793942    782.822021  175.689789   8.266739  2.592915  159.939072
471  -5.375650  43.866032   40.007473  0.295664  2.370855       6.574969   1289.784180   92.993233   6.791899  2.821768  203.863525
472  -5.099433  46.043423   44.221104  0.248561  3.495557       7.183876   1038.168091  190.285767   8.866319  1.655151  121.255859
473  -0.004606  32.958565   15.155773  0.275416  3.464797       6.859554   1166.123535  164.930786   8.989503  3.902311  120.051514
474 -21.909088  31.709499   59.315262  0.302425  2.843277       5.853471   1211.050659  116.215279   9.841368  3.340826   99.348709
475 -29.128330  46.021679   57.825985  0.285743  3.671292       5.049698   1117.408936  123.512215   7.320920  2.783859   81.476768
476  -7.461335  24.272930   37.510296  0.279097  2.029566       5.570049   1168.854248   81.208710  13.507786  2.870056  327.906738
477  -3.294415  27.681677  357.726898  0.205669  4.999603       6.694939    741.241577  217.760971  10.584343  2.085554   67.615288
478  -4.176825  36.845646   28.809582  0.228707  4.009718       6.511476    857.762939  223.160706  12.111009  3.607064  158.287521
479 -14.897733  46.989502   55.784763  0.278582  2.504941       6.738529   1303.186768   78.674568   5.631802  3.606912  272.068298
480  -6.655125  27.140421   48.954010  0.257515  2.262989       5.529167   1097.150024   73.907181  12.375025  1.684809  126.812263
481  -1.440475  49.054882   29.526014  0.277386  4.686209       5.195784   1667.139648  248.141968   5.771481  3.887546   99.518311
482  -4.377355  15.856527    8.482005  0.343898  2.933173       5.966617    970.647644  110.771851   7.217696  2.243893  433.542206
483 -37.197212  39.572258   81.677803  0.327334  2.575342       7.044166   1979.612549  152.261810   9.293189  3.553704   52.434944
484 -36.176506  34.028282   70.620712  0.348891  2.002017       5.920491    853.366455   63.724777   7.358813  2.650012  208.857269
485 -20.437969  47.392200   63.467365  0.339962  2.569412       7.773474   1398.501831  170.177063   9.222277  3.946496  161.612732
486  -0.918141  15.961226  351.255066  0.311793  1.399344       8.214231    816.287354   79.385117   9.619830  3.685579  283.714233
487  -2.801535  36.465672   25.560492  0.339622  2.568718       5.554357   1219.826050   99.348877   9.906137  2.843328  184.775131
488  -1.545200  37.852623   11.462052  0.259764  4.664172       5.365884    796.147888  243.740143  10.623145  1.464966  111.343040
489 -18.353764  45.014603   57.017178  0.266087  2.376636       6.394099   1094.028198  120.089676  11.023202  2.365203  149.841812
490  -1.320691  15.513842   18.516884  0.284171  2.902454       5.726605    893.722595  185.263199  10.962758  2.200852  189.958679
491 -11.279735  40.360500   53.292767  0.274806  2.970030       5.662888   1567.076782   96.504761   7.238059  3.951468  234.488434
492 -24.801405  47.208279   69.965363  0.285727  2.269491       7.464379   1944.258667  143.590836   8.893982  3.651805  155.648590
493  -4.428562  23.005686    8.826821  0.236772  3.565625       5.143685   1113.110352  128.346161   9.843439  2.966007  328.908356
494 -19.312502  48.806160   58.625027  0.247430  2.615096      10.138278    731.477051  143.003082   8.370747  3.803267  103.826988
495  -2.216540  32.186382   15.345758  0.222326  3.607021       6.620375   1012.131287  170.284058  11.663370  3.444789  113.325226
496 -16.272293  39.608524   50.237392  0.241625  3.436332       5.609921   1491.340942  166.787750   8.941065  3.931461  154.943115
497 -23.105381  43.838070   64.945251  0.236511  3.351245       8.127587    995.676025  167.203888   8.962382  3.264248  122.375992
498  -5.694071  18.300388   31.155563  0.319654  2.193439       6.227782   1310.523560   73.276100  10.486435  3.722838  259.330750
499 -17.395826  37.048943   53.691544  0.271237  3.094736       5.236543   1343.055420  127.804665   8.866029  3.076551  236.014832
500  -8.432630  37.338070   19.183115  0.245041  4.904857       5.085431   1247.218628  228.144104  10.741092  3.352782  140.642792
501  -7.535112  42.421925   36.413261  0.334559  3.147774       5.967147   1038.459473  154.365585   9.716785  3.775184  194.841721
502 -10.156960  16.634417    1.428708  0.319582  2.444486       6.475048   1195.157593  172.724197  11.032578  3.229127  298.743835
503  -8.468374  32.898670   35.625332  0.306235  4.308768       6.399527    859.917786  181.167267   8.886616  2.767639  199.053909
504 -21.940765   8.466848   12.810468  0.299845  3.059566       6.909496   1109.810303  213.661072  10.070462  2.804275  161.590271
505 -11.708869  29.367842   25.909117  0.302607  4.596046       5.177833    880.167114  153.309097   8.617255  3.225008  298.689758
506  -6.448621  45.524673   61.888100  0.329202  1.316650       7.603339   1121.356934  199.434494  11.155230  1.267627  216.917358
507  -6.274132  17.522797    1.335222  0.329066  3.869167       5.719651   1281.783691  245.883316   8.606519  1.818766  148.295731
508 -17.095953  20.982752    8.157119  0.300199  4.427700       7.961529    736.854309  248.154800   7.584829  1.968392   92.247742
509  -0.105786  13.939815   11.342881  0.310924  3.664149       5.107886   1115.581421  249.180054  11.227225  2.284831  331.960480
510  -6.089462   9.035877   17.481144  0.271585  4.827359       6.405224   1179.237427  172.130127   8.983045  3.489536  160.604980
511  -5.148347  29.953730   37.372490  0.335855  2.593974       7.322301    988.147095  160.421829  10.311974  3.073300  239.297775