           lon        lat        inc      D1AU     delta  launch radius  launch speed    t factor       B1AU     gamma         vsw
0    32.389706  30.412664  24.089806  0.709840  1.373533       8.664924   1588.893311   73.703873   6.158719  3.440433  306.446106
1    33.411835  16.577070  26.898687  0.761472  3.165634       9.699574   1059.151855   92.974892   7.459825  2.465574  279.838501
2    30.076223  47.962135  19.425058  0.718054  3.252761       9.998782   1730.390991  161.738449   5.767412  3.662054  263.538239
3    26.307768  11.040527  23.124865  0.792590  3.439580       6.881415   1119.394775  142.235855   9.578570  3.644653  388.176788
4     6.779195  39.972492  37.211090  0.653374  4.087436       7.056816    755.900024   57.103119   5.121083  0.988776   70.714958
5    36.856384  23.789652  27.229572  0.670227  3.505061       8.350919   1466.111694    0.705912   5.866617  2.206185  312.336273
6    24.579933  35.713043  27.190922  0.684158  4.763075       7.287025   1651.059570  106.873199   6.930740  3.386053  338.096924
7    44.994747  22.015339  19.116661  0.783230  1.812977       8.396049   1232.085327   24.243301   5.565645  2.933357  672.183105
8    28.809904  38.431850  33.348412  0.760275  3.798850       7.158419   1023.244385  127.255424   5.570350  0.921034  387.431244
9    37.455204  43.559242  18.452845  0.610507  3.944870      10.219932   1723.340332  166.541656   6.702222  2.692599  278.555054
10   44.704575  15.034616   2.869436  0.671632  1.292008      12.234982   1286.064697  216.584106   5.549789  3.353323  218.522232
11   31.917862  43.490845  16.278913  0.768101  2.344295      11.974260   1433.132568  243.610474   7.848870  1.796124  126.639832
12   31.925217  12.477129  17.095856  0.630657  3.999136       8.491693   1241.618408   35.216568   7.845587  2.796856  192.579727
13   18.293604  28.260019  49.043785  0.585983  1.947118       8.940174   1198.255493   54.532654   7.908479  1.975643   61.245190
14   40.871014  31.004025  19.173073  0.764394  3.190932       9.183371   1125.855591  138.851990   6.711339  3.632150  533.377136
15    0.625808  42.942226  43.239002  0.716927  3.857752       7.467430    893.468994  138.625504   7.226785  3.197802  190.517319
16   37.254433   5.178869   1.833307  0.659294  2.678295       6.261527   1564.140869   47.980026   6.236794  2.026887  197.095581
17   16.308599  15.192407  35.284157  0.691189  2.454772       7.835713    930.163208   63.013683   5.836040  3.049092  256.119141
18   12.381334  28.560013  38.473221  0.771262  1.796935       5.171690   1550.879639   27.632401   8.368749  2.570614  255.780090
19   20.541159  34.568535  22.776714  0.695358  4.202620       6.924347   1330.466431  181.195084   6.855212  1.690266   77.832153
20   44.003033  17.893553  21.892857  0.524114  3.399660      10.811851    860.472290  165.934265   6.413485  1.260457  146.008026
21   30.683535  41.550167  24.561113  0.723208  2.599661       5.435050   1854.957764  242.664215   5.188065  1.500873  211.234512
22    6.782070  47.845158  37.870274  0.661307  3.175260       7.453343   1606.577148  148.034134   6.044062  2.536291   76.370392
23   41.546715  -1.651270  16.932207  0.692408  4.570260      10.385262    877.363220   39.702274   7.491276  3.135393  281.112885
24    6.768353  46.098370  30.855066  0.718474  3.891281       8.580679    730.075745  185.056168   7.838421  1.857283   89.575745
25   20.312113  41.732033  22.558189  0.736482  4.402091       7.583128   1334.999268  143.814270   6.313938  3.334638  314.983429
26   25.867294  30.911524  41.953465  0.669508  2.098205       6.587817   1658.376587   27.856306   7.570969  2.375567  209.922134
27   12.917798  41.569141  35.144028  0.693023  4.209242       8.261036    844.034058  111.158272   8.119486  3.251873  305.444641
28   28.868639  35.703743  23.559526  0.695603  2.489161       7.154266   1924.557617  101.997986   6.486992  3.485978  262.517883
29   35.994324  14.169999  16.044777  0.619372  3.122714       7.526137   1390.229736   87.897369   7.282712  2.112761  198.405197
30   31.472506   9.623308  38.077614  0.633928  3.355344       9.265160    893.791931   36.075726   8.462143  3.517706  189.953049
31    8.360850  32.345242  26.425611  0.680714  4.804868       5.991208   1575.534424  189.083771   7.288681  3.232363  134.672348
32   16.360767  31.927433  20.674459  0.678339  2.955926       8.944478    826.642395   70.375427   5.182269  2.043299   79.408943
33   50.469757   7.087437   7.514363  0.755829  2.280037       8.617305   1048.574951   80.608406   5.269983  2.696790  575.043152
34   18.900215  45.587173  40.730034  0.727455  2.668869       9.750905   1212.023315    1.382413   5.080996  3.152574  363.857697
35   33.423397  15.213811  24.227163  0.518455  2.820477      10.552461    862.841309   76.096588   6.682809  2.041508   73.504440
36   31.098553  34.627037   7.517163  0.764141  1.993035      10.933082    964.199768   80.850174   6.327592  2.177959  170.747772
37   23.974304  10.873841  25.729826  0.751446  1.911660       8.689803    753.519226   50.259701   5.301071  1.413594  258.157593
38   27.054184  19.315235  35.861115  0.744080  4.102584       5.611018   1686.996948   42.015141   5.852165  3.664497  413.625824
39   15.906651  34.751537  40.773899  0.635050  4.630237       6.652722   1718.302734   39.850224   7.511542  3.664359  236.629395
40    9.457007  29.324760  37.864357  0.665744  4.043754       7.968560    719.598267   76.647583   6.737109  2.800245  283.893890
41   40.317848  38.994194  20.024296  0.745516  2.500601       9.229891   1496.159912   30.866644   6.149128  2.887386  530.197754
42   39.519440  30.597534   3.591341  0.742449  2.561425      10.494199    987.621887  105.100685   6.811905  3.802426  378.618500
43   38.283417  24.632252  25.340998  0.518431  1.830255      12.892716   1139.690430  173.205795   6.075530  2.463622  129.808624
44   36.393650  18.935236  10.098731  0.716652  4.437342       6.914146   1267.025879  144.651413   7.370852  0.946817   71.382576
45   17.205393  18.549852  26.580824  0.687488  4.538462       6.848680   1379.757446  131.238571   6.009491  3.174083  254.069992
46   25.004053  25.568783  29.711704  0.610489  3.650234       6.747145   1658.316895  213.296570   5.385530  3.358998  182.491653
47   30.178553  20.831997  20.678070  0.664043  3.984725       5.125954   1740.734985  154.813553   7.320847  1.374805  108.701431
48    5.093265  49.630085  38.998787  0.743088  4.452333       5.986520   1804.378540   67.416916   6.003948  1.879392   74.224182
49   34.512135   8.862733  15.662967  0.699104  3.731583       8.350912    882.791016   40.944107   5.850893  1.912477  206.899048
50   27.101936  42.546211  11.251061  0.757969  4.682962       9.636488    807.667542  110.217224   6.861033  3.545129  346.257568
51   29.355936  31.697578  19.563723  0.748971  2.368081       6.515673   1901.400879   72.248085   7.516882  2.896205  269.837708
52   28.497644  40.603485  16.195826  0.582122  3.620467      10.976126    881.828430   64.210899   6.255948  3.243472  156.054153
53   29.857397  46.874454  14.999253  0.756669  3.513741       5.828525   1695.698608  109.115112   6.618099  1.660347  246.278854
54   18.883478  36.486744  23.421314  0.684082  4.625564       8.348108   1619.397217  210.675781   7.879890  3.488429  196.724060
55   35.779312  15.553088   7.454964  0.740619  4.735566       7.673378    910.396423  115.267380   5.393024  1.137916  249.684326
56   40.453995  20.246565  30.867720  0.530387  2.467853      12.090240    893.844116   17.735001   7.310410  2.752566  169.111816
57   21.550678  31.395657  25.380568  0.749652  4.872485       7.166545    810.122742   64.532097   5.237143  3.204251  431.979004
58    5.082129  41.396324  45.880966  0.744312  2.959369       7.936053    853.013184  103.116371   7.885107  3.805797  290.940735
59   26.345821  -4.996763  25.614161  0.781228  3.252886       5.970599   1745.697144   50.942917   6.546682  3.943245  305.535828
60   24.858860  39.101501  14.407148  0.799937  2.336980       8.418877   1325.081543  106.879311   7.205154  3.332986  245.527344
61   25.386162  38.693523  17.540573  0.786153  4.016621       8.125661   1214.592407  112.567642   6.237986  2.513876  340.233582
62   12.539502  47.218582  34.811710  0.585588  4.937599       8.021457    963.509521  167.617188   6.069296  1.661732   98.415237
63   32.866127  33.794876  27.034048  0.669591  4.908691       6.035961   1338.212769    7.336356   7.221241  1.511838  308.782227
64   13.969739  46.246830  38.357903  0.744116  2.449556      10.825678   1263.168091   96.116165   7.659804  2.100105   95.452759
65   18.260155  20.087498  27.766581  0.727623  4.003345       5.661208   1347.978516   43.557610   6.635388  2.733140  233.976059
66   29.236813  29.273018   4.973848  0.720492  4.032910       9.191004   1196.470947  139.839752   8.456730  3.310379  235.908066
67   20.464912  39.390976  39.484856  0.698684  4.142100       9.416542   1392.915161   99.255089   5.649230  3.229778  246.001831
68   43.833866  24.786343  19.571011  0.783592  4.025352       6.322948   1441.830444    8.755721   5.362202  2.469621  527.001221
69   16.324202  45.354660  18.755877  0.781399  4.068059       7.008775   1037.888062  101.927345   6.610765  3.961546  303.208832
70   29.936062  40.764412  28.809965  0.678721  1.844022      12.301506   1279.167480   51.588867   6.705045  3.459144  238.962830
71   33.313084  30.288260   0.060054  0.628947  3.507489       7.249477   1716.520508  173.811752   7.563280  2.617580  116.614632
72   40.954128   5.955080   1.559163  0.770004  4.249422       5.460169   1813.634033  102.183044   5.676932  2.912246  404.669464
73   31.824907  37.818356  13.818462  0.731218  2.653394       7.662068   1246.579468  128.546051   7.451174  1.547357  226.484573
74   42.184757   9.015872   3.255244  0.786385  2.217302       9.840431    825.511536  108.134224   8.357559  2.579475  430.092682
75   16.998676  29.539494  43.473896  0.679272  2.754606       6.713672   1557.023926   37.003304   8.683391  3.559088  301.249359
76   31.158669  40.043476  32.864597  0.617410  2.670945      12.108330   1281.017944  242.776978   5.786882  2.085360  182.584763
77   -4.532485  47.175079  46.133373  0.678129  3.560174       6.876223   1468.508301   70.720055   5.628993  2.745187   69.120735
78   27.603661  33.794399   7.236525  0.760833  3.857914       6.601671   1977.050415  188.904968   7.178706  3.139385  187.250504
79   31.006109  23.837318  31.821926  0.793703  3.959386       7.634429   1846.961914   67.298668   7.012743  2.659130  326.776123
80   27.499651  16.992870  25.818991  0.775985  3.394386       8.352632   1292.094727   67.173866   5.993796  2.247345  228.359344
81   18.501041  10.478511  30.340868  0.657234  3.618732       8.705116   1203.747314   25.502377   7.519681  3.836517  180.660278
82   35.432983  25.635536  13.211580  0.733319  4.707600       7.806201   1316.063599  150.324310   6.404668  1.848245  332.796295
83   18.226557  26.567808  42.325409  0.624349  2.703374       9.081944    950.267700   90.624123   8.913233  2.154684  169.835358
84   32.993126  31.086142  26.151266  0.516850  3.913869       7.059201   1710.970947  213.781433   7.048523  2.163153  162.426636
85   20.839529  30.069958  23.883905  0.739391  2.469818       7.774038   1579.771240   73.767097   7.381596  3.937768  298.524719
86    5.932201  39.717888  38.235073  0.737288  3.060959       6.151261   1086.854004  136.260101   8.664691  2.314669  206.310104
87   28.388660  31.143034   4.389299  0.638811  4.169672       7.748815   1045.176758  137.179947   8.448102  2.198244  151.083771
88   30.176128  29.927555  10.860140  0.670856  4.353882       7.348675   1062.582031  168.184525   5.361481  1.943562  191.948608
89   13.576832  41.556705  22.603563  0.719782  4.309511       7.587141   1048.417358  188.233749   7.910006  3.838945  218.742310
90   29.558403  23.013300  41.236847  0.756653  3.419448       7.013484   1451.349731   49.825497   7.961764  2.833385  361.275208
91   33.050583  26.173548  18.937317  0.727648  4.034440       6.567810   1449.497437  197.806839   6.550049  3.945191  361.885193
92   32.143761  16.352461   5.416183  0.690110  1.357129       7.883031   1977.730225   51.407261   7.059826  3.675184  258.124054
93   23.256016  30.170042  17.131958  0.730959  4.544795       7.393581   1482.467529  100.414001   6.297945  3.702243  249.939987
94   33.967930  20.824654  17.518890  0.751658  3.312378       8.350066   1244.271484  194.131042   5.421659  3.291561  358.396912
95    3.234077  38.691135  37.706577  0.717969  4.270724       6.382580   1127.575439  134.426376   7.456494  1.705946   97.917191
96   41.847820   5.889845  16.026539  0.780867  4.796926       7.974048   1025.592163  121.566261   5.998732  2.258082  431.153198
97   27.661030  28.367979  18.391253  0.716035  4.239715       5.349984   1778.365967  143.991501   5.810029  3.052252  320.149109
98   39.974781  15.074945  19.045420  0.697157  4.049109      11.077901    780.662170   95.304741   5.096463  1.115135  222.112396
99   19.505005  33.584778  34.766567  0.625456  2.927746       9.372017   1637.000732   93.646088   7.262339  2.777512   83.541695
100  44.490570  26.685089  16.622442  0.699891  1.226495       8.700058   1563.891724  150.019135   7.062129  0.978026   98.396912
101   6.121534  45.437302  41.117477  0.735962  4.585174       5.238564   1325.183716  200.356094   7.853381  1.878735  187.672516
102  25.137388  20.109280  13.235058  0.612796  2.223133       6.292087   1398.134644  200.426453   7.308481  3.246554  233.596268
103  32.651718  27.880848  15.505887  0.746965  4.217894       5.199298   1976.477295  107.200073   6.241174  1.718561  226.373199
104  37.834030  29.395008  16.413742  0.657111  3.811171       9.640605   1134.241333   97.452599   6.482726  3.591437  384.220123
105  27.714298  38.606537  22.522295  0.673919  2.952589       9.654567   1532.844482  109.979774   6.850552  2.540559  184.999481
106  32.884907  19.904293  17.857061  0.631196  4.031055       8.743457   1458.505371  227.181885   6.140140  3.159325  193.885132
107  22.959898  32.098606  33.540382  0.561852  3.439461      11.585107    825.693237   21.712141   6.812033  2.811729  136.760468
108  20.626427  36.125549  35.194813  0.651663  2.578116       8.410792   1393.336792  124.304008   7.221033  1.815853   89.077377
109  17.872829  41.763084  41.538620  0.560056  3.805061       8.406003   1855.486450  124.138290   5.801802  2.755769  106.430702
110  14.798950  42.456902  31.095554  0.765137  3.014475       7.852495   1797.308228  197.746338   9.526881  3.681695  229.413788
111  28.423355   5.983048   6.962298  0.743074  1.452906       5.772690   1181.178223   16.937624   7.506000  0.905221  154.326950
112  28.807562  32.941593   8.785915  0.764362  4.882613       5.367271   1702.764771  135.692184   6.997543  2.151762  223.871796
113  17.079720  31.446035  42.340061  0.662730  3.555793       7.343508   1254.941772   72.084312   7.077395  1.527621  155.380951
114   5.121358  38.650852  43.901096  0.690967  3.218001       8.346306   1141.834717  138.645493   7.499788  2.646679  150.993530
115  27.271627  38.804237  21.543631  0.648935  4.187190       8.036424   1355.501221  227.063995   5.587698  1.881101  134.903458
116  19.740696  33.703075  15.220277  0.785862  3.887564       6.710709    847.061890  171.285995   7.050513  1.069866  109.825577
117  20.515480  20.354656   3.971569  0.668853  4.891879       5.688025   1606.533813  160.286530   7.390927  2.840240  191.453537
118  43.399426  24.860945  16.540743  0.711110  4.589366       8.783107   1038.681519   53.960155   5.546389  0.694832  151.292587
119  18.615177  40.240719   9.805899  0.761558  3.288965       7.549749    933.362427  152.867004   6.167111  2.738734  165.471329
120  34.272118  38.913967  25.246174  0.664927  4.661799       8.859960   1438.184570   89.147110   6.351527  2.122231  325.367889
121  34.287704  35.417755   4.002029  0.706808  4.416793       5.978791   1542.091675  142.905243   7.066920  2.885280  303.079193
122   9.162916  26.738825  36.704102  0.669473  4.778406       6.524678   1515.704956  204.575745   8.910501  2.456285  105.649040
123  19.148958  40.471588  47.810074  0.593587  4.725314       6.721076   1939.604492  114.512863   6.185592  2.988615  241.807999
124  21.351763  44.282616  27.380659  0.719343  4.541690       8.007937   1090.811401  153.639328   7.317804  2.343043  271.179169
125  26.753675  39.519058  14.622970  0.720639  4.306715       6.353192   1476.184814  152.405441   6.053491  1.560379  156.463943
126  34.488422  47.204910   9.929126  0.693988  3.454191      12.069348    976.076172  157.821945   5.001198  3.117469  233.403320
127  28.421427  44.611900  14.158903  0.779857  3.925067       7.805295   1272.738647  176.511749   7.990397  3.700416  298.540497
128  27.538996  46.006653  19.217979  0.747534  3.348644       9.942241    985.077820  207.930756   7.902418  3.750159  358.463196
129  36.169502  11.053299  14.225162  0.702688  4.140077       7.123456   1971.348022  201.192245   7.493330  3.842229  355.807709
130  36.474972  26.434374   4.193752  0.550955  2.991920      12.483765    829.783264   80.683548   6.792727  3.502375   84.700813
131  30.002687  42.160187  27.516420  0.743830  2.030836      13.472144    723.212830  100.087532   5.552433  0.696966  153.838043
132  17.374640  46.807865  27.496584  0.658063  3.102186       9.551002   1107.442383  205.658142   7.770977  2.270637   84.378639
133  24.893969  23.952278  24.189316  0.674417  3.290816       7.327877   1523.309692   92.444771   7.322583  3.060395  226.564392
134  32.811287  35.616138  21.725992  0.750465  2.312283      10.074840   1601.651489  149.975571   6.561002  3.170627  342.146881
135  31.921232  33.517551  34.355106  0.675522  1.302061       6.296325   1990.048462   59.817257   5.490855  1.631008  229.009872
136  42.649021  21.311712   6.116960  0.683559  2.084041       7.478423   1852.276367  138.568542   6.541693  1.955172  203.515259
137  17.787689  20.491295  32.454720  0.611683  2.803028       7.520885   1175.803955  104.063828   7.409403  2.840079  134.325150
138  30.148487   9.066955  17.600214  0.514474  2.045259       9.229407   1366.522705   65.538170   5.952626  3.238727  111.941177
139  39.211159  41.120499  24.855120  0.618120  2.096085      12.910813   1258.023193  152.546295   5.101677  1.245794  158.778809
140  21.214710   9.149464  14.334525  0.798032  3.873041       6.773030    839.152893   24.643431   5.222384  1.244263  312.602020
141  44.036701  28.374155  15.603516  0.694549  2.359043      13.480949   1138.117065   67.504463   6.728196  3.886788  389.228882
142   7.138966  37.390572  47.543564  0.712292  4.093102       7.210073   1359.652466  194.378784   8.719034  1.506485   58.788643
143  38.934593  41.453846  18.987766  0.752652  2.460716      13.059608   1819.400146  122.095840   7.844078  3.178388  357.622803
144  23.733175  42.279182  24.410145  0.710426  4.423757       9.313474    840.582458  224.748627   6.308801  2.988348  270.886108
145  25.519426  37.678257  18.728363  0.729391  2.618654      12.164457    954.343201  121.324677   8.059829  2.395267  112.169800
146  22.880968  30.704262  24.591389  0.756857  2.910719       5.771018   1706.993774  104.241707   6.870686  2.378928  230.194168
147  28.740631  20.558342  15.818431  0.738712  2.587787       9.341269    942.036316   33.377060   6.097372  1.939709  277.470520
148  33.308502  19.468121  13.274709  0.792823  3.217112       7.308681   1101.369873   92.696609   6.525465  1.593618  387.139465
149  21.874372  37.961414  36.097130  0.727293  2.735046       8.778371   1475.530029   85.861084   6.212844  2.408514  262.416229
150  -1.083902  26.449865  48.713436  0.793038  4.821344       5.681093    986.890137   55.983139   7.926616  2.741174  393.557037
151  32.020084  32.614918   5.345860  0.777013  3.338133       6.462185   1513.758179  106.949593   6.424742  2.139355  245.414001
152  41.697479  18.142225   9.038632  0.605973  4.395222       7.268490   1614.471313  195.630264   6.462210  2.847998  276.329163
153  38.864243  38.119610  22.772976  0.740913  2.084905       5.535213   1701.815186    8.101398   5.393260  1.870512  475.215576
154  15.816359  41.168449  32.873245  0.667958  4.115836       8.131282   1091.137573  233.806259   7.937794  2.974415  209.643143
155  47.043209   4.966993   3.654998  0.686461  3.922073       7.093687   1305.511841  172.263046   6.743728  1.353999  303.037292
156  32.005154  38.092205  11.601720  0.716310  3.303143       7.613042   1849.820190  144.324295   7.800069  3.918347  325.454803
157  30.892944  31.532221  18.875618  0.682697  2.132585       7.715863   1865.031494   87.265160   5.020070  2.376410  130.366089
158  33.735783  45.565277  29.565586  0.789756  1.906160      10.270060   1919.992920  151.696579   5.537571  3.241529  505.299896
159  43.529400  28.438808  38.155052  0.596334  4.585623      12.104448   1289.975464    4.521027   5.578169  1.638466  201.988037
160  26.009857  26.080551  46.849739  0.715211  1.977410       7.144048   1039.696899  100.112366   7.198392  2.273381  314.977600
161  38.451721  11.449063  16.803530  0.499067  1.040837      12.796399    942.734924  107.441635   6.589135  3.394038  103.241692
162  11.767536  39.377155  36.062572  0.660118  4.979846       7.162282   1041.812256  147.450272   6.472587  3.493111  240.422028
163  31.465384  28.730265  37.419456  0.767136  3.763264       8.617495   1514.626587  154.019989   6.042718  3.317698  343.273987
164  16.231838  36.328880  22.319523  0.632520  4.692445       7.927538   1589.134277  232.895950   8.385637  2.933050   75.647820
165  30.484753  19.857529  13.422576  0.704326  3.484366       6.834920   1215.401978   70.114929   7.617892  1.341057  166.344040
166  33.232243  25.491955  13.194223  0.679495  3.503621       5.005480   1312.554077   72.876503   6.828761  1.534745  236.106445
167  18.856409  20.905834  45.912300  0.750857  1.436508       8.738326    827.602661   25.222420   7.262053  3.440278  310.738251
168  29.906387  26.962175  29.046677  0.669609  2.214134       7.142921   1811.262817  154.736465   8.239734  1.586624   74.517136
169  33.060215  -6.353212  23.668159  0.769822  4.116109       7.991348    796.461060   84.181923   6.538310  1.036329  149.294083
170  26.654205  22.035425  43.988926  0.799020  4.682746       5.446644   1220.412720    4.690345   5.289697  3.012671  384.152771
171  24.892233  37.980186  20.750654  0.759187  2.150288      10.163050   1141.473877   96.747627   9.007992  2.823721  212.174011
172  37.330154  35.665775   9.790909  0.721006  2.799786       7.519746   1495.456421  182.753860   6.252937  2.412080  269.336639
173  15.775979  37.051987  26.329950  0.657911  3.466931       8.545968   1645.254517   70.892090   5.219211  3.108452  136.378159
174  24.790014  32.459583  27.511097  0.692005  2.394673       8.019967   1420.302124   81.241455   6.075298  3.232782  283.772888
175  17.426695  27.985056  20.444212  0.540869  3.959560       8.981735   1055.235596  186.620880   9.077643  3.758477   75.928680
176  28.098753  38.728142  17.322348  0.784876  3.642578       8.379020   1005.558960   90.324417   5.224000  1.682095  273.094116
177  26.920956  32.767277  18.410034  0.684369  2.716089       7.431983   1451.266357   94.942101   6.044965  1.665373  140.581253
178  22.627489  30.808924  25.628250  0.738756  3.971074       6.461695    985.382812   88.096848   6.827368  1.453821  258.322998
179  21.056427  39.041286  22.370621  0.758589  4.552023       7.036047   1617.647949  138.157639   7.795014  2.096573  182.074341
180  45.204597  11.227424   7.601608  0.746671  1.734525       9.767676    801.054993   46.958134   5.025226  2.303413  445.411469
181  14.552638  44.549019  30.895061  0.735241  2.885623      10.384221    959.033936  116.785606   7.558266  3.447042  250.514618
182  34.000023  25.130268  23.370972  0.676309  2.660473      11.105000   1214.887085  181.953796   5.579156  3.523724  296.206085
183  26.321821  31.563049  25.126520  0.664627  3.999521       7.898811   1328.541626  159.962585   7.041948  2.017177  132.996918
184   8.985114  36.672798  26.617371  0.735715  4.289788       5.616530   1242.462524   69.360710   5.852109  2.693029  188.033783
185  14.055257  39.535812  45.279545  0.565258  2.601360       9.993793   1266.187134   26.292749   6.031280  3.198292   95.525925
186  35.598969  14.049573  42.177753  0.666888  2.441973       8.774560   1155.687500    5.877024   6.245322  3.766598  261.878296
187  34.364414  27.161989  31.733419  0.677836  4.380789      10.298576   1222.082642   81.881752   6.926545  2.532969  294.164154
188  29.868933  33.276485  12.217668  0.744215  3.847527       8.174837    829.730774  192.008087   5.770123  3.048360  410.184296
189  11.544982  -1.594111  22.651134  0.550048  3.149493       6.086867   1330.801270   20.655296   6.924358  2.365212   58.819271
190  14.945244  34.991783  36.233181  0.600811  3.882537      10.805940    842.139221   98.902473   5.553293  3.305816  108.741165
191  33.207466  28.070240  14.246943  0.722304  3.390329       8.646230    926.162109   46.725620   5.618365  1.491468  325.156799
192  38.562992  24.010977   2.571045  0.727588  1.981619       9.349539   1944.572266  139.060501   5.995234  2.975934  190.668381
193  25.025146  37.460979  20.248798  0.697555  3.775123       9.905242   1537.836304  187.299835   6.137537  2.900752  130.752701
194  30.979342  35.389595  24.601784  0.619874  3.334635      10.456428   1137.915283  229.665970   8.226775  3.933177  262.185516
195  36.467850  32.125713   8.114540  0.484457  3.826490      13.934340    826.572327  165.302811   6.008746  3.000467   50.759331
196  25.063652  48.679787  30.299654  0.743004  2.846103      11.709108   1367.195557  168.549210   5.655751  3.548267  289.837860
197  37.212589  27.261820  23.083017  0.749777  3.176308       8.475989   1412.029053  112.901596   5.828104  1.566891  327.990814
198  -0.808356  31.127756  38.096485  0.752879  4.562729       6.300443   1427.953125  129.930161   6.786013  3.465164  181.207901
199  36.298744  14.758596   0.536469  0.758230  3.190942      10.868849    794.827698  160.299149   9.504018  1.358679  228.969864
200  30.530579  18.121674  19.793926  0.775400  2.734013       6.805548   1347.455811   58.106133   8.311016  2.619653  355.336426
201  15.428266  42.349201  39.683769  0.669738  4.395459       9.386105    858.144714   97.538795   6.139928  1.511019  166.222275
202  33.394318  38.962330  18.085802  0.773667  3.404388       8.209174   1654.475098  118.798141   7.236111  2.629116  408.880646
203  37.772011  31.095881   8.442022  0.725672  3.375630       8.004168   1253.913208   75.227356   5.141853  2.901525  347.858429
204   7.346814  37.215538  37.926422  0.679296  3.837817       6.279863   1478.523071  205.608047   6.835910  2.985114  135.135361
205  33.837486  40.060307  28.069275  0.764009  2.788143       7.748513   1508.616943   31.238081   5.496884  3.977515  609.613281
206  17.797802  35.945454  38.464920  0.561226  2.914966      10.097498   1344.284912  152.727142   7.155028  2.692139   63.130520
207  28.575317  36.026913   9.947687  0.707361  4.784282       5.917409   1362.281738  220.948166   7.269988  2.768167  225.947281
208  42.441784  18.041630  18.218786  0.637760  2.472879       6.255105   1925.469238  120.947144   8.151155  1.699070  165.805267
209  40.641090  13.708498  17.816067  0.680706  1.505939       9.438903   1711.934204   97.547241   6.625581  3.453690  350.778748
210  27.727249  39.971275  31.078753  0.711316  4.317975       8.870590   1068.884766  100.749329   5.307169  2.415740  442.331696
211  36.375687  -0.636573  11.333940  0.773583  3.166590       7.045268   1038.175903   19.067150   5.759703  1.883229  342.534271
212  22.987341  34.734756  38.836815  0.603573  2.733780       9.404720   1669.103271  117.103584   5.789079  3.069535  174.066544
213  33.134464  26.107609  47.558662  0.750996  1.914902       8.679348   1876.959839   20.274664   5.357060  2.642033  236.239151
214  10.464948  29.799458  21.326591  0.597864  4.137323       5.620221   1480.620117  171.762726   8.841973  3.873880  173.573685
215  29.627789 -18.070795   7.860475  0.695850  4.515186       5.222447   1589.352051  135.757355   6.520992  3.122830  261.372223
216  33.122654  46.036079   2.720830  0.786456  4.192945       6.105771   1727.996216  192.361740   6.262763  1.482706  118.226891
217  29.691349  26.954523  30.618002  0.682820  4.009580      10.998491   1040.302002   13.946005   7.449091  3.962006  286.121338
218   4.749623  43.661480  36.896984  0.770545  4.122460       5.369941   1102.331177   24.697048   6.113425  0.991748   96.313393
219  31.628666  36.857883  27.774841  0.785726  1.104721      13.100339   1072.881592  126.128510   7.244650  1.576139  181.990555
220  41.366966  29.296455  19.067747  0.662241  2.892948      11.069412   1277.684570  104.233208   7.211934  2.672059  284.922913
221  35.094925  23.053576  30.829748  0.688534  3.345085       7.780314    862.107971   47.403786   6.415961  0.575857  203.085266
222  43.221642  27.437471  10.886486  0.682567  1.971431       7.393257   1509.837158  135.907623   6.018872  1.065289  188.605484
223  38.376827  21.783089  15.394843  0.746170  2.640879       8.461936   1541.606323   31.712568   7.257414  3.858336  415.459686
224  10.640048  32.436317  48.836979  0.608503  1.642755       7.811704   1761.233276   80.265846   7.515045  3.582065  159.530121
225  40.618595  14.361764  10.395111  0.740056  2.004668      11.162413    742.606567  126.152130   5.662685  3.664461  426.350342
226  38.512611  27.593424   4.001491  0.633206  2.908705       7.505081   1299.833252  152.064819   7.677757  1.572948  148.901413
227  18.836447  38.125870  36.970657  0.756066  1.829519       8.792956   1249.484253  155.519714   5.678120  3.095381  308.084076
228  35.934761  11.388200  22.180210  0.649031  4.652578       9.065062   1227.511108  131.307800   6.195592  1.623913  141.160980
229  15.861758  48.112755  11.064030  0.785150  4.269199       6.455549    796.463623  193.800400   7.677069  1.684570   80.433632
230  31.499144  27.336876  25.903730  0.540538  1.391955      13.271013   1112.404419   81.672401   5.479168  3.790778  112.672935
231  31.456818  20.434189  27.339396  0.773101  1.650411       8.567557   1379.933105   26.518972   6.309309  2.317939  276.201660
232  16.708315  28.572453  43.937801  0.693442  3.805865       8.066865   1126.621582   93.461090   8.299237  2.172115  252.966125
233  30.822142  25.292274   3.980750  0.592915  3.449541       6.683370   1521.791382  148.235886   8.228524  2.289234   88.148628
234  17.493746  28.781712  28.871542  0.535701  3.856433       7.421796    972.996765  176.010071   7.817915  1.794872   56.036991
235  31.553526  39.197536   1.915290  0.756274  4.879348       8.102804   1029.691895  134.233307   7.080113  1.214268   87.785767
236  28.262115  36.369247  15.294523  0.709833  3.874092      10.072358    888.048218  160.779129   6.575712  2.549946  192.471085
237  22.933659  37.293354  25.234100  0.799985  1.961521       5.462015   1277.738892  148.939087   8.275219  2.172545  358.372894
238  24.727390  45.113468  21.575068  0.789328  2.688252      11.281044    968.443054  174.732376   6.740519  2.672342  293.913696
239  28.414610  13.337709  16.326126  0.627168  3.940313      10.371963    882.384399   78.103271   7.245476  2.217719  174.701630
240  38.384922  21.691677  11.036380  0.559204  3.891017      10.289907   1744.594238  157.493500   7.263074  2.559473  125.024323
241  14.482768  41.533714  37.610352  0.778935  3.399977       8.562077    977.676270   83.524132   6.214944  1.811396  260.798401
242  13.934771  26.227901  17.782278  0.779116  4.892691       5.097204   1560.815796  229.145721   8.088804  2.443037  188.122253
243  22.099098  19.468153  32.369602  0.649239  3.902331      10.805688    761.132690   10.541130   7.161335  1.843504  116.436874
244  13.666545  48.545082  19.904778  0.729717  4.397148       6.723149    850.822449  225.693497   5.390589  1.811165   84.600540
245  21.382038  39.799980  14.664742  0.739321  4.423010       7.631686   1017.925171  218.409088   6.487238  2.285086  199.797913
246  33.605324  28.862385  23.257492  0.701754  2.718615       7.085011   1956.864136  104.961723   5.713223  2.717900  252.840225
247  32.507881  36.197773  15.962518  0.676888  2.999402       8.088852   1798.691040  142.857315   6.468013  3.138461  210.118607
248  21.891842  32.811459  43.036892  0.759748  4.268678       9.190620    737.864380  100.550850   6.624540  1.493062  285.266815
249  33.692146   9.683237  15.258596  0.725003  3.502710       6.928234    981.300781   35.209221   7.274868  3.074152  385.972961
250  23.437313  35.827404  36.058796  0.798720  4.446476       8.418883    791.639771  107.690796   6.206739  2.960339  591.764160
251  34.473988  32.506153   5.503579  0.712965  4.568625       8.774331   1341.694458   54.147778   7.155031  2.766840  281.929077
252  14.697411  26.137720  29.010836  0.660464  3.292585       6.925980   1484.468018  126.247543   6.595196  3.529267  167.484512
253  47.943607  29.837488  10.969515  0.765358  4.544086      10.070022   1104.292236  222.783890   5.830735  1.217636  616.783142
254  18.012178  27.393576  22.990131  0.673645  2.614998      10.401141    772.211182  135.445724   8.212326  3.492009  226.364960
255  29.142069  29.000059   5.522167  0.750831  4.924192       5.025140   1700.903687  145.472092   6.641670  1.999024  250.954178
256  33.808132  22.421204  23.498352  0.624441  3.108530       9.115535   1242.573364  121.007225   5.889829  2.094783  144.240158
257  30.661732  20.108410  18.040667  0.754391  4.791556       6.614841   1767.311035   47.127815   5.208759  1.254100   52.895889
258  16.272505  12.995543  15.564869  0.712826  3.099281       5.125747   1031.469360  177.634247   5.252408  1.058673  113.032471
259  30.602283  46.397007  15.610023  0.788656  4.026358      10.126618    880.553101  161.518738   6.576305  0.929633  251.387589
260  18.792097  41.904633  17.059259  0.763655  3.685246       7.672593   1137.134766  124.257416   7.078167  2.169226  187.587524
261  37.103283  20.259428  16.781414  0.471927  4.728710       9.143701   1861.909058  227.624268   8.292661  2.649816   84.273727
262  38.829231   7.680869  11.044309  0.707109  4.790212       6.671621   1720.834961  119.947083   9.403653  1.579464  138.925171
263  46.098534  27.558470  18.154325  0.637891  1.222542      11.211521   1710.184204   51.630390   6.558712  1.343980  191.178497
264  42.082916  16.959414   9.525976  0.698652  3.283166      10.564433    947.000366  177.436279   5.591746  0.638876  109.924484
265  -1.734412  41.673412  41.116817  0.792078  3.260478       5.599110    824.262512   61.121471   7.515640  1.980405  236.033142
266  15.181853  32.269753  22.411600  0.626407  3.300750       6.823465   1086.826294   73.627266   7.252521  1.848107   77.169403
267  14.911479  42.372116  35.574448  0.693221  2.254052      11.727363    728.289124  134.815506   7.174706  3.298346  189.385239
268   1.703851  44.475109  40.231865  0.772056  3.253829       5.605031   1112.752563   77.920998   6.121572  1.675620  142.898453
269  27.654514   4.896273  25.735456  0.659742  3.854381       7.493390    777.488770    7.511221   8.393149  1.085201  118.511620
270  22.640627  10.381301  13.822441  0.511805  3.822142       7.746132   1284.685791  131.513962   7.648365  2.987155   58.704838
271  24.906219   5.255553  32.314144  0.779676  2.467493       5.302632   1598.082886   28.863491   7.403951  3.663765  390.790497
272  33.206123  16.372032   7.600545  0.707169  2.089783       8.663311    903.276794  102.635399   6.555336  0.940816  123.576935
273  31.103189  42.603390  14.922843  0.692517  4.453344       8.379068   1243.525757  238.051880   5.193550  1.275457  136.479858
274  33.367085  23.027493  20.658031  0.674680  4.025149       6.038287   1359.115112  137.749176   8.529733  2.418348  366.037079
275   6.894176  13.976877  14.566391  0.700710  4.949800       5.853089    956.365662    7.791084   8.315379  3.718214  348.027893
276  19.787354  38.711674  27.766666  0.633292  3.593251       9.310375   1260.466553  167.398209   8.737646  1.742055   58.442871
277  16.981840  28.068102  44.318558  0.794443  1.446530       7.248333   1471.446289   10.706611   8.121802  2.738497  281.643433
278  42.697281  19.654541   0.457196  0.762929  4.021427       7.624233   1750.496582  179.209717   7.384723  2.007800  335.284790
279  38.391106  34.049053  28.600315  0.625432  1.687524      10.780659   1454.150024  100.546921   5.224732  3.494995  352.202301
280  28.446985  11.242620  46.165272  0.584671  4.233314       6.338496   1159.319946   50.014130   5.188912  2.236200  135.945328
281  28.298592  27.799093  32.786350  0.718353  2.357058       9.293414   1416.319580  117.956703   6.097260  2.382845  261.223389
282  38.458336   4.587306  17.196527  0.771462  4.621158       7.972819    852.589478   48.117519   5.118769  0.715863  289.256592
283  32.097572   3.213662   3.687655  0.797709  3.930877       8.092708   1365.219482  227.352890   7.810718  2.292016  258.828003
284  31.562834  28.179609  11.454966  0.736791  2.664979       6.585997   1775.727661   81.718155   9.198252  3.610380  304.545715
285  14.493242  21.988300  27.117847  0.720336  4.697734       8.583107    755.290222  154.610428   6.379857  2.001563  234.882858
286  16.412306  33.731834  24.347342  0.761519  4.416016       5.897623   1316.948975   23.528900   5.953042  2.814040  303.617462
287  45.578526  20.640545   8.998532  0.622259  3.546862      13.967596   1079.210449  148.657700   5.257313  3.006380  254.590149
288   4.084602  36.526321  42.589096  0.789189  2.062928       6.810264   1711.475586   84.066902   8.053520  3.323491  224.907135
289  20.694853  20.481607  49.593639  0.655715  1.544596       8.935802   1729.601440   36.431164   7.723286  3.955378  174.138748
290  16.064621  17.116323  35.211189  0.619937  4.927476       6.079208   1537.700806   98.614540   6.499685  3.429474  202.359650
291  36.352009  25.499102  18.763247  0.611613  4.704966       8.722170   1449.684692  195.127289   6.301569  1.593994  123.892128
292  30.377056   8.585461   6.246562  0.640057  4.962888       5.895644   1096.322876   46.866776   8.970265  1.536893  190.871674
293  25.614223  49.969204   3.113710  0.798486  4.128474       8.251777    864.215088  183.264679   5.216232  2.832089  181.611328
294  35.375740  37.321030  28.524261  0.657522  4.777634      11.049896   1411.031616  112.807716   5.004893  3.096903  298.104828
295 -11.318274  39.028545  48.421032  0.619446  4.529603       5.888647   1297.728638  216.901031   6.667981  3.508209   62.626766
296  39.830036  26.881069  30.995922  0.753218  4.686346       9.143588    954.846069   79.341896   7.246016  3.485878  491.486206
297  42.161171  17.524544  12.448215  0.693082  2.184592       9.620511   1693.833862  161.197876   6.767576  1.760128  213.873199
298  25.059381  47.739384  32.839977  0.756375  2.218097      10.700645   1382.446167  139.302032   5.466435  3.698258  338.753204
299  25.610979  14.017658  44.702576  0.703420  4.653314       6.754997   1495.102905    3.373441   8.158057  2.043538  205.587402
300  33.469303  21.166590  11.368161  0.733866  4.064086       6.096673   1778.141235  240.907745   8.213678  3.622169  343.905823
301   2.545461  45.981728  39.300327  0.735825  4.189802       9.590584    704.286316   89.831108   5.264437  2.493419  215.924362
302  27.167677  25.380302  31.144722  0.764697  2.800664       8.775625   1254.042358    8.811669   7.662567  3.606675  411.756897
303   7.720747  30.583549  42.394543  0.671558  2.634722       8.816990    713.286316   72.552917   6.903032  1.119160   75.209625
304  33.889751   4.353558  21.424940  0.545339  3.620851      10.080295    864.764343   97.622246   6.033086  2.859531  126.267349
305  -6.418452  36.079224  44.943127  0.710273  4.202878       7.663483   1145.480103  203.267792   6.914464  3.299489  147.643448
306  38.141987  19.133615  22.302883  0.661704  2.081624       9.797658   1054.604248  142.899872   7.293827  0.922966   58.823338
307  19.406897  29.897324  37.824158  0.694164  3.492071       5.433406   1623.525146   43.267956   6.066772  2.093757  160.757004
308 -10.984987  41.792725  47.650784  0.758552  4.590257       6.534252   1059.748169  161.644547   7.105907  3.166979  130.930923
309  32.481373   7.655746  16.507753  0.656184  3.280010       6.465634   1731.280762  125.316620   6.983146  2.966143  226.202271
310  33.477688  20.468163  15.358545  0.708367  2.607534      11.655977    730.031250   90.403313   5.663830  0.642293  111.170197
311  19.418291  25.056740  31.104515  0.721779  4.209736       8.568970   1146.813599  184.225876   7.867462  2.677071  190.772598
312  26.932575  24.420404  29.358603  0.785786  4.086629       7.474205    956.288574   97.154251   6.532309  2.273934  374.577240
313  21.365959  15.982688   7.092871  0.681133  3.865285       6.212977   1872.427734  206.434418   8.463320  3.892717  217.405426
314  12.746096  37.102997  34.613400  0.754037  4.388388       6.604273    750.511292   79.342964   8.091230  1.399377  257.777588
315  49.415447  22.060070   2.930476  0.716837  4.243034       8.552319   1845.203857  191.776566   5.050489  1.033254  171.221924
316  37.905529  35.791504   4.024279  0.715806  2.648094      12.220653   1359.004150  138.914902   5.228791  3.838405  212.397903
317  -1.846615  43.343079  41.742928  0.767301  4.581653       5.448517    821.049866  204.393051   7.312139  1.365385  122.106987
318  32.517139  45.994122  18.746803  0.728055  4.054467      12.126865   1185.886963  232.497803   7.199922  1.234517  141.778900
319  36.572540  28.692265  15.268466  0.630874  3.157002      12.022801   1036.828003  160.544205   6.343922  3.368925  280.446350
320  28.213230  38.871353  17.824776  0.702647  3.532876       6.522633   1073.629639  132.008560   7.303185  2.373253  358.659821
321  21.108829  30.655087  26.484941  0.631316  2.526223       8.723887    980.908875  156.478210   8.320879  2.296710  135.284027
322  32.288620  31.310402  21.036047  0.742949  2.112827       7.428843   1163.476074   47.971672   5.750300  1.666773  340.397034
323  10.565715  37.617657  46.670574  0.596278  4.137924       7.303176   1667.854980   64.485695   6.695209  1.946498   61.080498
324  25.304430  28.302700  28.576847  0.719056  3.419602       6.555328   1096.770752  156.758377   5.042513  1.847365  339.655060
325  22.337826  49.649494  19.090427  0.793915  3.273199       8.799831   1616.521118  162.279678   5.969940  3.153860  167.003647
326  38.635468  30.685503  16.511398  0.728367  3.137486       7.181344   1763.798584  103.738449   5.416589  2.492337  340.797089
327  32.483902  22.415012  11.848147  0.558350  1.973718      12.244584   1115.613403   76.102867   5.347507  3.506954   93.685669
328  24.712950  21.473387  16.533434  0.754623  4.795942       6.830648    765.796631   65.659142   5.758721  1.528087  335.328979
329  19.681290  39.045376  43.043297  0.679382  2.571486      10.479590    765.242432  100.315407   6.530493  2.537035  321.011322
330  12.684053  31.885509  20.936481  0.632930  4.659830       9.310090    723.717834   96.193336   7.038040  2.472748  117.729393
331   6.065663  31.455275  33.419621  0.739374  3.678621       7.654074   1033.241089  174.237534   9.152669  3.521366  203.264725
332  22.718351  39.222805  25.168068  0.689404  3.329522       7.467485   1450.282104  222.721649   6.847353  1.735029   93.746315
333  19.994493  30.600319  11.597795  0.705955  4.202310       5.249501   1230.933838   82.922668   7.044678  3.667974  286.244354
334  17.265713  25.507429  44.300766  0.658104  3.364249       6.120444   1824.754028  161.946915   7.259495  3.048960  196.979507
335  17.644341  34.416325  26.391262  0.651305  3.814581       8.288870    922.818481  106.486031   5.881345  1.507902  117.088226
336  14.201255  20.404501  36.024303  0.749305  2.086519       7.177562   1185.438110    3.147299   6.290935  3.377440  256.637634
337  27.367489  22.400309  11.491510  0.674518  3.321095       5.784566   1202.809814  101.549522   6.056060  1.385304  143.570114
338  15.054678  34.992874  44.479900  0.780060  3.747793       9.378514   1160.725708  145.190292   6.968275  3.418211  318.920227
339   9.429850  32.234291  32.785019  0.698824  4.557179       6.085887   1436.139526  134.432159   7.063047  2.688858  167.787109
340  36.530018  48.884441  17.349463  0.742388  2.773459      13.362605   1431.661499  240.310333   7.679269  1.521263  124.110039
341  36.267029  36.053516  12.829051  0.735974  3.292737       9.535082   1276.271362  154.597336   7.859087  3.268902  416.015839
342  29.938047  26.268940   3.070941  0.795343  4.131137       7.017428   1224.733521  163.199982   5.580661  2.422236  257.751709
343  36.159275  -0.469196   4.885342  0.644811  2.831995      11.476259    812.911621  198.183807   8.754079  3.383377  238.333328
344  47.568130   9.403077  10.628935  0.707285  2.810460      10.302520   1854.641235  177.768341   6.941490  3.362982  398.933685
345  19.653299  43.343449  42.264599  0.620768  4.082559      10.915915   1099.898926  216.693008   6.351952  1.503226   82.010201
346  29.905996 -20.924280   7.766128  0.781999  3.990912       5.651239   1441.462280   80.711830   7.017396  2.290401  251.479889
347  32.181263  36.926903  33.984005  0.743071  3.322805       8.606280   1297.237427   78.263023   7.139634  2.799266  461.697540
348  36.153641   3.438235  21.281755  0.504073  4.358590       7.453052   1697.044067   75.315369   6.120529  2.802587   71.877762
349  12.865221  30.970661  42.674923  0.669396  4.642969       5.524934   1297.813843  126.174721   9.607721  1.395403   81.382851
350  14.904586  22.187620  29.441221  0.617647  2.438781       5.806847   1650.053101   37.833832   9.547171  3.453393  205.876343
351  28.897867  40.655209  20.517378  0.631954  3.097580      13.524287    729.970886   96.800766   5.562320  2.873768  149.392258
352  27.839022   7.511293  23.562626  0.686050  3.542348       8.044266   1202.124878   97.110977   5.748550  2.818917  169.555634
353  -9.033785  37.215130  48.884846  0.706420  4.958525       7.109179   1044.875244  171.845108   6.190841  2.101383   66.140427
354  39.920555  26.230427  16.399599  0.749146  4.771879      11.154186   1127.373291  114.584908   6.413146  1.891552  365.478729
355  27.015497  23.216705  30.271446  0.701174  2.260751       7.753352   1158.703003   41.023521   7.629929  2.087570  301.108002
356  23.356527  31.094984  18.237268  0.686726  4.023322       8.624852    916.689697   82.023170   5.417997  3.681967  315.438873
357  29.883837  16.185387   8.619369  0.705035  2.035798       8.686081    756.979126   29.816870   6.924698  3.039336  376.943604
358  19.620634  26.921329  25.600218  0.786599  1.742464       8.307158    906.617371   91.112152   6.217434  2.865635  315.826660
359  16.145693  37.855648  32.679230  0.653102  2.872841      12.107340    912.982605   97.825226   6.369725  3.245372   93.909981
360  31.936371  37.162746  35.130123  0.729337  2.353185       9.304340   1971.017456   12.423865   5.773905  3.801738  438.469208
361  31.011831  49.374569  21.198431  0.790106  3.759909       9.045527   1490.040405  229.879608   7.180536  2.051114  311.139069
362  34.013363  34.043884  16.881533  0.718890  4.637050       9.053489   1296.486572  222.209091   6.200335  2.589732  348.756653
363  30.282215  38.489342   6.464364  0.798926  4.486002       5.838745    867.806763  128.283417   5.572026  0.749677  117.832092
364  38.838512  29.076927  18.612373  0.732332  2.052055      11.595907    885.528625  123.734253   6.845174  0.645807  174.862320
365  32.934155   0.646355  24.978621  0.515404  3.233909      10.359824   1466.487549   35.214619   5.166960  3.865953   74.618866
366  17.622051  42.221813  32.499954  0.558335  4.487798       9.329983   1647.121094  203.613464   5.932114  2.677879   65.922592
367  31.207699  32.353828  28.079166  0.719480  4.977124       8.668562   1618.657959   18.411991   5.497354  2.247415  338.164886
368  25.938772  31.274250  16.116798  0.554149  4.040860      10.694818   1226.553711  188.193863   8.274636  3.446857   87.298828
369  35.672596  44.460236  30.272278  0.664351  2.378748       9.989344   1840.662231  214.109146   5.870012  1.310302  240.246170
370  26.301941  17.706659  13.467694  0.572457  3.432770       9.126536   1208.066528  231.289322   8.020300  3.280154  137.933136
371  26.163393  25.143301  20.948439  0.752574  3.215225       6.637102   1762.725708   90.137764   8.490040  3.157755  296.344421
372  35.372726  -6.540853   2.272230  0.772359  2.701573       6.793174   1402.143066   40.044613   5.913905  3.181763  387.773743
373  30.004755  21.235529  21.214258  0.726644  3.038458       7.940338   1935.005615  145.489792   6.890777  3.806114  282.725403
374  25.664618  27.136454   4.670022  0.586687  4.573681       7.232328   1716.038452  210.018799   6.775622  2.370161   50.567921
375  41.054722   9.715540   9.238754  0.678863  1.661905       8.356782   1077.444824  149.486511   6.193183  0.735499   51.457039
376  28.966854  -2.794488   1.413773  0.727168  2.387961       7.193697    866.599487   78.945763   7.301008  1.750169  277.582092
377  30.370346  46.095997  36.286907  0.669583  2.955197      10.198190   1492.524902   63.840229   5.915429  2.873335  332.201874
378  28.697973  -0.535715  15.667624  0.635918  3.251550       8.266353   1211.196045  155.771866   7.342739  2.910036  206.747025
379  34.183872  23.262121   2.108041  0.697897  4.648766      10.726501    774.873047  115.498421   6.795949  2.767856  197.676025
380  13.968716  28.295691  36.781807  0.642804  4.012817       8.079471   1085.513306  168.813278   6.475758  2.544079  138.342499
381  22.551056  36.804092  21.108976  0.684398  3.101645       5.761852   1959.987427   95.545067   7.589474  3.033300  191.865204
382  14.864116  43.235577  22.756605  0.679552  3.824553       9.792257    999.962524  139.666092   5.686005  2.606196   65.704468
383   8.708925  32.318264  36.711098  0.689440  4.692801       5.480825   1342.814575   48.261242   6.239440  3.603414  270.327576
384  24.536976  29.856783  14.189970  0.749565  4.958737       8.393173    837.043579   69.210037   6.099772  2.123403  209.224991
385  28.899801  46.095615   8.641315  0.697942  4.265434       8.608460   1869.532471  230.011337   5.666579  2.696408   58.183800
386  36.561340  38.451328  34.479458  0.675719  1.469217      12.003363   1294.424805   43.828724   6.577465  3.729783  501.820007
387   2.976506  42.359352  38.028950  0.634135  3.118256       8.937327   1115.087280  153.841949   9.581669  2.962163   54.352783
388  27.083193  20.686600   6.201597  0.763097  4.688667       9.765691    779.983704  170.538895   6.860519  3.287888  296.552338
389  27.021015  30.114077  36.052021  0.644392  4.491668       6.615747   1773.642212  192.561203   5.795400  2.522836  261.374847
390   1.169461  37.003685  40.023571  0.744496  4.311232       7.060272    744.409668  222.084717   7.738214  3.012320  221.559189
391  44.828590   8.721045  17.567820  0.789476  4.229022       8.534939   1348.603149   86.554123   6.764517  0.826304  132.216125
392  23.367128  29.648708  33.834339  0.734705  3.590832       9.254698   1112.799683  159.427475   8.526314  2.201766  274.442627
393  18.993912  22.530975  21.068409  0.725952  3.413446       7.727213   1159.869873   22.957211   5.476748  1.473700   88.791740
394  35.533707  18.152718   9.934833  0.704664  2.138325       8.656624   1312.164673   88.096214   5.680243  3.045358  355.363983
395  31.362364  32.747715  21.109600  0.714044  3.091105       7.883276   1520.921631  208.361389   7.759509  3.678950  305.303192
396  11.212617  26.889826  15.875725  0.738210  4.931915       8.368548    881.226196  236.503220  10.243607  3.753239  202.866684
397  38.347549  25.792980   6.489953  0.520758  3.158067      12.050960   1818.718628  234.974548   7.543043  3.922400   65.096642
398  13.647439  40.098942  42.913078  0.797971  3.351765       7.691997   1590.368408    0.887689   8.048948  3.735742  408.994781
399  32.903019  32.007378  27.507975  0.615826  3.427332       9.933997   1334.383667  220.446823   7.094387  1.451296   79.510681
400  18.924597   2.310364  33.755825  0.692462  1.079999       5.789587   1552.764648   30.942112   5.722801  3.450913  190.372238
401  32.392784  39.209255  29.496401  0.651471  4.700037      10.008381   1810.870239   84.210312   6.828529  3.818550  378.871033
402  19.232304   5.235892  10.846066  0.787868  4.539315       5.421803   1016.622131   42.070412   7.042423  1.193824  285.089508
403  18.255671  38.359238  30.279799  0.793926  3.454762       5.507758   1519.298584  121.236740   5.387113  3.838381  410.426788
404  48.440624  23.635777   9.340653  0.740160  1.378321      12.617798   1491.338989   78.335930   6.026999  3.638823  464.963837
405  16.925581  47.553371  16.538971  0.797876  4.077781       5.996040   1073.827881  248.867828   8.114058  3.115187  267.432159
406  28.433527  26.148415  15.961687  0.695690  4.162025      10.053173    731.648560  221.791031   6.796164  3.352879  333.439545
407  15.840469  41.439392  28.825142  0.690258  3.427601       6.561115   1497.335938  146.828125   6.101233  2.862970  191.388687
408  36.665482  12.384768   3.653578  0.789716  2.531348       8.891145   1183.148560   23.924480   5.571988  2.676498  403.037354
409   5.070267  21.208500  40.401154  0.730918  2.886563       6.581131   1092.420288  106.362053   7.686073  1.309128   89.719055
410  23.808704  20.139111  25.427013  0.729431  3.999892       6.555611   1719.882446   83.114326   6.815238  1.863405  145.120956
411  13.209736  37.317860  37.476967  0.753584  4.328892       8.843984    826.493286  142.568710   5.242620  2.496588  259.642639
412  15.941987  35.212605  43.948868  0.623287  1.905678      11.256523    821.509338   39.637154   6.597036  3.477582  177.880417
413  23.868824  48.856506  31.724562  0.692577  4.914528      12.509474    870.470154   67.475342   5.314617  3.381057  329.472961
414   8.787331  25.879667  34.277317  0.576065  4.062968       6.918662   1248.395386  151.381958   5.479066  2.492084   79.945786
415  28.569799  25.508926  38.051430  0.588952  2.823293       8.985165   1730.820435  110.994774   6.960744  3.820670  178.353683
416  30.447918  18.908783   6.935775  0.784027  3.762218       5.289476   1719.509277  211.077682   8.203741  3.792691  399.636627
417  26.414537  22.559643  16.218040  0.722773  2.900653       7.095542   1749.658081   93.216911   5.963809  3.204644  273.220642
418  36.960812  11.901175  11.187998  0.677026  3.546677       7.104556   1244.814087  101.853142   6.679889  1.823933  198.845444
419  31.746408  29.072933  34.658150  0.766598  2.268190       8.361288   1414.672363  103.371147   7.370685  2.242301  354.448578
420  44.317432   8.434455   9.502788  0.624356  4.625555       9.225212    906.096802   56.424946   6.195322  0.809220  177.737900
421  30.121670  35.213554  20.625387  0.739688  4.395135       6.873905   1733.681030   91.917877   5.426561  3.481179  406.993652
422  39.216595  40.510853   9.432519  0.737676  2.652341      12.848755   1837.696411  244.867294   6.099941  3.294657  189.150772
423  44.186802  20.501732   7.086617  0.740031  1.047571       9.346360   1512.870605   80.487152   7.015471  1.248775  197.221527
424  30.478094  43.158825  14.703364  0.784945  3.273444       9.154556    945.252014  161.400009   5.430168  1.798312  267.392456
425  41.868473  33.643131  22.361219  0.768353  1.554540      11.941922   1339.431885   89.374741   5.014528  1.735736  360.567505
426   5.399237  45.317909  29.217642  0.746366  4.645319       7.586943    989.705261  247.499451   6.744748  2.889054  195.861725
427  35.655518  13.132980  41.105083  0.687386  3.830775      10.220823    702.402527    0.298659   6.963816  1.666232  224.301804
428  34.662712   6.888825  10.971589  0.705634  4.348958      10.010108    984.539734  112.597282   5.391744  2.258013  211.143402
429  20.706268  33.955372  24.918484  0.616851  4.207049       8.670414    885.207092  154.963303   5.283602  2.178847  177.395126
430  11.390924  29.410858  29.195311  0.687916  4.023940       5.602915    972.387390  158.234467   8.392740  2.595387  273.679413
431  38.965725  30.390255  24.601963  0.783004  2.016248       8.114840   1496.659668  161.977890   7.962626  1.942360  421.801697
432   8.900038  35.922661  23.604187  0.784643  4.642375       7.248578    812.025024   26.717104   5.043155  1.120770  158.853287
433  45.283722  30.228714  19.395973  0.582960  2.895424      13.912056    990.082336  125.403625   5.822520  3.554430  359.162018
434  36.043583  20.469204   3.589909  0.554162  2.097645       9.381007   1820.559814  223.436340   8.329442  3.632424  123.022171
435  45.685078  -1.230871  27.025574  0.726688  3.249406       5.387304   1740.764404  109.826630   6.656684  1.275947  103.627754
436  28.827469  17.099373  33.076660  0.564710  4.219217      10.286346   1197.625854  106.784096   5.883162  3.873489  189.232452
437  35.062443  -5.058336   8.066222  0.693436  3.137319       7.203631   1926.816528   95.541344   5.719411  3.589916  287.538483
438  22.311785  36.098774  35.837860  0.745117  2.910384       7.198229   1735.999634   30.560331   5.170233  3.703218  339.425171
439  18.771877  29.085243  33.718121  0.633069  3.846079       5.578505   1873.671875  223.556396   6.860307  2.945405  207.493454
440  32.947300  -8.709409  15.602689  0.603199  4.705001       8.820173    965.661316   89.593712   5.010686  3.812095  198.128525
441  36.492455  23.586412  12.964258  0.669800  3.117474       9.580996   1265.552246   91.768913   6.785464  2.851803  322.516174
442  28.126867  17.219357  14.190804  0.658230  2.004189       9.216327    876.025574  209.325104   9.900201  2.246338  144.807739
443  37.910873  37.380627  25.431370  0.604297  2.771532      11.579651   1217.455444  222.787842   9.222106  1.088266   61.349506
444   8.818710  32.570557  28.331318  0.719974  4.200215       7.348795   1125.400391  137.122604   5.445487  3.151728  162.487823
445  20.049999  36.621960  37.299667  0.667610  4.699191       5.262891   1381.655151  161.680542   5.067968  2.332363  317.489838
446  26.839056  28.797661  12.736098  0.609719  3.853460       6.340007   1644.902588   29.729298   5.227852  3.333612  207.397812
447  37.788548  31.251154  28.631126  0.689847  4.887225       8.300970   1486.389771  119.183037   5.956633  2.542638  380.260132
448  20.442146  33.371311  17.035006  0.647712  3.562001       8.068444   1774.775879  133.786835   7.018620  3.881198  111.665817
449  33.606079  30.421638  28.039749  0.559921  1.304832      12.110323   1260.273438  100.666069   7.550526  2.778384  159.918884
450  34.482281   6.798487  25.425659  0.594338  3.357126       7.548374   1447.914673   52.406483   6.841830  3.754310  189.916626
451  31.368187  25.983690  29.675987  0.714341  2.680964       7.467837    942.514465   95.990562   8.049888  1.333440  333.224762
452  43.569916  23.250828  23.724701  0.631345  4.361330       9.446864   1088.285156   55.109325   5.173838  3.330341  427.338623
453   7.177867  43.733757  42.174877  0.779229  2.148977       6.308139   1872.427490   88.317871   7.612771  2.561680  212.676071
454  36.641155  35.802746  36.825817  0.654954  3.415671      12.426289   1256.701294   98.575142   5.085541  1.571313  185.869034
455  29.575647  11.039525  23.425938  0.615705  3.697201       6.402057   1732.414185  134.699539   6.995790  2.932572  199.113083
456  25.732674  20.978794  36.470955  0.685730  3.430961       7.615587    970.821960   98.774818   5.929609  2.425857  293.009491
457  29.174953  32.907520  40.528378  0.686477  4.875464      10.672907    881.831665   40.684559   6.025146  2.022568  315.209015
458  15.207036  48.384823  39.177631  0.781483  4.809784       9.699603    998.807068    3.950028   6.245782  2.378327  312.705414
459  29.227957  38.997238  17.256662  0.767791  4.717027       7.996517   1425.624878  228.440842   6.075068  2.425648  270.416199
460  21.711683  28.403688  29.095806  0.608685  1.542187       8.916443   1351.153687   37.515926   7.803113  2.780015   83.897430
461  34.756783  13.888369  20.665413  0.683545  3.276642       8.459886    957.231262  103.016251   6.036170  2.267772  306.370697
462  25.972794  37.865227  31.346821  0.579925  4.731825       9.053518   1358.096924  111.570641   8.356803  2.897537  183.438553
463  20.623655  29.715288  36.599457  0.734404  4.905910       5.950553   1634.599487   75.020699   7.591220  1.586576  163.508148
464  28.260963  41.155464   0.926434  0.772652  3.694295       8.147017    813.590881  213.299179   6.563647  2.347338  144.309402
465   8.803568  38.501759  40.474003  0.680087  4.110610       6.757861   1482.611328  204.488602   8.040586  2.695070  165.465652
466  25.153307   3.714301  29.159365  0.740332  2.121779       5.416250    977.799316   29.232779   8.635245  1.294128  220.666077
467  27.897755  -1.498051   3.880088  0.777881  1.429864       7.268623   1214.969238   58.187027   6.422767  2.725998  346.177155
468  29.536047  48.561504  27.578001  0.738559  3.952424       8.320414   1507.157959   90.921379   6.152496  1.435937  358.910339
469  21.448915  37.191719  23.208414  0.777081  4.009260       8.016110    928.728516   72.439087   6.272228  3.025316  345.983398
470  29.092928  46.071659  34.341499  0.760366  3.187971      11.848495   1110.149536   27.704020   5.413681  1.685128  398.034149
471  13.745121  33.385674  37.094173  0.769319  1.290864       6.372908   1576.995605   37.040730   8.997656  3.195249  297.459259
472  32.554714  22.580626  22.200674  0.799523  4.463548       6.440157   1576.139404  112.162003   8.131586  3.516912  456.778381
473  20.089876  10.774896  11.379267  0.668689  4.660966       5.239021   1409.690796  166.845200   7.470634  2.727167  215.220490
474  20.262114  32.280483   6.500839  0.755273  3.457847       5.426279   1249.678589  240.534882   6.005140  3.772235  256.864471
475  34.070839  30.501965  23.505671  0.684376  2.777899       8.977453   1411.868896   79.643303   7.111248  1.222431   66.408485
476   7.837769  34.329197  36.806690  0.698799  4.003041       6.373699    983.145630  116.291573   6.695728  3.718914  284.154968
477  28.495129  36.185146  14.837377  0.799791  3.837662       7.766590   1397.305420  102.098145   6.538615  1.220152  105.995430
478  39.324383  20.187166  27.312599  0.613395  2.779263      13.066788    953.495972   87.473442   6.940141  2.098232  124.926926
479   8.860824  45.399944  30.808640  0.796201  3.146268       6.440041   1703.096069  120.548416   6.993812  3.473497  214.618729
480  20.947491  38.986996  33.703110  0.650501  3.477313      11.234586   1157.761353  243.144073   6.932075  2.823853  127.334625
481  50.526665  17.503801  12.643604  0.717346  1.761608      11.116130   1088.835205   29.998642   6.379655  1.272932  405.665161
482  31.402792  36.754105  37.852631  0.599469  1.964924      11.117404    947.771729   97.175476   6.841410  1.381275  153.270416
483  31.559799  19.057890   8.981818  0.782538  4.543001      10.242455    703.024719  134.981552   8.216816  1.660814  307.045898
484  15.628927  35.940083  39.828350  0.582775  4.758663      10.077525    908.175171  182.172974   6.608641  2.789968  175.276230
485  31.561176  24.518665  33.411171  0.742580  1.433154       9.305241   1166.397705   16.224684   8.772469  3.487203  382.807251
486  40.113766  43.212994   2.914388  0.798545  3.899673      11.516186    937.512512  167.416748   5.504230  1.026805  292.306274
487  24.988665  34.812725  36.271038  0.768797  2.579155       8.968926   1588.560425   77.672195   7.275708  2.563823  297.916016
488  37.932224   5.936361  20.906174  0.575635  3.580956       6.398911   1467.530518  188.585388   7.708748  1.989306  137.195099
489  21.694668  40.669281  21.057867  0.770991  4.288685       9.367786    739.607544  176.430496   5.517231  0.477095   63.118221
490  43.562778  24.028120  30.470856  0.776175  4.782201       8.518950   1643.108154  190.976257   6.760990  3.910216  574.727966
491  38.261047  32.907127   0.759959  0.750223  4.401519       7.983402   1599.029663  228.992035   5.621363  1.811461  179.908752
492  41.361965  31.332390   3.185375  0.768487  2.915156       8.260266   1091.782104   81.471634   5.564448  3.002530  480.851105
493  13.132344  44.449375  39.755280  0.702437  2.706415      10.165422   1821.471436   23.829988   5.669319  3.818523  158.328690
494   6.851066  42.232880  40.669262  0.608357  4.997003       5.959237   1334.417847  164.514954   6.010706  3.421927  233.785858
495  33.599468  26.157064  26.657642  0.765066  3.873169      10.464011    797.760376   21.250612   8.119389  1.578585  416.251373
496  16.678493  29.256775  21.151741  0.709304  3.356588       7.062391   1275.292969   21.331799   6.982986  1.503720   73.640869
497  31.929934  25.153839  14.553047  0.727848  1.230585       9.554492   1263.597534   82.900482   5.834749  3.288550  292.102600
498  34.777485  32.063370  21.080776  0.717453  2.456445      11.825556    906.857605   72.227318   5.873723  1.532640  259.079987
499  10.853027  25.740993  18.943537  0.628102  4.297277       6.365134   1206.771606  131.599243   6.575153  2.949552  127.844810
500  21.990664  34.809589   9.655491  0.684498  4.300599       7.670898   1018.499207   64.068840   5.519377  2.664808  189.915146
501  13.902568  32.908085  46.213268  0.528776  2.786719       9.186977   1415.417236    3.447183   8.613558  3.495759  132.657928
502  32.106781  29.503231  10.704114  0.655101  2.953144       7.504554   1524.068359  205.092285   5.899178  2.960366  223.940460
503  27.327240  36.700874  44.135166  0.634116  3.702463      10.382461    848.172791  125.376007   6.439137  2.226520  245.316940
504  22.144306  32.617691  12.083100  0.750599  3.843453       6.873065    888.148010  142.746155   7.499879  3.205220  291.530426
505  23.009737  29.010624  12.519299  0.727115  4.302010       6.821373   1299.770630   65.964371   5.271982  3.124783  298.594208
506  11.154210  40.045387  38.794548  0.752386  4.355288       9.143006   1067.305420   92.483185   6.615033  3.669128  276.347015
507  -1.138362  42.212082  30.846493  0.757103  4.056263       6.439574   1218.765991  168.176086   6.116359  3.348510  118.920525
508   2.457714  41.629723  32.946396  0.635051  4.399770       6.400545   1592.313354   82.685455   6.089479  2.926227   74.508553
509  20.196529  12.410583  42.898975  0.783399  4.397104       8.122397    830.487488   78.820320   5.662651  1.992352  294.150757
510  39.647743   1.285460  14.821306  0.716336  4.538198       8.914487    955.951294  151.182755   7.034534  1.477164  193.412537
511  40.266808   8.244739  14.290771  0.569667  4.012222      10.032083   1065.186523   10.819283   7.540755  2.122186  144.323318